001:0,001;7,050;12,058;102,050;133,028;157,236;162,071;179,130;203,032;216,241;227,038;251,026;276,136;652,067;688,224;1037,042;1062,203
002:0,001;10,173;16,095;102,050;128,156;133,028;158,144;162,071;184,263;203,032;214,127;227,038;234,130;251,026;270,160;283,028;297,237;316,070;317,267;326,223;382,098;383,248;398,195;404,107;405,042;468,032;469,249;476,137;575,042;580,193;601,148;617,187;629,144;632,035;645,212;656,075;675,218;710,231;715,272;720,130;742,075;755,246;775,060;790,245;793,203;798,172;851,223;855,067;858,048;866,271;881,144;889,098;961,074;962,192;972,183;976,042;978,190;989,027;997,221;1031,122;1036,065;1037,042;1094,113;1095,106;1104,081;1148,206;1149,057;1163,178;1170,216;1194,035
003:0,001;7,050;12,058;102,050;133,028;184,263;516,033;543,113;582,057;596,101;652,067;656,075;688,224;706,245;745,272;778,049;797,249;972,142
004:0,001;7,050;12,058;102,050;133,028;154,067;170,173;194,074;195,274;251,026;270,160;316,070;317,190;405,042;411,213;421,036;453,238;467,043;516,033;544,057;563,245;777,131;961,074;976,042;989,027;994,240;1025,064;1034,267;1136,045;1149,211
005:0,001;23,089;26,085;59,094;129,253;169,166;203,032;211,081;227,038;253,077;283,028;289,275;304,121;311,143;316,070;327,047;337,228;369,029;372,183;373,050;380,137;405,042;408,243;428,067;440,102;467,043;476,134;514,235;590,259;596,101;621,139;623,272;646,066;649,187;652,067;656,075;676,215;686,134;716,239;717,114;740,191;742,075;762,220;778,049;805,125;854,110;866,271;936,210;946,074;956,196;957,026;964,120;993,138;997,221;1031,154;1037,042;1076,243;1083,038;1101,027;1114,048;1132,145;1153,026;1158,207
006:0,001;7,050;8,259;10,173;15,271;30,077;47,034;48,239;51,123;119,148;128,156;133,028;134,274;137,217;154,067;179,130;194,074;211,029;220,056;243,113;251,026;268,071;276,136;283,028;294,032;311,143;335,086;368,030;383,248;385,073;408,243;411,044;422,200;495,185;516,033;534,152;540,107;544,057;575,042;582,147;595,137;652,067;654,229;689,036;717,114;728,087;742,075;758,175;778,049;780,160;838,131;855,067;868,101;875,033;883,186;935,098;946,074;949,107;961,074;996,243;1025,064;1034,138;1037,211;1049,030;1062,203;1078,199;1082,051;1098,138;1101,027;1114,048;1143,055;1144,063;1149,057;1158,219;1166,182;1194,035
007:0,001;12,058;104,239;133,028;140,153;162,071;170,173;179,227;210,220;260,047;261,267;339,110;375,171;380,137;385,073;416,148;428,067;435,137;453,238;467,043;554,183;574,227;575,042;579,260;582,057;595,114;622,127;646,173;652,067;654,113;689,036;702,189;756,214;767,178;797,249;805,134;832,077;855,067;859,197;875,033;885,199;928,027;946,074;947,230;960,197;981,140;992,186;1010,108;1022,126;1049,030;1063,141;1064,073;1078,199;1082,051;1088,269;1090,264;1114,048;1126,235;1134,127;1136,045;1149,211;1153,026;1159,073;1166,235;1176,247;1193,132
008:0,001;19,131;35,248;36,162;47,034;51,123;69,027;80,185;104,239;154,067;162,071;170,225;327,152;349,109;351,192;366,152;372,183;385,073;414,027;416,096;426,215;430,167;435,137;516,033;527,193;579,260;590,222;607,075;610,029;636,048;645,181;654,229;671,065;674,185;689,036;715,272;767,117;780,217;821,090;855,067;859,197;875,033;878,245;905,070;934,125;946,074;987,132;988,227;990,140;995,034;996,243;1064,073;1082,051;1083,038;1101,027;1104,081;1105,231;1136,045;1137,221;1143,193;1154,074;1163,178;1184,265
009:0,001;15,271;23,089;133,028;139,144;154,067;157,236;162,071;189,241;194,074;205,053;216,241;316,070;317,190;337,228;416,096;417,269;421,036;426,215;428,067;440,264;469,249;534,152;542,149;543,113;544,057;550,127;575,042;582,057;590,259;603,241;645,212;674,185;684,098;689,036;710,231;742,075;748,259;752,124;859,137;861,143;874,098;896,048;930,215;934,225;974,054;992,186;1025,064;1034,267;1056,141;1058,229;1064,073;1083,038;1098,138;1144,063;1149,057;1153,026;1159,073;1168,115;1194,035
010:0,001;12,046;36,162;48,239;54,148;61,233;80,185;102,050;135,188;154,067;162,071;178,091;189,241;194,074;195,274;203,032;216,182;221,116;224,104;227,038;256,166;283,028;318,098;338,040;339,110;374,061;385,073;411,213;421,036;428,067;462,146;467,043;527,064;537,180;541,084;544,057;575,042;582,057;603,196;652,067;656,075;680,031;689,036;716,145;729,041;730,086;738,063;754,191;771,086;778,049;793,203;835,232;855,067;865,193;866,230;877,052;898,059;916,238;928,061;932,031;934,225;946,074;953,162;961,074;968,088;971,115;976,042;978,190;989,027;994,240;1038,196;1049,030;1050,249;1058,194;1060,038;1063,163;1064,073;1082,051;1083,038;1101,027;1121,193;1136,045;1144,063;1149,057;1159,146;1178,057;1190,256;1194,035
011:0,002;22,086;27,070;30,027;31,113;74,062;78,026;91,033;93,084;110,047;122,212;128,039;133,221;176,165;187,177;217,029;222,030;228,125;242,043;252,150;259,027;266,164;280,031;282,057;302,179;310,252;321,236;329,165;342,216;362,224;367,030;372,261;391,065;413,108;416,115;420,112;424,035;433,057;437,237;504,169;514,064;529,264;532,054;545,146;609,069;625,154;632,035;642,066;644,250;652,163;707,044;726,235;752,240;760,046;802,145;824,034;828,039;844,221;852,175;853,078;874,164;877,052;882,043;885,118;888,039;897,044;919,270;928,074;939,060;940,266;949,053;962,174;985,049;994,156;998,066;1003,118;1033,040;1041,257;1082,040;1088,226;1104,245;1131,240;1144,168;1192,034;1193,176;1194,147;1199,119
012:0,002;17,046;18,242;23,179;27,070;30,027;34,233;70,263;74,062;89,119;93,084;128,039;134,064;139,108;144,043;169,084;171,144;205,251;217,029;266,164;273,060;287,014;297,244;298,098;331,187;358,243;390,045;391,065;404,167;405,136;408,195;409,222;415,075;426,243;496,100;514,064;522,180;525,248;601,074;620,146;654,062;663,127;675,180;696,103;698,030;714,168;720,262;723,043;752,240;755,170;761,147;824,034;825,092;851,030;874,055;877,199;889,228;897,044;900,078;929,221;956,057;981,140;985,049;998,066;1003,118;1081,071;1114,201;1117,114;1134,079;1145,051;1167,151;1178,123;1188,064;1199,119
013:0,002;15,253;27,070;37,188;58,047;102,079;110,047;113,120;146,089;158,102;186,275;214,263;217,029;220,056;225,245;247,185;262,121;280,031;298,098;301,057;302,053;310,252;336,041;360,227;366,114;390,045;391,065;407,117;414,122;437,237;442,251;445,063;457,252;496,113;524,121;532,054;548,275;560,135;580,248;601,074;622,201;628,082;632,071;637,037;641,065;656,027;684,077;707,044;728,070;735,104;753,089;760,040;765,098;855,046;864,056;877,030;888,039;908,236;916,094;921,065;930,032;938,264;949,053;970,114;985,049;990,237;1024,096;1041,080;1044,043;1056,103;1072,191;1081,071;1109,127;1158,254;1169,266;1170,163;1171,069;1181,055;1188,239;1192,034;1198,074
014:0,002;11,039;15,170;16,267;26,120;58,047;68,059;70,263;78,026;83,092;110,047;133,221;140,043;146,004;154,096;155,027;157,177;201,163;217,029;223,191;225,245;230,047;255,034;284,220;336,041;346,266;350,070;370,119;385,114;391,065;394,029;401,244;413,108;478,254;514,064;532,054;550,189;644,122;650,136;698,030;705,188;714,071;723,043;731,151;746,258;803,143;828,039;854,105;885,118;918,047;919,270;942,272;949,053;956,057;978,226;982,218;997,067;998,066;1002,105;1011,239;1044,043;1058,117;1081,071;1091,251;1113,066;1117,087;1145,051;1160,236;1173,061;1178,123;1179,194;1188,064;1194,147
015:0,002;15,170;110,047;129,186;155,027;178,137;242,043;259,027;274,159;301,057;336,041;350,070;367,030;382,084;390,045;396,273;424,035;440,030;460,094;601,074;611,055;620,146;632,071;637,037;644,122;723,043;739,226;855,046;882,043;897,044;899,133;921,065;938,196;1113,066;1128,210
016:0,002;7,095;30,027;37,124;68,261;74,062;75,153;141,266;155,027;182,106;193,181;242,043;247,249;262,228;273,127;285,036;287,014;307,236;344,139;390,045;391,065;394,180;396,273;401,244;440,030;460,094;484,202;514,064;532,054;551,115;577,124;583,145;585,144;609,125;611,055;613,275;622,201;632,071;637,037;641,065;652,067;656,098;698,236;703,134;707,044;718,040;740,180;797,056;807,093;817,217;832,147;855,046;867,260;887,127;897,044;904,209;916,253;921,065;925,170;930,032;936,237;949,053;990,237;1024,127;1049,107;1057,148;1082,040;1089,194;1101,065;1104,245;1114,274;1121,193;1128,265;1129,193;1160,236;1181,055;1190,245;1192,034;1193,197
017:0,002;11,039;26,120;78,026;91,055;93,098;128,039;129,186;139,108;140,043;156,090;217,029;228,128;239,244;242,043;247,249;254,129;259,027;273,149;280,031;298,251;311,182;325,071;337,172;350,070;357,209;367,030;375,235;391,065;398,032;408,195;409,124;470,265;486,132;514,064;524,121;548,275;563,227;611,055;621,217;637,037;638,064;641,065;652,163;667,155;686,129;707,044;709,086;713,202;714,071;729,061;735,104;824,203;830,171;877,052;886,077;900,078;917,130;928,074;936,045;945,148;949,053;972,074;976,251;979,113;985,049;997,067;1002,105;1069,172;1081,071;1103,048;1114,274;1119,067;1134,079;1145,051;1166,122
018:0,002;11,039;21,079;75,153;93,098;110,047;128,039;141,221;155,027;178,137;242,043;252,150;259,027;262,228;280,031;298,169;301,057;325,071;358,243;391,065;398,032;413,211;424,035;425,036;437,265;440,030;463,219;550,189;574,047;593,151;613,275;643,089;668,123;669,027;675,179;676,143;698,030;715,264;726,139;824,034;830,171;853,072;854,042;861,090;864,056;876,241;882,043;888,039;900,239;921,065;930,032;938,196;949,053;962,174;979,088;985,049;997,067;1024,127;1041,257;1049,182;1051,118;1082,137;1119,067;1162,040;1166,122;1188,064;1197,207
019:0,002;11,039;16,267;30,027;34,233;58,047;68,261;74,062;78,026;104,027;108,231;110,047;113,120;128,039;131,047;135,188;136,224;140,043;141,266;155,027;181,148;186,124;189,144;228,125;242,043;259,189;287,143;301,057;331,187;336,041;337,172;348,067;360,227;366,209;367,030;412,206;424,035;443,050;448,261;514,064;532,054;546,188;591,270;611,055;617,254;626,225;632,071;634,033;643,089;656,104;671,065;680,026;686,060;716,111;723,043;736,268;739,226;746,132;750,205;755,183;765,098;807,093;824,034;828,039;850,167;886,077;897,044;899,133;921,065;928,074;940,266;949,053;951,026;956,057;982,228;985,049;997,067;1006,065;1008,195;1013,213;1021,260;1023,262;1024,165;1044,043;1049,107;1081,071;1082,137;1109,127;1113,066;1119,067;1128,210;1170,181;1180,112;1188,064;1194,129
020:0,002;11,039;12,005;23,179;58,047;69,085;78,026;83,092;140,043;161,224;218,196;242,043;266,203;280,031;287,143;301,057;325,071;334,214;350,070;366,114;371,065;375,235;395,089;418,203;424,035;439,163;440,030;442,251;448,261;478,163;522,180;546,036;585,144;632,071;643,155;676,060;705,188;714,071;724,233;780,046;787,225;791,075;803,143;824,034;825,252;828,039;855,046;861,090;882,043;892,116;904,209;928,074;929,221;930,032;935,182;948,111;991,137;1044,043;1054,189;1061,173;1087,051;1088,207;1095,156;1105,190;1113,066;1117,087;1119,067;1140,102;1188,064;1193,197
021:0,003;3,026;16,074;32,070;33,121;169,034;175,058;183,039;214,148;227,067;235,037;257,174;266,030;286,250;429,031;439,049;477,030;504,184;548,052;576,159;680,071;704,043;716,059;725,066;754,037;764,040;780,072;797,233;1136,070
022:0,003;5,110;8,062;32,043;44,152;65,071;68,059;70,086;80,132;104,027;132,056;133,118;154,067;163,127;169,034;178,258;196,207;205,124;211,029;214,148;225,039;227,067;232,060;235,037;255,034;257,091;266,030;284,181;336,267;366,126;367,168;384,201;398,242;401,075;433,167;452,227;480,097;493,215;506,028;509,255;524,042;527,193;541,080;548,052;563,245;565,194;571,062;583,132;590,071;599,086;601,074;614,123;629,049;683,205;685,210;693,070;722,151;737,027;743,137;780,072;784,174;788,152;796,190;797,233;802,031;815,176;826,057;837,234;848,219;896,038;906,182;964,088;965,210;969,255;986,028;992,258;1009,063;1013,201;1030,047;1038,134;1044,168;1108,121;1110,037;1133,267;1161,187;1177,234;1188,060
023:0,003;3,026;14,106;16,074;19,037;32,070;42,050;49,172;169,034;175,058;183,039;212,128;305,031;377,028;384,034;395,050;401,075;416,195;429,031;439,049;477,030;500,124;754,037;761,254;1153,070
024:0,003;1,080;7,131;8,062;13,199;19,037;33,121;41,122;44,093;55,061;68,059;70,086;79,116;113,093;163,127;181,135;186,116;188,179;222,030;224,227;254,165;255,034;262,176;286,250;305,031;354,149;360,119;401,075;423,178;429,054;451,156;460,264;468,152;477,030;503,190;506,028;523,213;524,184;527,034;541,080;548,052;571,062;589,275;590,071;612,164;629,049;671,177;679,071;685,210;714,270;716,059;726,197;749,207;754,037;755,030;769,154;780,072;788,152;826,057;828,091;858,073;862,148;890,218;897,091;924,027;953,090;955,166;959,055;969,255;986,028;995,210;1059,174;1165,214;1188,060;1198,089
025:0,003;3,026;13,199;42,050;52,144;137,171;183,039;211,029;225,039;227,067;232,060;240,253;409,053;420,152;423,040;439,049;500,124;571,062;590,071;604,070;612,164;693,070;716,059;725,066;757,126;1019,161
026:0,003;3,026;15,093;65,071;80,132;225,039;232,060;240,253;255,034;257,091;384,034;395,050;401,075;423,040;429,054;439,049;477,030;506,028;509,255;524,042;548,052;576,034;583,132;629,049;679,071;704,043;710,106;720,031;737,027;749,207;1030,047;1040,233
027:0,003;5,226;16,074;25,114;32,070;41,122;55,061;66,150;68,059;81,130;133,118;170,069;178,258;183,039;213,163;225,039;227,067;232,060;235,132;326,224;363,043;365,111;395,050;416,195;439,049;475,247;478,243;487,252;503,190;530,169;548,052;552,034;565,194;570,245;588,241;590,071;600,191;608,161;679,071;693,070;704,043;706,067;710,106;720,031;725,066;737,027;738,193;780,072;781,125;802,031;818,131;822,146;826,057;841,265;846,064;887,122;914,117;918,145;924,027;954,152;959,055;979,174;983,259;986,028;997,174;1013,202;1107,275;1112,176;1136,070;1155,180;1187,227;1188,060;1198,213
028:0,003;6,138;14,106;16,074;19,037;33,043;40,126;42,050;44,152;65,071;79,116;98,080;102,263;104,027;136,070;149,029;160,164;169,034;181,135;183,039;187,163;192,173;196,082;206,220;211,029;216,132;260,227;266,030;282,075;298,061;303,119;305,031;345,128;360,141;395,050;422,096;423,040;429,054;449,193;498,134;500,215;505,099;506,049;518,123;524,042;544,090;548,052;576,159;594,050;596,035;604,070;608,161;624,067;638,105;676,060;704,043;720,090;725,066;757,126;763,225;766,235;790,056;802,101;846,064;858,048;862,248;878,205;884,249;887,146;895,271;898,244;914,212;959,055;972,155;986,028;993,257;996,215;1011,222;1060,081;1071,168;1110,037;1132,265;1136,070
029:0,003;1,080;15,093;19,037;40,144;42,050;49,172;55,061;68,059;82,123;91,042;109,031;111,190;175,058;181,043;192,165;232,060;235,037;255,034;266,203;305,031;363,222;367,219;384,034;389,171;395,050;409,053;415,134;423,040;429,031;473,027;475,247;506,028;521,233;575,119;576,034;602,184;604,070;610,166;679,071;681,058;697,146;720,031;725,066;751,187;754,037;766,191;802,031;809,194;826,057;837,234;846,064;858,073;873,156;883,220;924,027;937,053;947,231;953,253;975,197;986,028;1006,234;1012,071;1013,202;1030,047;1031,166;1033,264;1045,126;1048,252;1056,170;1119,172;1121,197;1125,026;1138,028;1155,180;1191,163
030:0,003;3,026;8,062;24,239;25,114;32,070;40,144;65,071;73,248;74,169;104,027;115,168;160,164;169,034;170,194;175,058;188,179;211,029;212,128;213,109;224,227;266,030;292,216;377,228;384,034;390,090;397,173;401,075;423,178;428,036;429,031;433,159;485,054;511,093;524,042;543,135;571,062;576,034;579,267;590,071;600,191;610,166;629,049;679,071;686,081;693,070;704,251;716,059;721,046;738,193;743,067;751,187;784,174;788,205;802,031;813,178;826,057;839,074;841,265;846,064;858,073;873,091;883,061;887,146;924,027;959,195;972,155;986,028;992,258;1013,201;1018,106;1041,053;1042,121;1110,037;1121,197;1136,070;1178,201;1200,224
031:0,004;18,262;19,253;40,073;48,156;75,061;99,058;122,107;131,047;136,033;137,233;142,052;158,070;162,103;169,028;171,036;186,217;194,003;214,169;239,048;246,078;267,183;269,068;321,100;343,065;347,031;352,239;383,070;425,155;433,057;452,189;455,026;458,211;469,056;471,043;514,245;537,165;544,045;546,090;586,033;591,083;601,026;603,092;663,063;718,050;729,222;739,045;749,227;756,158;760,131;761,187;771,054;774,156;780,243;813,128;835,074;852,157;896,036;934,215;976,054;983,229;1000,055;1006,217;1009,187;1012,064;1020,176;1097,228;1114,048;1126,188;1172,027;1192,026;1199,097
032:0,004;2,167;28,068;41,199;48,228;57,053;66,150;75,061;96,191;108,046;150,256;158,070;174,129;185,034;191,182;319,058;337,035;352,152;361,148;390,253;397,234;447,029;469,055;480,231;544,045;563,051;575,172;586,033;634,051;636,152;646,037;659,271;660,139;663,063;697,154;771,054;775,053;780,146;835,074;855,166;896,036;902,095;911,265;931,144;940,027;944,119;949,036;962,182;996,041;1006,262;1012,064;1013,171;1014,044;1021,144;1035,064;1046,221;1074,129;1085,077;1132,265;1190,037;1194,039;1199,124
033:0,004;17,079;28,068;48,228;93,073;119,259;311,033;321,100;563,051;574,178;771,054;773,232;931,194;1186,056;1194,039
034:0,004;39,125;57,166;75,061;86,198;88,172;91,165;93,073;104,253;142,052;158,070;167,202;169,080;171,036;189,072;195,236;217,068;223,185;239,048;240,211;243,170;260,047;268,111;269,068;290,243;303,036;311,033;312,043;319,058;323,074;324,195;343,065;347,031;357,171;371,130;383,070;419,247;433,159;440,262;455,026;470,155;473,028;500,048;519,242;564,047;574,178;586,033;604,106;629,038;634,051;638,058;646,176;660,073;670,167;671,222;725,056;743,026;791,183;818,033;841,214;853,055;867,085;877,160;906,193;913,153;917,200;947,235;949,036;973,156;980,082;983,229;985,120;1000,055;1001,071;1012,064;1018,129;1054,232;1077,085;1107,152;1117,183;1125,194;1144,063;1154,173;1172,027;1180,058;1183,269;1194,039
035:0,004;14,035;34,174;40,073;46,153;57,053;86,198;124,067;131,195;142,052;160,225;171,036;177,127;184,182;198,209;201,147;209,166;260,047;270,116;280,203;290,243;303,036;309,224;347,031;368,055;371,130;383,070;420,167;433,057;441,087;477,226;500,048;514,245;536,188;544,045;576,213;586,033;611,259;634,051;638,058;645,156;646,176;660,073;663,136;692,241;721,186;725,056;735,054;743,026;774,086;833,244;845,116;853,055;855,166;883,071;893,172;896,036;911,265;949,036;972,253;974,259;1027,247;1040,241;1045,053;1054,232;1120,177;1183,269
036:0,004;55,044;57,166;90,216;96,191;117,224;131,047;134,260;142,052;158,070;160,225;169,028;178,167;189,072;195,149;199,069;214,169;239,048;259,222;260,047;264,075;267,099;269,068;296,142;303,036;311,033;324,148;379,100;383,070;402,039;423,045;432,239;455,026;459,172;473,028;496,147;500,048;518,154;519,242;544,045;563,051;572,089;578,239;585,268;586,033;601,187;646,037;648,143;702,139;735,054;780,243;787,092;835,074;852,113;853,055;868,068;877,160;888,188;896,048;925,122;982,134;1034,138;1068,075;1097,228;1105,202;1126,188;1145,136;1151,152;1186,056;1193,161
037:0,004;46,153;57,053;110,096;111,170;122,107;131,047;135,080;158,070;168,072;169,166;170,100;171,036;178,167;189,072;195,236;212,183;254,043;259,124;263,254;269,068;286,269;303,036;312,135;357,263;379,255;383,070;423,045;440,262;455,026;458,211;459,172;473,028;500,048;517,220;564,047;566,266;569,054;578,239;585,106;601,187;611,259;634,051;638,058;648,143;660,073;667,080;697,050;700,175;725,056;735,054;753,040;767,215;771,054;787,092;796,259;809,147;835,074;853,055;879,165;890,262;896,036;912,259;919,236;930,253;955,132;996,041;1000,055;1008,206;1009,048;1011,134;1044,043;1046,221;1060,176;1172,027;1191,178;1194,039;1198,130
038:0,004;14,035;28,068;48,156;75,061;93,073;117,224;199,204;269,068;303,036;309,224;319,058;343,065;347,031;352,152;473,028;517,220;544,045;564,047;586,033;638,058;646,037;660,073;663,063;725,056;743,026;791,183
039:0,004;14,035;28,068;40,073;57,053;93,073;110,096;171,036;199,204;239,048;243,170;260,047;269,068;286,269;544,045;564,047;586,033;636,152;660,073;663,063;722,162;735,054;749,227;1172,027;1186,056;1194,039;1199,097
040:0,004;14,035;28,068;40,073;57,053;90,216;131,195;142,052;169,028;174,129;423,045;433,057;441,087;563,051;564,047;586,033;638,058;646,037;660,073;663,063;722,162;725,056;743,026;791,130;820,168;835,074;836,208;949,036;996,041;1012,064;1018,129;1194,039
041:0,005;43,039;91,038;98,060;115,062;126,055;159,044;188,026;202,052;307,232;355,057;369,049;414,062;425,039;535,271;540,040;548,056;569,070;574,098;593,061;607,043;626,230;667,069;708,040;753,089;1049,042;1109,054;1145,048;1170,050;1186,212;1189,063
042:0,005;47,034;61,035;62,104;81,059;86,174;94,139;98,060;108,145;115,062;121,182;128,086;202,052;250,075;268,045;271,150;297,240;298,061;307,232;312,052;335,112;341,049;345,218;349,044;370,113;379,242;423,259;425,039;482,047;510,115;523,134;556,201;561,058;575,042;576,167;593,061;607,043;617,069;631,207;635,048;640,204;656,192;708,040;722,177;739,045;784,089;799,116;807,223;808,061;842,080;959,035;961,161;994,217;999,239;1030,183;1035,189;1069,028;1073,220;1112,078;1117,026;1139,166;1141,138;1145,048;1167,151;1176,203
043:0,005;27,151;43,039;81,059;91,038;108,145;115,062;126,055;159,044;188,026;208,221;274,049;288,217;298,061;312,052;335,112;712,047;739,045;808,061;853,144;1062,037;1073,220;1122,201
044:0,005;14,232;91,038;104,253;106,218;126,055;129,172;134,165;174,112;186,135;188,026;192,205;201,177;202,052;209,212;250,075;271,121;274,049;289,117;290,224;304,078;308,074;312,052;323,218;327,054;333,259;337,198;341,049;344,064;345,218;349,044;351,082;371,162;375,222;387,041;399,115;414,062;426,092;540,040;548,056;561,058;562,089;567,184;569,070;571,079;593,061;607,043;617,069;619,191;631,207;667,069;694,210;701,071;708,040;740,180;770,066;772,141;808,061;837,079;921,172;937,246;957,035;995,034;997,056;999,084;1055,200;1098,254;1103,077;1109,054;1110,219;1170,050;1172,256
045:0,005;5,110;32,239;36,117;81,059;99,163;114,100;115,062;134,165;159,044;180,202;188,026;202,052;243,096;250,075;275,121;283,099;288,217;334,102;335,177;337,098;349,044;361,147;364,046;371,202;376,232;414,062;426,126;448,223;492,087;493,041;508,110;510,115;523,099;535,271;561,058;571,079;593,061;607,043;615,270;616,181;617,069;646,151;649,057;653,099;674,106;701,071;705,167;712,047;722,205;770,066;779,145;794,153;945,132;957,035;967,170;975,167;1001,071;1020,042;1024,172;1029,028;1034,263;1049,042;1078,230;1109,054;1112,255;1189,063
046:0,005;27,139;349,044;355,057;369,049;414,062;425,039;540,040;561,058;569,070;576,167;770,066;777,129;836,089
047:0,005;7,011;12,211;66,125;86,174;98,060;113,112;126,055;145,076;202,052;250,075;256,214;271,150;284,014;285,226;298,061;324,158;327,054;343,065;348,162;355,057;371,113;418,070;423,259;489,219;496,226;548,056;567,184;579,041;583,104;584,269;593,061;601,204;606,175;607,043;621,133;635,129;640,204;696,070;712,047;722,177;739,045;769,221;774,207;837,079;858,124;939,057;955,131;980,143;982,157;984,085;990,249;999,084;1006,251;1009,220;1017,186;1028,054;1035,189;1040,166;1049,042;1055,200;1062,180;1107,141;1113,227;1121,078;1133,038;1145,048;1156,104;1174,136;1180,115;1181,037;1185,137;1189,063
048:0,005;27,151;43,039;81,059;91,038;98,060;114,100;126,055;159,044;188,026;208,221;308,074;341,049;348,162;371,202;508,110;617,069;631,097;637,064;649,057;656,192;667,069;701,071;715,047;728,218;1049,042;1062,037;1098,064;1109,054;1145,048;1170,050;1189,063
049:0,005;21,045;31,108;43,039;87,042;97,054;102,139;115,062;122,140;145,076;159,044;185,100;190,164;209,212;225,154;250,075;267,099;308,074;312,052;327,054;345,211;351,082;369,049;402,111;406,155;425,039;523,134;531,140;540,040;548,056;568,251;569,070;574,098;593,061;610,118;619,191;635,048;637,064;646,151;660,128;712,047;718,117;722,205;728,218;772,141;779,145;783,033;788,231;808,061;843,122;853,144;880,080;939,166;957,035;961,161;979,189;991,063;994,217;1001,071;1030,153;1034,263;1049,042;1062,037;1073,069;1078,230;1098,064;1109,054;1133,038;1151,095;1170,050;1181,055;1197,224;1199,166
050:0,005;27,139;91,038;98,060;99,163;202,052;274,049;285,226;327,054;341,049;349,044;355,057;369,049;414,062;425,039;535,269;607,043;637,064;649,057;674,106;701,071;703,050;708,040;739,045;788,231;957,035;975,167;1133,038;1156,104;1192,063
051:0,006;14,141;34,030;102,107;109,073;114,056;135,167;136,169;146,004;147,228;164,052;167,045;180,187;222,223;231,144;265,130;303,113;310,107;324,182;339,046;356,123;387,155;408,069;413,243;421,078;452,200;468,185;475,044;496,151;501,057;513,212;543,037;546,236;595,114;605,075;610,029;616,133;621,112;624,221;627,080;656,064;663,054;680,247;698,043;704,176;710,225;729,041;745,250;748,100;755,030;756,215;788,114;789,199;797,070;804,055;836,072;862,228;869,160;874,003;876,103;913,037;925,191;930,259;980,076;1006,050;1009,048;1019,190;1023,032;1038,254;1045,093;1048,070;1065,257;1074,070;1078,231;1086,122;1149,029;1152,227;1155,267;1171,069;1191,257;1199,037
052:0,006;16,119;102,274;109,073;110,077;113,177;119,222;125,089;191,067;195,172;214,144;232,149;243,104;289,062;303,119;344,064;363,094;405,240;407,026;420,163;423,182;438,164;475,052;482,231;494,268;510,142;521,072;526,202;543,037;560,089;594,235;609,046;612,271;651,142;656,064;689,073;731,230;742,033;755,030;764,214;781,137;872,205;874,003;888,272;892,269;893,045;905,070;919,232;962,107;974,257;1006,050;1009,048;1019,095;1067,253;1082,051;1086,122;1109,198;1124,199;1143,081;1149,029;1164,109
053:0,006;15,253;16,208;119,034;141,207;161,027;163,220;208,115;211,259;223,096;233,239;256,234;261,206;268,144;289,062;314,059;330,069;341,148;344,064;375,138;384,047;397,148;415,097;417,074;436,153;453,095;464,153;475,044;490,241;495,264;526,202;543,037;552,061;569,054;589,199;594,094;605,075;637,175;656,064;663,054;666,068;684,220;742,033;755,030;758,043;797,070;808,079;814,180;817,069;836,072;862,227;874,003;876,103;908,112;913,037;915,168;928,091;935,191;970,037;972,045;989,100;995,034;1006,050;1018,098;1021,195;1039,244;1078,231;1105,036;1117,026;1124,199;1149,029;1162,106;1199,037
054:0,006;33,090;34,030;66,203;119,034;122,220;136,070;151,246;171,190;232,226;240,209;259,251;313,160;401,184;407,026;408,069;414,027;430,185;488,269;494,273;501,057;508,201;513,212;540,104;610,029;627,155;630,070;643,202;663,054;675,108;689,229;729,041;742,186;756,081;758,043;776,155;794,168;804,055;812,070;814,180;836,072;869,241;874,003;883,061;885,234;893,045;896,260;970,037;972,045;979,175;981,122;1002,235;1004,213;1006,050;1009,048;1014,262;1018,166;1023,032;1038,215;1117,220;1199,037;1200,215
055:0,006;16,208;117,085;124,046;129,265;141,207;191,067;203,265;272,174;289,062;299,090;370,153;372,061;384,047;385,073;391,226;407,026;423,182;477,072;496,074;501,043;540,104;552,061;578,204;609,046;627,080;643,202;650,238;656,064;667,241;676,033;689,181;692,220;742,033;745,109;746,128;776,215;781,223;797,070;804,055;806,127;813,167;817,069;861,160;874,003;885,234;893,045;905,070;950,203;967,039;970,037;972,045;976,178;1009,048;1012,026;1019,095;1052,204;1128,268;1181,104;1199,037;1200,102
056:0,006;17,269;94,218;119,034;137,201;181,171;182,238;191,067;195,083;199,182;200,261;213,110;214,197;225,084;231,127;238,141;323,240;325,182;339,046;353,259;391,226;397,119;420,183;436,153;475,044;489,250;501,057;521,190;543,037;546,236;609,046;621,233;646,242;663,054;675,108;676,033;680,091;800,232;808,079;813,045;825,158;874,003;896,260;908,028;913,037;920,230;956,107;972,045;984,225;995,034;1004,125;1006,050;1009,048;1012,077;1016,272;1023,032;1039,244;1053,254;1057,130;1058,133;1101,145;1103,036;1109,198;1164,109;1178,240;1182,148
057:0,006;13,264;119,034;136,070;137,201;189,192;202,266;225,051;271,052;281,199;289,062;298,202;309,230;318,050;332,113;339,046;356,123;360,267;363,087;366,147;375,138;408,069;420,183;477,072;495,264;500,041;508,201;521,122;540,040;592,247;602,184;606,230;609,046;628,076;629,179;663,054;670,166;742,033;755,030;758,043;781,159;815,224;825,158;849,145;874,003;885,223;948,254;967,039;968,198;970,037;980,076;988,144;995,034;1018,166;1061,219;1067,080;1098,064;1115,265;1120,074;1139,124;1160,050;1162,177;1171,069;1192,200;1199,037
058:0,006;12,140;34,142;93,137;109,073;117,085;129,265;135,167;136,070;153,216;194,187;223,036;261,032;265,130;289,062;300,241;332,113;344,064;379,095;384,047;411,044;421,078;479,258;490,241;496,151;552,061;585,260;591,243;601,038;605,074;614,087;618,273;628,076;676,033;685,236;691,049;702,139;706,103;729,041;743,026;781,159;817,069;836,072;858,073;864,238;905,070;939,090;951,101;956,207;967,039;970,037;978,131;1004,125;1053,173;1080,141;1082,167;1101,036;1110,219;1120,074;1128,268;1153,026;1156,201;1171,069;1188,239;1191,257;1199,068
059:0,006;4,182;12,140;34,030;96,258;136,070;145,251;162,216;180,187;188,160;191,067;198,162;212,250;216,152;223,266;248,263;265,266;271,056;272,174;289,062;305,036;316,271;342,173;344,064;379,129;384,047;391,141;407,026;408,069;416,125;425,210;435,219;477,072;494,273;501,057;510,142;552,061;565,243;578,204;587,082;592,247;610,029;631,266;676,033;685,130;704,176;731,053;748,100;755,030;758,043;768,274;804,055;806,127;858,067;859,064;862,228;905,070;908,112;1004,220;1006,050;1015,170;1028,269;1083,044;1085,185;1115,265;1129,237;1139,124;1199,037
060:0,006;17,269;34,030;109,073;119,034;146,052;147,228;195,172;204,098;259,104;339,046;363,094;407,026;416,125;475,044;494,268;543,037;565,243;605,075;610,029;637,175;758,043;781,137;817,069;846,237;874,003;905,070;950,203;972,045;989,100;1120,074;1149,029;1171,069;1199,037;1200,102
061:0,007;15,239;47,049;79,033;98,058;115,123;127,032;149,098;161,191;163,032;181,158;183,039;192,115;199,259;206,054;225,161;237,057;262,014;280,094;361,026;366,185;370,074;404,167;421,253;424,035;430,273;487,173;491,051;502,186;550,233;564,269;569,054;570,168;574,077;617,140;655,036;678,081;705,132;715,249;739,251;741,164;772,111;776,160;779,029;793,162;830,270;838,221;843,170;853,127;899,199;906,059;910,043;934,096;938,092;943,063;955,038;958,033;967,030;989,173;994,052;1006,065;1018,245;1039,204;1049,128;1104,130;1124,035;1138,103;1153,026;1181,140
062:0,007;8,069;60,140;79,033;83,175;92,269;106,037;142,166;161,140;163,032;169,099;211,080;237,057;256,230;267,139;271,055;279,109;287,103;289,062;298,230;304,150;391,160;466,133;474,176;479,100;491,199;499,221;516,231;542,049;559,161;568,084;569,054;587,102;607,067;663,037;674,255;675,113;680,145;719,078;728,140;730,039;738,270;779,029;797,070;813,045;820,071;826,262;832,153;847,039;857,140;862,120;884,038;906,143;910,043;923,174;958,033;972,032;976,051;995,078;1044,207;1050,269;1064,109;1072,214;1084,035;1093,239;1107,224;1111,208;1121,275;1124,035;1139,223;1159,073;1173,089;1186,233
063:0,007;8,069;57,130;71,041;92,147;307,043;324,192;370,074;395,170;791,027;817,150;884,038;906,059;943,063;958,033;976,051;1000,214
064:0,007;2,224;8,069;78,026;84,178;88,214;121,123;162,141;163,032;173,136;177,089;184,165;204,032;205,260;206,054;210,249;217,068;224,082;225,161;258,115;261,192;271,055;297,196;298,111;370,074;394,070;395,263;425,040;426,036;433,166;441,033;448,154;487,250;491,051;492,222;497,160;533,031;554,182;558,249;569,054;570,168;578,241;587,102;638,105;648,152;651,228;655,036;661,146;663,232;672,160;697,050;720,246;730,039;746,221;762,076;791,027;811,133;824,268;857,140;864,040;865,129;879,219;884,038;942,275;943,063;953,038;954,209;966,252;1053,109;1061,218;1099,050;1118,026;1140,226
065:0,007;24,118;37,088;38,075;45,242;92,147;106,037;135,148;136,091;137,246;163,032;165,154;171,036;205,081;206,054;219,111;228,076;244,039;259,165;262,191;291,222;297,196;305,249;307,043;340,223;364,117;366,055;384,120;409,115;421,144;423,095;424,273;443,057;452,169;455,246;561,097;590,044;598,249;655,036;682,080;687,222;703,105;730,039;732,136;774,074;787,075;796,265;820,071;825,081;851,030;876,236;913,186;914,207;918,047;924,107;953,038;954,209;955,038;960,050;968,085;970,052;976,051;977,135;1017,137;1028,213;1029,121;1034,219;1068,221;1093,239;1099,050;1126,054;1140,226
066:0,007;2,224;7,142;47,049;61,155;71,041;84,178;127,032;148,092;163,032;170,228;217,068;225,267;244,039;262,121;268,204;307,043;324,192;335,184;352,050;367,151;385,255;398,061;399,106;407,226;441,033;443,057;458,040;466,133;542,049;554,170;569,054;578,241;607,067;669,178;694,060;701,199;707,212;723,150;730,039;732,217;738,270;746,221;774,074;776,160;778,094;811,133;864,040;868,266;906,059;910,043;918,124;942,094;943,063;953,038;960,050;963,205;967,030;981,224;987,065;994,052;996,273;1012,026;1034,169;1057,088;1062,188;1125,231;1147,234
067:0,007;9,117;24,118;38,271;45,242;47,049;79,033;98,263;163,032;165,154;169,099;206,054;228,244;237,057;261,192;279,118;280,094;296,203;298,230;336,264;369,230;370,074;378,114;384,120;398,061;412,202;417,079;447,074;466,234;496,188;531,186;533,031;537,145;542,049;569,202;613,102;655,036;680,245;697,050;715,249;782,136;833,218;837,143;843,231;856,143;863,164;871,079;877,139;910,043;925,036;931,251;943,063;953,038;966,252;987,065;1000,214;1034,169;1035,218;1074,130;1089,227;1097,272;1099,050;1114,112;1121,271;1139,223;1145,190;1150,093;1194,099;1195,220
068:0,007;7,142;15,239;21,141;47,049;79,033;89,057;102,223;106,037;115,086;141,084;144,269;146,258;163,112;206,054;217,068;224,069;225,100;237,057;244,039;254,057;256,230;271,055;279,118;342,174;352,050;358,117;441,033;452,163;491,051;499,221;508,148;533,031;555,266;607,067;626,213;630,258;694,148;743,053;750,149;774,074;779,175;784,234;791,027;813,045;820,071;824,268;835,057;843,170;883,061;884,038;916,175;941,244;953,038;965,062;977,135;987,065;994,052;1001,071;1028,191;1053,073;1063,155;1086,144;1124,035;1138,028;1140,235;1143,091;1147,149
069:0,007;27,267;32,043;37,088;61,155;71,041;90,159;127,032;136,091;149,098;159,050;166,217;174,169;194,100;210,249;235,037;252,265;271,055;289,062;298,111;319,058;335,184;352,050;369,118;395,170;398,061;406,254;441,033;443,070;459,239;467,043;474,176;491,051;505,155;510,160;542,049;565,127;585,104;590,044;603,122;607,067;630,258;638,139;655,036;676,212;684,266;697,050;705,132;768,067;772,213;791,027;810,140;854,172;883,061;884,038;906,143;913,231;917,239;943,063;955,038;957,157;960,050;967,030;983,078;987,065;1016,113;1028,191;1078,127;1089,142;1124,035;1132,165;1138,103;1183,220;1192,026;1193,098;1194,181;1195,076
070:0,007;5,177;8,069;47,049;84,032;88,214;129,133;133,028;137,117;244,039;266,054;292,091;299,104;307,043;315,255;366,055;388,240;402,138;418,224;441,033;443,057;469,267;482,253;491,051;523,157;527,223;532,137;533,031;552,232;559,161;576,056;587,149;590,044;602,087;654,200;656,036;667,069;699,149;701,199;730,039;750,233;763,164;772,213;793,162;796,274;813,045;820,071;826,112;851,032;852,190;857,157;865,098;866,158;883,061;884,038;906,059;923,200;943,063;945,148;960,050;967,030;984,225;992,260;994,052;999,275;1047,224;1063,155;1085,116;1099,050;1121,271;1187,044;1193,098
071:0,008;2,203;104,033;105,269;154,139;156,056;167,169;214,047;219,062;232,052;237,158;261,032;270,057;283,039;284,220;302,053;308,060;317,110;334,173;398,049;411,164;443,070;455,113;477,147;484,146;488,121;506,048;507,248;512,035;537,186;568,211;571,094;585,271;589,067;591,215;659,074;668,215;687,034;688,254;698,142;724,132;729,179;749,137;752,109;760,132;767,234;774,156;814,047;816,053;829,219;833,039;855,050;859,081;908,229;923,041;943,222;946,221;954,066;963,237;979,051;985,146;1004,029;1025,251;1036,046;1049,042;1051,207;1058,096;1101,036;1115,186;1137,034;1145,120;1165,065;1177,185;1187,225
072:0,008;11,261;16,110;56,036;67,030;102,107;104,033;107,046;110,158;125,094;141,102;161,079;207,059;226,039;246,002;253,161;256,118;261,032;270,217;274,049;279,142;304,206;332,068;351,250;369,029;378,217;382,118;392,248;443,070;457,040;463,169;481,131;484,267;508,188;512,035;517,089;562,044;581,186;589,067;592,217;637,197;642,036;644,042;645,156;668,215;673,103;691,042;692,059;698,142;711,155;747,065;787,104;803,145;816,053;834,229;839,030;846,251;855,050;859,064;914,140;920,136;938,032;945,137;954,066;974,054;989,027;999,197;1004,029;1016,227;1017,188;1043,092;1049,210;1056,038;1068,070;1072,183;1082,208;1086,092;1156,206;1165,065;1173,086
073:0,008;9,117;33,190;56,036;60,184;89,033;94,258;95,085;112,109;120,254;132,120;136,033;138,133;141,231;149,103;156,056;161,179;168,072;216,206;237,158;250,131;261,032;270,217;283,039;287,103;302,053;314,250;332,068;351,198;386,217;418,041;434,047;441,231;446,233;526,229;589,067;599,224;644,042;651,137;688,029;690,039;691,042;692,059;694,111;701,233;740,105;747,065;767,234;789,051;807,111;814,047;825,113;829,219;839,026;848,082;855,050;868,151;880,194;890,270;904,085;908,244;945,137;984,043;995,078;999,080;1004,029;1025,108;1040,165;1059,083;1085,225;1088,269;1141,222;1174,173;1182,213;1185,129;1191,250;1196,062
074:0,008;11,085;32,130;51,081;57,187;136,033;141,102;148,274;154,250;167,169;173,145;189,206;198,223;210,274;219,036;237,173;256,186;261,032;276,228;313,198;341,087;348,098;426,071;432,187;433,202;434,047;451,267;512,035;526,229;552,034;562,044;571,122;589,067;598,013;601,074;604,223;632,262;649,178;659,074;673,103;677,123;692,059;694,111;742,054;747,065;768,210;773,177;814,047;823,077;834,229;843,210;848,176;877,052;888,039;902,196;913,230;923,041;938,032;940,036;941,273;954,066;973,201;978,059;982,134;991,093;1008,193;1010,028;1036,046;1051,222;1101,084;1137,034;1145,120;1165,065
075:0,008;2,203;56,036;57,187;69,150;76,099;122,035;149,103;154,112;168,072;189,206;206,227;211,190;219,036;234,131;236,223;237,173;283,039;284,201;297,182;302,053;319,262;348,191;357,064;369,029;372,079;422,203;434,047;464,103;489,122;512,035;529,142;562,044;579,216;589,067;592,217;605,094;642,036;644,042;646,115;653,186;659,074;671,049;729,179;789,051;816,269;823,077;825,087;839,026;864,056;873,156;877,158;938,032;954,181;974,054;984,043;1008,193;1017,135;1022,151;1032,196;1036,046;1056,038;1069,098;1120,091;1137,034;1144,063;1151,095;1165,065;1185,137;1196,062
076:0,008;5,078;56,036;75,183;104,033;129,214;168,072;173,145;261,032;283,039;302,053;332,068;369,029;382,206;418,041;441,123;680,050;691,042;698,087;839,026;859,064;923,041;938,032;954,066;979,051;980,073;991,093
077:0,008;3,107;57,108;60,084;62,227;96,148;104,033;112,109;136,033;154,250;186,152;219,036;220,084;239,191;262,214;270,057;286,129;295,178;302,053;318,085;329,175;332,068;341,087;351,198;366,055;375,085;382,077;418,041;446,233;455,113;507,248;532,149;552,034;562,044;563,141;579,216;654,243;680,050;687,165;754,129;789,051;794,273;816,269;839,030;844,179;855,050;859,064;914,141;926,192;933,227;934,109;947,080;954,099;997,098;1004,029;1026,037;1036,046;1041,180;1068,070;1101,084;1137,034;1149,128;1157,197;1165,065;1191,250
078:0,008;5,078;18,242;44,056;46,114;87,148;94,258;109,119;110,158;124,119;156,056;169,080;216,206;219,036;248,139;258,197;277,117;283,039;291,140;317,049;329,121;346,169;360,204;370,216;441,123;451,267;456,226;478,187;484,030;492,232;509,182;512,035;522,232;543,033;544,123;585,170;589,146;591,215;617,170;618,151;642,036;653,186;659,074;670,227;680,050;688,254;790,192;816,053;836,133;839,026;853,078;859,223;881,230;919,112;929,126;954,066;974,054;980,073;984,043;985,146;1026,037;1036,046;1041,180;1051,093;1056,038;1068,070;1095,156;1155,235;1165,065;1171,255;1179,142;1194,091;1196,062
079:0,008;3,107;11,085;14,080;46,114;54,033;57,108;83,246;96,217;106,057;111,099;156,056;161,179;168,072;186,152;197,079;244,275;295,100;302,053;317,110;319,059;334,246;342,166;369,029;375,085;382,206;388,029;394,149;435,258;472,049;489,215;492,232;552,034;581,186;589,067;592,068;618,151;627,233;642,036;644,042;648,130;655,272;666,150;680,050;698,087;726,082;747,065;776,155;789,051;831,140;848,161;854,201;874,229;877,159;929,207;938,032;954,099;974,054;979,051;984,043;993,138;997,056;999,275;1004,029;1026,037;1036,046;1044,207;1081,035;1088,224;1137,034;1157,197;1165,065;1188,060;1196,062
080:0,008;8,259;47,034;51,081;79,180;104,033;112,092;116,026;138,133;168,072;181,186;219,036;227,160;234,131;260,240;270,057;284,201;302,053;304,206;319,262;332,068;346,169;369,029;380,224;418,041;434,047;443,070;458,101;517,089;518,211;543,033;549,136;571,122;576,168;589,067;596,136;604,035;624,176;631,097;644,042;670,227;687,165;691,042;692,059;714,049;725,078;764,047;768,210;794,176;814,047;816,053;826,062;829,097;837,168;839,030;854,201;855,050;858,048;859,081;887,048;890,270;912,272;914,140;920,194;923,041;939,113;974,054;979,051;980,073;982,228;984,043;1000,083;1004,029;1017,188;1026,037;1042,072;1052,226;1054,073;1056,038;1068,070;1082,035;1088,124;1096,183;1101,036;1111,202;1153,118;1173,086
081:0,009;14,035;23,265;32,043;38,075;50,268;56,048;62,038;81,164;83,046;85,060;93,137;109,073;117,149;183,085;213,211;214,047;254,148;292,234;296,038;304,173;337,091;348,073;376,269;388,042;407,171;421,071;433,057;451,186;470,125;495,045;526,042;546,115;553,250;558,223;611,057;622,174;626,027;635,132;648,198;681,058;688,049;690,116;693,055;694,045;740,191;757,090;790,038;794,148;806,030;812,070;814,260;848,058;880,187;921,040;949,036;953,162;968,198;981,242;1000,157;1054,075;1062,195;1071,106;1090,141;1093,062;1110,185;1128,074;1131,031;1136,037;1145,102;1151,240;1158,047;1172,210;1190,072
082:0,009;13,192;38,075;50,243;56,048;60,140;67,235;89,248;105,183;109,031;122,082;128,039;134,136;146,230;156,190;158,030;195,083;207,174;232,086;241,245;252,141;254,148;267,125;274,069;282,197;301,196;398,074;399,158;402,039;432,173;447,074;457,188;476,108;517,244;592,063;602,243;607,067;609,116;626,027;665,224;675,131;681,058;688,049;696,152;715,224;722,045;732,050;747,270;757,271;770,045;781,176;788,265;790,038;803,142;812,070;813,167;837,055;844,196;848,058;850,047;861,252;936,045;937,026;942,227;947,144;949,036;951,173;962,216;967,098;982,153;1033,117;1093,062;1117,209;1128,074;1131,031;1143,225;1159,073;1177,076
083:0,009;12,115;296,038;318,030;328,221;338,039;348,073;364,215;388,042;398,074;399,158;515,107;594,050;626,027;688,049;694,045;722,074;729,268;790,038;803,142;980,036;981,242
084:0,009;12,115;32,043;38,075;50,243;119,078;158,030;198,262;201,053;221,213;277,063;290,174;348,073;363,168;398,074;399,102;447,074;464,270;512,051;515,054;523,047;572,070;592,063;594,050;626,027;681,058;693,055;722,045;738,217;743,053;757,176;850,047;861,252;937,026;950,272;1092,071;1093,062;1131,031;1151,240
085:0,009;13,192;56,048;67,235;83,046;89,248;296,038;308,177;421,071;422,265;479,057;495,045;515,054;520,254;523,047;551,027;572,070;592,063;594,050;626,027;681,058;693,055;722,045;737,150;835,145;934,069;951,173;1022,061;1028,054;1032,145;1138,028;1158,047;1177,076;1190,072
086:0,009;25,048;32,043;47,034;60,172;62,038;75,101;79,252;85,115;95,241;97,033;105,055;110,128;131,094;193,073;214,047;237,202;255,117;259,259;277,063;290,174;318,030;328,221;338,039;348,036;365,160;371,065;378,216;383,240;388,042;415,134;440,187;479,057;496,167;512,051;517,244;523,047;558,223;572,070;584,087;592,063;594,050;622,174;630,070;651,142;663,242;667,029;681,058;690,094;694,045;716,128;722,074;726,248;732,050;743,053;757,176;770,274;772,181;778,187;790,038;802,190;806,030;812,070;814,257;848,058;850,047;864,040;894,153;899,272;921,040;934,069;937,026;953,041;960,229;980,036;982,220;1022,061;1028,054;1035,081;1054,075;1061,150;1089,126;1120,094;1131,085;1137,148;1143,225;1200,099
087:0,009;12,228;24,109;34,186;48,249;56,048;62,038;77,065;95,241;109,031;126,157;158,030;162,042;182,056;213,211;214,047;232,086;274,069;277,063;282,179;288,165;318,030;335,240;388,042;395,203;419,147;447,074;462,236;473,069;490,235;506,099;512,051;514,178;518,200;521,199;546,115;551,027;571,233;572,070;611,243;621,050;648,198;681,058;688,049;693,055;722,074;729,268;735,054;738,217;794,148;800,056;806,030;812,070;817,112;835,169;858,036;862,188;908,166;921,040;946,210;980,036;982,153;1022,061;1032,145;1054,075;1055,272;1128,074;1138,028;1140,219;1144,035;1160,176
088:0,009;16,086;23,265;38,075;51,244;56,048;62,038;64,180;83,046;103,130;109,031;110,128;117,058;126,219;158,030;185,100;198,262;220,115;235,145;256,075;267,125;274,069;288,263;296,038;307,236;308,177;318,030;325,104;338,039;343,204;395,199;397,228;398,032;402,039;426,232;433,122;479,057;490,235;515,054;521,151;523,047;553,250;623,228;630,070;646,242;648,205;687,075;688,080;694,045;732,050;743,053;762,212;764,224;776,150;799,181;800,126;806,030;831,039;834,254;838,179;850,047;855,226;858,036;877,030;897,232;915,168;946,142;966,157;1022,061;1023,176;1028,054;1035,081;1042,072;1045,067;1053,073;1089,126;1093,062;1117,248;1126,102;1129,144;1130,182;1131,031;1138,028;1162,034;1181,237;1190,072
089:0,009;1,165;38,075;58,120;60,079;62,038;83,078;126,219;158,030;207,174;214,047;262,205;274,069;282,179;304,173;318,030;325,118;338,039;362,266;364,215;388,042;391,269;398,074;399,102;413,092;421,071;422,265;430,117;437,202;447,074;457,188;496,167;511,186;512,051;540,156;547,235;551,027;577,054;590,044;594,050;608,045;611,262;618,220;643,150;644,189;647,167;650,087;674,113;675,262;688,076;693,055;694,045;720,263;722,074;737,232;773,236;789,141;806,030;814,260;836,167;858,036;866,139;880,145;888,248;921,040;934,069;937,026;949,053;950,272;980,036;982,220;983,213;1036,202;1045,067;1071,106;1128,074;1130,182;1136,142;1165,275;1185,252;1187,184;1190,072;1191,094
090:0,009;1,165;109,073;111,170;120,147;121,096;122,082;126,157;134,136;158,030;180,151;201,053;214,047;226,076;274,069;277,063;297,244;317,069;319,121;348,073;358,255;395,203;402,039;421,036;432,173;495,045;503,149;512,051;515,107;523,047;538,095;540,156;551,027;573,161;592,063;594,050;597,116;620,029;630,070;675,131;681,058;688,049;690,094;711,223;722,045;732,050;757,090;825,073;835,169;848,058;855,181;858,036;874,055;878,176;884,268;930,171;934,069;935,190;954,085;960,229;980,036;983,213;989,139;995,222;1000,121;1044,088;1045,067;1054,075;1064,125;1141,150;1158,047;1183,115;1190,072
091:0,010;8,171;28,145;51,232;53,121;65,111;107,035;108,259;128,079;143,160;146,034;148,093;178,074;181,068;188,261;197,096;207,117;208,061;228,240;231,257;268,041;279,245;292,148;329,081;335,059;345,128;359,199;361,026;381,275;386,229;432,148;433,064;444,212;466,211;469,058;495,046;499,098;551,220;626,249;629,060;671,188;698,241;701,072;711,221;719,122;726,032;728,070;731,148;738,203;766,136;788,043;795,254;804,258;812,050;817,175;822,068;826,062;827,194;831,249;871,074;876,034;879,248;881,148;886,102;918,029;921,038;930,215;933,131;940,036;945,078;951,026;967,030;976,080;983,154;987,107;993,161;1050,138;1088,207;1117,026;1129,169;1147,037;1159,262;1186,259
092:0,010;19,230;40,231;48,110;68,269;82,121;83,149;88,182;96,052;110,090;114,056;138,241;161,254;167,045;185,034;186,207;187,057;189,106;201,185;210,180;219,036;225,100;230,080;259,198;264,036;268,041;279,245;312,129;318,050;332,111;335,059;346,266;360,066;367,083;377,028;414,244;420,165;433,064;440,093;466,234;468,263;480,187;494,176;513,213;515,223;520,207;545,067;580,205;615,050;629,208;650,053;655,026;665,204;670,209;706,238;750,030;761,198;768,067;774,188;781,026;783,033;788,043;824,271;826,062;828,091;837,055;838,221;871,074;875,073;940,036;951,213;966,047;1021,099;1120,073;1127,254;1135,201;1141,254;1162,040;1171,213
093:0,010;32,254;114,056;146,034;147,105;264,036;268,041;279,249;360,066;361,026;386,121;433,064;456,207;599,026;629,060;665,161;726,032;736,223;788,043;805,102;921,038;940,036;941,065;951,026;966,047;986,247
094:0,010;32,043;40,231;61,051;83,149;123,256;146,034;147,105;148,181;167,045;205,254;208,061;231,257;235,067;238,258;264,036;268,041;281,121;302,240;327,047;334,158;342,027;347,173;351,252;377,028;386,229;389,174;402,074;429,054;456,207;482,047;490,049;494,176;499,096;531,188;555,146;568,037;571,068;583,212;586,088;598,013;599,026;608,264;655,026;670,209;678,156;685,103;715,133;726,032;728,070;738,203;750,030;753,237;763,170;768,067;789,201;807,090;812,238;817,175;822,068;826,062;840,146;875,073;940,036;945,132;951,026;968,113;1086,049;1108,237;1147,037;1149,231;1154,102;1162,040;1169,148;1179,065;1195,241
095:0,010;1,161;51,230;65,234;107,035;108,259;114,056;122,182;123,046;128,187;168,139;181,068;182,056;224,087;230,234;255,034;270,234;334,057;340,210;360,066;389,174;402,074;417,239;433,064;458,206;500,140;545,067;567,045;574,228;591,207;598,249;610,129;650,053;662,178;668,063;670,218;680,270;696,105;748,031;761,080;768,067;778,096;783,033;788,043;789,201;803,094;822,068;826,062;827,143;859,275;871,074;875,073;879,165;899,064;910,129;918,029;921,038;937,122;940,036;944,119;1016,270;1065,068;1086,092;1092,192;1121,144;1138,207;1147,037;1149,153;1162,040;1169,199
096:0,010;22,234;107,035;137,155;187,057;197,096;313,249;342,027;353,155;361,026;381,275;402,074;440,093;568,037;574,228;598,013;599,026;622,184;783,033;794,168;875,073;941,065;951,026;966,047;998,264;1109,100
097:0,010;14,046;19,152;21,146;61,051;93,187;96,052;119,142;127,056;134,064;138,241;146,034;148,181;178,267;182,056;187,057;210,180;213,186;278,071;279,195;312,151;318,050;335,059;351,252;360,066;366,055;367,083;371,155;401,147;402,074;444,212;466,092;470,208;484,122;488,088;545,067;572,043;576,071;585,110;598,013;599,026;602,271;605,205;607,152;628,133;629,208;666,170;701,072;707,190;736,223;748,031;777,204;788,043;796,230;806,186;821,093;856,256;871,074;875,073;940,036;942,163;966,047;983,174;1065,068;1080,148;1083,247;1108,207;1179,148;1189,084
098:0,010;21,146;61,051;88,182;96,052;107,035;123,256;181,068;187,057;188,261;268,041;279,195;335,059;342,027;359,199;545,067;571,068;598,013;599,026;614,239;655,026;664,095;728,070;748,031;762,212;768,067;774,188;812,050;822,068;832,136
099:0,010;13,249;40,145;61,051;92,178;95,095;127,056;143,151;167,045;178,074;181,068;182,056;208,061;224,087;318,050;338,040;357,239;361,026;387,111;482,047;500,140;501,088;545,067;549,201;569,202;571,068;576,071;586,088;598,013;607,152;617,222;629,060;664,095;701,072;706,238;726,032;728,070;731,049;750,030;753,237;812,050;813,123;826,062;828,206;871,074;879,248;906,159;910,129;918,029;921,038;928,183;935,083;941,065;951,257;959,196;966,047;986,247;992,183;1019,082;1029,113;1059,095;1065,068;1086,192;1150,186;1172,084
100:0,010;22,234;54,039;65,111;107,035;119,142;122,035;123,086;127,056;128,079;167,029;178,267;181,068;182,056;208,061;230,234;238,258;264,036;268,045;281,191;308,165;332,225;335,059;340,210;342,027;353,155;377,028;390,145;452,189;482,047;499,096;526,062;543,033;571,109;576,071;580,205;592,266;598,013;610,129;617,145;622,184;629,060;650,053;655,026;659,271;749,179;750,030;754,161;758,138;761,198;768,067;779,029;788,043;806,186;812,050;825,081;828,206;840,275;875,073;896,246;941,065;942,163;963,066;973,156;1033,030;1039,241;1065,068;1085,152;1097,161;1108,237;1120,073;1124,262;1129,169;1147,037;1154,108;1181,055;1186,259;1195,241
101:0,011;14,254;39,040;52,217;183,250;224,033;226,059;237,207;250,250;266,152;287,135;292,239;310,109;372,063;373,050;381,135;388,071;411,231;422,258;447,266;524,062;532,256;536,069;556,266;561,048;587,227;594,032;603,122;619,197;627,243;639,027;683,207;699,149;740,052;760,265;771,114;778,182;796,051;801,045;831,236;832,195;841,183;848,084;876,051;879,170;882,167;894,108;899,056;914,189;934,168;937,053;939,060;972,074;973,261;974,230;1006,050;1023,032;1028,034;1052,144;1065,036;1073,069;1086,181;1134,064;1154,074;1166,100;1176,128
102:0,011;22,137;36,115;39,040;45,035;50,034;61,115;84,264;105,075;130,223;162,034;167,029;178,265;183,209;356,189;366,150;372,063;373,050;390,145;403,253;588,107;594,032;609,061;611,205;654,073;655,028;669,105;700,259;718,050;720,080;733,144;740,052;760,265;801,045;809,048;811,074;831,192;876,051;877,244;885,151;939,060;963,218;975,160;985,099;1035,224;1065,036;1073,069;1085,225;1099,041;1110,209;1169,060;1196,031
103:0,011;17,045;21,248;76,263;84,080;105,075;125,111;162,034;163,149;164,052;178,181;201,105;204,038;224,033;226,059;231,266;248,250;283,014;287,135;315,260;347,063;351,104;371,061;375,160;383,127;388,071;436,131;440,269;464,224;508,207;509,208;544,053;546,272;561,048;585,180;594,032;600,226;624,040;637,064;642,195;655,184;660,231;672,266;689,073;735,214;761,230;764,060;771,268;799,275;807,124;811,074;817,064;842,040;844,196;937,053;938,252;955,056;980,073;990,181;1064,243;1085,043;1101,169;1114,166
104:0,011;7,210;14,057;22,257;45,035;60,164;124,075;162,034;167,029;177,119;178,074;183,209;185,135;226,059;239,267;255,223;270,255;323,257;347,063;360,141;371,061;379,133;386,121;388,071;397,246;418,146;426,224;473,069;491,129;521,075;529,033;530,177;537,087;539,237;544,053;546,272;561,048;614,135;624,040;629,037;638,095;654,073;655,028;688,167;701,209;740,052;770,066;778,192;806,087;809,048;811,074;822,104;828,067;832,195;864,245;877,244;899,146;937,053;939,060;947,100;955,056;970,037;986,133;996,192;1000,268;1028,034;1042,137;1063,091
105:0,011;16,135;44,161;45,035;49,159;87,162;162,034;164,124;167,029;172,256;204,038;224,033;235,191;250,043;284,036;292,239;299,151;306,199;310,076;313,161;413,227;430,226;473,069;480,065;509,208;524,062;547,230;561,048;585,180;601,222;624,045;627,243;655,028;690,116;700,070;748,063;751,086;766,205;781,081;801,045;814,254;822,167;828,067;848,084;899,056;905,212;915,227;920,275;938,252;939,057;972,074;975,260;979,175;1030,044;1047,121;1065,036;1081,035;1085,043;1087,051;1099,041;1100,246;1119,241;1136,037;1150,216;1176,070
106:0,011;8,172;14,057;23,029;25,126;42,087;68,256;73,160;105,075;184,220;190,239;204,038;224,033;226,098;262,054;266,152;339,219;341,253;347,063;373,050;383,127;388,071;418,146;491,157;512,171;520,254;524,062;544,053;567,195;598,124;600,226;659,203;675,275;679,133;691,099;720,080;790,188;795,105;811,074;813,123;817,064;828,067;837,055;839,105;863,126;876,051;877,253;884,107;937,053;939,057;947,100;953,222;1027,062;1035,119;1073,069;1086,181;1099,041;1101,169;1117,026;1122,181;1134,064;1150,163
107:0,011;11,261;39,040;45,035;52,217;77,048;87,162;103,240;164,052;175,271;202,152;204,038;218,082;321,064;325,116;335,200;336,078;343,176;347,063;351,104;371,061;387,040;397,246;418,107;480,065;481,092;489,166;492,028;497,249;503,226;510,092;524,062;544,053;564,052;567,115;594,032;609,069;619,197;638,095;654,073;660,231;693,055;702,060;703,169;740,052;771,114;811,270;836,129;898,059;899,056;907,183;915,159;972,094;973,261;1006,065;1017,091;1028,034;1045,115;1056,100;1065,036;1068,239;1080,252;1081,035;1085,043;1100,246;1109,138;1117,026;1134,064;1150,216;1163,269;1169,060;1200,093
108:0,011;8,172;14,057;16,135;21,248;31,253;39,040;56,222;135,100;162,034;171,105;175,190;177,119;204,038;244,178;278,240;306,070;319,175;334,158;372,063;383,200;425,229;451,147;456,253;480,065;481,198;524,062;539,086;544,053;561,048;576,071;587,149;592,244;622,216;629,136;635,176;640,275;655,028;664,154;671,128;680,060;683,207;727,149;754,209;775,053;778,182;801,045;809,048;811,074;837,154;876,051;884,107;892,233;896,266;899,056;902,095;914,189;939,057;975,160;986,133;1009,189;1030,044;1044,173;1045,067;1052,098;1065,036;1091,208;1099,041;1114,166;1120,073;1122,260;1134,064;1158,128;1169,060;1178,057;1180,249
109:0,011;61,242;68,271;79,033;101,223;105,075;164,052;166,027;189,148;196,084;204,038;226,059;270,255;289,272;306,070;315,260;347,063;369,187;370,259;372,063;386,253;388,071;413,227;466,159;467,131;485,182;500,112;520,170;530,177;539,086;556,106;557,155;590,125;624,040;653,092;655,028;675,275;689,073;700,259;717,185;740,052;764,065;771,257;781,125;788,178;817,064;832,217;837,154;866,122;890,044;894,108;1030,044;1044,173;1053,047;1058,122;1065,036;1068,239;1081,035;1085,043;1101,036;1129,190;1138,244;1157,203;1168,244
110:0,011;14,057;39,257;105,075;130,223;224,033;232,149;306,070;323,257;347,063;371,061;381,135;388,071;436,131;473,069;485,182;561,048;590,125;594,032;608,264;624,040;642,195;654,073;679,133;740,052;801,045;811,074;817,064;831,192;955,056;972,074;983,154;1028,034;1051,154;1087,051;1117,026;1122,260
111:0,012;13,164;19,061;24,067;36,176;39,078;50,112;52,213;54,075;56,048;65,260;77,166;82,060;96,072;102,099;107,046;143,151;146,004;155,156;167,034;179,158;198,169;200,051;254,060;282,197;294,150;305,176;350,070;355,187;385,149;398,085;500,147;528,098;533,037;544,144;555,049;556,169;561,033;562,273;565,040;580,272;591,181;593,062;610,217;616,030;617,157;670,246;690,039;707,149;713,046;721,120;730,142;754,056;765,138;815,174;833,256;857,039;865,195;868,068;882,275;930,197;943,263;954,152;977,119;983,137;997,109;1086,047;1089,069;1094,065;1117,266;1171,128;1183,047;1184,138;1185,068
112:0,012;1,153;33,094;42,050;47,227;65,152;82,060;96,072;109,146;121,033;122,216;155,157;164,121;172,032;174,150;181,058;183,239;233,034;253,266;254,060;269,065;292,042;300,178;316,036;359,060;366,153;372,227;409,053;423,040;440,144;457,073;470,189;496,027;504,184;508,047;544,160;557,211;561,033;562,273;624,045;629,254;640,034;652,148;695,202;705,216;713,046;720,031;730,142;744,139;757,236;777,060;790,099;791,060;799,063;806,214;844,051;862,196;866,187;872,046;873,125;878,272;883,071;888,091;905,069;927,048;943,263;963,060;979,215;985,049;997,109;998,066;1010,164;1023,201;1033,030;1034,029;1045,084;1086,047;1096,241;1125,247;1133,090;1142,035;1154,161;1185,068
113:0,012;12,185;19,061;31,159;54,075;55,101;82,060;83,151;96,072;121,183;233,034;252,183;273,060;305,216;319,099;508,047;557,160;752,067;754,056;773,216;779,027;814,054;843,110;844,051;855,123;883,071;905,069;930,197;963,060;979,215;1058,074;1068,075;1089,069;1101,244;1184,138
114:0,012;12,185;19,061;24,067;25,224;54,075;56,164;62,148;65,260;71,041;106,242;107,046;147,115;159,234;164,211;172,026;179,153;196,124;198,265;200,051;222,062;223,030;229,092;269,065;273,060;281,147;288,178;297,076;316,036;356,189;359,060;377,088;382,124;392,092;394,180;445,199;451,186;457,073;462,275;509,082;513,243;544,144;555,049;571,068;576,056;585,172;624,045;652,148;685,225;689,073;695,202;732,222;736,111;747,065;752,067;754,144;766,085;773,216;779,027;790,099;799,258;814,054;817,112;823,132;832,086;874,055;890,169;895,124;905,069;927,048;940,241;967,130;972,032;982,274;1022,174;1032,272;1034,029;1062,153;1089,069;1108,170;1130,102;1142,035;1149,063;1177,178;1199,151
115:0,012;1,102;8,152;13,164;19,061;24,067;42,050;46,131;54,075;56,131;60,043;76,272;96,052;101,267;104,083;146,004;153,136;229,092;233,034;241,228;254,060;321,009;335,200;391,038;399,260;410,065;485,061;491,094;494,247;496,027;512,073;513,243;521,033;527,034;533,037;540,119;612,189;624,045;654,062;669,127;671,065;680,050;705,216;752,067;754,144;779,027;791,060;799,063;814,054;824,185;851,030;857,039;868,100;870,256;872,046;874,055;877,201;880,263;918,047;939,113;964,168;973,208;979,121;986,126;1033,030;1037,164;1039,068;1053,073;1058,074;1069,164;1071,167;1072,060;1073,041;1080,078;1085,099;1089,069;1094,065;1096,241;1107,185;1110,106;1132,074;1136,037;1145,051;1152,249;1166,227;1178,037;1200,080
116:0,012;2,084;24,067;31,159;47,227;54,075;55,101;60,043;74,065;77,255;82,060;93,189;96,072;106,166;143,105;146,004;168,227;172,032;182,267;231,124;253,266;269,065;305,176;315,116;316,036;359,060;370,242;375,061;398,085;417,074;423,045;424,143;457,073;473,069;475,149;496,027;499,241;508,047;513,181;519,118;521,078;537,246;544,160;561,033;568,069;574,077;580,272;625,223;654,062;665,044;670,246;713,046;716,079;754,056;771,091;773,158;779,027;791,060;798,088;799,063;814,054;822,058;833,256;840,185;849,268;857,039;862,260;864,056;866,187;882,275;893,045;905,069;918,047;927,048;942,111;953,233;972,032;985,114;1000,208;1033,275;1072,060;1088,257;1117,266;1142,035;1149,063;1172,256;1180,144;1183,047
117:0,012;8,152;24,067;38,189;60,043;76,171;146,004;155,156;172,032;174,150;200,051;254,060;302,171;533,037;555,049;561,033;565,040;591,181;857,039;868,151;1039,068;1058,074;1068,075;1094,065;1132,074;1149,063;1183,047
118:0,012;8,069;14,231;19,061;23,037;33,094;67,112;77,255;82,060;93,066;106,166;107,046;143,105;146,004;151,029;162,235;200,051;213,251;269,065;292,042;312,099;391,038;393,266;449,246;457,073;475,149;539,183;544,121;555,049;572,045;575,172;576,056;580,183;590,138;599,123;610,179;624,045;659,041;661,152;690,039;711,095;792,090;798,088;799,063;806,214;818,250;851,030;852,226;857,039;858,076;865,195;883,071;888,039;889,207;890,169;905,069;926,205;972,032;974,107;1005,218;1030,084;1033,030;1034,029;1044,133;1068,075;1072,060;1074,127;1088,257;1137,206;1142,035;1162,106;1183,047;1199,151
119:0,012;1,102;14,231;34,085;41,090;54,128;57,145;60,043;83,151;96,072;98,263;101,267;107,046;109,233;121,183;146,004;156,090;162,252;172,032;185,034;189,119;192,095;200,051;258,080;269,065;292,042;297,076;302,171;357,249;359,060;369,230;387,138;393,266;412,070;424,143;434,047;437,111;446,146;462,275;463,064;479,145;483,078;565,040;576,056;578,127;624,045;663,270;674,037;684,077;690,039;704,080;713,046;716,079;752,067;761,064;773,158;791,060;799,063;820,145;842,262;844,051;851,030;858,076;868,100;872,046;878,272;900,107;905,069;910,247;918,249;924,040;934,181;963,060;964,168;1020,100;1034,029;1039,068;1053,241;1057,195;1058,074;1062,153;1080,113;1086,080;1089,069;1094,065;1111,250;1113,082;1120,272;1132,074;1137,054;1138,174;1141,202;1149,063;1180,144;1183,047;1185,068
120:0,012;5,177;19,061;25,224;38,189;51,058;65,152;82,060;96,072;111,205;127,095;181,043;192,095;200,051;265,267;273,060;292,042;301,275;316,036;372,227;391,038;392,092;435,250;488,097;496,027;499,241;508,047;519,118;565,040;576,056;590,071;609,046;610,179;637,246;638,112;654,062;661,152;701,055;717,251;721,120;752,067;754,056;770,107;824,214;831,271;844,051;855,123;868,068;872,046;874,055;875,033;880,263;895,045;910,247;914,097;918,047;927,048;937,135;943,222;958,033;963,060;979,121;1006,217;1034,029;1039,068;1046,037;1053,169;1068,075;1086,047;1101,244;1132,074;1140,198;1185,068
121:0,013;7,112;45,176;56,272;62,027;63,252;75,170;88,254;202,186;203,131;214,082;222,030;223,206;276,142;283,157;298,264;317,049;324,129;328,271;340,132;342,040;344,234;404,037;415,097;430,068;450,225;456,099;471,193;480,065;482,220;484,145;486,106;544,046;547,066;557,198;573,026;585,148;595,177;601,038;609,096;628,152;631,266;633,035;638,255;642,104;649,196;673,037;682,164;746,235;775,053;788,194;798,060;813,170;833,224;884,083;945,043;963,187;1001,262;1109,054;1131,214;1135,078;1198,074
122:0,013;14,273;43,039;48,099;57,085;110,243;144,050;171,106;175,114;183,073;200,206;202,059;213,239;219,041;237,240;286,160;296,112;321,029;322,103;326,076;329,037;335,213;348,029;367,185;385,250;387,162;429,086;448,032;473,049;488,223;547,066;551,097;563,044;567,192;593,062;601,038;604,065;606,073;609,061;612,271;615,270;647,267;653,059;654,073;661,037;669,129;672,059;673,037;682,208;702,074;729,061;740,183;743,067;757,143;798,060;801,236;828,067;838,219;854,091;882,183;889,067;924,269;929,158;932,275;966,031;988,204;1059,162;1082,042;1083,177;1094,059;1109,109;1139,251;1146,221;1148,067;1154,182;1170,037;1187,218;1192,166;1197,096
123:0,013;7,205;88,252;183,073;222,030;247,146;348,029;371,165;430,068;450,225;469,055;487,179;563,044;573,026;593,062;606,073;609,057;633,035;638,255;687,034;697,261;702,074;729,061;743,067;753,040;789,220;889,067;924,269;1032,078;1159,046;1198,074
124:0,013;6,260;29,057;30,077;144,050;175,049;183,073;191,207;247,146;379,027;403,086;404,037;415,219;421,059;448,032;469,055;486,106;609,057;633,035;652,129;753,040;788,124;798,060;819,205;945,043;953,041;966,031;1026,062;1032,060;1050,217;1180,037;1198,074
125:0,013;1,146;6,260;28,169;79,040;93,251;157,047;167,096;175,049;202,166;207,077;258,128;271,052;276,122;329,037;335,213;344,234;348,029;364,046;381,223;404,037;406,144;411,044;413,179;421,059;430,068;461,082;469,055;482,220;509,170;510,246;521,075;544,046;547,066;560,112;563,044;567,195;573,026;595,160;604,065;606,073;614,239;632,200;633,035;635,034;652,129;659,265;666,068;667,158;672,059;699,094;703,229;740,183;772,226;798,060;824,134;861,235;889,067;922,169;945,043;957,268;998,098;1002,091;1006,242;1016,130;1026,062;1044,127;1072,088;1080,149;1082,042;1090,079;1116,044;1129,249;1154,182;1159,046;1187,218;1190,072
126:0,013;1,146;6,097;29,057;40,181;48,099;83,090;144,050;157,047;173,192;175,049;190,094;202,059;203,131;222,030;236,223;271,052;306,070;316,271;321,029;326,265;329,037;334,149;364,046;369,118;371,258;379,027;390,090;398,032;413,179;430,185;438,190;448,032;476,078;486,181;547,066;551,097;559,084;563,044;568,069;573,026;590,222;594,200;601,038;604,065;606,073;610,118;629,037;645,121;646,115;653,059;663,054;665,049;682,208;753,040;757,143;775,053;786,046;796,270;813,170;817,226;844,125;855,046;871,057;884,083;912,110;922,169;945,043;953,041;958,108;966,031;986,202;1011,168;1023,196;1026,148;1032,060;1059,162;1061,038;1068,070;1078,273;1083,177;1129,249;1130,152;1138,274;1158,211
127:0,013;6,097;29,057;31,236;63,252;144,050;162,168;170,090;175,049;190,154;193,135;202,059;219,261;222,030;226,205;276,122;288,078;313,057;336,078;342,040;346,150;348,029;371,165;379,027;401,227;404,037;415,219;421,059;427,187;448,032;487,179;496,074;498,213;521,075;556,104;563,044;580,203;585,084;653,059;659,203;660,260;666,068;667,158;672,059;673,037;683,026;687,034;697,261;702,074;715,150;743,067;769,220;798,060;805,125;819,205;852,043;861,235;871,200;893,131;924,028;933,110;945,043;963,194;966,031;994,112;1005,264;1006,234;1026,062;1032,060;1050,217;1060,142;1069,194;1082,042;1089,069;1095,035;1106,119;1109,109;1116,044;1138,274;1158,047;1159,046;1181,105;1188,222;1198,074
128:0,013;12,187;27,070;28,169;43,181;144,050;157,047;159,085;196,117;202,059;207,077;218,232;219,209;222,030;226,205;228,109;271,052;296,112;321,029;326,076;329,037;350,272;364,046;373,083;404,037;411,044;418,180;421,059;430,068;448,032;455,181;498,213;505,111;521,075;544,046;560,093;572,155;587,235;601,038;609,096;627,232;633,035;635,034;656,179;676,078;714,257;720,164;729,061;731,049;753,040;780,211;785,091;789,232;796,056;809,048;820,178;829,200;895,122;933,070;934,210;945,043;953,247;966,031;996,041;998,116;1026,062;1032,060;1073,069;1082,042;1095,090;1146,119;1159,046;1170,037;1198,090
129:0,013;1,084;7,205;29,057;31,236;93,251;127,258;152,147;171,106;172,036;175,114;180,144;183,073;219,163;222,030;244,178;260,145;271,052;298,264;306,096;321,009;338,111;342,040;345,084;379,027;397,148;400,136;403,086;448,032;471,165;496,074;500,164;521,075;555,213;568,069;595,177;601,038;606,073;609,057;629,037;644,250;663,127;666,068;672,059;676,078;698,043;703,166;712,275;729,061;731,049;754,147;780,211;801,236;889,067;934,181;945,043;953,041;956,212;965,076;966,031;988,204;997,027;1026,062;1030,047;1035,119;1037,042;1049,080;1052,183;1061,157;1073,041;1078,273;1095,062;1106,235;1116,044;1150,269;1155,085;1159,046;1170,037;1192,026;1197,096
130:0,013;7,112;157,047;175,049;183,073;225,189;239,109;322,219;342,040;345,084;593,062;606,073;609,057;635,034;653,059;660,260;666,068;673,037;687,034;702,074;731,049;775,053;788,194;953,041;963,187
131:0,014;14,141;17,045;24,220;134,064;153,054;165,162;213,062;230,135;238,049;260,135;279,051;292,134;321,064;331,048;357,056;370,169;628,054;660,207;673,068;675,090;731,053;736,056;740,177;743,046;790,056;809,120;981,246;1013,042;1032,094;1113,038;1124,029;1146,030;1183,200
132:0,014;20,109;27,051;30,201;51,029;69,101;71,236;104,072;106,037;109,154;116,127;124,162;134,064;142,052;150,208;172,028;175,049;179,203;181,247;194,003;211,189;213,062;234,130;239,174;265,257;271,250;277,158;329,234;331,048;358,222;360,179;405,071;427,200;438,055;454,268;472,231;475,077;485,054;488,193;507,129;519,175;530,029;544,046;557,133;627,245;628,054;670,118;671,096;734,117;742,109;743,046;766,167;779,175;790,056;799,052;826,173;840,071;850,093;890,044;919,229;932,086;948,244;961,257;972,270;1025,157;1028,037;1035,064;1043,188;1063,144;1069,102;1070,058;1074,044;1084,190;1095,035;1101,054;1108,254;1112,188;1124,029;1140,107;1146,030;1148,184;1178,222
133:0,014;7,210;17,045;24,220;56,142;71,031;84,233;112,171;129,026;150,208;172,028;178,106;183,192;186,221;194,003;197,116;208,145;227,117;231,200;238,049;275,166;279,051;292,134;321,064;330,198;331,048;338,040;372,079;380,224;403,064;416,075;429,250;431,146;438,055;447,117;472,254;488,174;530,029;539,133;576,035;584,112;590,113;599,040;607,202;610,156;630,104;658,075;664,097;669,093;673,068;675,090;716,030;729,167;731,053;742,109;757,171;800,161;899,207;900,076;940,192;954,246;1013,042;1030,044;1035,064;1036,253;1048,070;1059,228;1070,058;1076,068;1081,103;1103,059;1113,038;1115,121;1153,026;1160,050;1170,037;1183,200;1189,141
134:0,014;6,161;26,124;51,029;76,220;91,055;112,212;153,054;154,234;181,266;213,062;218,057;258,159;279,115;403,064;411,188;440,264;446,103;454,268;457,056;472,254;475,121;482,270;502,195;531,135;533,037;548,085;557,100;570,177;576,035;588,027;604,038;616,173;627,050;666,068;699,078;704,148;707,222;731,053;740,177;777,205;790,056;794,083;798,099;799,052;800,161;810,062;815,174;833,241;840,071;870,262;875,124;890,044;901,142;903,109;942,269;970,052;972,270;976,111;981,253;1033,030;1035,064;1039,058;1041,068;1048,070;1065,101;1078,082;1092,059;1094,216;1101,054;1103,059;1113,038;1115,121;1127,114;1147,084;1161,249;1181,105;1187,044;1198,231
135:0,014;8,171;23,108;35,179;51,029;61,218;67,129;91,055;117,203;135,149;139,247;194,003;205,257;213,062;230,135;245,248;252,198;258,159;270,057;290,193;321,064;342,190;357,056;383,070;395,089;397,088;401,202;403,064;419,151;439,029;441,182;451,156;460,160;503,055;512,051;517,241;522,236;534,249;548,085;567,045;576,042;590,113;664,097;692,152;693,232;743,046;799,052;834,179;840,071;857,269;883,061;889,063;903,109;918,029;932,086;960,206;964,163;975,210;1004,257;1013,042;1027,092;1074,044;1092,059;1101,054;1108,181;1113,038;1121,150;1146,030;1148,184;1190,229;1197,123
136:0,014;26,218;27,051;37,157;71,031;80,150;91,055;108,231;165,162;192,155;194,003;208,151;213,062;251,234;272,251;279,051;299,147;320,082;321,064;333,259;357,056;360,179;382,150;403,064;411,188;419,151;439,029;457,056;467,222;485,054;488,174;492,222;495,045;502,195;521,041;538,179;543,032;575,214;576,035;622,180;736,056;740,236;742,033;774,105;790,034;801,223;864,206;890,044;900,076;970,052;978,143;1035,064;1044,133;1048,070;1059,228;1086,047;1091,083;1092,059;1095,035;1103,059;1113,038;1126,159;1146,030;1160,050;1194,247
137:0,014;8,144;23,145;27,051;51,244;71,031;79,164;80,150;91,055;122,146;134,064;139,247;141,162;146,168;153,054;170,059;192,155;194,003;215,104;250,158;270,030;275,178;290,193;313,147;358,222;438,055;440,059;441,077;461,155;466,186;499,175;543,032;566,172;575,200;576,035;610,156;622,180;628,054;671,096;731,053;736,056;757,171;774,074;783,262;790,056;794,083;799,052;801,070;825,113;851,134;857,269;918,029;939,206;1013,042;1027,092;1039,058;1061,150;1074,044;1091,083;1092,059;1101,054;1116,151;1146,030;1171,196;1188,182
138:0,014;8,144;17,045;23,108;27,051;30,201;122,146;155,214;172,028;181,266;185,203;194,003;225,111;252,086;267,092;279,065;286,189;322,231;330,047;335,240;338,040;349,087;441,077;485,054;512,226;517,241;523,213;530,029;532,165;539,123;543,032;564,207;570,270;576,035;616,173;731,053;737,156;740,236;762,249;773,179;778,126;790,056;799,052;833,241;956,230;975,261;976,042;981,253;1011,252;1021,063;1026,037;1032,094;1036,253;1070,082;1074,044;1095,065;1117,240;1124,029;1140,107;1146,030;1160,050;1171,217;1176,208;1198,231
139:0,014;17,045;26,124;27,051;37,157;51,029;67,129;71,031;86,030;91,055;118,100;172,028;179,203;194,003;208,151;331,048;357,056;370,169;439,029;447,117;1039,058;1065,101;1070,058;1084,190;1187,044
140:0,014;23,145;30,027;40,218;98,119;133,132;134,064;146,034;157,052;186,221;194,003;205,257;213,062;215,104;219,036;220,197;238,049;260,135;279,051;310,078;318,197;331,048;354,232;383,139;439,029;446,103;467,222;488,200;530,029;531,135;543,032;570,177;571,109;573,140;576,035;622,154;623,130;628,054;669,093;673,068;696,192;723,086;724,161;736,056;743,046;799,052;826,173;828,117;842,064;843,210;871,110;955,038;962,119;970,052;993,244;998,261;1006,156;1013,042;1036,174;1039,058;1063,091;1070,058;1071,094;1074,044;1090,125;1095,035;1103,059;1109,243;1116,151;1124,029;1147,084;1187,044;1190,229
141:0,015;2,213;76,165;81,104;87,042;107,223;110,026;126,206;147,038;148,142;170,059;211,189;216,041;251,135;259,054;282,045;332,124;341,066;352,132;369,266;386,029;409,053;418,038;436,220;457,075;459,273;463,215;499,073;500,163;502,165;521,041;535,191;567,045;583,230;603,044;630,104;638,058;651,045;660,224;687,135;704,163;799,255;807,062;829,209;842,040;857,226;871,057;897,251;924,031;951,101;968,066;989,141;1045,090;1058,098;1076,045;1088,200;1132,047;1143,055;1147,181;1160,089;1163,059;1173,092;1193,069
142:0,015;12,058;16,247;37,033;62,108;67,093;76,075;77,093;110,026;168,082;216,041;245,204;248,052;257,143;274,068;280,237;313,062;320,081;325,114;332,124;411,232;485,046;496,074;506,145;507,275;510,075;521,041;530,057;544,140;562,057;567,045;575,200;655,264;748,085;758,029;766,202;771,225;778,096;784,067;793,128;817,255;826,085;831,056;836,149;884,127;887,094;889,063;892,096;924,031;950,232;978,059;994,239;1003,196;1012,026;1020,027;1025,064;1029,152;1069,028;1076,045;1078,073;1086,144;1101,029;1118,132;1135,064;1136,072;1151,069;1163,059;1174,145
143:0,015;8,082;23,048;40,218;55,044;67,093;126,206;147,038;178,214;261,133;282,045;308,060;313,062;317,049;332,225;348,045;365,107;441,046;452,155;567,045;571,057;583,230;871,057;915,070;924,031;939,039;962,128;1076,045;1083,249;1101,029;1104,063;1119,206
144:0,015;12,187;26,218;30,124;37,033;67,080;68,120;70,070;73,160;76,075;88,235;170,059;186,240;193,222;246,036;251,135;259,054;276,221;280,237;282,045;308,060;313,211;341,066;348,205;374,105;435,075;441,046;448,181;454,219;457,075;478,158;486,101;498,058;502,165;503,055;514,178;542,249;562,057;567,045;577,196;625,040;650,053;655,264;672,169;714,049;715,185;780,225;784,067;815,148;825,238;831,056;848,153;868,159;889,063;894,158;903,261;938,262;939,039;952,210;962,128;1012,026;1013,083;1069,028;1079,212;1104,063;1129,258;1136,072;1142,089;1150,087;1163,059;1173,092;1193,069
145:0,015;1,186;32,261;34,153;37,033;69,207;79,033;104,140;110,026;155,168;168,082;186,240;246,036;259,054;294,248;299,203;313,062;329,095;331,150;338,192;341,066;362,149;386,029;395,050;406,223;435,075;441,046;463,215;485,046;506,114;530,057;537,145;562,057;577,196;579,262;587,158;603,044;625,101;630,103;641,065;658,220;666,029;690,039;697,227;714,049;718,050;730,158;748,031;752,153;807,062;815,148;830,199;831,056;836,149;842,040;863,171;866,137;909,248;924,031;928,092;944,094;1012,026;1031,122;1037,042;1045,090;1073,041;1084,255;1121,149;1128,089;1136,072;1143,055;1150,087;1193,069
146:0,015;7,131;70,070;82,202;110,026;147,038;154,116;246,036;261,133;282,075;288,106;348,205;361,068;386,029;405,132;457,075;485,046;503,055;510,075;521,041;535,191;562,057;579,262;978,059;989,141;1020,027;1029,152
147:0,015;8,062;23,048;42,100;55,044;69,244;70,070;76,075;83,246;147,038;148,142;170,059;189,072;190,098;201,053;207,209;208,197;216,041;260,213;263,198;317,049;333,263;341,066;358,210;431,231;435,075;441,046;452,155;457,075;491,136;493,207;503,055;506,145;512,076;562,057;567,045;568,037;575,193;581,157;582,076;627,050;630,103;666,029;687,135;692,155;697,227;711,165;714,071;719,221;723,199;758,029;770,107;773,168;784,067;803,270;807,062;822,200;829,209;842,040;887,094;972,074;974,211;1012,026;1020,027;1033,168;1063,270;1076,045;1081,103;1088,114;1104,063;1111,102;1136,072;1143,055;1150,242;1163,059;1174,145;1191,209
148:0,015;23,048;37,033;67,080;87,042;104,140;170,059;193,222;341,066;348,045;354,068;386,029;406,223;457,075;469,122;530,057;543,225;784,067;807,062;822,200;831,056;842,040;871,057;892,096;1032,141
149:0,015;1,186;16,247;23,048;34,153;37,033;42,100;55,044;68,256;70,070;84,233;87,042;115,086;120,075;168,221;170,059;178,214;190,098;216,041;238,181;246,036;257,143;282,045;325,114;341,066;346,119;348,045;354,068;392,254;398,041;408,211;435,075;441,046;460,136;485,046;503,148;510,075;519,138;603,044;614,244;666,029;698,030;726,197;730,158;758,029;773,168;784,067;808,061;812,238;831,056;843,122;871,057;889,063;903,261;924,031;937,203;939,039;949,217;967,117;978,059;990,249;994,130;1012,026;1033,111;1034,157;1069,028;1083,249;1101,029;1107,116;1119,206;1136,072;1145,035;1147,181
150:0,015;8,082;76,075;82,202;259,054;288,106;308,060;313,211;354,068;392,254;435,075;448,181;457,075;485,046;506,114;510,075;530,057;543,225;603,044;622,154;718,050;729,271;758,029;777,172;1073,041;1101,029;1104,063;1118,132
151:0,016;23,138;25,126;29,186;37,083;44,056;50,268;60,184;66,083;81,146;120,169;128,143;162,086;174,062;175,185;181,058;193,033;219,250;248,189;258,253;260,047;266,036;269,055;271,056;284,036;302,197;303,040;319,058;335,086;341,051;358,043;367,067;368,261;380,131;390,045;395,257;400,043;404,245;445,063;451,071;455,054;498,104;510,072;542,152;544,053;552,107;574,145;576,188;591,212;596,030;603,115;618,042;642,121;644,165;680,031;687,075;708,078;722,051;727,221;735,152;764,060;780,088;795,266;799,203;817,211;819,088;835,085;842,181;854,051;855,135;859,159;866,180;898,190;928,226;949,104;964,062;971,115;993,113;997,056;1008,084;1009,048;1023,148;1042,143;1046,116;1057,125;1063,182;1071,217;1079,267;1086,049;1120,234;1132,047;1150,257;1153,164;1169,071;1173,058;1186,056;1188,105
152:0,016;6,052;29,206;74,065;83,046;91,124;259,052;271,056;287,186;305,040;331,046;337,035;341,051;367,067;369,036;370,184;464,058;491,111;493,041;510,072;546,036;596,030;607,056;614,213;618,042;639,222;674,026;695,065;702,257;783,044;795,266;877,030;922,088;1132,047;1153,164;1169,071;1183,082
153:0,016;6,052;37,083;172,026;181,164;202,067;240,155;251,053;271,056;297,154;303,040;331,046;337,035;341,051;360,118;367,067;369,036;378,143;383,066;394,144;476,058;493,041;510,072;545,238;594,047;603,115;609,036;618,042;644,252;680,031;694,258;752,204;790,034;803,216;1049,048;1073,112
154:0,016;6,052;27,070;39,129;44,056;54,090;74,065;91,124;154,116;157,067;160,274;174,062;175,049;186,142;202,067;225,189;259,052;273,206;284,036;297,154;298,061;313,106;331,046;335,064;340,035;360,118;367,067;380,131;414,199;431,099;445,063;451,071;463,206;464,058;484,098;488,160;490,065;506,211;510,072;512,264;558,211;580,203;611,130;618,042;642,170;644,252;680,031;687,053;703,144;717,168;721,239;723,170;727,169;732,136;751,217;755,161;761,064;764,060;769,272;780,251;783,044;802,177;819,142;831,057;844,085;854,051;894,200;922,088;932,073;945,078;986,028;993,244;1000,055;1012,170;1050,249;1060,084;1061,119;1065,196;1123,116
155:0,016;29,206;74,065;81,146;105,080;146,202;151,210;160,274;174,062;181,043;182,238;189,248;202,067;219,268;237,057;240,155;251,053;269,055;274,088;282,223;295,181;298,265;303,040;338,272;358,043;367,067;378,143;383,066;402,217;443,068;462,224;464,058;490,065;491,111;506,211;558,137;607,056;609,069;612,132;639,222;653,043;674,026;687,075;690,098;695,065;702,257;703,144;738,209;756,245;761,064;764,060;792,210;815,126;831,255;868,090;877,030;898,059;915,236;952,252;964,062;991,049;997,056;1009,098;1053,047;1057,125;1079,212;1082,040;1083,074;1086,049;1095,268;1099,114;1120,234;1142,076;1159,146;1169,071;1173,058;1188,105
156:0,016;6,052;33,205;181,058;186,142;277,116;331,046;337,035;341,051;367,067;369,036;396,127;400,043;423,054;445,063;455,054;490,065;493,041;510,072;545,238;594,047;607,056;614,165;674,026;690,233;722,051;748,116
157:0,016;31,113;70,060;99,227;154,203;174,144;176,149;197,076;202,067;227,160;251,053;259,188;271,056;274,088;285,118;287,186;303,040;315,059;320,081;331,046;335,064;337,035;356,219;358,043;367,067;376,195;400,043;409,148;433,203;445,063;446,235;451,071;455,054;484,098;508,083;520,039;522,146;525,171;593,151;600,116;607,056;609,036;624,040;629,033;635,194;653,043;674,026;687,075;689,036;690,233;696,121;698,156;772,116;783,044;798,244;854,051;864,040;866,180;946,136;964,062;976,051;987,065;1000,189;1014,044;1019,190;1029,098;1046,037;1049,048;1053,047;1058,122;1069,028;1073,112;1086,049;1143,189;1173,058;1184,099;1192,070
158:0,016;33,090;44,056;56,272;83,227;140,043;151,210;163,083;172,026;174,062;186,197;212,269;219,268;227,079;236,197;259,052;263,199;269,055;271,056;301,201;303,040;316,215;335,064;337,035;349,044;356,219;369,036;394,144;400,043;427,258;431,102;437,208;446,235;451,071;455,054;500,087;510,072;522,146;546,036;605,075;614,213;687,053;691,270;737,222;762,220;764,060;780,160;790,034;803,216;818,186;854,051;859,159;868,068;876,034;882,191;944,172;964,062;973,083;1014,044;1027,225;1036,170;1042,072;1046,037;1049,048;1053,047;1059,267;1073,093;1087,221;1132,047;1142,076;1154,074;1168,188
159:0,016;11,081;44,056;99,160;131,158;171,182;172,026;175,185;181,058;212,269;220,142;259,124;263,199;284,036;298,265;331,046;334,246;341,051;358,043;367,067;368,261;370,184;383,066;404,245;457,252;464,058;490,065;508,083;594,047;596,030;599,079;609,036;614,165;635,194;652,243;653,043;664,081;665,244;677,167;682,169;687,053;696,121;722,051;729,041;731,039;748,116;753,239;761,064;774,210;776,214;780,088;783,044;797,250;812,070;819,088;876,034;877,030;898,059;905,069;913,037;928,226;998,216;1009,094;1014,044;1042,143;1046,037;1049,048;1075,119;1168,115;1173,058;1184,123
160:0,016;12,087;44,056;74,187;83,190;126,144;172,026;174,062;190,154;234,205;246,160;251,053;269,055;271,056;290,224;303,040;316,215;331,046;335,064;337,035;360,066;374,147;383,066;395,257;400,043;429,031;437,208;490,065;498,104;506,028;510,099;546,036;593,061;594,047;596,030;606,077;607,056;609,036;629,176;642,121;653,043;674,026;679,255;687,053;695,065;697,173;716,169;718,121;722,051;732,125;750,208;761,064;764,060;790,034;797,250;846,237;867,078;876,034;898,190;910,091;1025,028;1033,217;1042,072;1055,247;1075,172;1121,167;1132,047;1148,192;1169,071;1173,058;1190,242
161:0,017;14,273;24,167;49,026;52,183;61,035;71,090;89,057;108,058;110,207;140,061;146,226;162,042;166,108;178,074;209,196;215,244;225,254;246,002;269,113;327,031;330,202;339,119;369,086;378,067;392,177;401,121;498,065;511,170;514,155;520,033;531,063;546,113;554,118;581,075;584,052;598,013;603,092;612,030;622,059;629,038;670,118;716,059;717,140;813,273;842,064;857,160;859,042;870,217;899,047;902,171;965,068;966,087;988,216;995,085;1023,194;1040,111;1083,074;1087,038;1088,102;1111,035;1113,033;1120,252;1146,195;1161,183
162:0,017;9,262;14,102;72,089;91,242;108,058;118,230;162,042;166,110;280,053;282,105;317,236;318,034;322,042;333,175;366,158;370,219;378,067;379,064;396,190;448,275;456,175;489,189;506,049;515,126;533,031;552,162;567,045;571,197;579,041;582,275;583,031;588,027;597,034;607,111;615,245;622,059;632,035;635,034;644,189;649,187;653,043;681,190;716,030;720,263;727,275;737,028;752,153;755,039;780,146;786,275;795,271;817,265;825,073;842,199;852,043;853,121;855,135;899,047;909,263;915,190;936,189;1009,028;1045,261;1072,060;1075,114;1093,270;1113,033;1120,094;1153,209;1198,031
163:0,017;9,262;83,032;102,169;140,061;176,165;177,257;185,071;213,217;229,174;246,002;287,199;318,034;321,069;337,080;365,057;382,068;388,240;445,092;450,052;456,175;506,049;507,159;535,141;536,261;552,110;581,075;582,275;584,052;588,027;597,034;608,045;611,175;612,030;623,149;629,038;632,035;633,150;641,066;655,156;711,135;731,049;733,091;736,197;737,028;741,199;853,121;854,042;858,048;866,232;886,192;899,047;905,269;910,255;958,096;965,068;970,101;992,227;1009,028;1040,111;1136,100;1140,231;1198,178
164:0,017;14,102;49,026;57,271;61,035;76,221;95,060;103,177;108,058;137,117;141,242;147,239;157,050;161,163;162,042;166,108;168,113;185,071;206,229;213,217;229,179;280,053;312,161;341,236;353,266;378,067;388,159;405,042;410,093;440,059;445,163;450,052;457,056;471,171;484,199;490,049;515,126;531,063;542,069;546,148;584,052;599,224;607,111;620,200;622,059;635,048;641,066;656,265;675,204;755,039;786,275;842,064;846,187;851,030;853,109;854,238;870,217;967,260;1053,073;1062,201;1079,150;1135,203;1145,269;1149,128;1173,061;1187,223
165:0,017;4,125;13,128;61,035;70,250;89,057;93,189;130,263;140,061;170,182;185,071;215,244;240,080;246,002;261,267;262,014;263,127;280,053;294,168;299,169;318,034;326,223;328,135;333,209;346,086;379,064;381,171;384,041;392,122;419,131;434,050;445,127;449,251;450,052;464,216;501,057;506,073;518,154;531,063;547,230;568,037;576,109;581,075;584,052;595,175;622,059;624,234;627,231;633,150;714,241;730,262;753,229;762,163;766,256;782,267;785,080;842,040;854,042;895,045;900,239;914,150;962,131;970,101;999,270;1005,177;1009,028;1018,106;1036,181;1037,151;1039,058;1051,085;1064,099;1067,026;1078,218;1082,118;1157,157;1173,061;1197,228
166:0,017;4,125;140,061;177,257;185,071;229,179;246,002;266,134;280,053;282,105;378,067;379,064;384,041;414,240;440,059;448,275;457,056;487,237;579,041;581,075;588,027;608,045;619,030;629,038;641,128;666,099;737,028;753,087;755,039;789,227;822,058;842,064;852,043;858,048;859,042;885,166;943,072;952,195
167:0,017;23,138;34,030;68,240;103,177;132,203;162,042;168,113;246,002;266,134;280,053;298,038;311,033;313,191;322,042;329,252;337,080;379,064;384,041;410,093;440,059;449,251;450,052;457,056;493,158;571,197;583,031;592,140;622,059;629,038;632,163;641,066;659,251;666,076;766,271;837,264;842,064;845,253;854,042;857,160;865,088;899,047;910,255;943,072;957,036;966,087;1031,048;1056,170;1067,026;1110,037;1111,035;1117,248;1130,054;1161,124;1173,061;1186,212
168:0,017;47,112;49,026;52,183;61,035;70,250;81,254;83,032;89,057;118,230;140,061;178,265;206,229;213,275;246,002;262,165;263,127;266,078;294,168;300,228;313,191;357,050;366,055;391,038;392,124;398,061;399,041;418,129;424,217;440,059;445,127;457,056;485,046;499,187;506,049;536,261;581,075;583,031;588,027;595,175;597,034;599,086;615,246;622,059;627,231;650,239;755,039;766,256;804,105;810,117;822,058;837,264;852,043;853,109;854,042;858,048;859,042;881,259;899,047;914,150;915,272;943,072;952,195;955,056;965,068;974,211;986,088;997,233;1026,149;1095,079;1111,035;1113,033;1127,257;1136,234;1153,082;1167,112;1173,061;1186,271
169:0,017;22,137;83,032;89,057;108,058;119,047;124,067;131,101;140,061;141,242;147,143;162,042;166,110;185,071;219,214;246,002;261,144;280,053;282,163;312,052;313,259;318,034;339,094;357,036;362,200;378,067;392,122;404,083;420,062;423,040;441,033;450,196;457,056;460,159;461,167;475,199;481,145;490,049;492,187;507,159;512,221;576,109;581,075;583,031;607,159;612,030;629,037;631,133;632,163;635,034;641,128;649,057;650,236;721,167;726,181;734,028;735,152;737,028;753,229;771,054;772,111;797,070;802,076;817,127;822,058;830,186;842,064;845,253;943,072;954,066;959,251;965,068;967,039;968,192;1009,028;1044,219;1045,261;1061,254;1075,114;1081,071;1107,145;1113,033;1117,139;1120,252
170:0,017;13,128;45,248;49,026;60,084;83,032;89,057;108,058;127,032;129,133;131,101;140,061;146,226;269,113;280,053;298,197;318,034;322,042;330,202;351,147;371,109;384,041;399,208;414,177;450,052;461,167;476,055;479,057;490,049;492,186;510,111;551,122;552,162;573,045;589,275;597,034;598,193;608,045;612,030;624,234;641,066;650,236;655,134;681,190;699,150;716,030;717,091;726,248;741,178;755,039;782,267;802,076;842,064;846,187;859,042;875,093;899,047;902,171;907,217;945,150;951,171;1038,262;1062,201;1067,026;1093,270;1114,221
171:0,018;10,257;12,046;45,040;93,066;191,146;201,069;235,067;250,066;262,014;296,069;341,060;345,038;377,274;691,041;698,043;703,081;800,064;838,039;844,164;1091,275
172:0,018;10,257;23,029;45,040;111,211;170,069;185,034;195,069;235,067;250,066;262,014;296,069;338,238;345,038;391,059;401,192;410,065;412,082;1192,026
173:0,018;12,228;45,040;93,066;192,205;195,069;235,067;250,066;262,014;303,095;314,074;341,060;345,038;378,217;391,059;401,147;498,058;517,157;634,251
174:0,018;28,138;119,034;122,191;149,233;170,069;186,185;195,069;214,127;262,014;296,069;313,063;314,074;345,225;385,107;391,059;396,196;463,064;474,187;475,052;512,076;519,251;520,119;543,033;552,034;562,134;579,041;594,032;596,238;624,182;634,071;640,101;700,048;701,172;755,036;769,051;782,222;797,211;825,073;839,118;855,041;880,268;883,229;886,137;899,028;957,157;969,144;973,066;978,059;990,171;999,136;1012,173;1016,207;1033,168;1035,148;1062,037;1067,026;1083,124;1095,133;1148,067;1158,113;1192,026;1196,031
175:0,018;12,046;45,040;93,066;195,069;235,067;250,066;262,014;296,069;341,060;345,038;377,274;769,051;800,064;825,073;844,164;860,208;1196,031
176:0,018;12,166;23,029;45,221;69,180;74,048;94,134;121,033;127,032;140,066;149,233;209,099;215,090;284,036;286,107;313,063;339,053;342,166;475,052;498,058;510,039;520,119;526,251;562,134;607,067;624,221;691,041;698,043;700,048;709,086;755,036;769,051;782,222;800,064;809,234;822,069;839,118;855,041;868,101;887,048;889,253;895,230;899,028;951,257;975,171;976,042;984,149;1036,096;1074,161;1089,149;1148,067;1153,113;1167,222;1182,085;1192,026;1196,031
177:0,018;10,226;11,130;23,029;36,188;47,097;121,033;134,260;235,067;252,198;262,014;309,217;313,063;314,074;335,059;365,162;391,059;396,127;408,211;410,065;412,082;459,239;463,064;464,147;475,052;495,164;505,171;510,270;549,232;685,192;688,029;691,041;697,146;700,048;708,040;728,168;741,140;744,130;755,036;781,117;800,064;817,231;825,269;828,069;853,271;855,041;865,261;877,082;886,120;899,028;959,055;963,080;971,254;1022,209;1031,242;1049,115;1133,038;1149,156;1193,109;1197,134
178:0,018;12,046;47,097;121,033;122,191;235,067;250,066;262,014;296,069;321,132;512,130;589,134;688,029;698,043;700,048;706,085
179:0,018;11,130;93,066;186,185;250,066;262,014;303,095;463,064;475,052;512,130
180:0,018;20,109;23,029;43,165;45,040;99,153;105,144;111,211;121,033;125,084;144,141;170,069;191,146;213,265;217,136;229,261;235,067;254,165;293,272;308,074;313,063;314,074;338,238;345,038;370,242;391,059;401,192;410,065;411,231;475,052;478,058;479,170;495,164;498,058;519,251;643,270;688,029;691,041;706,085;728,168;734,128;748,031;754,147;755,036;769,051;802,210;809,234;827,080;837,227;842,136;843,216;855,041;865,261;866,210;899,028;953,247;959,080;1077,121;1089,049;1117,240;1148,067;1177,270;1186,048;1192,026;1196,031;1197,134
181:0,019;11,039;37,173;61,249;103,056;116,200;149,029;170,215;255,157;267,096;278,042;290,032;332,117;334,057;355,199;357,037;373,163;413,126;434,050;447,029;451,100;463,027;469,061;502,046;513,272;530,136;536,069;553,271;604,087;609,061;623,228;656,064;663,145;683,124;705,275;706,067;718,172;733,072;747,241;759,223;776,237;787,075;804,202;925,036;930,201;932,059;941,265;971,114;1031,048;1038,049;1041,053;1065,252;1081,201;1091,224;1095,268;1096,047;1112,115;1116,044;1136,173
182:0,019;6,207;12,190;24,035;32,221;53,169;64,274;84,183;90,180;91,222;108,197;114,271;149,029;151,275;192,256;198,118;247,084;251,053;286,087;295,141;306,046;314,059;319,091;325,225;327,047;334,057;339,053;346,067;360,126;365,097;368,088;373,163;463,027;483,183;607,267;664,081;676,060;707,135;718,040;719,217;734,028;742,129;765,124;769,193;796,237;803,199;818,033;840,071;854,238;858,080;877,216;908,155;916,175;931,094;932,059;934,167;953,255;956,057;974,139;977,057;997,027;1003,165;1017,111;1038,049;1040,102;1062,244;1067,030;1068,123;1075,077;1094,111;1096,139;1103,048;1107,200;1120,073;1129,147;1163,135;1169,059;1177,270;1178,057
183:0,019;19,252;37,173;71,080;76,078;94,075;104,212;115,168;116,200;197,148;201,085;244,039;247,084;278,042;290,032;306,046;326,177;332,117;345,255;346,067;359,201;415,064;430,105;434,050;447,029;448,154;459,084;463,027;469,061;486,236;536,069;548,051;552,199;581,158;599,040;609,061;617,182;621,153;634,052;647,146;671,065;673,081;681,237;701,072;705,275;719,235;737,099;757,246;818,033;833,032;860,268;880,064;901,060;908,155;926,113;936,045;951,213;958,098;997,027;1020,211;1033,040;1036,065;1038,273;1041,053;1070,119;1085,133;1088,212;1093,267;1096,047;1098,064;1120,074;1125,065;1131,183;1136,173;1145,213;1149,057;1150,069;1163,135;1194,221
184:0,019;1,081;6,207;38,069;49,229;134,034;198,118;261,140;271,079;290,032;296,108;314,059;327,047;332,102;334,057;336,264;339,053;347,106;402,073;413,126;421,250;439,055;447,029;448,255;469,061;490,030;498,239;536,069;541,243;555,213;558,254;567,237;599,040;609,061;622,145;678,060;682,232;706,067;721,046;733,072;735,204;749,134;787,075;799,255;833,032;840,146;845,147;857,102;869,223;901,060;914,141;977,057;1009,167;1020,027;1038,273;1049,077;1067,030;1085,261;1094,059;1096,047;1103,172;1105,262;1185,228
185:0,019;1,132;60,220;76,262;91,129;103,056;116,233;149,029;151,275;155,109;202,200;237,105;279,051;292,175;306,046;315,141;339,053;348,073;355,087;357,037;373,195;381,225;415,064;433,152;434,050;458,101;459,107;463,027;480,097;486,236;502,198;521,094;536,069;552,199;605,047;606,244;612,238;683,155;721,046;745,250;750,138;752,167;760,086;773,128;804,202;905,185;936,045;940,177;964,262;1003,165;1031,048;1040,102;1067,030;1068,123;1087,201;1129,147;1162,034;1185,088
186:0,019;16,119;23,249;85,159;94,075;107,035;131,158;138,096;141,070;149,029;167,165;169,117;172,223;182,254;270,057;271,079;278,042;290,032;312,234;322,052;327,047;341,048;351,136;355,199;357,037;380,261;381,185;423,054;425,155;436,134;483,183;510,253;535,170;549,185;550,127;559,145;633,228;634,052;654,235;690,039;695,065;696,221;733,072;743,191;748,259;778,167;783,184;787,075;794,132;818,033;845,114;872,146;873,153;879,231;901,060;914,108;916,205;925,036;940,085;944,237;977,057;997,027;1016,209;1033,040;1036,065;1038,049;1042,197;1058,214;1063,102;1094,059;1103,048;1113,090;1125,065;1135,168;1150,069;1160,237;1178,057;1185,088;1186,048;1189,224
187:0,019;1,132;49,229;92,257;94,075;104,212;107,035;108,197;124,229;171,200;219,061;233,034;246,002;261,140;303,136;314,059;331,143;359,201;371,065;385,258;404,100;405,043;415,064;435,219;446,239;447,229;463,027;479,052;480,261;503,185;513,272;546,227;557,142;560,140;608,254;649,184;654,213;662,103;672,059;674,241;696,221;706,067;721,046;733,072;747,241;787,075;808,249;827,251;833,032;845,114;903,048;905,185;925,036;934,167;953,265;978,230;987,111;1031,048;1042,197;1053,081;1065,252;1067,030;1079,046;1086,094;1094,216;1096,047;1097,195;1103,048;1112,159;1135,168;1138,262;1140,144;1150,069;1160,237;1186,048;1198,216
188:0,019;53,078;81,114;94,075;103,056;113,160;157,177;159,085;161,091;170,215;276,084;306,046;314,059;327,047;334,057;342,232;346,067;352,050;360,126;371,065;383,066;385,259;415,064;462,265;463,027;469,061;488,224;556,087;603,044;604,178;605,047;607,267;609,061;617,182;635,048;651,053;661,037;681,237;706,067;725,127;734,028;739,131;794,132;833,032;852,175;866,248;869,143;882,125;932,059;940,177;977,057;997,027;1020,211;1039,164;1067,030;1081,275;1095,204;1103,048;1104,102;1111,035;1112,159;1120,127;1122,119;1125,065;1140,144;1150,069;1162,034;1184,170
189:0,019;12,190;86,166;90,058;114,271;208,141;246,179;259,188;265,173;270,213;278,042;289,272;290,032;296,108;306,046;318,085;357,037;365,097;371,065;388,204;392,101;403,131;434,050;454,122;464,187;469,061;479,185;498,239;531,270;592,063;597,116;599,040;605,047;608,224;611,122;634,052;641,272;667,212;733,072;750,138;767,045;771,241;833,032;856,116;860,268;888,254;901,060;905,087;919,271;925,036;928,061;944,180;974,139;997,027;1005,177;1033,040;1034,219;1039,100;1041,053;1049,077;1081,275;1087,051;1096,139;1125,065;1145,213;1173,246;1178,163;1186,048;1193,069;1198,216
190:0,019;1,081;19,230;32,221;44,073;47,232;51,040;64,274;149,029;155,109;234,212;238,049;255,157;322,042;332,102;346,067;368,088;434,050;456,072;461,145;463,027;485,206;486,265;495,045;502,269;527,141;585,148;605,047;606,073;621,153;634,052;642,036;653,099;654,235;725,066;729,187;734,028;749,134;816,082;833,032;860,168;874,125;915,192;918,079;925,036;926,113;932,059;937,264;1003,207;1011,099;1013,234;1020,271;1027,093;1031,270;1038,049;1041,053;1058,229;1154,074;1162,034;1169,071;1173,246;1178,057;1184,170;1192,122;1195,187
191:0,020;14,232;33,071;57,089;71,048;103,056;104,133;124,067;140,250;153,054;164,203;166,141;211,057;219,230;238,065;276,198;284,033;292,175;321,009;327,045;338,136;344,125;370,074;388,250;396,129;411,046;423,054;424,030;431,263;441,179;456,072;458,215;460,042;467,067;491,157;493,230;498,219;506,215;508,128;531,075;544,164;548,051;554,064;557,081;563,033;565,224;566,172;568,069;575,214;582,029;588,068;599,117;613,066;617,155;650,041;666,029;670,169;679,239;682,223;735,063;771,227;778,192;783,210;787,185;797,120;817,193;887,048;922,090;928,061;940,158;979,063;1031,079;1049,181;1074,174;1083,074;1100,148;1106,118;1117,066;1118,148;1145,062;1158,261;1178,042
192:0,020;7,249;19,074;62,104;71,048;94,134;99,183;120,170;122,035;128,126;139,172;150,057;173,192;193,033;210,254;211,057;220,056;236,247;268,071;282,223;284,033;296,114;300,079;358,043;359,077;387,040;392,249;399,208;417,242;418,038;424,030;429,241;456,072;457,040;458,236;465,231;467,067;477,072;490,141;532,227;567,105;572,043;576,165;582,029;588,068;602,174;613,066;623,117;644,124;661,173;665,044;666,073;676,060;691,195;697,061;701,127;743,026;748,088;761,047;772,245;843,110;890,205;902,194;906,182;914,055;916,118;928,061;932,149;942,116;963,061;979,182;1073,201;1079,046;1091,222;1145,062;1155,157;1163,231;1178,042;1184,099
193:0,020;12,252;33,071;34,230;55,027;75,183;80,054;109,073;134,220;172,066;178,044;180,232;222,265;238,065;267,100;284,033;296,114;301,238;321,009;341,060;343,095;369,101;411,046;423,054;429,241;432,255;457,040;458,236;460,042;467,067;470,258;493,073;505,164;531,063;540,254;548,051;565,268;572,043;582,076;589,246;598,065;604,061;605,135;650,041;661,037;665,044;666,073;667,255;673,068;675,082;681,221;691,195;697,061;716,030;723,108;730,272;735,063;754,105;761,047;794,273;803,097;939,039;944,104;967,039;974,164;979,063;1036,108;1139,249;1145,062;1159,080
194:0,020;32,070;41,148;43,207;70,060;80,054;101,223;102,079;110,223;122,035;137,229;141,265;148,091;178,160;180,232;211,057;229,123;232,192;238,065;241,117;321,009;334,214;340,117;361,068;369,101;387,040;407,026;411,139;412,044;423,129;438,055;448,246;454,224;456,072;457,040;460,042;464,216;476,166;480,259;486,026;490,141;527,034;542,049;543,122;563,033;576,165;582,029;588,206;598,065;602,139;607,056;608,254;614,227;634,241;650,041;671,188;697,061;720,254;729,061;737,027;748,094;761,047;779,029;787,068;799,063;817,193;836,208;844,260;872,116;887,048;893,136;914,055;928,061;949,124;957,268;963,061;969,207;979,063;1039,186;1089,202;1095,095;1132,165;1145,062;1146,123;1171,194;1175,227
195:0,020;16,086;19,074;39,129;55,061;71,048;104,133;112,143;131,092;150,057;186,197;193,033;199,157;201,053;211,057;220,056;236,247;268,071;300,079;323,113;327,045;358,175;387,040;406,257;413,248;418,038;424,030;432,255;439,068;441,179;456,072;457,040;460,042;467,067;475,129;493,073;527,034;540,254;560,250;565,224;567,193;572,043;581,189;588,068;589,246;661,037;665,166;666,073;682,223;701,127;706,181;714,124;717,131;735,063;753,215;759,190;883,186;887,048;914,055;932,149;963,061;967,170;990,202;1011,135;1026,154;1049,030;1076,244;1092,118;1094,059;1095,095;1111,269;1165,136;1171,190;1177,124;1178,042;1200,215
196:0,020;19,074;33,071;43,207;55,027;79,127;80,054;112,143;122,035;124,067;127,141;150,057;178,160;193,033;205,251;211,057;219,230;238,065;268,071;284,033;301,238;321,009;327,045;344,125;414,027;418,038;444,088;493,073;543,122;548,051;563,033;565,268;588,068;602,139;666,073;668,186;697,061;717,131;754,105;799,245;887,048;927,235
197:0,020;12,252;19,074;33,071;41,148;199,157;220,056;238,065;268,071;284,033;321,009;327,045;358,260;361,043;376,097;387,040;411,046;418,038;447,176;457,040;460,042;486,026;493,073;539,185;563,033;564,158;582,029;598,065;605,135;613,066;627,050;650,041;661,037;668,186;761,047;787,068;796,259;963,061;979,063;1039,186
198:0,020;24,271;70,060;80,054;113,201;122,035;127,141;140,250;151,084;166,244;168,227;193,033;195,081;198,192;203,083;221,213;229,123;269,158;277,206;284,033;299,117;321,009;323,218;327,045;329,258;348,106;359,077;371,038;376,097;385,112;411,046;418,038;424,030;456,072;457,040;458,111;460,042;476,166;493,073;532,227;539,185;544,164;554,064;557,081;563,033;567,212;604,070;608,110;616,114;629,038;645,098;661,239;665,044;674,203;705,189;714,049;717,166;723,108;743,173;748,094;787,068;803,097;819,190;833,173;837,055;839,229;914,055;927,235;940,158;953,149;990,057;1031,079;1083,074;1086,113;1105,176;1107,059;1131,227;1150,154;1178,042;1185,127
199:0,020;17,045;26,117;55,027;70,060;79,127;121,189;150,057;151,084;205,166;209,196;220,056;232,192;238,065;243,111;268,071;322,103;325,071;329,258;424,030;428,039;447,176;456,072;457,040;458,215;461,145;481,117;486,026;493,230;515,054;516,201;554,064;567,212;582,029;593,202;598,065;613,066;617,155;624,106;627,050;647,116;661,037;665,044;666,073;671,177;716,160;731,190;787,068;797,120;803,178;806,101;826,130;843,113;860,255;871,193;912,120;914,055;923,174;937,053;944,104;949,124;963,061;984,268;1079,046;1092,271;1101,027;1133,082;1145,051;1150,154;1178,042;1192,034
200:0,020;36,176;55,027;71,048;103,178;128,126;150,057;166,244;188,259;195,081;264,036;267,100;302,121;321,009;322,231;325,122;354,068;355,057;358,260;403,105;406,257;414,027;418,038;444,088;475,129;486,026;488,125;496,027;508,128;548,135;554,064;567,105;570,082;572,043;588,206;598,065;602,174;613,066;614,227;642,254;647,116;661,037;665,044;679,071;706,076;707,128;735,063;743,173;748,088;761,047;787,185;839,137;854,098;877,230;887,048;914,055;922,090;966,026;968,271;1036,065;1051,125;1053,214;1058,154;1079,046;1090,079;1095,232;1097,231;1100,148;1128,108;1159,080;1166,220;1169,060;1171,196;1190,245
