001:0,001;29,090;30,180;45,218;46,063;67,069;70,221;77,034;83,078;88,089;96,062;98,263;147,154;161,059;171,113;204,266;206,038;216,075;257,157;260,041;271,050;288,037;300,113;305,074;333,050;335,187;346,055;360,218;363,101;380,064;398,057;412,257;416,041;424,136;457,214;487,072;531,152;540,061;557,147;563,032;569,177;599,040;620,185;671,210;675,175;676,124;687,079;734,041;755,194;770,066;781,068;782,078;808,254;824,062;829,273;835,074;841,071;861,090;929,173;937,253;943,209;1022,079;1026,179;1048,040;1067,027;1081,132;1123,043;1147,223;1199,124
002:0,001;44,051;46,063;55,071;60,130;96,062;124,266;206,038;226,150;271,050;299,139;360,067;380,064;399,088;416,041;432,166;639,038;640,264;847,038;884,268
003:0,001;44,051;45,218;260,041;290,254;487,072;519,081;540,061;560,044;584,035;604,039;656,073;670,070;713,116;884,036;902,184;1073,035;1086,270
004:0,001;24,221;47,047;62,119;64,104;73,062;76,220;96,062;128,040;132,204;138,033;146,187;161,059;174,068;206,038;210,122;223,039;224,217;260,041;269,093;290,254;292,036;300,113;305,074;326,165;330,059;335,260;346,055;357,133;360,067;375,163;379,111;380,064;385,080;390,247;391,170;397,096;416,041;419,229;487,072;513,086;535,051;555,145;556,059;558,209;579,196;584,035;591,116;598,133;601,247;604,039;648,257;667,035;674,075;676,124;687,191;737,171;741,207;744,065;755,074;797,042;802,113;803,226;813,260;835,074;838,243;847,038;884,036;898,039;901,053;923,258;1020,026;1031,218;1045,224;1048,040;1069,186;1081,132;1088,196;1136,150;1143,097;1184,137;1195,077
005:0,001;38,135;47,047;55,071;56,254;174,068;213,240;305,074;324,072;330,059;341,189;755,074;803,226;841,071;847,038;901,053;1032,177
006:0,001;38,135;73,062;88,089;98,062;124,114;257,157;346,055;360,067;380,064;399,088;487,072;518,183;604,039;639,038;640,264;734,041;755,074;807,102;824,062;835,074;847,038;884,036;902,184
007:0,001;43,087;46,063;47,047;55,071;60,130;206,038;224,217;487,072;509,055;518,183;560,044;572,175;670,070;717,094;770,066;789,105;797,042;810,191;881,116;923,054;942,191;1048,040;1073,035;1086,091
008:0,001;36,063;43,087;161,059;174,068;213,240;260,041;271,050;299,139;324,072;330,059;341,189;380,064;404,192;584,035;604,039;639,038;648,257;656,073;670,070;717,094
009:0,001;44,051;47,047;55,071;56,254;174,068;226,150;305,074;324,072;330,059;343,180;387,075;397,096;540,061;560,044;579,196;712,153;741,246;770,066;797,042;810,191
010:0,001;10,119;31,128;46,063;64,104;73,062;88,206;124,266;132,204;146,187;161,059;174,142;184,259;199,250;206,038;222,095;260,041;271,050;312,126;324,072;329,200;330,059;343,180;360,067;385,080;387,075;391,170;493,082;504,230;518,098;519,081;540,061;558,209;584,035;602,041;615,104;635,147;639,038;642,168;670,070;705,246;755,074;797,042;816,272;824,062;826,232;829,220;835,074;841,071;864,204;869,083;923,054;940,260;1013,139;1026,202;1032,177;1067,027;1073,035;1086,091;1127,107;1172,125;1174,103
011:0,002;7,086;12,075;41,264;47,030;63,193;71,258;106,026;109,226;142,070;144,092;150,066;153,087;190,027;192,036;195,108;196,211;201,089;245,239;254,174;277,188;284,047;296,199;298,182;318,223;337,237;339,048;343,178;358,051;360,247;383,256;412,030;414,151;423,062;451,215;487,064;509,219;581,249;589,051;620,154;677,225;681,171;729,061;730,080;735,113;739,162;742,206;763,044;798,122;807,056;846,044;848,183;879,055;898,163;913,037;924,133;929,081;955,259;962,040;970,164;972,190;974,182;986,026;990,027;1004,190;1090,037;1109,227;1139,058;1141,030;1170,227;1181,046;1183,162;1200,056
012:0,002;5,079;12,075;45,269;72,101;89,057;90,094;96,030;150,207;165,232;175,209;186,124;201,064;209,188;217,153;225,059;231,190;339,048;351,125;365,074;382,072;384,186;390,267;412,069;419,266;437,113;446,216;475,247;507,265;508,026;524,264;557,071;568,234;576,067;589,162;664,073;665,170;688,028;701,194;729,061;731,032;763,044;808,121;822,047;833,112;843,073;858,220;883,060;885,100;917,241;962,040;978,269;986,026;990,027;998,090;1037,075;1046,274;1062,053;1066,101;1137,073;1164,267;1176,225;1181,040;1186,244
013:0,002;12,075;16,046;29,091;43,065;51,213;96,030;106,118;284,047;300,063;342,162;602,041;608,248;655,162;859,042;910,051;924,133;930,063;978,269;986,026;995,222;1037,062;1046,058;1062,053;1066,101;1082,038;1090,037;1130,066;1135,208
014:0,002;22,128;41,207;43,065;51,213;79,034;96,052;106,118;109,226;111,097;122,275;142,070;150,066;178,064;183,180;190,027;192,036;197,101;201,064;217,153;225,059;242,262;264,246;270,061;292,048;298,182;333,105;334,118;339,048;342,162;348,115;365,074;375,134;378,121;381,046;386,173;406,162;412,030;423,062;442,075;475,247;484,065;487,064;496,070;499,251;509,055;530,078;531,125;547,130;576,067;588,091;668,062;670,194;688,028;689,211;692,202;780,228;795,238;807,056;827,066;833,266;843,073;849,168;852,181;886,244;896,201;930,063;978,250;985,108;990,027;1006,155;1040,125;1043,171;1086,079;1090,037;1104,226;1130,066;1132,049;1137,073;1158,125;1181,046;1190,092;1196,213
015:0,002;7,086;12,075;29,091;31,068;33,206;61,178;63,193;91,095;173,244;225,059;229,105;284,047;300,063;337,155;339,048;366,150;374,229;381,046;383,256;390,073;405,262;423,062;426,171;468,200;487,144;509,055;517,125;524,169;536,096;548,105;554,178;564,187;576,067;591,233;597,048;599,140;632,221;680,077;686,027;702,177;709,172;729,061;731,032;763,102;778,085;822,047;830,180;833,266;843,073;858,268;864,238;879,055;896,201;911,121;913,037;930,063;977,239;981,166;986,026;990,027;1003,273;1037,062;1043,171;1059,162;1060,191;1061,057;1062,053;1081,240;1105,069;1106,239;1113,094;1130,066;1132,049;1133,152;1134,096;1137,134;1139,058;1141,030;1153,238;1190,274;1197,087
016:0,002;5,181;26,255;28,217;43,065;80,220;83,261;89,057;122,275;174,229;179,056;201,089;225,059;231,162;264,274;284,047;292,032;318,223;337,155;351,125;360,247;386,173;412,030;423,062;437,113;457,041;468,200;493,068;504,037;505,171;508,026;509,184;571,081;576,067;594,214;599,140;670,194;688,028;689,211;702,177;722,199;723,090;731,032;755,219;763,044;804,104;807,056;809,100;812,222;855,139;859,042;877,112;885,100;910,051;913,037;965,055;979,042;981,166;1001,266;1019,122;1037,075;1055,112;1092,026;1096,275;1117,256;1122,144;1155,205;1181,059;1199,048
017:0,002;10,179;31,068;43,065;56,249;96,030;141,056;143,212;201,064;209,188;365,074;378,121;381,046;390,267;487,064;497,158;508,026;524,264;570,130;763,044;804,104;879,055;910,051;930,063;979,042;986,026;998,090;1092,026;1099,261;1132,049;1137,073;1159,146
018:0,002;21,175;23,008;33,206;89,057;104,061;115,271;128,168;135,075;141,056;142,070;143,212;150,066;177,263;190,027;192,036;199,105;225,059;229,145;231,162;280,077;284,047;300,063;334,118;340,047;348,218;412,030;414,161;427,140;448,177;474,185;483,161;484,065;487,144;497,241;502,084;508,026;516,270;535,106;540,192;543,051;575,206;577,145;656,227;720,037;756,129;820,213;822,047;830,180;843,073;852,181;859,042;879,055;893,266;908,129;913,037;930,063;955,259;962,040;975,151;980,036;1001,266;1036,042;1042,216;1046,108;1090,037;1096,275;1130,066;1132,049;1139,143;1141,030;1159,146;1179,140;1182,243;1183,162
019:0,002;5,079;16,046;44,160;78,142;80,042;94,122;96,030;111,097;138,200;141,056;142,070;149,192;150,066;173,244;177,263;190,027;192,036;196,211;201,064;231,073;252,039;254,174;277,036;322,202;335,188;339,048;340,085;343,178;348,218;354,102;412,030;419,266;482,243;484,065;485,095;497,158;499,188;508,026;509,184;516,056;532,177;536,265;662,106;688,028;692,202;729,061;733,272;765,194;787,267;796,253;798,122;807,056;815,174;837,046;843,073;855,259;859,042;879,055;887,231;910,051;925,220;934,036;946,253;962,040;974,182;1046,058;1051,145;1055,112;1061,057;1081,240;1091,226;1099,261;1118,223;1122,051;1123,164;1139,058;1141,030;1155,205;1181,046;1186,207
020:0,002;10,179;12,075;16,046;28,217;43,065;56,249;89,057;94,106;192,036;195,108;300,063;339,048;348,115;412,030;414,161;484,065;485,095;913,037;962,040;979,042;986,026;1006,253;1037,075;1046,058;1082,038;1091,226
021:0,003;11,175;22,045;39,244;42,128;82,135;85,141;87,268;116,031;133,103;138,030;141,056;152,217;155,058;167,090;214,040;217,045;230,180;247,229;269,088;281,098;287,043;326,124;327,233;376,027;392,073;395,140;418,209;424,260;461,140;490,027;495,028;517,052;542,231;577,262;594,072;596,048;601,031;606,087;616,062;617,170;634,069;644,062;647,216;649,060;650,148;653,082;674,150;688,255;691,042;732,239;776,123;814,110;816,236;830,088;841,032;853,137;865,013;882,193;922,103;934,168;939,197;968,061;994,273;996,052;997,252;1001,200;1007,094;1009,026;1052,070;1059,237;1061,057;1067,027;1078,224;1129,069;1140,120;1146,043;1152,098
022:0,003;18,165;36,032;44,072;50,120;54,064;82,135;120,092;134,071;138,030;140,250;145,066;152,259;207,065;214,047;217,045;225,196;230,101;232,057;236,079;246,064;247,198;320,075;327,164;339,035;416,239;431,027;434,204;460,049;466,198;469,041;479,122;482,242;489,071;493,241;508,067;520,178;557,103;563,185;591,031;594,072;596,048;606,272;625,058;636,064;642,214;647,105;655,065;662,039;675,097;726,108;734,139;739,070;755,184;799,038;823,102;865,013;882,253;915,123;932,198;945,237;955,067;968,061;992,266;996,052;1009,244;1065,029;1069,064;1070,052;1087,188;1122,043;1136,196;1149,143
023:0,003;10,238;13,064;15,246;18,165;71,108;116,031;132,114;140,274;149,250;152,259;153,267;155,058;165,149;173,064;194,103;196,258;207,065;214,040;228,086;246,088;278,074;291,215;297,058;306,177;319,089;320,075;327,233;359,167;366,232;384,030;407,126;416,029;432,166;434,204;460,049;469,041;476,112;489,071;490,027;496,070;501,111;514,254;548,092;551,149;558,032;581,146;596,048;623,143;625,058;636,064;646,051;649,060;668,084;705,099;793,141;799,038;828,249;842,090;865,013;889,051;890,183;898,048;900,252;964,268;965,155;968,061;973,026;982,251;1001,044;1006,068;1009,026;1059,237;1078,224;1122,043;1149,143;1151,093;1152,120
024:0,003;13,064;40,226;71,038;77,123;111,052;112,181;156,067;193,074;207,065;214,047;221,254;246,064;248,036;281,098;364,160;371,034;384,030;425,035;460,049;479,122;482,068;503,146;558,032;606,087;616,062;625,058;636,064;649,060;675,097;821,037;844,144;898,048;914,078;996,052;997,252;1129,069;1140,120
025:0,003;13,064;22,045;36,032;45,272;54,064;71,108;111,052;116,031;138,030;145,066;156,067;193,074;207,065;214,040;246,064;248,036;278,074;287,043;303,241;320,075;339,035;371,034;384,030;425,035;476,112;489,071;495,028;504,119;530,064;548,092;691,042;743,050;754,141;865,013;882,193;1009,026;1065,029;1075,095;1088,027;1099,267
026:0,003;16,065;27,071;33,063;40,226;45,272;54,064;73,263;78,026;85,141;116,031;127,248;138,030;141,090;145,066;153,267;159,226;184,186;194,035;196,258;207,065;214,047;217,045;222,219;235,093;248,036;276,146;278,074;280,224;303,241;320,075;336,052;354,133;355,224;364,194;371,034;379,143;381,069;401,078;425,035;429,127;469,041;470,104;494,068;495,028;508,067;525,238;530,064;542,231;558,032;583,113;594,072;604,039;606,153;616,062;626,160;636,064;646,051;653,082;662,208;668,084;681,104;688,141;691,042;692,083;743,050;747,216;754,132;760,144;788,129;789,105;841,032;856,273;898,048;912,155;982,251;983,115;996,052;998,038;1002,229;1029,060;1054,230;1075,095;1117,164;1122,043;1152,270;1182,098
027:0,003;8,112;11,175;20,170;36,032;47,252;49,069;66,199;73,263;77,123;111,052;112,181;156,067;169,068;175,076;181,026;185,101;187,175;214,047;220,202;222,219;247,198;248,036;278,074;289,221;294,230;320,075;338,265;339,035;355,224;376,027;378,225;380,090;405,262;410,048;415,034;424,260;429,127;460,049;461,140;486,210;489,071;490,027;504,119;514,195;532,223;547,268;617,170;623,031;642,214;650,148;679,069;685,216;691,042;738,191;740,218;746,204;763,124;799,038;811,253;821,037;841,032;844,144;865,013;878,185;882,253;941,110;1035,059;1051,071;1066,134;1130,173;1141,199;1159,144;1162,141;1192,233
028:0,003;32,152;38,052;39,244;90,083;138,030;145,066;150,119;155,058;156,067;187,175;214,040;223,195;246,064;275,040;278,219;306,177;320,075;322,126;357,131;363,254;370,097;384,030;451,247;457,209;460,049;461,094;482,068;496,070;508,067;520,202;530,064;563,185;596,048;609,137;611,263;616,062;623,067;625,058;642,168;646,051;664,206;691,042;740,218;799,038;830,088;837,134;841,032;855,199;865,013;886,095;912,155;926,173;955,067;968,061;983,222;990,033;995,165;1002,229;1007,111;1044,144;1063,210;1067,063;1075,230;1088,027;1092,103;1122,043;1161,139;1175,216;1180,239;1192,242
029:0,003;1,010;10,238;36,032;38,234;53,271;54,064;55,047;64,110;69,090;71,038;86,255;193,074;206,174;221,036;224,272;246,064;252,051;268,094;278,074;282,270;412,257;425,035;474,223;482,068;495,028;508,067;515,148;530,064;535,237;558,032;573,056;577,090;583,264;606,272;625,058;626,160;646,051;664,168;671,152;691,042;705,099;743,050;754,141;775,200;805,113;811,241;821,037;841,032;845,120;853,095;858,134;865,013;876,066;905,049;919,149;939,125;955,067;968,061;973,232;979,074;987,215;1018,272;1035,182;1042,244;1056,088;1066,134;1082,166;1088,027;1093,156;1111,267;1161,139;1184,181
030:0,003;12,100;13,064;22,045;31,085;32,152;71,038;80,176;111,052;141,030;153,104;155,058;156,067;166,158;172,078;175,076;202,139;204,178;206,174;214,047;217,045;238,262;242,118;246,064;247,229;287,043;300,090;323,122;339,035;359,258;376,027;380,090;391,225;401,078;425,035;451,247;460,049;469,163;489,071;490,027;501,111;527,254;646,051;658,165;680,064;681,104;747,216;811,056;821,037;841,032;849,078;865,013;887,093;888,110;898,048;911,196;921,230;943,253;955,067;968,061;973,268;977,228;1006,206;1009,026;1068,144;1076,237;1114,221;1129,069;1144,096;1166,140
031:0,004;22,045;31,265;199,124;220,069;251,224;274,145;302,169;309,127;359,037;365,248;463,251;487,183;514,239;518,234;522,036;528,073;541,085;577,121;630,043;633,034;695,113;702,036;729,193;733,101;738,222;742,143;751,037;766,269;774,040;788,096;822,127;847,042;855,234;858,263;862,054;871,272;877,221;879,123;891,102;903,239;907,045;911,075;935,114;957,244;1023,066;1024,254;1072,030;1082,038;1090,045;1097,055;1104,242;1165,187
032:0,004;10,119;51,063;55,232;86,029;97,189;101,153;117,135;179,035;186,271;207,149;219,214;257,205;264,152;272,029;302,037;315,272;386,056;387,259;419,073;428,028;429,137;486,141;509,055;513,059;537,116;597,160;607,064;630,055;638,206;646,130;665,079;682,272;690,223;702,036;703,267;717,171;761,059;762,043;763,100;770,059;791,220;795,069;800,119;801,064;808,031;811,141;821,249;824,097;844,072;858,263;918,115;1000,182;1001,063;1002,253;1004,046;1016,076;1041,039;1045,164;1093,066;1094,050;1095,135;1108,175;1118,040;1132,215;1145,094;1152,027;1159,081;1171,115;1194,177
033:0,004;5,172;30,083;71,187;103,264;115,144;132,035;151,177;160,212;164,177;179,035;217,047;227,158;262,149;272,029;277,099;287,244;337,041;341,174;391,248;416,196;420,028;443,106;503,226;522,036;528,073;537,116;568,242;584,047;588,158;602,050;612,261;630,043;633,034;649,273;680,162;684,082;688,122;690,074;703,267;734,106;741,070;754,216;755,270;762,043;766,128;774,040;798,167;822,238;826,190;829,042;843,140;847,042;858,102;862,054;868,169;881,199;895,114;903,167;907,045;915,103;917,094;920,262;928,111;933,040;946,160;957,089;959,194;984,073;1001,063;1004,046;1013,127;1093,066;1108,175;1118,086;1127,067;1134,223;1155,054;1163,088;1168,069;1181,099;1191,179
034:0,004;18,156;32,268;69,230;83,264;112,185;115,194;151,177;220,069;243,155;246,185;280,096;282,099;287,225;288,056;302,169;415,068;419,073;436,156;476,039;492,148;497,202;513,059;515,130;554,091;576,154;589,143;599,040;607,064;633,122;635,037;649,273;665,175;690,074;699,176;702,036;727,271;733,061;739,079;744,264;751,091;753,131;763,100;766,128;774,040;790,230;798,167;803,243;815,163;816,167;847,042;863,211;874,203;907,045;918,115;946,160;967,266;976,036;995,092;1021,085;1093,066;1108,173;1130,066;1132,262;1174,124
035:0,004;23,205;28,148;31,265;44,072;56,176;86,029;87,139;143,222;151,092;171,125;179,035;246,185;268,155;272,029;295,147;302,037;309,127;394,202;404,275;415,068;419,073;420,028;450,223;476,039;485,159;513,059;524,212;548,140;584,047;597,160;603,119;607,240;636,201;661,125;668,260;676,254;731,091;784,190;795,069;801,064;810,268;815,202;842,257;854,102;855,158;863,211;911,075;920,262;933,040;959,108;979,213;985,246;1023,066;1065,171;1093,066;1101,061;1114,179;1124,055;1127,067;1132,215;1155,054;1163,088;1168,069;1186,107
036:0,004;3,239;24,055;30,083;95,185;181,214;272,029;293,183;318,068;329,235;335,176;361,272;386,056;388,104;419,073;420,028;442,075;444,193;502,037;507,206;576,067;577,121;599,040;605,266;633,034;690,223;702,036;721,082;727,254;751,037;758,228;761,179;762,043;772,164;774,040;779,209;795,069;800,119;801,064;808,031;822,238;907,045;911,075;935,114;944,221;969,193;977,258;984,073;991,194;995,092;1081,228;1101,061;1103,110;1117,238;1123,088;1127,067;1151,228;1155,054;1171,115
037:0,004;18,064;28,148;43,094;86,029;89,179;127,230;156,175;161,190;179,035;203,037;220,069;243,155;272,029;293,183;318,085;386,056;387,259;419,073;434,149;440,192;452,234;476,039;514,239;522,036;525,268;538,271;541,085;618,219;633,034;690,074;692,031;693,184;698,200;727,271;743,141;751,037;762,149;795,069;796,254;850,097;862,054;873,048;874,203;907,045;911,075;926,196;933,040;948,046;959,194;984,073;1009,203;1033,173;1034,133;1046,233;1053,267;1073,035;1081,180;1155,054;1174,124;1179,184
038:0,004;4,222;149,039;166,191;179,035;181,214;203,037;207,149;272,029;274,145;302,037;309,242;341,174;420,046;427,175;430,231;456,131;513,059;555,162;571,262;584,047;601,089;633,034;698,200;702,036;722,274;723,252;733,061;742,143;751,037;758,156;770,059;774,040;790,230;795,069;802,249;806,257;808,031;834,178;844,062;847,042;848,134;854,156;862,054;883,265;891,248;898,207;919,037;957,157;961,135;984,073;1001,063;1004,046;1016,076;1096,075;1097,055;1101,061;1106,166;1120,160;1146,075;1165,187;1173,166;1177,149;1181,099
039:0,004;34,266;36,148;73,121;82,204;87,139;174,083;179,035;203,037;220,069;243,218;246,081;261,043;271,034;275,273;285,041;287,244;309,242;358,160;363,178;386,056;388,104;419,073;443,140;444,193;471,137;485,159;507,206;513,059;518,234;524,212;584,047;588,158;598,146;607,064;630,170;633,034;676,254;695,113;730,267;733,061;735,068;766,111;770,059;774,040;795,097;801,064;806,257;841,174;847,042;860,227;862,054;877,221;899,129;907,045;911,075;933,040;950,180;966,040;967,266;976,036;991,194;1004,046;1019,137;1024,254;1054,144;1072,209;1075,177;1093,066;1101,061;1109,090;1155,054;1156,188;1168,069;1195,237
040:0,004;35,203;55,232;86,029;100,180;113,154;179,035;203,037;211,088;251,224;272,029;302,037;335,176;339,084;362,255;368,065;374,167;396,095;406,195;415,068;419,073;420,028;434,117;450,267;470,192;476,039;503,226;522,036;538,144;540,202;599,040;609,206;630,043;633,122;637,173;678,234;690,074;693,184;770,059;774,040;777,107;784,253;788,096;808,031;824,097;826,257;849,172;868,169;873,230;876,051;907,045;911,075;920,274;933,040;961,135;1020,103;1023,066;1041,208;1053,086;1152,201;1168,069;1171,046;1182,263;1192,187
041:0,005;14,150;27,071;55,142;106,026;107,149;150,029;170,099;187,044;224,216;238,095;306,099;317,227;328,062;360,128;413,252;420,046;448,180;456,034;472,058;477,254;483,066;505,103;509,091;513,248;517,069;518,087;529,058;533,205;588,137;596,122;602,069;620,260;634,183;643,189;649,069;652,170;662,039;667,035;692,049;694,152;701,066;708,074;724,102;726,045;741,207;748,069;756,050;761,142;791,255;792,049;804,149;813,212;862,065;864,269;912,232;918,235;939,177;986,038;993,029;1000,111;1006,105;1012,252;1016,081;1031,035;1039,119;1042,071;1051,072;1069,214;1113,272;1138,200;1143,031;1181,123;1184,078;1185,134;1194,055;1198,059
042:0,005;15,185;53,043;59,097;75,195;117,036;132,216;138,033;152,217;158,183;169,249;216,172;238,042;259,201;290,052;306,099;316,120;328,062;360,128;411,095;420,274;429,057;433,256;441,153;471,123;483,066;516,099;548,039;561,246;568,275;577,075;593,210;625,153;674,068;687,091;708,074;715,031;719,120;724,059;732,239;739,104;748,069;755,134;760,038;762,043;769,147;792,049;822,084;823,037;834,223;853,037;860,227;862,065;888,061;891,162;900,040;914,200;917,058;931,033;933,090;964,069;967,253;1018,053;1019,251;1028,181;1029,105;1031,035;1041,039;1044,125;1046,160;1051,072;1052,227;1058,159;1083,033;1093,111;1096,075;1112,098;1135,248;1136,216;1140,058;1143,031;1144,065;1164,196;1171,214;1187,272
043:0,005;23,101;117,036;132,216;150,029;161,195;172,087;178,110;187,044;209,201;214,064;218,043;223,148;238,042;263,068;288,077;290,052;296,167;318,166;327,046;328,062;361,071;379,187;391,028;397,034;422,054;435,045;442,262;448,180;450,268;456,034;471,123;517,069;529,058;537,039;539,063;548,039;567,127;590,037;602,069;606,174;617,074;631,135;666,030;678,193;714,026;727,051;733,086;748,069;756,050;764,213;782,109;784,039;808,158;862,065;900,040;911,151;919,272;949,130;963,180;995,208;1019,041;1022,043;1023,101;1042,071;1054,093;1070,274;1089,102;1104,212;1143,031;1176,187;1181,059;1185,129;1187,267;1194,055;1198,059;1199,084
044:0,005;6,203;18,056;26,175;96,062;113,235;117,036;142,183;209,201;225,058;242,109;243,035;257,213;290,052;310,051;318,166;328,062;345,155;348,173;351,061;390,114;411,047;413,252;422,054;435,234;450,271;456,034;457,255;483,066;513,248;517,069;529,058;537,039;542,185;548,039;568,275;600,149;606,174;617,074;634,183;635,037;649,069;657,260;662,039;681,253;687,091;712,152;714,026;727,051;737,144;745,130;748,069;778,043;792,049;793,201;824,047;826,169;833,095;839,102;853,037;868,063;891,162;900,040;908,097;915,091;927,075;931,033;941,256;993,029;1009,256;1042,071;1058,159;1079,220;1090,045;1135,248;1164,196;1181,059;1197,186
045:0,005;21,187;24,121;49,069;75,195;113,235;190,248;198,075;209,229;214,064;216,172;223,039;225,058;233,167;238,042;245,186;290,052;301,108;307,130;340,117;351,061;414,138;435,234;459,033;460,095;483,066;506,150;516,099;528,073;537,039;546,155;551,233;556,274;588,082;593,210;594,072;595,151;602,069;603,119;617,074;627,169;642,244;655,104;656,073;662,191;701,066;713,031;717,134;732,028;739,251;744,201;784,039;797,172;808,062;813,212;821,064;843,065;853,037;858,272;862,065;915,091;917,058;931,033;939,177;986,038;1009,256;1031,183;1039,119;1051,072;1054,093;1073,218;1075,050;1083,092;1088,146;1143,031;1144,065;1171,214
046:0,005;6,203;40,112;66,252;106,026;119,116;121,243;136,132;138,033;142,273;150,029;170,201;198,075;208,177;223,039;237,207;238,042;250,096;308,037;316,247;317,157;327,046;344,260;362,142;363,092;376,115;379,187;392,036;398,097;473,038;504,235;506,044;523,205;539,063;548,039;561,246;590,037;611,044;624,154;635,037;643,169;649,069;652,170;662,191;669,236;686,094;691,058;697,209;708,074;714,026;724,059;726,095;731,191;763,061;784,039;792,049;793,252;808,158;821,064;848,196;849,185;862,065;864,246;933,090;993,029;1009,187;1016,194;1019,251;1042,107;1044,125;1065,098;1100,051;1107,164;1112,098;1136,173;1159,034;1160,029;1166,155;1187,257
047:0,005;5,018;13,121;21,099;42,258;53,176;55,183;59,097;106,026;107,149;117,036;138,033;153,159;161,195;198,075;212,179;214,064;223,039;232,229;238,042;245,186;250,096;260,158;270,249;276,190;282,160;290,138;296,167;312,226;327,043;331,152;351,061;383,058;389,083;415,233;420,046;422,054;435,067;441,153;517,069;529,058;537,039;556,274;635,037;649,069;656,221;662,039;687,033;689,270;726,045;731,198;732,028;733,270;739,251;744,039;748,069;756,050;763,061;806,084;808,062;826,169;853,037;862,038;867,059;868,242;900,040;909,148;917,058;931,033;946,235;965,250;988,172;1006,263;1069,214;1074,207;1097,214;1105,067;1117,104;1129,275;1144,065;1176,254;1199,084
048:0,005;21,099;44,194;99,087;106,026;156,052;167,253;187,044;212,179;224,216;225,058;226,144;232,149;238,042;259,233;283,271;292,032;316,120;343,272;351,061;362,055;363,092;420,046;426,029;430,249;433,256;440,177;444,207;539,063;551,233;605,126;606,260;611,157;612,129;628,179;635,037;649,069;655,104;662,039;681,253;701,066;708,074;714,026;724,059;734,041;755,134;763,061;789,250;791,097;792,049;804,149;849,079;862,065;911,151;986,038;1006,263;1012,066;1023,101;1031,035;1032,088;1051,072;1057,117;1121,132;1130,163;1138,094;1143,031;1170,050;1178,210;1194,055;1198,059
049:0,005;10,139;26,175;38,043;42,258;76,158;108,199;118,128;131,092;138,033;148,146;150,029;177,169;223,039;225,058;229,145;238,042;257,213;328,062;364,209;381,041;415,233;435,045;444,207;504,235;529,171;539,063;542,185;546,155;575,170;590,037;612,129;617,074;641,160;662,039;678,193;701,066;718,106;726,045;727,051;733,096;748,069;761,149;766,245;821,064;849,185;862,065;926,158;943,051;954,165;967,253;974,187;986,038;993,029;1006,105;1032,088;1047,203;1057,117;1096,075;1107,020;1120,145;1143,031;1166,243;1176,254;1198,059
050:0,005;13,121;117,036;148,108;187,044;214,064;223,148;290,052;312,226;327,046;331,152;351,061;389,083;662,039;686,094;714,026;717,134;732,028;733,096;763,061;792,049;808,062;821,064;853,037;858,272;1181,059;1194,055
051:0,006;4,222;24,087;32,054;36,050;39,048;44,054;55,032;71,033;81,098;93,065;130,206;141,067;150,147;283,064;292,125;345,102;359,037;393,031;399,253;432,041;480,078;535,251;544,213;546,141;562,272;580,061;591,216;602,133;614,210;655,068;681,167;687,118;710,086;745,056;768,083;792,264;801,039;802,274;809,236;813,251;902,084;905,118;924,049;928,110;934,251;958,264;998,242;1019,199;1046,221;1068,111;1075,050;1098,266;1105,069;1114,179;1164,049;1173,036;1195,231
052:0,006;21,246;23,238;36,050;44,072;64,068;68,153;94,180;101,218;111,126;126,118;147,232;166,141;201,249;210,041;223,082;275,048;278,274;336,142;337,124;343,072;355,264;391,042;402,213;414,055;431,209;436,268;449,242;488,027;489,268;498,052;516,273;532,078;554,036;586,197;603,061;606,255;705,050;709,258;745,056;791,039;793,201;796,204;801,039;802,249;845,048;855,230;911,073;930,058;935,147;936,042;937,227;943,113;950,178;974,144;1023,066;1034,040;1067,153;1164,049;1173,036;1179,026;1183,185;1190,168;1200,099
053:0,006;18,078;32,054;35,033;42,174;44,054;66,105;68,153;126,071;146,039;164,259;172,156;266,084;277,059;294,108;303,202;306,197;343,072;355,192;431,042;432,174;498,052;511,050;516,273;534,098;539,055;549,058;561,041;574,052;595,167;607,190;655,068;678,172;705,050;710,086;719,160;744,039;757,119;770,103;799,235;801,039;802,179;911,073;912,117;924,049;939,181;976,036;986,185;1007,235;1009,185;1011,049;1039,248;1043,038;1057,239;1063,241;1102,163;1105,069;1121,149;1153,157;1154,091;1164,049;1165,116;1168,274;1173,036;1195,231
054:0,006;12,044;14,266;28,123;44,054;48,187;80,092;82,207;102,237;103,039;129,194;137,081;223,082;228,256;239,103;277,059;292,197;334,175;343,072;352,223;359,037;392,047;393,240;414,055;431,086;466,084;486,217;549,058;561,041;574,052;586,197;595,167;596,133;630,116;647,254;655,092;658,271;661,173;675,263;705,026;707,260;710,040;722,204;739,070;743,117;744,039;760,053;762,043;768,083;800,086;888,135;911,073;920,156;931,079;937,227;945,102;973,059;974,144;982,247;1034,040;1036,220;1041,039;1058,200;1075,050;1088,269;1098,266;1105,069;1118,252;1137,246;1155,134;1162,034;1173,036;1183,164
055:0,006;4,236;66,063;81,098;141,067;216,075;228,256;257,048;288,142;359,037;391,042;399,253;498,052;544,213;554,036;561,041;580,061;591,141;745,056;801,039;802,121;1013,206;1105,069;1119,106
056:0,006;4,236;36,050;44,051;46,140;48,195;59,175;66,063;69,152;85,259;99,176;126,071;137,081;141,067;150,147;216,075;259,148;283,064;302,272;320,160;355,192;375,237;380,147;391,042;401,272;408,268;431,209;466,069;488,155;496,083;498,052;526,271;537,179;539,055;549,129;550,188;553,099;554,036;565,144;569,146;580,061;593,253;626,133;630,043;640,187;648,127;678,172;692,049;698,261;710,163;726,153;745,056;799,172;926,158;936,042;950,100;954,197;964,246;973,078;1032,049;1034,040;1041,039;1053,126;1072,254;1078,106;1102,152;1109,191;1118,053;1121,149;1127,026;1149,272;1162,034;1164,049;1173,036;1194,140
057:0,006;5,080;18,078;32,054;39,048;44,054;47,233;55,032;72,026;89,167;94,158;112,218;126,071;147,232;163,275;201,259;257,048;277,059;289,093;342,110;355,264;359,037;380,147;409,246;414,055;432,041;466,069;481,091;539,055;554,154;561,041;574,052;586,233;591,141;604,095;640,254;666,029;671,208;674,231;692,102;698,109;745,056;796,063;809,236;845,048;858,078;919,116;924,049;939,122;944,265;964,069;968,123;990,094;998,162;1032,049;1053,030;1075,050;1083,182;1127,026;1143,078
058:0,006;11,101;14,266;44,054;55,032;69,082;121,225;123,202;190,162;216,075;234,165;250,065;268,094;277,059;283,064;303,202;401,272;414,055;432,041;466,069;496,106;574,052;575,041;580,061;581,075;585,112;601,221;655,068;682,102;766,267;845,048;847,232;882,255;897,057;907,107;911,073;918,234;924,049;934,251;937,197;939,181;964,069;965,255;983,066;994,207;1011,049;1032,269;1107,126;1118,053;1138,200;1152,097;1162,034;1173,036;1190,168
059:0,006;24,087;32,054;47,233;55,032;63,179;66,063;68,100;135,059;150,119;155,058;176,064;198,252;216,075;222,062;237,208;252,109;257,048;282,270;283,064;292,125;329,084;344,251;373,224;376,027;377,139;379,107;392,047;393,268;402,213;414,055;432,041;466,069;485,213;498,052;539,055;546,141;549,129;552,148;561,041;571,271;574,052;575,143;644,062;654,041;663,177;692,049;699,259;706,219;709,258;743,117;845,048;859,224;862,207;879,038;902,084;936,042;951,273;964,069;966,248;973,059;981,267;986,185;1011,049;1015,186;1026,138;1032,049;1034,040;1041,039;1048,220;1058,200;1067,153;1118,053;1124,250;1127,026;1142,160;1145,236;1183,164;1189,246;1194,164
060:0,006;10,132;32,054;36,050;39,048;44,054;71,200;76,028;93,126;100,231;126,071;141,067;149,218;167,156;168,178;209,194;210,081;257,048;303,101;391,042;393,268;498,052;548,105;549,058;574,099;580,061;607,190;626,152;646,195;655,068;694,084;705,050;706,219;744,039;755,063;762,050;770,103;801,039;802,121;806,084;859,208;870,140;891,230;924,049;929,180;936,042;942,031;950,178;951,273;964,127;967,211;973,059;982,247;984,268;1005,138;1011,049;1031,035;1032,049;1036,220;1070,161;1075,050;1079,166;1082,212;1119,106;1125,087;1127,026;1135,067;1156,147;1162,034;1183,185;1192,122;1196,078
061:0,007;13,249;26,090;28,028;31,219;35,033;49,158;85,035;94,274;112,028;144,008;147,159;149,073;163,095;199,127;203,039;218,043;227,182;231,061;246,130;249,147;256,256;258,081;292,196;294,217;297,058;324,243;385,139;392,047;402,240;450,263;500,063;506,274;526,062;542,228;561,050;570,091;601,137;620,038;634,196;636,161;645,054;651,047;655,183;705,026;706,066;707,173;708,028;710,116;711,048;729,051;735,058;748,245;754,147;779,044;781,086;783,270;800,106;833,069;844,072;865,134;968,058;989,117;1014,062;1030,086;1034,250;1038,035;1045,259;1054,030;1080,084;1101,209;1130,112;1135,274;1145,268;1160,029;1168,071;1170,217;1179,029;1187,050;1195,095
062:0,007;11,044;13,213;35,033;44,058;69,082;78,196;85,035;91,231;94,274;126,193;141,028;144,226;154,122;171,060;178,135;203,039;213,070;231,061;236,175;246,130;250,065;267,232;297,058;304,143;322,213;324,243;337,160;383,058;384,186;387,075;395,258;396,067;419,031;431,131;463,040;497,257;525,219;526,062;543,132;555,191;562,157;591,244;609,206;613,173;645,054;657,102;660,075;663,217;683,252;729,120;813,066;847,222;883,057;884,094;900,153;904,187;1016,180;1030,034;1031,037;1067,220;1133,140;1134,164;1153,066;1163,207;1170,217;1194,064;1196,055
063:0,007;24,172;48,087;49,158;64,148;112,028;136,161;144,106;146,144;151,086;198,076;203,039;206,243;218,043;219,146;259,233;297,058;304,143;312,163;342,057;353,144;396,067;409,200;419,049;442,068;445,133;461,072;463,040;484,156;506,274;526,062;536,140;539,038;542,228;563,086;572,238;587,029;636,161;645,054;651,047;678,153;693,026;694,051;699,234;708,028;711,257;712,042;729,147;755,263;765,041;766,204;813,066;845,265;851,169;858,110;883,057;904,187;968,058;1011,214;1016,123;1030,034;1038,035;1061,057;1063,248;1070,057;1079,176;1089,133;1112,204;1150,197;1154,230;1164,170;1172,192;1179,157
064:0,007;19,205;21,181;46,053;78,196;85,035;86,043;96,217;101,233;116,066;122,064;136,161;146,252;148,141;171,060;192,197;203,039;213,070;233,100;237,239;250,065;268,162;303,122;326,070;336,132;342,134;365,074;371,228;377,029;378,234;379,235;386,194;391,163;392,047;396,067;415,130;461,072;476,230;489,243;497,145;499,177;565,123;587,029;620,038;649,060;651,047;652,031;656,121;660,075;678,153;697,237;701,092;708,028;709,193;753,261;759,251;765,041;766,204;769,068;783,164;816,130;820,109;825,170;833,069;838,142;844,182;851,106;883,057;888,102;889,134;904,043;914,201;917,237;922,220;925,201;961,209;976,036;987,257;991,164;1014,062;1017,038;1039,248;1074,030;1078,237;1079,176;1115,207;1153,066;1172,192;1189,070
065:0,007;7,206;8,252;13,213;33,181;79,037;91,175;112,028;126,193;149,073;150,104;151,124;173,243;187,065;207,060;219,146;227,201;230,089;233,188;241,086;297,058;333,163;419,049;431,131;442,045;449,241;482,068;499,177;513,197;526,062;532,181;559,192;560,064;579,219;620,038;649,060;651,047;697,237;741,173;766,170;813,066;844,182;846,060;861,074;881,035;888,061;907,107;960,252;978,056;981,242;1014,062;1017,038;1020,133;1038,035;1040,226;1080,033;1089,133;1192,123
066:0,007;2,112;7,206;28,028;35,033;46,053;79,037;85,035;101,233;116,066;126,252;141,028;144,226;171,060;192,197;203,039;218,043;231,061;240,195;381,144;396,067;419,049;461,072;468,051;500,063;513,197;526,062;562,157;660,075;693,026;710,116;783,208
067:0,007;4,268;35,033;36,262;46,053;83,165;85,035;102,258;112,028;146,144;159,185;171,060;199,189;220,033;227,201;250,065;259,133;298,240;377,029;415,134;419,049;437,218;449,156;461,072;463,040;468,051;488,059;494,195;500,063;511,270;526,062;551,149;617,233;638,217;651,047;656,121;692,234;693,026;694,051;715,127;720,028;736,080;765,041;766,170;769,068;797,170;833,069;840,108;846,060;855,057;858,110;906,232;1030,034;1038,035;1042,226;1080,033;1086,219;1092,218;1153,066;1164,049;1171,262
068:0,007;66,120;79,037;86,185;96,217;116,066;124,114;128,178;130,238;141,028;163,268;197,083;213,070;218,274;219,209;224,246;231,061;244,042;249,159;259,133;261,186;265,253;269,061;282,203;293,142;296,258;297,058;303,122;315,053;316,108;343,038;346,142;363,059;368,238;406,174;409,200;431,042;445,133;461,072;463,040;468,051;491,199;497,257;526,062;538,026;543,132;548,266;562,163;587,029;591,244;660,075;681,032;706,217;708,028;716,273;720,028;728,054;729,147;736,093;743,142;748,245;769,068;783,270;810,166;813,066;838,142;844,072;846,060;850,162;857,107;883,057;888,102;968,058;1007,081;1014,062;1021,195;1033,222;1042,216;1059,212;1062,063;1083,243;1096,143;1138,159;1149,157
069:0,007;8,252;28,028;36,262;46,053;54,090;79,037;97,080;129,036;131,167;147,204;149,073;150,104;167,180;192,151;213,070;220,250;229,105;231,061;237,169;239,259;315,053;316,108;343,038;357,260;366,105;368,238;377,029;407,132;415,068;418,258;476,230;502,030;505,087;522,146;526,062;552,058;562,163;587,029;605,213;645,054;651,047;658,184;669,148;676,152;720,028;739,121;765,041;769,068;783,208;787,092;833,069;841,224;846,060;865,181;897,205;901,126;906,233;910,113;968,058;1006,155;1030,034;1038,035;1045,253;1048,139;1055,162;1058,136;1080,033;1086,219;1116,142;1126,199;1144,228;1150,247;1152,098;1153,066;1164,049;1169,086;1178,029;1195,095
070:0,007;2,112;4,219;28,202;112,028;137,206;149,073;151,086;218,274;277,035;288,076;292,274;293,195;297,058;327,265;343,038;353,144;377,029;385,139;418,258;449,241;495,098;500,063;520,215;587,029;638,217;650,187;660,075;687,073;705,026;707,173;720,028;733,271;846,060;857,107;899,265;968,058;1014,143;1021,195;1077,218;1102,220;1109,068;1112,204;1160,029;1165,174
071:0,008;40,250;92,101;96,047;109,115;181,026;195,096;231,073;243,191;261,061;284,066;295,148;361,071;364,146;431,027;434,156;446,037;548,071;590,107;637,234;774,043;796,063;817,044;829,231;911,036;948,046;975,038;986,033;1018,086;1068,191;1085,051;1152,071
072:0,008;50,120;74,052;77,228;90,059;91,231;133,053;135,075;153,229;168,048;172,256;181,026;190,221;218,118;231,073;236,040;237,253;268,203;284,060;299,053;302,272;310,041;314,176;320,052;332,228;354,069;375,098;378,057;405,189;416,217;417,162;431,027;438,124;446,213;518,029;534,236;579,184;596,113;638,144;671,272;679,271;688,248;692,031;717,158;757,027;760,053;784,071;799,041;808,237;813,174;815,033;816,096;823,117;876,165;914,102;920,190;928,057;935,175;948,046;960,214;975,038;988,259;998,112;1003,121;1029,060;1035,048;1053,122;1058,033;1067,141;1125,166;1179,026;1194,064
073:0,008;67,163;68,066;75,262;80,042;102,041;109,115;133,053;135,075;154,125;194,042;195,096;231,073;236,040;249,234;255,230;261,043;285,170;296,040;312,267;354,029;358,093;361,048;364,235;378,252;386,185;434,156;436,032;455,210;507,251;562,044;567,094;572,050;589,123;594,083;601,061;602,234;628,130;629,238;638,208;642,075;654,174;667,035;681,073;682,122;710,040;754,098;760,053;784,071;804,088;815,033;835,207;905,244;911,036;929,098;948,046;956,267;979,226;995,173;1035,048;1048,152;1090,068;1097,055;1098,033;1107,125;1114,052;1120,235;1149,215;1152,071;1179,026;1197,232
074:0,008;53,176;73,180;74,052;75,262;80,042;90,059;109,170;261,043;278,117;284,060;296,040;310,041;318,097;354,069;361,071;370,072;378,057;436,032;446,037;547,263;757,027;774,043;796,063;815,033;817,044;821,160;829,062;839,043;911,036;948,046;975,038;986,033;1035,048;1070,057;1085,051;1152,071
075:0,008;49,076;96,047;97,225;133,053;145,260;237,253;252,039;261,061;277,035;296,040;314,176;320,052;354,029;358,093;378,057;436,032;446,037;548,071;601,061;602,234;649,033;692,031;710,241;928,057;935,175;1023,066;1048,152
076:0,008;9,234;49,076;68,156;74,052;76,227;80,042;90,059;106,182;236,040;241,202;252,039;262,071;268,203;277,035;292,086;299,226;310,041;318,097;333,050;339,125;340,090;354,069;391,036;416,029;450,113;572,050;590,107;601,061;634,201;642,075;643,141;649,033;673,077;675,261;692,031;694,100;704,035;716,033;740,181;784,071;808,237;816,086;817,044;821,160;829,062;831,152;839,043;901,076;932,033;953,151;960,214;975,038;986,033;1018,086;1029,060;1040,228;1058,033;1064,112;1070,057;1085,051;1100,181;1106,051;1114,052;1118,223;1122,077;1177,081;1179,026;1194,213
077:0,008;9,234;31,094;36,089;40,250;74,052;87,092;96,035;97,141;109,207;120,237;139,252;216,230;230,229;236,040;249,116;261,043;283,036;300,150;302,259;310,041;319,217;320,052;333,050;336,185;354,069;386,185;458,128;548,071;589,123;606,029;612,099;642,075;695,171;704,035;724,105;742,222;750,068;754,098;760,053;784,071;796,063;813,104;815,033;829,231;831,152;898,081;910,104;1004,260;1029,060;1040,207;1058,033;1063,215;1085,051;1114,052;1115,085;1152,071
078:0,008;47,246;96,047;109,170;284,060;295,148;370,072;378,057;436,032;446,037;548,071;599,109;601,061;642,075;649,033;688,109;692,031;704,035;710,040;760,053;787,150;817,044;829,062;839,043;915,103;1098,033;1107,125;1114,052;1122,077
079:0,008;55,180;96,047;106,182;133,053;145,095;154,125;167,253;172,256;181,026;190,264;261,061;277,035;292,174;296,040;317,195;320,052;333,050;340,090;361,048;364,146;436,032;458,128;547,263;567,094;572,050;579,184;583,113;601,061;638,144;760,053;787,111;796,063;799,041;825,148;892,235;901,076;911,036;949,131;950,251;953,260;976,064;979,226;988,259;1044,194;1092,026;1093,127;1116,209;1123,170;1136,176;1179,026;1196,122
080:0,008;47,246;80,042;90,059;96,047;109,207;135,075;145,260;236,040;243,191;336,185;361,071;370,072;378,057;446,037;534,236;548,071;599,109;704,035;710,040;760,053;774,043;784,071;815,033;817,044;835,207;839,043;911,036;956,267;1058,033;1063,215;1070,057;1100,181
081:0,009;20,256;47,199;185,045;199,093;273,060;290,265;308,032;309,133;316,265;319,275;329,033;346,055;354,181;381,069;403,141;406,099;410,048;432,145;450,170;454,088;459,033;476,149;500,222;527,205;532,062;545,158;577,075;603,044;613,257;636,222;693,059;703,245;710,043;711,048;734,244;761,066;784,071;791,150;794,183;803,251;805,079;816,187;856,265;879,130;885,152;886,104;918,056;919,211;949,027;964,231;1000,043;1018,172;1024,040;1032,064;1042,210;1069,053;1110,237;1114,181;1121,047;1137,117;1160,112;1161,028;1162,102;1167,255;1189,070
082:0,009;4,184;50,028;95,190;110,064;112,110;118,102;180,056;187,227;231,073;239,209;244,180;266,212;273,060;279,057;284,255;288,027;291,258;308,032;336,261;386,250;413,227;433,196;466,038;471,117;499,062;502,267;507,271;515,189;536,187;544,169;550,177;577,075;585,176;623,071;636,222;686,230;711,195;739,163;745,212;783,057;784,059;794,183;850,235;855,057;862,129;925,029;939,117;949,027;968,113;970,030;979,042;980,052;984,119;1011,275;1024,040;1032,064;1033,196;1107,020;1125,157;1150,140;1158,103
083:0,009;11,101;28,028;39,146;45,040;47,199;54,085;68,186;97,069;171,205;173,207;261,074;272,061;273,237;275,085;288,056;291,258;292,032;311,084;329,033;330,248;332,052;337,154;405,099;406,063;413,177;451,253;456,195;459,033;466,069;492,148;590,126;655,065;663,217;671,048;686,230;710,043;720,037;750,073;765,112;783,057;787,222;820,275;829,244;882,140;889,051;911,219;919,110;925,239;932,265;934,234;949,027;960,195;983,066;985,130;1000,043;1014,268;1026,211;1030,118;1056,056;1077,238;1084,068;1096,075;1107,020;1124,110;1144,243
084:0,009;4,160;20,256;45,040;50,028;53,252;62,156;110,064;124,209;136,044;147,088;171,247;177,202;222,062;232,265;275,170;280,028;292,032;303,236;406,063;410,048;418,034;420,126;432,041;433,196;450,070;456,139;466,038;474,171;492,263;499,261;505,217;508,272;579,229;600,203;606,171;613,257;639,064;649,081;693,059;711,195;717,082;720,037;750,073;761,066;783,057;816,187;861,168;889,051;918,056;919,211;970,030;979,074;983,066;990,206;1000,043;1001,125;1012,071;1019,054;1024,040;1036,110;1056,056;1076,082;1107,020;1118,259;1137,227;1170,080;1189,070;1191,044;1199,048
085:0,009;9,008;19,180;24,252;45,040;47,267;73,134;77,202;82,107;114,098;124,209;147,088;208,244;215,185;231,131;252,246;277,212;284,255;298,212;308,032;322,267;324,194;329,033;332,052;350,133;381,069;406,115;426,171;437,121;537,099;545,158;562,169;577,075;579,229;607,236;655,065;670,100;700,271;702,036;709,222;716,217;720,037;750,073;761,059;768,255;783,057;810,122;873,048;881,234;890,254;904,263;911,219;925,029;937,244;965,154;970,030;976,036;979,074;995,158;1004,038;1008,027;1017,118;1032,064;1041,139;1042,210;1054,230;1056,056;1080,250;1084,068;1090,045;1111,193;1121,219;1137,117;1156,191;1157,085;1161,028;1166,137;1171,126;1187,089
086:0,009;4,184;19,180;64,068;67,168;97,069;99,183;102,065;112,118;124,142;147,248;187,227;192,040;211,230;216,102;261,074;270,113;273,060;274,048;290,265;304,230;308,032;313,178;329,033;349,081;354,230;367,177;406,063;410,048;413,227;447,135;456,139;457,266;473,218;554,132;597,092;613,143;616,213;641,224;644,100;649,081;655,065;691,058;695,210;709,222;742,109;849,058;850,241;873,048;888,256;909,130;918,056;937,240;970,030;980,052;988,186;997,187;1000,043;1008,027;1011,275;1035,183;1084,068;1092,199;1107,020;1111,051;1142,225;1149,027;1158,103;1162,179;1189,070
087:0,009;4,160;50,028;97,069;110,064;118,102;308,032;329,033;332,263;344,236;459,033;474,171;685,085;710,043;729,159;750,073;768,255;979,074;983,066;1000,043;1013,037;1023,228
088:0,009;21,271;32,252;47,267;67,168;97,069;110,064;120,176;181,026;198,122;199,093;216,119;232,265;261,074;282,170;288,027;303,236;311,084;323,163;332,052;350,133;353,060;354,181;363,032;386,250;391,036;400,131;406,063;410,048;437,121;438,172;443,097;459,033;496,070;504,262;573,215;577,075;607,236;671,048;693,059;703,245;710,043;720,037;732,028;733,269;761,059;765,112;783,057;808,031;810,122;855,057;865,013;882,068;892,086;908,215;918,056;919,110;947,234;970,030;972,173;979,042;980,052;999,078;1004,122;1008,027;1009,064;1013,037;1016,067;1017,118;1024,037;1031,035;1040,168;1041,139;1069,053;1083,076;1084,068;1090,045;1107,020;1114,118;1137,073;1152,071;1162,102;1189,070
089:0,009;10,139;45,040;54,085;82,031;95,190;171,067;173,207;215,249;273,060;275,273;288,056;313,178;332,052;367,177;407,202;410,048;435,067;438,172;466,038;508,272;532,073;558,081;577,075;590,126;592,185;624,039;654,226;667,110;670,100;671,048;707,184;717,030;720,037;729,159;750,073;761,059;778,048;783,057;799,196;812,134;862,129;888,256;889,051;890,254;925,029;944,183;949,027;965,154;970,030;978,056;979,074;980,052;985,130;1018,172;1019,054;1023,228;1032,064;1033,196;1076,082;1090,045;1107,020;1111,193;1125,212;1127,067;1148,090;1166,137;1178,071
090:0,009;28,123;35,212;45,040;50,028;68,186;97,069;113,121;222,062;226,144;261,074;266,212;288,027;298,212;329,033;332,263;337,154;420,028;422,210;428,063;463,236;466,038;509,082;524,031;536,187;671,048;693,059;702,082;783,057;812,134;832,038;841,240;855,057;863,066;871,153;972,173;1005,204;1008,027;1013,037;1019,054;1024,040;1031,072;1032,064;1048,161;1056,056;1069,053;1092,199;1135,156;1161,028;1170,080;1199,048
091:0,010;16,046;24,230;89,056;110,251;134,083;271,055;283,208;287,058;290,268;312,070;358,051;407,218;475,161;480,035;493,254;496,044;548,266;560,138;566,056;578,268;588,106;590,066;591,031;597,096;639,166;646,271;652,031;666,242;667,034;670,256;681,032;684,131;711,144;719,198;724,272;726,113;797,042;805,045;830,250;832,038;839,130;867,059;879,245;896,173;903,273;906,080;916,165;950,172;961,175;970,178;995,026;1001,183;1005,143;1012,071;1021,104;1031,072;1053,094;1061,154;1096,036;1104,268;1111,220;1158,121;1187,144;1191,147
092:0,010;15,094;17,100;24,230;28,030;84,157;89,056;103,039;106,129;142,074;149,111;153,048;156,100;201,041;227,027;233,167;264,198;268,265;272,232;284,066;287,058;294,031;298,153;341,198;352,059;374,196;402,066;419,220;487,245;496,044;512,165;544,028;561,039;567,166;574,088;612,047;618,158;623,071;629,108;652,031;670,256;684,131;686,027;698,060;710,241;716,062;719,160;725,083;727,053;733,132;805,071;806,235;888,057;904,043;906,080;1035,110;1136,189;1138,161;1144,062;1152,143;1162,198
093:0,010;13,249;15,094;17,247;23,080;33,047;49,142;54,226;63,103;153,048;194,042;198,237;227,027;238,271;254,245;283,118;284,066;290,268;312,070;315,229;370,182;371,034;380,031;381,167;398,195;402,066;424,137;435,067;446,090;460,271;472,216;480,035;498,221;604,109;612,047;613,229;623,071;625,232;635,111;652,031;666,029;668,248;694,051;704,114;723,144;727,053;737,048;742,089;797,120;805,045;829,176;830,250;832,038;843,065;860,183;871,103;893,266;898,039;904,043;908,221;934,045;959,108;1053,030;1061,154;1096,036;1109,068;1111,230;1117,143;1118,141;1135,067;1136,189;1147,053;1158,121;1173,108
094:0,010;6,245;24,038;28,030;74,058;89,056;104,057;105,248;124,040;142,074;153,048;198,237;380,031;396,271;716,062;727,053;758,113;876,235
095:0,010;4,207;89,056;104,057;124,261;142,074;153,048;201,041;231,034;253,035;254,189;289,237;312,070;340,047;352,059;370,182;496,044;524,118;612,047;623,071;639,166;904,043;908,221;1031,072;1053,030;1096,036;1111,230;1190,199
096:0,010;2,225;15,246;28,030;33,047;51,053;74,058;78,117;89,056;103,039;104,057;112,028;115,144;124,040;156,100;201,041;216,194;226,113;227,027;231,230;253,035;255,230;298,153;299,042;306,116;312,070;341,198;352,059;366,095;370,158;378,110;380,031;395,201;486,190;493,254;517,245;544,028;554,091;566,056;586,102;587,135;643,265;652,031;680,064;698,060;700,244;716,062;719,120;730,246;733,132;742,089;758,171;805,056;815,202;823,110;831,094;839,130;888,057;890,113;898,039;904,043;925,169;932,078;934,045;940,053;951,117;995,026;998,200;1009,064;1012,071;1024,040;1044,146;1096,036;1118,259;1124,134;1188,221
097:0,010;4,207;24,038;27,071;28,030;33,047;63,103;84,246;103,039;106,129;107,230;142,074;143,268;169,266;194,042;207,178;241,202;288,091;300,081;325,128;347,213;358,140;368,120;371,150;380,031;381,069;383,158;398,097;402,066;428,238;435,067;439,264;456,034;476,198;484,214;516,203;524,118;544,028;545,217;566,056;591,152;597,096;620,038;635,111;655,083;666,029;670,251;697,196;700,244;752,127;773,151;805,045;832,038;843,065;863,066;864,074;876,099;898,039;917,114;934,045;942,031;950,172;992,215;995,026;1002,072;1005,143;1031,072;1049,088;1075,189;1096,036;1105,078;1135,067;1144,062;1150,199
098:0,010;12,100;49,142;66,112;74,058;78,075;103,125;104,057;123,092;124,040;145,099;175,176;194,042;200,122;201,041;226,108;231,230;253,101;254,189;283,208;284,066;287,058;289,055;305,265;336,111;337,225;340,047;347,213;369,036;378,252;389,156;392,265;404,067;409,196;414,211;435,067;439,264;443,253;446,090;464,125;480,035;496,044;516,203;580,110;588,247;639,085;641,101;652,031;671,163;678,189;683,156;696,062;698,060;704,114;711,260;716,062;725,142;727,053;742,254;797,271;808,189;820,028;827,118;854,081;876,099;888,057;922,273;934,045;951,158;995,026;997,241;1049,190;1053,030;1082,038;1103,265;1134,185;1144,062;1180,127
099:0,010;6,245;27,071;28,030;67,207;74,058;78,117;89,056;132,150;137,209;153,048;201,176;207,064;249,234;253,035;254,245;281,272;283,033;288,091;312,070;336,111;340,047;350,191;352,059;366,095;478,210;480,035;496,044;512,165;544,028;574,088;580,061;587,135;612,047;629,108;666,029;667,035;670,251;698,060;710,043;719,198;735,120;739,062;773,151;805,045;841,270;843,065;859,117;984,080;1008,027;1012,071;1026,179;1031,072;1039,089;1077,206;1096,036;1105,078;1124,243;1135,067;1144,062;1156,147
100:0,010;2,225;28,030;74,058;89,056;104,057;105,248;201,041;230,180;231,034;238,271;402,066;419,220;544,028;566,056;588,106;888,057;925,169;983,221
101:0,011;8,247;82,048;117,140;206,049;213,079;332,045;351,199;431,052;450,071;461,104;465,065;501,061;503,051;509,060;524,101;667,060;673,209;678,061;687,033;689,204;748,038;752,196;943,051;977,170
102:0,011;4,052;16,112;52,030;57,255;95,194;126,207;151,078;200,114;226,046;246,064;247,219;260,040;263,068;272,065;278,219;280,028;297,087;381,134;391,028;393,208;397,065;405,070;411,039;414,213;431,052;443,094;446,077;456,161;465,065;468,085;539,063;547,229;565,046;588,165;604,068;607,225;623,031;635,050;660,257;667,060;673,091;676,156;678,061;691,130;692,052;699,265;746,147;748,038;752,196;755,063;756,075;760,165;774,014;778,048;793,074;810,263;836,031;842,089;847,224;848,066;851,237;874,118;879,070;902,115;909,256;948,232;954,162;1004,130;1066,135;1090,262;1097,055;1109,068;1122,245;1124,055;1131,237
103:0,011;10,271;39,039;52,273;71,034;101,229;226,046;247,120;251,225;256,073;260,040;263,068;272,065;280,028;310,128;327,043;328,232;332,045;345,167;351,199;392,068;400,067;406,270;411,039;412,126;431,052;446,235;457,151;465,065;475,051;481,249;485,143;489,140;503,051;504,033;509,060;524,101;565,147;667,060;673,209;735,068;756,075;757,027;760,038;762,050;782,218;787,231;797,089;805,071;810,263;836,031;842,089;863,251;868,228;879,070;888,135;895,228;912,071;921,076;956,196;957,157;976,064;977,186;979,234;995,217;1015,247;1031,241;1068,063;1078,216;1079,209;1085,058;1087,115;1112,219;1147,053;1167,202;1169,179
104:0,011;14,255;49,069;71,034;82,048;114,168;117,140;135,113;150,194;186,030;203,251;206,049;210,037;229,143;245,158;256,073;260,040;262,227;268,046;281,133;327,043;338,157;345,167;376,063;387,075;388,143;397,065;417,232;431,052;443,094;459,210;473,261;482,201;501,061;503,051;509,060;514,090;543,208;555,141;562,044;567,198;586,101;604,068;618,030;623,031;635,050;658,122;661,147;667,060;678,061;685,083;687,033;689,204;692,052;725,142;761,031;766,269;774,014;786,077;848,066;854,103;867,237;879,070;914,098;922,256;925,029;934,094;943,051;954,162;965,079;975,175;982,070;999,123;1002,072;1022,043;1030,160;1032,257;1043,169;1143,031;1152,164;1165,227;1175,153
105:0,011;4,052;5,111;16,065;18,089;49,069;55,032;56,218;57,255;71,034;82,048;107,234;110,177;121,048;135,113;185,204;206,049;208,226;232,033;250,190;256,073;267,118;268,046;285,029;287,058;320,093;327,043;328,247;332,045;371,180;412,173;465,065;481,249;489,042;508,170;582,036;592,127;604,068;618,030;623,031;634,099;681,063;691,058;697,129;703,246;720,037;723,269;735,068;739,070;748,038;750,138;760,038;761,031;775,114;778,048;787,231;806,078;856,196;879,070;912,071;914,098;935,155;945,137;1037,273;1062,208;1076,140;1079,195;1085,058;1098,251;1115,082;1122,245;1131,237;1146,262;1147,053;1149,027;1164,215;1187,033
106:0,011;5,111;210,037;213,163;226,046;251,225;392,068;397,065;405,070;413,182;431,052;446,077;501,061;507,139;544,146;739,070;748,038;756,075;761,031;774,014;786,077;805,071;836,031;848,066;879,070;916,217;1124,055;1149,027;1192,094
107:0,011;1,003;15,163;16,065;39,048;42,150;49,069;71,034;96,142;128,145;171,139;210,037;213,079;226,046;241,165;245,267;247,120;256,073;267,113;268,046;272,065;280,028;308,209;312,079;339,035;352,118;379,143;389,073;395,091;397,065;405,070;411,039;417,232;431,027;443,106;448,131;450,071;456,268;465,065;485,143;531,077;536,178;547,238;562,044;565,147;618,030;623,031;624,145;629,141;635,050;662,170;667,060;681,167;685,083;692,052;695,088;748,038;762,050;774,014;778,048;789,272;805,270;854,103;872,248;879,070;911,036;916,217;971,053;979,234;1002,072;1022,043;1025,213;1041,275;1049,031;1059,172;1074,079;1085,058;1093,098;1095,179;1103,146;1129,133;1132,051;1147,053;1149,027;1152,111;1158,126;1159,148;1171,035;1178,245;1187,033;1189,149
108:0,011;4,052;19,205;39,039;42,150;44,072;50,265;52,273;98,062;110,177;118,094;178,106;187,051;198,169;206,049;207,138;208,226;229,143;263,068;268,046;299,270;308,271;325,135;332,045;352,223;373,051;390,114;392,068;395,091;405,070;407,126;411,039;438,068;464,195;468,085;501,061;503,051;504,033;525,268;556,059;558,275;565,046;592,041;601,212;604,068;618,030;619,175;626,187;635,050;655,196;667,060;673,091;675,030;677,148;687,033;695,212;699,259;735,068;746,062;753,099;760,038;762,050;774,014;775,114;805,071;872,248;912,071;917,092;943,051;948,180;956,126;964,100;986,033;1019,209;1039,252;1049,031;1066,135;1085,058;1091,217;1129,069;1135,145;1187,033
109:0,011;8,247;16,065;33,137;39,039;49,069;77,259;82,048;118,094;157,194;397,065;414,213;450,071;465,065;501,061;504,033;514,090;562,044;565,046;604,068;624,231;692,052;710,203;734,259;760,038;761,031;774,014;782,081
110:0,011;4,052;11,132;18,089;33,137;39,039;65,084;71,034;81,083;82,048;128,145;206,049;210,037;228,086;234,104;256,073;260,040;263,068;272,065;280,028;289,249;295,147;327,043;329,073;347,114;352,097;372,099;458,050;461,104;474,156;492,088;494,175;503,051;504,033;505,245;507,139;509,060;520,182;528,166;558,275;565,046;581,061;588,165;604,068;607,225;623,031;624,231;636,242;667,060;678,061;687,033;689,258;693,139;735,068;750,138;756,075;761,110;774,014;782,081;789,272;848,066;895,267;912,071;925,194;930,063;945,137;964,203;1002,072;1022,043;1045,259;1049,031;1059,172;1085,058;1088,027;1089,182;1095,089;1098,033;1107,134;1115,095;1147,206;1198,195
111:0,012;38,179;45,185;46,097;48,167;65,035;69,212;80,030;93,065;96,052;131,211;134,068;136,144;138,142;152,238;154,051;161,171;162,071;164,155;173,064;189,110;216,107;228,060;243,035;245,050;253,035;257,182;266,083;271,034;278,112;300,124;315,038;321,215;331,198;338,120;385,060;411,179;421,065;443,272;447,246;497,074;499,147;510,050;524,089;607,056;619,126;626,070;642,089;656,073;674,255;683,030;705,183;706,231;727,265;728,092;733,162;737,085;749,060;753,261;810,028;823,042;838,041;859,224;863,066;883,197;922,134;926,208;931,044;956,163;965,036;969,198;972,054;974,084;1001,047;1013,127;1014,054;1020,224;1050,211;1079,202;1081,169;1086,237;1105,067;1107,247;1158,046;1180,031
112:0,012;4,268;12,200;93,065;104,049;138,221;162,071;166,228;169,193;174,126;178,033;181,072;198,075;201,176;206,095;224,272;228,060;243,100;259,168;279,057;280,069;288,056;319,161;320,090;333,063;346,111;381,041;382,255;393,031;402,202;411,223;421,065;435,045;437,212;484,182;547,031;570,267;606,246;622,099;626,070;642,089;672,125;683,030;713,201;714,036;715,167;728,054;737,085;780,200;785,027;786,079;787,107;803,114;905,198;965,036;968,061;979,141;1030,034;1050,211;1057,195;1109,202;1123,143;1131,051;1142,038;1146,255;1148,079;1158,046;1180,031;1189,075;1190,232;1191,215
113:0,012;18,058;48,167;134,068;154,051;162,071;170,043;181,072;207,248;217,044;218,077;228,060;242,059;245,050;253,163;315,038;338,103;393,031;416,207;431,046;451,251;497,074;510,169;810,028;837,149;838,041;863,066;884,074;910,111;1158,046;1179,027;1180,031
114:0,012;14,088;18,058;69,212;93,065;107,230;115,142;119,137;123,053;146,168;170,043;178,033;181,072;201,216;207,248;217,044;221,085;227,097;242,059;243,035;263,180;315,038;357,135;360,063;381,041;386,138;411,179;416,255;420,257;421,065;435,274;442,028;451,251;456,035;472,094;503,218;504,163;518,188;531,123;540,061;545,180;547,031;558,081;562,212;626,070;674,150;701,257;712,143;728,054;735,166;740,088;749,060;750,068;753,133;754,221;760,138;810,028;829,264;838,041;853,192;884,074;894,027;914,191;931,044;953,252;954,271;972,054;979,138;998,038;1001,047;1017,038;1026,094;1031,217;1067,027;1079,202;1180,031;1193,158;1196,268
115:0,012;18,058;40,229;66,227;69,219;75,242;80,030;85,222;93,065;112,091;118,106;125,190;131,211;134,068;169,193;170,043;178,033;181,072;187,051;216,107;228,060;240,246;243,169;249,171;257,182;271,034;279,057;289,188;304,087;315,038;330,161;336,126;346,111;360,063;381,041;402,048;420,270;431,046;435,274;442,028;450,071;456,208;460,269;497,074;510,169;517,262;536,214;547,031;578,275;586,271;590,246;607,056;618,177;683,030;713,229;749,060;750,214;751,243;823,042;843,273;846,064;859,101;884,074;894,027;910,111;921,186;931,044;957,200;986,026;987,122;1020,224;1028,174;1048,127;1070,052;1078,216;1167,128;1186,107
116:0,012;19,064;31,068;39,107;65,035;69,217;80,030;93,063;109,069;112,217;132,035;134,068;139,204;154,051;180,065;184,172;187,051;189,077;217,044;231,034;240,052;250,178;300,090;308,209;360,063;363,271;381,041;394,108;416,207;421,065;431,046;442,028;451,245;456,035;460,269;497,074;519,082;528,199;536,026;551,090;629,190;637,210;699,161;737,202;744,169;751,033;763,216;776,093;785,259;838,041;846,064;848,173;928,244;931,044;934,168;965,036;973,222;1001,047;1023,144;1049,102;1065,239;1066,263;1102,094;1104,242;1105,067;1109,227;1121,092;1158,046;1178,245;1179,027;1181,236
117:0,012;12,200;16,195;65,035;69,217;80,030;93,063;107,062;119,192;120,153;123,053;132,035;134,068;145,197;150,090;154,051;164,155;173,064;187,051;189,077;216,196;217,044;218,077;228,060;242,059;253,101;309,058;318,153;321,215;384,160;391,036;423,188;431,046;436,162;441,174;452,110;456,035;501,121;515,137;607,056;610,274;611,031;618,146;626,070;655,176;683,030;706,231;711,048;728,092;750,068;763,177;774,173;795,259;810,028;829,145;835,259;853,192;860,109;868,242;880,231;883,197;891,204;894,027;926,037;956,163;968,264;972,054;986,247;998,038;999,117;1002,083;1018,127;1029,122;1070,052;1083,084;1105,067;1116,127;1194,206
118:0,012;18,058;66,227;80,030;96,052;119,180;123,053;134,068;143,130;154,051;162,071;166,228;173,064;178,033;187,051;189,110;242,059;245,050;259,168;271,034;279,057;295,071;315,038;340,234;360,063;384,160;391,036;393,031;394,108;431,046;447,246;456,208;728,054;734,173;750,068;751,033;762,090;846,215;972,054;988,250
119:0,012;16,195;36,088;80,030;119,137;122,192;132,035;143,030;145,197;173,064;184,172;192,071;201,216;214,243;217,044;227,097;228,060;234,104;242,059;252,246;253,163;295,029;300,124;348,132;360,063;381,041;386,138;420,270;428,065;436,214;458,168;569,069;581,180;601,157;607,056;610,196;619,224;707,066;712,143;728,054;733,061;741,239;749,060;754,221;820,143;823,042;838,041;846,064;849,111;872,113;912,100;965,036;972,054;973,222;979,138;1035,142;1065,081;1070,052;1085,236;1153,173;1154,182;1170,112;1179,027;1190,232
120:0,012;20,170;32,185;38,179;40,229;65,035;73,062;75,242;80,030;93,063;107,234;115,152;119,180;123,053;132,035;141,189;146,092;154,051;161,171;163,157;170,043;178,033;206,095;217,044;219,252;231,101;243,035;245,050;249,171;267,256;271,215;297,255;306,261;309,069;338,103;383,212;391,036;392,189;393,031;409,196;414,148;430,088;431,046;442,028;458,168;479,246;497,074;515,137;524,089;536,137;547,031;561,223;587,180;667,129;671,048;705,183;740,265;751,033;760,254;764,138;810,028;823,042;838,041;846,215;884,074;894,027;921,186;928,057;954,271;966,075;974,084;998,038;999,272;1014,080;1033,209;1105,067;1121,092;1146,255;1171,230;1179,027;1180,178
121:0,013;5,112;20,062;47,159;49,039;61,178;102,148;144,008;165,199;174,056;197,090;199,132;201,062;203,262;207,060;227,027;233,100;248,053;259,248;260,252;279,036;284,130;299,200;327,046;352,118;358,051;388,263;417,139;419,056;421,241;442,075;451,065;463,105;488,059;502,230;531,030;533,174;561,050;577,203;616,271;618,189;620,169;626,173;633,164;666,057;668,248;672,082;677,103;684,161;687,206;747,257;767,228;773,225;795,189;837,036;845,097;859,031;863,046;870,204;882,079;893,192;912,085;921,061;923,054;940,133;949,131;967,031;970,273;1004,038;1005,174;1012,066;1016,067;1023,205;1037,075;1041,039;1071,086;1074,235;1076,174;1079,059;1080,120;1087,029;1090,063;1114,085;1115,075;1134,180
122:0,013;31,094;49,039;60,228;65,036;69,068;103,125;121,032;147,151;180,268;191,066;192,040;207,060;214,205;226,236;248,053;276,119;294,048;306,196;358,051;375,098;386,034;427,065;428,063;445,028;450,138;457,031;470,179;525,115;531,030;533,162;547,099;586,196;593,245;602,041;603,100;670,122;687,212;691,058;702,198;707,131;758,259;789,095;799,041;804,043;819,204;820,086;822,029;840,265;863,046;883,148;919,256;921,061;930,238;967,031;975,264;976,064;980,159;1012,066;1013,037;1016,067;1020,186;1025,164;1030,233;1079,059;1080,205;1087,029;1093,188;1101,082;1126,202;1135,041;1161,051;1178,234
123:0,013;1,081;20,062;73,178;76,220;79,047;86,111;121,032;150,091;174,056;191,066;192,040;207,239;229,090;248,067;255,246;257,092;269,097;279,036;281,216;338,087;339,053;343,072;348,214;356,049;388,263;451,065;457,031;462,098;463,105;481,184;488,059;537,232;557,057;584,248;603,044;624,216;659,053;666,057;672,196;681,063;687,212;748,136;758,245;760,142;768,250;773,102;784,039;800,137;822,029;849,136;859,031;863,046;880,037;891,185;921,167;927,075;944,203;971,026;984,073;998,237;1001,033;1003,161;1004,038;1012,066;1023,205;1028,067;1067,141;1080,205;1087,029;1095,087;1112,216;1115,075;1125,157;1130,153;1136,275;1147,200;1189,039
124:0,013;5,080;65,036;71,092;79,047;121,032;162,162;174,056;192,040;201,062;207,060;226,236;248,067;269,097;280,069;287,251;356,049;379,181;428,063;442,075;465,222;531,030;543,127;971,026;980,159;1004,038;1012,066;1024,264;1028,067;1076,144;1135,041;1189,039
125:0,013;6,082;49,039;51,247;79,047;90,183;144,008;159,209;167,089;191,066;192,040;213,036;214,090;244,091;248,053;256,030;257,092;283,038;284,130;326,076;357,134;368,118;386,034;405,065;412,069;423,132;436,273;457,031;458,084;463,099;482,082;509,214;561,050;568,251;583,066;630,249;656,038;671,069;681,063;694,172;711,048;724,059;729,065;734,041;748,136;800,137;859,031;869,153;870,204;921,061;929,180;933,040;935,151;940,133;958,065;969,170;971,026;976,157;1008,072;1013,250;1020,263;1024,264;1045,268;1057,269;1065,250;1076,097;1079,059;1114,158;1115,075;1119,241;1127,147;1135,041;1169,069;1187,230
126:0,013;20,062;65,036;71,092;121,032;144,008;150,091;248,053;261,061;279,036;280,069;281,216;339,053;347,188;583,066;599,195;681,032;690,069;710,274;945,138;953,068;969,170;1090,063;1095,087
127:0,013;7,187;45,040;62,135;69,068;83,160;144,008;155,051;162,162;191,066;192,040;232,136;248,067;260,252;279,036;299,200;348,214;356,049;374,149;386,034;421,241;422,257;442,075;451,065;464,041;465,222;469,041;482,082;488,059;518,129;531,030;545,180;583,066;593,245;596,271;603,100;618,033;645,126;655,146;658,089;659,053;666,057;677,103;681,063;684,161;705,125;714,197;729,065;770,066;781,108;846,258;849,136;859,031;868,157;928,034;953,068;967,031;998,033;1002,072;1010,053;1016,067;1022,261;1028,067;1056,050;1063,188;1069,236;1079,059;1088,161;1090,063;1101,170;1108,124;1114,085;1119,241;1161,051;1172,029;1198,096
128:0,013;1,081;38,091;45,040;46,058;58,266;79,047;80,128;121,032;125,247;144,008;160,247;174,056;191,066;200,200;201,062;207,239;220,262;232,136;248,067;272,166;279,036;296,088;339,053;343,166;358,051;386,034;421,065;436,273;451,065;462,223;470,179;511,199;522,208;533,174;534,176;537,232;543,127;548,175;555,031;561,050;577,120;603,044;618,037;633,164;659,053;673,138;690,069;723,269;729,065;747,257;757,027;768,250;803,231;822,029;840,245;859,031;863,046;870,032;883,220;903,069;912,085;924,157;930,065;940,235;944,203;953,068;967,031;971,026;975,082;976,064;987,183;1035,048;1044,262;1046,130;1049,090;1063,188;1090,063;1091,160;1114,158;1115,075;1127,147;1135,041;1161,051;1177,032;1187,093;1189,039;1195,105
129:0,013;1,116;6,082;20,062;53,252;69,068;103,202;125,247;144,008;148,079;161,271;174,251;187,079;192,040;199,132;248,067;251,146;257,149;258,152;269,230;280,069;287,043;288,076;339,053;340,138;356,049;368,229;398,211;421,267;428,063;435,045;453,122;457,031;481,184;483,096;488,059;489,071;495,028;506,050;525,115;557,057;571,254;583,066;593,253;599,187;603,044;613,228;618,121;630,249;659,053;671,233;681,032;687,118;690,069;715,257;723,206;729,065;773,225;822,029;855,057;858,212;863,046;893,192;927,075;930,238;958,099;1015,165;1026,266;1042,264;1044,262;1123,227;1129,165;1132,210;1161,051;1178,040;1189,039;1200,144
130:0,013;34,271;58,266;62,190;65,036;69,068;76,177;102,128;115,101;124,040;138,221;144,008;148,079;192,040;199,189;207,060;220,262;242,272;287,251;339,053;340,138;356,049;398,275;403,102;436,229;442,075;450,138;457,031;469,205;488,059;522,217;532,215;540,235;554,119;557,057;568,251;583,066;601,061;637,151;690,069;705,125;729,065;754,206;773,079;781,108;815,225;840,243;845,204;869,153;879,144;921,061;927,075;945,138;953,068;964,125;967,031;989,083;1012,066;1022,261;1028,067;1062,094;1078,139;1079,059;1083,115;1087,029;1090,063;1091,160;1124,193;1138,233;1178,234
131:0,014;14,154;38,043;52,066;86,122;170,203;232,057;279,238;293,033;320,034;334,158;357,032;391,028;402,039;413,216;461,243;570,028;598,030;632,045;647,268;781,069;798,066;813,044;836,036;849,058;850,069;874,067;884,250;971,142
132:0,014;15,185;19,215;38,043;55,151;68,218;72,074;90,103;92,220;116,268;146,031;167,068;171,141;185,045;196,053;231,116;232,057;243,182;253,029;265,158;271,055;285,272;292,040;293,033;318,250;319,175;320,034;334,158;391,028;397,254;415,070;422,054;428,243;477,058;490,223;562,151;570,028;585,073;588,166;600,108;612,105;647,268;696,054;708,204;713,201;746,222;784,136;798,066;800,115;805,214;813,044;822,224;836,036;844,072;849,058;864,142;873,043;874,067;895,267;903,069;910,240;926,120;939,057;942,031;957,246;996,272;998,104;1036,042;1046,166;1063,059;1079,102;1093,095;1099,233;1144,129;1189,075;1192,104
133:0,014;11,044;19,215;38,170;72,074;82,172;104,061;121,048;135,047;146,031;170,203;180,065;199,131;253,029;271,055;286,183;292,040;298,175;598,030;628,036;637,155;654,041;667,126;784,059;800,115;868,157;874,067;900,142;903,069;924,206;1036,042;1043,034;1046,274
134:0,014;20,208;52,066;69,080;104,095;111,265;121,183;122,270;135,047;149,089;173,070;180,065;196,053;213,073;223,234;232,057;236,178;253,029;261,085;268,170;271,242;294,250;303,032;304,128;319,212;402,039;407,040;428,117;468,027;490,223;516,056;529,121;534,139;560,064;561,256;585,073;598,030;612,105;618,177;623,162;630,082;635,093;654,041;680,275;734,141;739,062;758,088;797,221;799,169;813,044;832,135;836,036;850,069;863,137;874,067;881,198;909,112;1009,064;1021,095;1034,050;1043,034;1060,076;1069,269;1072,256;1118,053;1130,066;1135,135;1156,166;1161,216;1189,075
135:0,014;7,187;11,044;14,155;18,056;20,208;31,068;39,253;52,066;75,110;86,122;88,200;121,122;135,047;146,031;167,068;173,070;180,065;196,053;204,087;213,073;222,062;253,135;269,077;296,033;352,195;357,032;392,068;395,258;402,039;428,243;449,166;454,086;460,204;477,058;495,185;529,191;560,064;569,069;570,028;597,203;598,030;631,207;650,246;697,170;710,151;717,043;727,051;731,058;742,237;780,037;781,069;784,059;798,066;809,100;836,036;850,069;877,167;971,126;982,070;992,197;1034,275;1046,166;1065,029;1072,256;1081,194;1157,094;1164,049;1170,050;1175,089;1189,075;1191,060
136:0,014;17,001;18,056;30,058;47,159;54,238;65,253;87,135;98,060;110,141;121,048;141,028;165,092;201,062;203,113;223,234;232,057;279,157;304,054;320,034;341,230;357,032;365,173;369,202;370,105;386,056;399,136;400,131;402,039;448,260;472,195;516,056;529,191;539,171;556,059;558,261;560,064;561,259;585,073;610,203;628,036;630,116;681,144;696,054;697,170;720,222;734,161;739,062;783,144;798,066;804,264;813,044;816,091;844,097;849,058;870,198;874,080;878,211;882,068;884,250;910,156;917,127;933,226;939,057;957,150;963,111;968,121;982,070;999,085;1011,259;1021,095;1034,050;1043,038;1067,238;1164,143;1170,050;1178,040;1198,096
137:0,014;1,132;11,044;37,040;38,170;64,183;93,252;104,061;134,180;171,068;173,070;183,088;185,045;199,131;222,113;253,135;279,238;292,040;293,033;313,191;359,031;374,196;382,243;391,028;421,198;516,056;534,138;569,069;570,028;575,154;602,175;616,089;628,036;635,093;654,041;667,126;680,275;685,216;696,054;709,153;710,203;715,095;719,166;724,069;769,253;773,223;779,097;784,059;794,275;811,111;836,036;850,069;868,185;871,121;903,069;908,049;910,240;939,057;942,031;952,210;972,115;982,070;1001,047;1011,215;1036,042;1037,062;1046,160;1062,053;1075,128;1175,089;1178,040
138:0,014;45,187;52,066;62,233;66,039;70,131;72,074;117,186;121,048;135,047;146,031;167,068;182,256;185,045;196,053;213,073;220,258;232,057;298,175;304,054;346,140;350,047;351,107;385,251;392,127;394,122;413,216;421,198;432,236;516,056;532,230;539,063;556,051;558,147;561,256;569,069;570,028;581,046;596,133;598,256;628,036;631,207;678,093;696,054;701,065;710,151;724,069;731,058;757,119;762,173;781,069;806,077;809,251;813,044;816,091;882,068;892,078;899,166;903,069;913,037;924,206;939,057;964,257;1034,050;1048,040;1049,250;1050,235;1063,059;1067,238;1075,128;1157,233
139:0,014;6,161;11,044;14,088;38,043;54,183;70,253;82,172;104,061;134,231;142,148;146,031;191,119;196,053;220,258;232,057;243,182;253,029;266,186;271,055;286,132;292,040;303,224;304,054;320,034;339,271;346,140;399,136;428,117;432,174;433,265;440,148;477,058;498,134;516,123;570,028;602,233;628,036;630,082;632,045;637,151;654,041;671,048;693,026;701,257;709,153;717,040;724,069;731,058;739,062;748,190;794,275;826,140;827,108;836,036;846,119;860,080;864,142;905,190;982,070;992,197;999,085;1034,050;1043,034;1044,194;1056,180;1063,059;1072,096;1161,164;1166,259;1170,050;1178,040;1193,039;1195,100;1196,154
140:0,014;7,003;14,154;49,069;54,238;121,048;122,270;130,159;134,231;175,255;180,065;194,141;196,053;213,073;228,223;232,057;271,242;278,228;286,183;292,040;293,033;304,054;318,068;320,034;339,267;341,131;351,107;357,032;394,122;456,035;460,204;477,058;490,236;516,056;529,103;560,223;561,259;585,073;594,072;600,108;623,071;637,155;654,041;671,095;710,129;712,254;715,201;730,080;739,062;743,092;781,069;794,143;822,224;849,058;851,115;912,197;940,149;942,031;957,150;964,069;971,142;979,200;980,051;1009,064;1021,181;1034,050;1040,103;1063,059;1073,088;1105,243;1108,233;1131,259;1187,033;1189,075;1195,100
141:0,015;24,156;25,077;28,081;44,173;53,179;59,028;64,204;97,138;116,066;118,146;151,167;174,034;185,135;189,067;211,230;213,106;230,040;236,182;237,226;249,159;258,054;277,110;292,048;296,040;298,160;304,198;309,173;339,068;363,274;370,205;444,141;469,225;472,058;473,038;477,237;512,138;514,207;519,111;575,045;595,237;598,173;604,063;607,064;613,231;614,046;615,253;623,067;625,232;638,239;641,046;644,029;656,198;691,067;703,036;709,188;716,126;720,040;765,244;772,237;799,165;813,081;831,137;839,261;867,051;881,042;905,049;914,200;917,058;947,254;965,055;989,211;1038,060;1046,058;1048,104;1091,049;1096,064;1128,043;1143,270;1150,239;1162,140;1168,191;1187,050
142:0,015;4,131;35,157;224,147;230,040;231,115;258,054;261,220;292,048;301,275;312,105;384,149;388,148;405,164;477,237;488,188;495,190;516,045;535,237;575,045;587,181;604,063;612,119;613,064;614,046;621,174;641,046;646,263;664,030;668,108;714,176;729,088;734,049;740,124;764,232;852,084;901,053;904,125;915,034;963,139;966,043;987,249;989,211;1019,041;1025,137;1029,203;1059,186;1062,063;1073,107;1138,111;1146,085;1160,184;1174,144;1179,063;1185,242;1197,201
143:0,015;24,038;73,062;78,268;100,152;113,196;132,057;151,183;154,075;156,051;162,261;174,034;189,067;213,106;230,040;235,118;239,089;265,264;297,056;301,245;330,270;332,090;339,068;350,082;395,042;405,164;467,036;473,164;483,084;570,218;575,045;586,057;613,231;614,046;622,167;641,046;644,029;645,199;717,030;728,054;731,174;734,049;740,124;753,268;867,051;881,042;882,092;941,268;963,223;965,055;993,146;1001,169;1004,218;1019,041;1031,207;1039,145;1048,104;1094,107;1098,251;1119,040;1125,074;1158,197;1179,063;1185,246;1187,050
144:0,015;13,064;25,077;58,184;71,033;104,175;132,222;135,228;150,199;154,075;155,084;162,261;182,114;198,187;230,040;232,151;234,077;252,164;258,054;261,220;277,110;292,048;294,250;339,068;367,148;455,099;467,036;476,182;480,098;547,061;548,086;586,057;604,063;610,113;621,174;662,252;664,030;668,062;674,102;686,274;691,067;697,167;702,066;709,188;715,199;731,032;761,145;772,132;783,274;787,045;794,057;807,139;822,096;890,234;897,141;915,034;953,104;954,201;984,243;987,249;1012,071;1019,041;1029,060;1030,233;1038,060;1053,030;1062,063;1073,200;1091,049;1105,225;1165,027;1176,219;1179,063
145:0,015;31,156;57,065;58,184;71,033;100,152;154,075;176,151;196,129;230,040;237,226;244,127;258,054;265,264;283,038;293,197;297,056;309,173;370,274;384,231;396,210;406,191;458,189;467,036;473,038;512,138;548,086;561,125;568,228;575,045;590,037;613,229;621,173;622,167;641,046;656,073;664,030;668,062;677,225;686,100;690,217;727,115;733,102;734,049;749,228;755,130;817,058;839,168;878,230;882,126;892,086;904,125;1004,110;1008,222;1028,078;1038,060;1040,168;1057,092;1091,049;1092,026;1098,033;1102,154;1150,206;1154,242;1181,049
146:0,015;4,219;83,078;154,075;170,201;174,034;189,067;190,027;198,187;204,040;205,223;225,059;234,077;277,256;283,038;315,053;328,205;332,045;334,257;340,153;348,217;363,274;427,195;436,062;446,235;473,038;486,267;515,130;516,045;521,139;526,145;545,218;630,100;641,046;655,255;656,198;681,039;690,217;691,067;701,194;704,130;717,030;727,115;740,032;751,243;768,095;772,169;787,045;806,145;817,058;836,031;839,168;844,096;867,051;882,126;953,037;963,223;965,055;984,180;1091,037;1100,051;1113,140;1117,182;1178,040;1179,063
147:0,015;17,231;57,065;71,033;113,196;132,057;154,075;174,034;194,103;258,054;271,210;297,056;301,245;575,045;586,057;604,063;614,046;623,067;639,274;717,030;734,049;744,032;749,228;915,034;931,126
148:0,015;23,117;38,100;71,033;72,188;118,146;125,271;128,263;132,057;140,250;207,270;231,115;258,054;302,095;306,116;339,068;366,055;370,205;395,042;400,235;417,110;450,070;457,212;467,036;472,058;479,259;494,176;586,057;608,248;623,067;626,083;641,046;644,029;668,108;687,138;696,027;697,167;734,049;758,097;768,251;787,045;798,166;799,041;824,062;831,227;841,110;855,104;875,244;947,254;948,134;963,139;1038,060;1050,189;1091,049;1102,154;1137,129;1176,219;1181,049;1185,242;1190,108
149:0,015;6,242;23,117;30,062;33,047;35,157;57,065;64,204;71,033;120,141;154,075;193,074;196,129;200,103;229,085;230,040;244,127;258,054;262,112;283,038;290,186;292,048;297,056;301,275;323,098;328,205;352,215;357,060;381,046;384,195;395,042;406,191;467,036;471,250;479,259;516,045;525,064;526,145;580,260;604,063;620,265;623,218;629,110;640,104;644,029;645,199;664,030;668,062;670,089;698,051;705,108;734,049;737,210;750,234;787,045;807,139;817,058;839,261;881,042;897,141;983,161;991,081;999,194;1031,214;1038,040;1061,174;1066,146;1071,165;1091,049;1100,051;1140,203;1144,065;1185,246
150:0,015;24,055;43,090;50,184;57,065;59,100;61,080;72,188;117,156;119,192;132,057;151,167;174,034;189,067;207,270;241,173;274,240;292,048;293,213;297,056;301,232;374,188;391,030;396,210;425,083;438,135;442,227;466,035;467,036;471,250;472,058;494,176;498,162;528,126;530,112;614,274;644,029;645,145;649,105;730,130;734,049;737,210;747,260;765,244;843,132;852,213;867,051;881,042;907,265;915,034;966,136;981,157;984,231;993,146;1051,212;1055,273;1073,107;1090,135;1100,051;1105,225;1107,164;1131,078;1163,152;1179,069;1181,049;1187,050;1191,215
151:0,016;14,147;37,040;42,070;54,126;220,043;221,228;324,060;357,265;561,029;572,027;589,051;617,163;880,037;888,061;905,072;938,052;954,057;980,051;994,042;1018,037;1050,140;1165,027;1184,041;1186,193
152:0,016;22,134;30,051;42,070;54,126;78,075;91,171;111,099;136,044;159,209;246,066;257,067;259,215;276,127;288,037;309,255;394,074;413,125;566,064;577,068;589,051;632,226;650,038;686,027;703,058;704,174;1111,040;1140,116
153:0,016;20,085;42,070;57,113;64,068;65,155;73,264;77,066;78,075;111,244;156,052;186,109;257,067;267,040;283,033;288,037;308,050;309,110;800,043;804,056;808,258;843,163;954,057;966,043;978,056;994,042;1021,156;1090,034;1101,040;1121,047;1153,198
154:0,016;1,145;30,051;37,040;65,155;80,252;85,251;97,178;181,198;186,109;217,063;224,076;245,227;246,066;252,039;257,105;267,040;273,052;304,131;308,050;332,052;337,071;357,265;361,135;367,197;394,074;410,205;413,125;431,122;435,045;476,088;499,062;521,184;536,274;541,032;551,083;561,029;566,064;568,191;572,027;574,204;583,214;599,266;601,030;610,172;618,033;632,226;658,062;676,180;686,027;689,099;703,058;712,257;719,033;726,045;740,158;789,260;800,043;806,231;808,258;855,199;873,190;905,072;929,261;938,052;960,142;966,043;986,038;988,237;994,042;1002,084;1018,037;1035,223;1043,038;1050,140;1062,028;1068,179;1104,228;1121,047;1134,223;1137,041;1143,197;1165,027;1171,054;1180,031;1181,261;1184,041;1186,193;1194,064
155:0,016;28,163;30,051;39,164;42,070;48,239;57,113;64,068;73,117;77,066;91,171;140,129;154,252;156,052;171,220;217,063;220,043;221,036;236,175;246,066;258,167;274,226;283,033;285,270;288,037;290,138;308,050;347,114;361,097;366,223;374,063;380,223;411,047;419,031;453,223;456,245;461,175;486,121;499,062;512,132;529,119;555,241;561,029;586,102;635,059;640,080;650,038;653,163;658,099;669,247;686,027;697,240;703,058;713,157;774,014;792,133;796,109;800,043;804,056;805,132;820,255;856,220;857,169;861,074;882,068;884,213;949,141;954,133;988,237;1001,193;1009,126;1020,162;1071,106;1078,096;1090,034;1116,184;1121,047;1124,055;1140,116;1156,161;1165,027;1167,222;1184,041;1188,195
156:0,016;14,147;64,068;77,066;78,075;109,238;257,067;267,040;283,033;288,037;304,131;365,035;411,047;419,225;512,032;530,173;536,026;541,032;553,126;566,064;568,191;572,027;589,051;618,033;635,059;650,038;658,062;671,069;686,027;703,058;704,213;1062,028;1071,106;1091,061;1101,040;1121,047;1156,141;1184,218
157:0,016;14,155;49,069;62,233;64,068;73,264;86,185;90,189;91,110;136,044;150,066;169,249;194,088;217,063;220,043;221,036;224,200;264,225;267,040;288,194;308,050;309,255;324,060;365,035;367,197;394,074;398,211;403,027;406,198;409,209;411,047;423,062;442,082;455,202;499,062;504,077;512,032;536,274;541,032;544,028;569,052;570,028;574,204;577,068;602,041;610,172;627,239;635,059;642,154;650,038;658,062;662,259;671,069;689,099;703,058;704,174;710,179;822,047;829,273;861,074;875,104;888,061;909,130;920,150;952,210;954,057;960,142;964,232;966,043;973,059;984,119;1004,072;1018,037;1050,189;1056,050;1059,197;1062,028;1065,139;1090,034;1091,061;1093,124;1101,040;1121,047;1127,245;1143,031;1158,237;1167,222;1171,054;1184,218;1189,079
158:0,016;1,156;22,134;30,051;37,040;44,147;56,099;132,240;136,044;143,101;217,063;221,228;247,152;257,067;264,078;273,052;283,033;289,249;308,050;324,060;365,035;406,198;411,047;419,031;430,102;435,045;455,202;488,155;490,049;494,189;499,062;518,029;531,077;536,026;554,036;555,241;577,068;584,071;594,029;618,033;627,239;640,080;650,038;658,062;662,259;671,069;676,180;703,058;704,213;735,097;738,189;800,043;803,190;804,056;832,105;861,074;880,037;884,233;892,222;905,072;911,150;918,129;938,052;963,166;980,051;990,142;992,266;995,156;1018,037;1043,038;1054,186;1080,208;1091,061;1093,124;1121,047;1160,029;1161,028;1171,054;1172,106;1179,272;1194,064
159:0,016;14,150;37,040;48,239;77,066;85,251;120,121;132,150;136,044;143,101;181,185;217,063;220,043;221,036;247,152;259,116;267,040;276,127;283,033;291,232;308,050;309,110;324,060;356,209;365,035;380,223;394,074;416,041;419,225;448,185;454,173;469,163;512,132;526,076;545,243;566,064;572,027;577,068;596,061;599,266;627,039;642,202;657,173;658,062;669,247;687,240;703,058;704,128;707,199;713,157;735,126;749,166;755,063;761,232;774,043;797,033;804,056;805,132;860,123;861,074;871,127;880,037;892,222;945,031;956,255;963,166;978,056;984,122;994,042;1011,125;1043,079;1054,186;1056,050;1069,053;1077,111;1091,061;1100,263;1101,040;1114,118;1121,047;1155,186;1171,054;1180,133;1184,041;1187,153;1195,116
160:0,016;10,271;20,085;28,145;30,051;56,099;73,117;78,075;105,098;110,069;111,244;156,052;181,198;235,101;238,254;246,066;259,215;267,040;273,052;274,226;308,050;324,060;365,035;414,231;419,031;426,233;430,249;435,045;442,082;456,185;499,062;506,150;512,032;525,064;526,076;530,173;617,163;635,059;645,227;650,038;671,069;681,034;687,240;691,067;705,050;710,043;733,101;744,193;755,063;763,166;775,241;777,092;792,133;800,043;803,190;896,156;905,072;911,150;938,052;947,248;954,057;975,082;980,051;992,161;998,038;999,144;1002,084;1016,164;1020,214;1035,223;1039,089;1048,272;1056,050;1062,028;1079,166;1129,242;1132,090;1148,161;1153,198;1155,186
161:0,017;3,137;18,110;23,026;44,072;51,116;55,031;91,081;114,033;133,171;141,084;152,080;166,158;189,071;198,122;210,066;235,146;240,052;272,029;315,038;322,231;346,036;403,134;407,040;415,070;417,107;433,134;455,029;463,040;466,078;480,190;485,037;486,194;557,040;564,087;567,264;587,261;595,228;640,074;643,122;653,261;666,057;677,258;681,073;724,203;796,075;799,269;837,046;851,178;853,085;900,032;902,056;916,071;922,028;944,202;975,055;990,145;1047,236;1061,115;1064,186;1068,218;1069,064;1079,059;1083,243;1152,191;1156,189;1165,253;1169,145;1172,029;1179,201;1200,068
162:0,017;22,128;23,026;24,055;53,140;66,152;68,267;74,036;91,081;114,033;116,179;123,175;185,173;189,071;224,088;232,166;252,051;265,026;267,113;284,247;336,261;337,041;346,036;359,020;361,113;379,073;399,046;407,040;415,070;452,147;455,029;458,050;462,098;486,194;491,225;505,183;510,053;541,032;561,220;575,041;600,057;601,182;628,107;677,258;680,165;681,073;688,242;714,169;720,230;728,082;730,219;765,202;773,271;777,095;785,027;790,081;796,075;809,228;811,140;873,183;922,028;933,130;976,164;981,265;1034,253;1052,070;1076,184;1084,250;1089,195;1092,089;1107,020;1113,195;1139,065;1145,148;1200,068
163:0,017;27,237;37,052;55,031;91,169;101,067;114,168;160,265;165,034;166,191;196,130;220,033;230,216;240,052;252,051;273,247;285,041;288,224;292,031;294,221;310,051;322,270;323,073;342,168;346,036;359,031;376,127;386,242;389,113;399,046;401,217;415,070;416,029;429,199;452,147;458,050;461,171;468,081;510,053;525,225;536,026;546,159;553,251;557,040;568,114;575,041;604,091;610,178;615,153;639,189;640,074;650,038;676,266;683,103;692,049;693,139;696,080;713,031;733,267;776,089;779,056;796,075;808,094;816,057;829,080;900,032;902,056;916,071;922,028;949,168;954,248;971,029;981,265;990,145;991,169;1034,263;1047,081;1052,070;1074,268;1090,136;1091,074;1092,089;1094,050;1115,156;1125,074;1139,065;1141,038;1146,075;1153,123;1172,238;1188,143;1191,060;1194,178;1200,068
164:0,017;17,264;54,028;55,031;74,036;99,186;189,071;216,267;292,031;310,051;312,119;323,073;337,041;379,073;399,046;403,134;441,199;535,051;557,040;575,041;602,050;608,123;971,029;1001,044;1008,136
165:0,017;37,119;74,036;96,035;101,036;141,084;177,120;183,050;191,119;220,033;228,157;231,116;252,051;276,119;285,220;292,031;319,089;323,073;334,256;361,251;399,046;410,238;417,107;455,029;468,051;477,086;499,208;515,218;527,195;535,051;540,235;554,082;556,236;557,040;583,066;595,207;602,069;610,178;623,075;640,185;649,202;651,160;662,101;683,030;696,080;706,158;707,200;713,031;724,069;733,270;763,044;776,203;796,075;799,269;808,062;811,140;816,057;833,101;840,058;847,081;849,058;855,230;870,032;876,038;885,227;916,071;922,028;940,218;948,202;963,052;968,040;975,204;1019,054;1041,266;1054,233;1055,252;1069,064;1078,110;1089,202;1090,034;1094,099;1125,074;1141,038;1153,123;1199,139
166:0,017;12,075;17,264;37,052;75,138;91,169;165,034;179,078;183,050;185,173;189,071;210,091;220,033;240,052;266,199;273,224;285,041;286,205;292,031;312,119;334,256;337,041;346,036;347,258;359,031;386,242;455,029;480,190;510,053;511,270;513,113;516,045;533,144;551,038;554,082;591,216;629,143;632,112;640,074;649,033;684,046;688,242;713,031;715,177;812,272;816,057;829,240;837,046;851,105;874,265;900,032;902,056;910,120;928,057;940,218;957,104;963,052;970,273;971,029;983,140;999,161;1001,203;1021,258;1032,212;1051,143;1052,070;1062,063;1068,197;1092,140;1094,050;1103,265;1127,268;1136,140;1141,038;1158,149;1166,180;1172,029;1199,139
167:0,017;24,055;28,202;30,222;37,052;54,028;103,106;114,033;123,080;165,034;174,218;183,050;191,066;203,262;210,066;220,033;235,203;240,052;273,105;292,031;314,198;337,041;349,081;379,073;406,063;432,145;502,195;505,103;527,222;528,073;533,144;535,051;546,159;557,040;568,228;571,249;575,041;596,097;601,182;622,130;625,172;629,247;640,074;648,134;673,138;681,073;706,158;721,146;827,141;837,046;853,085;874,131;900,032;925,248;942,274;964,236;971,029;972,141;974,156;976,099;990,199;1001,044;1032,212;1094,050;1095,094;1099,272;1108,195;1121,165;1125,074;1128,247;1139,065;1141,038;1156,189;1172,029;1191,060
168:0,017;18,110;54,028;55,031;74,036;99,186;101,067;112,085;114,033;117,243;210,066;232,166;285,041;286,205;310,051;323,073;337,041;359,031;379,073;399,046;410,238;602,050;608,123;681,073;713,031;729,220;785,027;790,198;902,056;922,028;952,097;1069,064;1094,099;1125,074;1146,075;1158,149
169:0,017;23,026;27,237;37,052;55,031;74,036;101,067;112,085;165,034;183,050;189,071;220,033;252,051;285,041;292,031;310,051;322,231;458,050;468,081;510,053;528,073;535,051;557,040;587,261;713,031;729,220;870,032;902,056;922,028;952,097;1146,075;1172,029;1200,068
170:0,017;3,137;23,026;24,055;38,208;44,222;52,094;54,028;75,138;101,067;120,274;206,242;210,066;220,033;240,052;287,043;296,088;337,041;346,036;362,120;365,113;399,046;407,040;415,070;416,029;428,124;450,070;470,174;477,086;525,225;535,051;536,140;561,220;571,038;589,207;610,112;640,074;643,122;677,221;703,118;759,079;765,099;785,027;801,043;802,261;816,057;833,101;863,139;870,032;874,131;885,227;910,120;916,071;917,121;918,103;919,151;925,248;963,052;964,236;983,140;1001,044;1008,136;1023,169;1052,070;1068,197;1073,236;1094,050;1103,206;1139,086;1179,201;1191,060;1195,105;1200,068
171:0,018;6,242;20,190;33,063;46,174;62,047;73,100;82,031;88,247;97,060;101,036;106,261;116,112;123,054;133,226;144,037;150,044;167,068;179,228;188,158;203,036;214,040;216,230;218,071;271,221;301,255;303,079;311,274;318,068;320,048;334,184;337,116;353,221;376,027;383,201;396,115;403,209;409,141;416,041;418,144;428,124;433,216;434,152;438,027;455,120;459,094;471,099;482,079;492,049;498,126;506,178;524,031;525,064;526,059;534,247;596,061;599,218;600,167;613,255;618,037;623,075;638,071;643,048;652,102;656,056;659,053;669,187;692,052;716,033;733,164;743,040;747,190;773,262;780,037;788,222;797,033;818,226;866,094;876,166;886,272;889,151;909,053;949,169;993,048;1006,157;1008,115;1061,183;1072,054;1081,090;1111,155;1146,148;1152,112;1186,124;1191,044;1194,056
172:0,018;22,045;27,124;97,060;112,091;118,105;146,039;155,047;182,159;203,036;218,071;359,020;362,055;385,060;438,027;501,112;525,064;534,038;601,031;618,037;631,054;635,103;643,048;650,079;1191,044
173:0,018;16,173;59,052;68,236;144,037;154,028;155,047;189,178;195,140;203,036;218,071;359,020;366,141;506,075;524,031;526,059;534,038;596,061;601,031;618,037;619,224;631,054;638,071;650,079;656,056;668,093;868,063;894,065;909,053;993,048;1008,115;1096,064;1111,155
174:0,018;16,228;122,064;123,054;138,189;150,044;164,251;218,071;359,020;362,055;383,201;385,060;438,027;495,069;501,112;534,038;596,061;600,115;623,075;638,071;647,156;1144,056;1166,035;1191,044
175:0,018;27,124;33,063;39,253;68,236;82,031;83,160;86,043;93,063;95,112;122,064;127,273;144,037;155,121;160,108;163,130;164,251;169,110;186,102;190,030;193,145;204,118;207,111;218,071;238,194;278,180;318,068;320,048;327,204;359,020;366,134;385,060;434,152;490,255;495,069;506,178;514,200;526,059;561,029;568,114;631,054;634,069;638,206;675,082;708,189;733,123;749,060;756,050;773,262;780,037;782,125;797,033;817,151;909,053;982,175;993,048;996,216;1011,049;1018,236;1072,054;1081,050;1085,139;1099,039;1137,129;1142,106;1144,056;1158,092;1166,035;1185,178;1186,244;1191,044
176:0,018;20,190;62,047;76,266;82,031;86,043;95,112;101,036;113,154;130,261;155,047;182,085;320,048;334,184;359,020;362,055;403,176;425,205;495,069;506,075;525,064;534,038;596,061;601,031;623,075;643,165
177:0,018;16,173;33,063;59,052;67,237;122,064;123,054;144,037;154,028;155,047;182,085;203,036;218,071;359,020;362,055;385,060;442,262;506,075;514,200;524,031;526,059;530,260;816,093;909,053;994,207
178:0,018;4,140;59,052;62,047;65,087;71,038;73,028;88,247;97,060;101,036;116,082;123,054;138,200;146,039;150,044;154,028;177,120;179,228;184,072;215,169;275,160;278,117;366,141;385,060;403,176;406,177;418,144;438,027;482,079;517,032;518,129;525,064;527,146;534,247;543,061;544,206;563,237;618,037;620,148;631,054;634,069;643,165;656,056;669,170;676,121;717,105;724,127;743,230;744,051;759,251;782,125;797,033;809,153;847,259;869,234;909,053;919,149;993,048;996,216;1042,071;1060,108;1084,233;1099,039;1132,168;1144,056;1157,178;1181,049;1185,156
179:0,018;4,140;16,228;59,052;64,134;86,043;88,275;96,263;106,261;127,273;142,200;150,044;154,028;159,111;181,270;202,044;206,242;259,201;266,108;271,221;287,105;327,204;359,020;362,055;398,181;438,027;490,255;495,069;525,064;526,059;534,087;557,057;563,097;631,054;635,103;643,048;647,156;652,102;676,236;709,121;795,208;817,151;827,090;837,166;868,063;869,253;878,109;885,238;894,273;928,226;963,052;970,164;1067,262;1072,054;1085,251;1092,136;1096,064;1099,039;1132,168;1144,056;1152,194;1154,107;1166,035;1185,156;1191,044;1197,223
180:0,018;23,064;62,047;66,063;67,237;86,043;96,263;97,060;116,066;118,105;146,039;165,034;169,110;173,070;181,270;203,036;225,227;318,068;320,048;342,168;378,245;436,032;450,227;506,075;509,108;515,179;524,031;530,260;534,087;575,228;600,115;620,148;631,054;634,069;637,206;638,071;648,134;654,201;656,056;669,176;734,164;780,037;792,132;797,033;799,235;809,153;826,149;830,240;833,146;841,071;843,139;868,063;888,074;902,056;928,226;932,107;943,240;944,202;948,215;978,256;982,273;988,090;991,190;994,239;1018,258;1062,028;1065,273;1072,054;1075,050;1084,233;1096,064;1099,039;1134,185;1139,191;1144,056;1151,093;1156,106;1163,181;1166,035;1194,056
181:0,019;1,116;65,062;72,074;80,221;101,049;111,073;113,070;135,059;159,192;215,074;232,204;256,030;268,041;277,065;282,062;296,199;313,057;354,162;375,262;382,072;398,275;404,135;425,108;435,029;439,183;460,262;485,041;487,042;495,050;507,038;528,230;553,194;562,151;570,189;580,151;599,248;605,207;630,055;636,271;642,272;644,062;650,060;655,169;660,218;668,183;674,040;677,088;680,064;684,046;694,051;701,065;709,091;734,230;744,051;763,107;771,238;800,043;807,175;833,069;837,087;844,062;848,118;912,054;915,034;919,264;930,065;952,263;959,146;966,075;971,243;981,116;1006,068;1018,107;1058,227;1103,159;1143,061;1144,065;1145,183;1151,253;1181,093;1185,250;1192,261;1194,056
182:0,019;24,038;29,097;36,049;50,068;53,043;63,189;101,049;105,159;224,199;289,055;298,053;305,168;313,057;369,036;403,027;428,261;464,224;487,042;495,050;530,122;619,049;629,048;644,062;658,047;674,040;684,046;701,065;727,111;862,067;869,161
183:0,019;18,056;20,194;36,049;63,189;65,062;76,028;78,238;85,095;90,160;103,048;105,159;111,073;118,171;121,206;135,059;147,246;243,049;259,158;260,146;271,034;272,247;282,062;289,055;306,207;313,057;332,156;368,065;385,247;414,055;416,255;427,028;428,261;432,028;435,029;437,224;461,261;559,128;580,142;617,178;619,049;632,045;642,272;658,047;659,077;669,274;674,040;680,064;705,026;717,090;722,186;732,076;737,048;744,051;758,178;862,067;867,059;869,161;905,049;916,167;919,264;966,075;981,242;987,152;1014,054;1017,202;1030,126;1051,145;1130,196;1140,028;1143,061;1151,253;1158,250;1167,272;1178,042;1182,032;1186,034;1192,204
184:0,019;67,261;101,049;106,096;115,271;125,149;137,044;142,160;168,048;175,094;192,045;199,127;215,074;222,215;228,173;242,238;250,047;256,030;262,217;282,062;289,223;298,053;299,042;300,273;309,069;313,057;370,195;450,070;466,260;490,192;493,168;495,050;531,204;554,051;560,268;562,052;563,036;595,223;618,158;677,088;716,033;732,076;737,048;743,050;744,051;770,145;834,240;858,083;867,059;877,167;881,035;888,083;894,207;895,237;953,178;958,261;970,272;975,043;980,102;1006,068;1034,040;1039,098;1089,256;1098,208;1109,068;1139,065;1140,028;1153,155;1156,153;1178,042;1186,034;1196,154;1199,126
185:0,019;20,194;65,062;68,107;113,070;160,148;186,030;201,196;313,057;363,139;377,036;380,208;382,072;403,027;435,029;443,109;495,050;532,242;615,152;672,047;675,030;676,197;744,051;758,178;833,112;912,174;975,043;980,102;1080,210
186:0,019;29,161;36,049;57,177;68,107;74,062;83,031;85,095;101,049;111,073;118,087;128,186;160,148;186,030;191,173;215,074;224,199;250,047;256,030;272,247;273,052;289,223;303,199;313,057;320,149;377,036;382,072;400,045;403,027;422,130;437,224;485,041;487,042;507,038;531,152;619,245;628,071;630,198;633,125;639,158;669,191;674,040;675,030;680,064;696,262;701,065;722,186;763,107;811,164;822,163;829,166;833,200;846,064;849,099;862,067;873,125;881,035;895,251;926,197;933,204;962,040;971,243;1014,054;1017,202;1024,241;1030,137;1037,062;1049,232;1070,038;1080,159;1109,068;1113,108;1178,042;1190,092
187:0,019;29,097;50,068;53,043;65,062;91,109;101,049;109,253;111,073;119,116;135,047;146,271;201,196;215,074;228,223;282,062;292,174;298,053;299,042;329,235;368,065;372,099;395,042;404,135;485,041;487,042;512,032;532,242;562,052;574,198;580,186;617,127;619,049;630,198;642,183;658,047;674,040;675,030;677,034;683,070;684,046;697,089;701,065;723,104;731,129;734,183;737,048;755,253;873,125;881,035;895,237;901,053;915,089;966,075;987,152;1014,054;1026,102;1027,059;1052,227;1070,038;1072,145;1100,176;1140,028;1143,061;1150,225;1186,034;1193,158
188:0,019;25,174;29,161;36,049;56,053;67,268;79,259;113,070;135,059;147,246;215,074;219,087;222,215;250,047;256,030;260,146;298,053;299,042;321,135;377,036;380,208;439,183;494,201;507,038;519,096;530,122;556,059;559,128;562,052;580,186;629,048;649,109;658,047;667,109;680,064;696,262;701,065;727,111;744,051;751,033;761,059;771,238;780,140;807,175;844,062;858,083;880,037;884,233;912,054;930,065;959,146;966,075;975,043;978,155;1000,081;1006,068;1020,133;1024,148;1098,201;1167,093
189:0,019;23,242;25,174;50,068;53,043;57,177;59,066;78,152;80,221;101,049;143,175;146,271;159,192;250,047;265,026;268,234;282,062;297,087;298,053;305,168;309,069;313,057;332,156;361,132;363,139;369,036;371,217;398,196;403,027;431,263;437,195;475,051;481,091;485,041;487,042;507,038;508,235;510,202;544,051;562,052;572,050;580,142;613,107;619,049;629,048;633,125;674,040;680,064;702,198;716,033;740,181;744,140;786,251;800,041;817,058;833,200;835,119;852,182;867,090;876,232;907,109;912,054;915,089;923,054;930,065;946,099;966,075;981,116;997,033;1024,148;1049,232;1070,038;1080,210;1100,227;1109,068;1113,108;1139,058;1140,028;1145,183;1152,092;1178,042;1192,261
190:0,019;3,166;50,068;63,105;112,171;113,070;160,169;186,030;191,173;232,204;250,047;260,207;267,232;268,234;282,062;289,055;300,273;306,207;309,069;315,038;319,161;368,065;369,036;375,262;377,036;387,110;406,180;412,140;435,029;443,109;507,038;508,238;522,083;531,204;562,052;580,151;584,035;605,213;606,029;619,245;629,048;630,055;640,106;642,202;644,062;660,218;675,030;676,197;684,046;696,054;722,234;739,062;744,140;756,126;776,110;844,062;852,182;905,049;912,054;920,130;935,161;975,043;982,180;983,123;1018,107;1032,161;1045,179;1070,038;1074,182;1085,097;1097,221;1110,174;1133,146;1140,028;1164,215;1166,087;1170,050;1178,042;1186,034;1192,122;1194,056
191:0,020;3,192;66,039;70,026;74,132;111,027;141,090;172,175;182,134;223,239;243,049;247,060;252,132;265,026;267,256;281,081;325,043;340,078;376,209;431,042;438,068;447,151;467,058;468,051;483,263;487,061;502,030;536,179;549,058;563,036;572,104;591,031;592,275;605,242;658,272;736,274;739,183;740,054;755,111;765,069;771,137;777,062;778,214;812,204;833,069;835,119;840,058;848,170;849,268;857,036;867,199;1080,033;1092,144;1104,150;1159,034;1179,257
192:0,020;3,192;66,039;67,163;70,026;96,052;110,117;148,273;164,031;166,204;179,035;188,250;191,069;216,267;223,159;243,049;247,060;255,084;265,026;268,167;276,261;289,102;350,047;370,072;398,257;402,048;409,261;415,056;431,078;450,188;471,049;485,131;487,061;500,091;503,168;510,249;561,188;584,026;592,219;600,110;606,122;632,045;663,169;678,266;696,062;707,253;730,176;732,201;740,054;752,051;761,264;765,069;769,124;772,029;785,056;791,217;840,228;846,044;868,185;914,228;919,204;934,252;938,196;985,162;988,267;999,155;1001,063;1018,267;1041,163;1091,074;1103,178;1110,032;1128,118;1130,181;1148,184;1159,034;1161,165;1177,032
193:0,020;15,163;44,179;94,213;111,027;113,228;160,247;162,072;176,089;178,200;183,138;215,101;230,026;243,049;247,123;335,260;340,078;343,076;347,246;351,258;356,178;375,169;391,120;400,045;416,196;417,131;424,137;428,203;438,068;443,221;471,049;484,180;487,061;502,030;511,159;518,029;544,154;563,036;584,026;589,069;595,223;610,085;691,067;692,155;707,253;759,267;765,069;779,087;787,184;834,189;843,237;857,036;868,063;881,060;905,162;941,199;953,127;960,228;964,137;1001,172;1010,053;1019,059;1034,101;1042,071;1087,029;1091,074;1096,143;1101,136;1103,178;1110,032;1125,246;1132,252;1176,069;1177,032;1195,248
194:0,020;17,164;23,090;60,203;66,039;96,035;97,215;108,156;191,069;209,157;247,060;252,164;255,084;269,134;304,219;316,134;325,043;326,165;330,248;386,168;400,045;402,048;415,039;423,273;431,042;438,068;443,221;461,076;467,058;471,049;493,126;494,040;531,030;547,078;563,036;583,066;594,252;692,155;737,091;740,054;742,237;753,066;762,063;765,069;781,086;806,059;828,135;844,264;847,109;931,044;947,118;977,186;1019,059;1036,127;1045,218;1062,230;1081,214;1088,112;1155,093;1177,137
195:0,020;15,269;49,156;66,039;70,026;86,201;93,156;97,215;102,100;111,027;149,039;151,124;191,069;203,270;207,065;219,174;230,026;247,123;265,026;270,036;278,123;321,228;325,043;343,038;347,246;365,156;398,257;400,045;409,246;415,056;425,035;428,203;431,042;461,076;462,177;467,058;471,049;494,040;532,181;590,189;594,252;598,238;652,154;663,092;704,157;713,178;729,160;753,066;759,253;762,063;765,069;772,029;777,062;785,261;789,255;790,130;806,059;831,179;840,058;848,173;849,145;857,036;870,274;873,048;879,248;881,060;897,205;904,220;965,055;968,218;975,080;977,190;1017,038;1019,059;1041,163;1177,032
196:0,020;1,212;17,164;39,048;49,039;65,165;86,201;102,041;111,027;135,266;160,066;183,138;184,099;191,069;199,135;247,060;259,248;313,230;347,260;350,047;391,120;493,126;575,166;584,026;587,080;589,069;601,051;607,240;613,176;665,140;696,062;704,128;711,230;740,054;755,202;762,063;785,120;789,209;794,251;818,146;838,236;846,044;849,145;857,036;862,067;863,209;881,060;884,036;904,220;907,049;918,234;938,158;958,065;960,228;984,264;1010,053;1019,059;1021,121;1027,143;1073,239;1090,034;1098,201;1102,240;1125,261;1187,155;1193,080
197:0,020;15,269;36,110;111,027;152,205;265,026;269,134;350,047;383,058;402,048;409,261;415,056;434,149;502,030;518,029;545,179;753,066;772,029;777,062;779,087;840,058;850,239
198:0,020;9,107;16,065;23,090;24,225;102,041;147,126;162,072;174,142;179,033;182,134;206,271;207,250;218,071;219,087;224,229;230,026;246,192;247,060;275,160;325,043;329,139;336,079;350,047;378,235;415,056;424,207;429,096;431,078;466,038;468,242;471,049;494,040;517,103;544,154;550,214;589,069;612,099;616,164;621,157;627,104;646,051;650,246;704,073;713,178;731,058;746,110;753,066;768,223;771,137;778,214;780,101;791,217;794,143;806,059;843,237;848,170;881,060;889,051;909,255;928,036;929,261;1010,053;1019,059;1049,031;1061,267;1110,032;1115,274;1119,240;1132,262;1138,239;1143,061;1144,259;1150,144;1191,050;1195,134;1199,104
199:0,020;9,107;66,039;74,132;162,072;178,200;243,049;252,132;451,229;487,061;510,249;591,031;622,129;762,063;768,223;846,044;857,036;863,209;958,065;968,218;1091,074;1104,150;1110,032;1125,246;1153,252
200:0,020;1,212;42,203;66,039;70,026;83,202;102,041;132,240;137,117;141,216;152,205;159,083;162,072;166,204;191,069;207,250;230,026;276,261;313,117;315,053;342,228;373,265;381,087;383,058;386,168;400,045;417,131;423,273;431,042;450,161;451,215;454,078;458,084;467,058;471,049;494,040;518,029;543,144;577,114;584,026;589,069;616,164;629,048;632,227;659,077;688,081;696,062;707,090;772,029;775,200;777,062;780,101;806,059;826,066;828,135;831,204;850,239;855,234;881,060;900,112;905,162;949,252;950,107;958,065;959,113;974,118;1011,214;1024,194;1039,098;1056,143;1065,029;1075,085;1109,068;1115,088;1148,241;1159,034;1179,139;1195,248;1199,048
