001:0,001;235,211
002:0,001;195,160
003:0,001;172,087
004:0,001;172,087
005:0,001;234,264
006:0,001;147,177;182,125;1042,004;1138,119
007:0,001;182,125
008:0,001;190,179
009:0,001;507,132
010:0,001;240,240;507,132
011:0,002;805,265
012:0,002;736,194
013:0,002;146,207
014:0,002;1057,228
015:0,002;843,200
016:0,002;952,183
017:0,002;849,111
018:0,002;699,172;856,260
019:0,002;856,260
020:0,002;699,172
021:0,003;867,252
022:0,003;132,222;146,207
023:0,003;610,212;794,003
024:0,003
025:0,003;931,145;950,236
026:0,003;950,236
027:0,003;1066,226
028:0,003;867,252
029:0,003;938,098
030:0,003;876,205
031:0,004;127,081
032:0,004;152,267
033:0,004;114,188;152,267;843,200
034:0,004;16,242;99,083
035:0,004;125,252;129,251
036:0,004;114,188;382,156
037:0,004;99,083
038:0,004;129,251
039:0,004;127,081
040:0,004;16,242
041:0,005;1057,228
042:0,005;1134,187
043:0,005;1096,219
044:0,005;1114,097
045:0,005
046:0,005
047:0,005;1187,239
048:0,005;1131,117
049:0,005;103,257
050:0,005;103,257;1114,097
051:0,006;518,206;1085,022
052:0,006;857,157
053:0,006;1042,004;1085,022
054:0,006;826,195;1042,004;1116,248
055:0,006;986,259;1042,004;1085,022
056:0,006;565,126;810,189;1085,022
057:0,006;1042,004;1092,232
058:0,006;810,189;1042,004
059:0,006;792,024;1077,133;1085,022
060:0,006;854,151;1042,004;1077,133;1085,022
061:0,007
062:0,007;1136,159
063:0,007;1171,166
064:0,007;1066,226
065:0,007
066:0,007;635,178;1151,214
067:0,007;1151,214
068:0,007
069:0,007;498,103;525,007;1102,198;1171,166
070:0,007;149,210
071:0,008;112,182
072:0,008;290,114;952,183
073:0,008;248,152
074:0,008;205,155;902,148
075:0,008;289,141
076:0,008;546,171
077:0,008;290,114
078:0,008;243,138;289,141;546,171
079:0,008;243,138
080:0,008;280,233
081:0,009;770,243;792,024;902,148
082:0,009;792,024;895,256
083:0,009;768,140
084:0,009;792,024;860,088
085:0,009;767,229
086:0,009;792,024;854,151
087:0,009;767,229;792,024;851,109
088:0,009;792,024;882,122
089:0,009
090:0,009;860,088
091:0,010;408,116
092:0,010;478,121
093:0,010;329,197
094:0,010;317,127
095:0,010;317,127
096:0,010;341,181;572,221
097:0,010;373,165
098:0,010;382,156
099:0,010;324,162;478,121
100:0,010;324,162;792,024;820,231
101:0,011;876,162
102:0,011;856,169
103:0,011;805,183;856,169
104:0,011;814,113;1085,022;1194,201
105:0,011;880,204;1187,239
106:0,011;863,085
107:0,011;156,215
108:0,011;234,185
109:0,011;814,113
110:0,011;876,162
111:0,012;105,142;274,023;594,122;615,161
112:0,012;241,114;249,089;274,023;560,142
113:0,012;105,142;274,023;643,134;1024,174
114:0,012;274,023;574,139
115:0,012;274,023;560,142
116:0,012;274,023;574,139
117:0,012;470,186;643,134
118:0,012;234,185;274,023;1024,174
119:0,012;274,023;572,221
120:0,012;233,213;274,023;615,161
121:0,013;444,135
122:0,013;280,271
123:0,013;226,217;292,137;1085,022;1178,163
124:0,013;241,095
125:0,013;263,124
126:0,013;20,128
127:0,013;285,094
128:0,013;241,095
129:0,013;292,137
130:0,013;20,128;263,124
131:0,014;368,076
132:0,014;84,237;85,209
133:0,014;399,100
134:0,014;85,209
135:0,014;320,096;336,249
136:0,014;320,235
137:0,014;332,099
138:0,014;320,096
139:0,014;320,235
140:0,014;336,249
141:0,015;23,149
142:0,015;193,230
143:0,015;261,115
144:0,015;107,227
145:0,015;107,227;110,238
146:0,015;110,167
147:0,015;110,238;368,076;1042,004;1161,266
148:0,015;111,265;128,136
149:0,015;147,177
150:0,015;128,136
151:0,016;8,108
152:0,016;122,274
153:0,016;23,149;48,255;341,181
154:0,016;143,176
155:0,016;9,153
156:0,016;8,108;143,176
157:0,016;9,153
158:0,016;48,255
159:0,016;70,118
160:0,016;84,237
161:0,017;393,102;610,212
162:0,017;373,165;453,193
163:0,017;354,105
164:0,017;428,166;882,122
165:0,017;453,193
166:0,017;193,230;329,104
167:0,017;329,104
168:0,017;440,184
169:0,017;234,264;440,184
170:0,017;623,123
171:0,018;423,106;425,147
172:0,018;384,218
173:0,018;317,173
174:0,018;317,173
175:0,018;211,146
176:0,018;345,202
177:0,018;456,093
178:0,018;306,263
179:0,018;345,202;423,106
180:0,018;425,147
181:0,019;265,269;1134,187
182:0,019;193,091;230,246
183:0,019;179,244;262,077
184:0,019;181,158
185:0,019;262,077
186:0,019;181,158
187:0,019;193,091
188:0,019;216,133;770,243
189:0,019;249,089
190:0,019;230,246
191:0,020;1169,186
192:0,020;1103,222
193:0,020
194:0,020;1110,145
195:0,020
196:0,020
197:0,020;394,101
198:0,020;880,204
199:0,020
200:0,020
