001:0,001;269,209
002:0,001;470,110
003:0,001;342,180
004:0,001;176,186;302,129
005:0,001;475,081
006:0,001;267,235
007:0,001;302,129
008:0,001;416,082
009:0,001;114,259;416,082
010:0,001;248,195;597,198
011:0,002;44,158
012:0,002;106,148;149,098;168,239;186,153
013:0,002;202,227
014:0,002;118,233
015:0,002;195,217
016:0,002;202,227
017:0,002;149,098
018:0,002;195,217
019:0,002;168,239
020:0,002;186,153
021:0,003;101,236
022:0,003;46,136
023:0,003;240,248
024:0,003;184,215
025:0,003;116,258;240,248
026:0,003;145,132
027:0,003;46,136
028:0,003;97,104;145,132
029:0,003;97,104
030:0,003;191,166
031:0,004;101,240
032:0,004;144,099
033:0,004;108,161
034:0,004;367,232
035:0,004;74,221
036:0,004;112,121
037:0,004;71,250
038:0,004;155,124
039:0,004;55,214
040:0,004;71,250
041:0,005;120,226;194,168
042:0,005;173,175;233,220
043:0,005;129,159
044:0,005;6,102
045:0,005;137,275
046:0,005;120,226;137,275
047:0,005;233,220
048:0,005;6,102
049:0,005;166,113
050:0,005;127,255;129,159
051:0,006;236,089
052:0,006;78,222
053:0,006;115,078
054:0,006;34,223
055:0,006;90,146
056:0,006;95,094
057:0,006;115,078;204,210
058:0,006;149,204
059:0,006;41,260;129,093
060:0,006;192,160
061:0,007;41,190;43,269
062:0,007;48,103
063:0,007;43,269
064:0,007;61,118
065:0,007;41,190
066:0,007;26,155
067:0,007;61,118
068:0,007;52,244
069:0,007;48,103
070:0,007;41,134
071:0,008;119,080
072:0,008;52,270
073:0,008;48,254;355,122
074:0,008;123,266
075:0,008;879,100
076:0,008;116,084
077:0,008;277,202
078:0,008;132,090
079:0,008;204,210
080:0,008;355,122
081:0,009;223,157
082:0,009;120,247;140,181
083:0,009;151,228
084:0,009;136,169
085:0,009;6,174;115,176
086:0,009;104,225
087:0,009;140,181;151,228
088:0,009;6,174;136,169
089:0,009;115,176
090:0,009;120,247
091:0,010;963,206
092:0,010;61,200;101,236
093:0,010;636,177;756,231;767,197;979,114
094:0,010;979,114
095:0,010;884,259
096:0,010;756,231
097:0,010;767,197
098:0,010;17,257
099:0,010;884,259
100:0,010;636,177
101:0,011;192,162
102:0,011;171,125
103:0,011;184,109
104:0,011;118,233
105:0,011;171,125
106:0,011;208,170
107:0,011;163,196
108:0,011;184,109;192,162
109:0,011;299,105
110:0,011;101,264
111:0,012;153,106
112:0,012;194,168
113:0,012;181,105
114:0,012;158,117
115:0,012;150,085
116:0,012;152,119
117:0,012;151,188
118:0,012;155,124
119:0,012;1066,174
120:0,012;197,253
121:0,013;46,197;167,178
122:0,013;75,140
123:0,013;351,216
124:0,013;51,184
125:0,013;21,110;248,195
126:0,013;286,273;351,216
127:0,013;356,143
128:0,013;167,178
129:0,013;21,110;286,273
130:0,013;34,223;51,184;75,140
131:0,014;101,182
132:0,014;78,154
133:0,014;129,093
134:0,014;94,211
135:0,014;135,179
136:0,014;71,234
137:0,014;52,244
138:0,014;236,112
139:0,014;13,156
140:0,014;56,109;101,182
141:0,015;24,263;60,131
142:0,015;34,272
143:0,015;60,131;170,199
144:0,015;108,133
145:0,015;24,263
146:0,015;44,151
147:0,015;34,272;55,214
148:0,015;144,213
149:0,015;170,199
150:0,015;144,213;879,100
151:0,016;813,271
152:0,016;680,229
153:0,016
154:0,016;800,226
155:0,016;944,171
156:0,016;668,096;800,226;813,271;944,171
157:0,016;680,229
158:0,016;823,194
159:0,016;443,139
160:0,016;236,089
161:0,017;555,256
162:0,017;123,139;233,095
163:0,017;78,154;150,085
164:0,017;305,194;410,091
165:0,017;108,137
166:0,017;52,270
167:0,017;108,137;555,256
168:0,017;233,095
169:0,017;410,091
170:0,017;269,209
171:0,018;163,196;475,081
172:0,018;32,097;93,218
173:0,018;533,141
174:0,018;34,128
175:0,018;86,219;197,253
176:0,018;93,218
177:0,018;76,194;153,120
178:0,018;157,208
179:0,018;153,120
180:0,018;86,219
181:0,019;821,107
182:0,019;598,238
183:0,019;585,150
184:0,019;589,177;598,238
185:0,019;904,192
186:0,019;585,150;904,192
187:0,019;1012,149
188:0,019;597,198
189:0,019;507,183
190:0,019;116,258;1012,149
191:0,020;305,268
192:0,020;230,135
193:0,020;267,116
194:0,020;229,255
195:0,020;274,201
196:0,020;229,255
197:0,020;166,113;305,268
198:0,020;575,173;611,274
199:0,020;611,274
200:0,020;253,123
