001:0,001;159,089
002:0,001;166,097;214,153
003:0,001;196,092
004:0,001;214,153
005:0,001;130,264
006:0,001;130,264;176,199
007:0,001;83,250
008:0,001;165,115
009:0,001;176,199
010:0,001;83,250
011:0,002;162,270;194,226;259,104
012:0,002;147,227
013:0,002;270,154
014:0,002;147,227
015:0,002;77,170
016:0,002;89,121;134,221
017:0,002;162,270
018:0,002;134,113
019:0,002;194,226
020:0,002;202,160
021:0,003;37,083
022:0,003;126,179
023:0,003;116,200
024:0,003;138,135
025:0,003;78,149
026:0,003;94,183
027:0,003;78,149
028:0,003;37,083
029:0,003;116,200;166,097
030:0,003;109,234
031:0,004;304,139
032:0,004;344,165;452,159
033:0,004;399,172
034:0,004;391,106
035:0,004;228,211;278,206
036:0,004;322,175;344,165
037:0,004;351,167
038:0,004;278,206;304,139
039:0,004;452,159
040:0,004;228,211
041:0,005;33,181;86,218;532,262
042:0,005;72,148;74,177;93,145
043:0,005;93,145
044:0,005;105,094;112,082
045:0,005;89,121
046:0,005;86,218
047:0,005;74,177
048:0,005;112,082
049:0,005;72,148
050:0,005;99,123
051:0,006;319,275
052:0,006;304,261
053:0,006;249,093
054:0,006;274,131;304,261;849,189
055:0,006;249,093
056:0,006;301,174;319,275
057:0,006;356,222
058:0,006;274,131
059:0,006;849,189
060:0,006;301,174
061:0,007;93,125
062:0,007;935,175
063:0,007;202,160
064:0,007;108,274
065:0,007;45,203;93,125
066:0,007;168,157
067:0,007;168,157
068:0,007;152,243
069:0,007;201,254
070:0,007;108,274
071:0,008;521,137
072:0,008;898,248
073:0,008;522,112
074:0,008;467,158
075:0,008;556,228;924,102
076:0,008;458,233
077:0,008;464,244
078:0,008;378,237;458,233
079:0,008;464,244
080:0,008;217,212
081:0,009;49,119
082:0,009;100,143
083:0,009;200,164
084:0,009;543,235
085:0,009;62,142;543,235
086:0,009;86,138
087:0,009;100,143
088:0,009;68,124
089:0,009;14,126
090:0,009;15,185;62,142
091:0,010;411,095
092:0,010;479,111
093:0,010;86,078
094:0,010;791,105
095:0,010;386,086
096:0,010;532,262
097:0,010;592,146
098:0,010;651,217
099:0,010;383,155
100:0,010;411,095
101:0,011;183,224
102:0,011;82,231
103:0,011;202,077
104:0,011;83,236
105:0,011;164,092;183,224;267,081
106:0,011;267,081;276,215
107:0,011;183,166
108:0,011;200,164
109:0,011;183,166
110:0,011;276,215
111:0,012;308,108
112:0,012;47,080
113:0,012;413,076
114:0,012;185,192
115:0,012;231,210
116:0,012;185,192
117:0,012;381,098
118:0,012;381,105;528,169
119:0,012;308,108;381,105;413,076
120:0,012;231,210
121:0,013;72,100
122:0,013;100,103
123:0,013;51,184
124:0,013;100,103
125:0,013;77,156
126:0,013;50,249
127:0,013;77,156;142,191
128:0,013;129,079
129:0,013;50,249;191,232
130:0,013;138,114
131:0,014
132:0,014;976,127
133:0,014;6,129
134:0,014;917,109;976,127
135:0,014;799,205
136:0,014;932,134
137:0,014;878,096
138:0,014;370,180
139:0,014;924,102;932,134
140:0,014;6,129;164,014;799,205
141:0,015;213,198;351,167
142:0,015;108,196
143:0,015;106,260
144:0,015;42,229;106,260
145:0,015;126,201
146:0,015;18,202;213,198
147:0,015;126,201
148:0,015;123,203
149:0,015;123,203
150:0,015;224,152
151:0,016;119,107
152:0,016;137,151
153:0,016;137,151
154:0,016;119,107
155:0,016;191,232
156:0,016;134,221;281,207
157:0,016;42,229
158:0,016;82,231
159:0,016;142,191
160:0,016;281,207
161:0,017;670,117
162:0,017;795,259
163:0,017;152,243;868,253
164:0,017;670,117
165:0,017;868,253
166:0,017;665,240
167:0,017;576,216
168:0,017;750,214
169:0,017;644,136
170:0,017;644,136;795,259
171:0,018;75,147
172:0,018;86,078
173:0,018;44,088
174:0,018;133,140
175:0,018;69,257;114,187
176:0,018;69,257
177:0,018;44,088
178:0,018;114,187
179:0,018;75,141
180:0,018;133,140
181:0,019;162,110
182:0,019;84,194
183:0,019;154,241;198,087
184:0,019;130,130
185:0,019;275,084
186:0,019;198,087
187:0,019;132,266
188:0,019;126,179;162,110
189:0,019;83,236;275,084
190:0,019;137,251
191:0,020;386,086
192:0,020;528,169
193:0,020;101,195
194:0,020;315,118
195:0,020;330,208
196:0,020;330,208
197:0,020;259,104
198:0,020;317,133
199:0,020;392,122
200:0,020;889,273
