001:0,001;838,111
002:0,001;585,141
003:0,001;540,098
004:0,001;230,165;601,082
005:0,001;540,085
006:0,001;601,082
007:0,001;540,098
008:0,001;730,231
009:0,001;540,215
010:0,001;648,186
011:0,002;258,223
012:0,002;259,161
013:0,002;328,233
014:0,002;539,155
015:0,002;258,223
016:0,002;259,161
017:0,002;142,119
018:0,002;253,198;420,089
019:0,002;253,198
020:0,002;118,267
021:0,003;792,153
022:0,003;784,148
023:0,003;792,153
024:0,003;466,261
025:0,003;107,192;428,003;787,257;872,118
026:0,003;872,118
027:0,003;853,213
028:0,003;806,193
029:0,003;784,148
030:0,003;142,185;806,193
031:0,004;379,115
032:0,004;243,095
033:0,004;386,265
034:0,004;290,250
035:0,004;267,150
036:0,004;243,095
037:0,004;142,119
038:0,004;290,250
039:0,004;234,088
040:0,004;107,192
041:0,005;1140,124
042:0,005;967,210
043:0,005;1156,132
044:0,005;993,199
045:0,005;1023,112
046:0,005;1042,167
047:0,005;210,160
048:0,005;967,210
049:0,005;210,160;1042,167
050:0,005;1023,112;1140,124
051:0,006;177,114
052:0,006;202,190
053:0,006;216,109
054:0,006;162,142
055:0,006;361,110
056:0,006;216,109
057:0,006;124,271;361,110
058:0,006;157,129
059:0,006;181,164
060:0,006;124,271
061:0,007;95,103
062:0,007;96,273
063:0,007;96,273
064:0,007;100,180;211,209
065:0,007;211,209
066:0,007;100,180
067:0,007;157,129
068:0,007;102,258
069:0,007;133,249
070:0,007;101,206;893,135
071:0,008;172,156
072:0,008;206,149
073:0,008;241,234
074:0,008;189,260
075:0,008;228,275
076:0,008;102,258
077:0,008;158,182
078:0,008;172,156
079:0,008;158,182
080:0,008;228,275
081:0,009;625,158
082:0,009;915,079
083:0,009;626,163
084:0,009;893,135
085:0,009;625,158
086:0,009;626,163
087:0,009;1014,116
088:0,009;180,080
089:0,009;405,254
090:0,009;692,128
091:0,010
092:0,010
093:0,010;167,154
094:0,010
095:0,010
096:0,010;420,089
097:0,010
098:0,010
099:0,010
100:0,010
101:0,011;322,253
102:0,011;405,254
103:0,011;392,259
104:0,011;354,169
105:0,011;311,108
106:0,011;392,259
107:0,011;311,108
108:0,011;322,253;323,113
109:0,011;121,259;328,233
110:0,011;121,259;358,217
111:0,012;100,121;159,023;299,269
112:0,012;265,256
113:0,012;153,131;159,023;410,134
114:0,012;16,094;57,211;97,138
115:0,012;155,212;410,134
116:0,012;97,138;159,023;323,113
117:0,012;84,098;159,023;332,247
118:0,012;57,211;159,023;299,269
119:0,012;159,023;592,122
120:0,012;153,131;159,023;332,247
121:0,013
122:0,013
123:0,013;16,094
124:0,013;56,090
125:0,013;1135,242
126:0,013
127:0,013;1126,203
128:0,013
129:0,013;1124,107;1126,203
130:0,013
131:0,014;139,162;167,154
132:0,014;198,237
133:0,014;120,242;198,237
134:0,014;63,201
135:0,014;118,267
136:0,014;157,248;502,022;725,179
137:0,014;117,268
138:0,014;63,201
139:0,014;111,140
140:0,014;120,242;838,111
141:0,015;293,272
142:0,015;157,248
143:0,015;299,225
144:0,015;267,150
145:0,015;258,183
146:0,015;250,215;293,272;428,101
147:0,015;428,101
148:0,015;146,224
149:0,015;255,220
150:0,015;258,183
151:0,016;431,235;502,022;605,230
152:0,016;358,217;502,022;605,230
153:0,016;502,022;561,163;616,171
154:0,016;254,085;502,022;563,099
155:0,016;353,133;502,022;695,126
156:0,016;525,205
157:0,016;354,102
158:0,016;254,085;466,261;502,022;563,099
159:0,016;362,096
160:0,016;354,102;502,022;525,205;695,126
161:0,017;462,118;603,240
162:0,017;466,105
163:0,017;301,221
164:0,017;603,240
165:0,017;545,081
166:0,017;453,176
167:0,017;301,221
168:0,017;479,200
169:0,017;407,148;466,105
170:0,017;407,148;545,081
171:0,018;583,143
172:0,018;540,215
173:0,018;592,252
174:0,018;616,171
175:0,018;803,222
176:0,018;583,143
177:0,018;689,125
178:0,018;379,115
179:0,018;217,116;689,125
180:0,018;592,252
181:0,019;553,120
182:0,019;570,255
183:0,019;591,106;694,263;1156,132
184:0,019;561,163;623,177
185:0,019;623,177
186:0,019;553,120;725,179
187:0,019;694,263
188:0,019;605,178
189:0,019;591,106
190:0,019;587,086
191:0,020;174,202
192:0,020;197,197
193:0,020;247,262;443,228
194:0,020;146,224
195:0,020;217,195
196:0,020;159,023;443,228
197:0,020;174,078
198:0,020;181,227
199:0,020;174,202;181,227
200:0,020;180,080
