001:0,001
002:0,001;122,145;160,155
003:0,001
004:0,001;1182,157
005:0,001
006:0,001
007:0,001
008:0,001
009:0,001
010:0,001;288,087
011:0,002;973,220
012:0,002;598,181;963,267
013:0,002;905,237;1121,021
014:0,002;875,209;1121,021
015:0,002;973,220;1121,021
016:0,002;979,200;1121,021
017:0,002;963,267;1121,021
018:0,002;845,173;900,127;1121,021
019:0,002;384,158
020:0,002
021:0,003;146,197;821,022;1008,188
022:0,003;19,256
023:0,003;290,169;821,022;936,249
024:0,003;377,079;821,022;938,142
025:0,003;297,201
026:0,003;414,137;821,022;962,241
027:0,003;423,019;733,262;821,022;1086,262
028:0,003;315,225;821,022;900,127
029:0,003;252,086;938,142
030:0,003;315,225;414,137;821,022;962,273
031:0,004;287,218;291,129
032:0,004;309,248
033:0,004;323,077
034:0,004;252,086
035:0,004;291,129
036:0,004;6,179;323,077
037:0,004;309,248
038:0,004;5,089
039:0,004;361,213
040:0,004;287,218
041:0,005;192,257
042:0,005;138,168;144,207
043:0,005;338,268
044:0,005;204,083;338,268
045:0,005;144,207
046:0,005;197,230
047:0,005;224,122
048:0,005;167,238
049:0,005;15,271
050:0,005;15,271
051:0,006;35,115
052:0,006;97,269
053:0,006;103,144
054:0,006;96,184
055:0,006;82,112
056:0,006;35,115
057:0,006;88,221
058:0,006;130,178
059:0,006;103,144
060:0,006;126,252
061:0,007;673,016
062:0,007;745,231
063:0,007;604,245
064:0,007;673,016;983,137
065:0,007;604,245;673,016;899,226
066:0,007;342,138;983,137
067:0,007;673,016;1044,225
068:0,007;658,263;673,016;771,162
069:0,007;658,263;673,016;745,231
070:0,007;673,016;778,223
071:0,008;787,085
072:0,008;537,157;594,130
073:0,008;414,159;934,100
074:0,008;594,130
075:0,008;934,100
076:0,008;679,102
077:0,008;651,217
078:0,008;414,159
079:0,008;538,235
080:0,008;598,181
081:0,009;197,177;538,235
082:0,009;111,266
083:0,009;118,095
084:0,009;108,091
085:0,009;168,160;290,169
086:0,009;151,189
087:0,009;123,216;979,200
088:0,009;259,242
089:0,009;111,266;787,085
090:0,009;342,138
091:0,010;474,146
092:0,010;256,131
093:0,010;421,204
094:0,010;555,124;645,154
095:0,010;430,239;474,146;555,124
096:0,010;645,154
097:0,010;409,195
098:0,010;585,224
099:0,010;256,131;430,239
100:0,010;357,247
101:0,011;89,225;291,156
102:0,011;291,156
103:0,011;282,171
104:0,011;208,128;772,261;868,135
105:0,011;474,099
106:0,011;772,261
107:0,011;226,084;474,099
108:0,011;208,128
109:0,011;232,259
110:0,011;208,117
111:0,012;65,114
112:0,012;65,114;76,185
113:0,012;76,185
114:0,012;160,155
115:0,012;90,233
116:0,012;136,153
117:0,012;80,192;136,153
118:0,012;179,211
119:0,012;89,080
120:0,012;89,080;90,233
121:0,013;96,164;1121,021
122:0,013;98,246
123:0,013;156,166
124:0,013;87,081
125:0,013;76,076
126:0,013;87,081
127:0,013;76,076
128:0,013;96,164
129:0,013;84,175
130:0,013;48,109
131:0,014;190,182;640,014;710,106;1000,199
132:0,014;19,256;423,019;640,014;764,191
133:0,014;108,174;423,019;996,078
134:0,014;146,197;423,019;640,014;787,203
135:0,014;144,187
136:0,014;423,019;638,151;640,014;673,016;1000,199
137:0,014;122,145
138:0,014;134,228;144,187;640,014;868,135
139:0,014;82,112;423,019;523,265;640,014;845,173
140:0,014;190,182;423,019;640,014;817,272
141:0,015;56,088
142:0,015;91,104
143:0,015;56,208
144:0,015;112,148;1044,225
145:0,015;171,092
146:0,015;56,208;91,104;112,148
147:0,015;84,121
148:0,015;93,126;1121,021
149:0,015;66,090
150:0,015;76,205
151:0,016;283,275
152:0,016;204,210
153:0,016;246,250
154:0,016;309,229;315,176
155:0,016;246,250
156:0,016;257,183;452,260
157:0,016;204,210
158:0,016;257,183
159:0,016;315,176
160:0,016;452,260
161:0,017;226,084
162:0,017;363,150
163:0,017;287,206
164:0,017;118,095;460,202
165:0,017;460,202
166:0,017;377,244
167:0,017;233,172
168:0,017;287,206
169:0,017;361,213
170:0,017;292,152
171:0,018;240,186
172:0,018;256,118
173:0,018;138,168
174:0,018;240,186
175:0,018;263,167;410,103
176:0,018;263,167;351,236
177:0,018;241,192
178:0,018;230,219;297,201
179:0,018;410,103
180:0,018;230,219
181:0,019;41,133
182:0,019;108,174
183:0,019;27,198
184:0,019;92,098
185:0,019;31,190
186:0,019;30,125;423,019;640,014;922,196
187:0,019;28,161
188:0,019;153,214
189:0,019;27,198;31,190
190:0,019;39,180
191:0,020;351,236
192:0,020;300,132
193:0,020;96,184
194:0,020;66,090;263,228;300,132
195:0,020;276,147;492,255
196:0,020;307,093
197:0,020;263,228;821,022
198:0,020;311,105
199:0,020;492,255
200:0,020;527,194
