001:0,001;520,022;597,128
002:0,001;531,184
003:0,001;557,199
004:0,001;328,109
005:0,001
006:0,001;111,256
007:0,001;548,168
008:0,001;586,089
009:0,001;534,122
010:0,001;534,122
011:0,002;314,174
012:0,002
013:0,002
014:0,002
015:0,002
016:0,002;809,187
017:0,002
018:0,002
019:0,002
020:0,002
021:0,003;429,132;1092,091
022:0,003;328,092
023:0,003;328,109
024:0,003;524,248
025:0,003;328,092
026:0,003;303,121
027:0,003;314,249
028:0,003;169,094
029:0,003;354,150;780,235
030:0,003;107,178
031:0,004;590,100
032:0,004;67,145;217,268;528,127
033:0,004;78,175
034:0,004;261,106
035:0,004;222,221
036:0,004;222,221;261,106;286,209
037:0,004;213,272;245,177;590,100
038:0,004;286,209
039:0,004;295,158
040:0,004;217,268
041:0,005;586,165;723,102;1033,013
042:0,005;543,264
043:0,005;547,192;586,165
044:0,005;723,102
045:0,005;524,248
046:0,005;5,134;248,141;272,260;547,192
047:0,005;54,097
048:0,005;817,087
049:0,005;627,242;817,087
050:0,005;543,264
051:0,006;646,136
052:0,006;419,166;500,197
053:0,006;486,196
054:0,006;247,159;449,198;611,138
055:0,006;407,213
056:0,006;412,238
057:0,006;500,197
058:0,006;247,159;486,196
059:0,006;449,198
060:0,006;611,138
061:0,007;116,157;170,021;269,010;930,014
062:0,007;139,199;170,021;269,010;930,014;1033,013;1104,096
063:0,007;139,199;269,010;930,014;1033,013
064:0,007;41,265;269,010;930,014;1033,013;1095,186
065:0,007;64,188;170,021;235,122;269,010;930,014;1062,154
066:0,007;113,156;170,021;300,120;930,014;1033,013;1092,091
067:0,007;170,021;269,010;930,014
068:0,007;81,110;269,010;1033,013;1062,154
069:0,007;170,021;235,122;269,010;930,014;1033,013
070:0,007;41,265;170,021;269,010;1033,013;1095,186
071:0,008;561,116
072:0,008;314,246
073:0,008;561,126
074:0,008;385,162;410,204
075:0,008;671,210
076:0,008;441,252
077:0,008;81,110;314,246;393,160;441,252
078:0,008;410,204
079:0,008;393,160;671,210
080:0,008;552,139;561,126
081:0,009;113,130;504,007;519,200
082:0,009;54,097;504,007;770,078
083:0,009;89,118;504,007;553,157
084:0,009;6,129;504,007;553,103
085:0,009;75,233;542,151;770,078
086:0,009;6,129;504,007;542,151
087:0,009;68,179;75,233;113,130
088:0,009;163,096;553,157
089:0,009;76,093;108,193;504,007;528,127
090:0,009;108,193
091:0,010;106,210;109,249;173,275;180,208;258,022;326,155
092:0,010;258,022;299,171
093:0,010;111,101;258,022;283,212;326,155
094:0,010;131,235;158,222;258,022;297,230
095:0,010;173,275
096:0,010;154,091;258,022;299,171
097:0,010;180,208;258,022;316,079
098:0,010;158,222
099:0,010;109,249;258,022;280,219
100:0,010;111,101
101:0,011;600,257;653,234
102:0,011;89,118
103:0,011;106,253
104:0,011;693,080
105:0,011;600,257
106:0,011;693,080
107:0,011;592,143
108:0,011;819,179
109:0,011;653,234
110:0,011;592,143;819,179
111:0,012;170,231;352,255;520,076
112:0,012;201,185
113:0,012;215,164
114:0,012;199,180
115:0,012;272,260;504,007;520,076
116:0,012;167,077
117:0,012;167,151;215,164
118:0,012;170,231
119:0,012;167,151;201,185
120:0,012;218,082
121:0,013;362,115
122:0,013;252,240
123:0,013;134,149
124:0,013;224,173
125:0,013;220,236
126:0,013;339,261
127:0,013;245,177;252,240
128:0,013;134,149
129:0,013;224,173;339,261
130:0,013;303,121
131:0,014;235,099
132:0,014;235,099
133:0,014;38,183;310,085
134:0,014;243,224
135:0,014;286,218
136:0,014;243,224
137:0,014;248,141
138:0,014;310,085
139:0,014;119,207
140:0,014;402,110
141:0,015;671,088
142:0,015;462,133
143:0,015;454,250;490,254
144:0,015;469,267
145:0,015;490,254;504,007;549,148
146:0,015;467,205
147:0,015;203,102;467,205
148:0,015;538,274;671,088
149:0,015;780,235
150:0,015;76,093
151:0,016
152:0,016
153:0,016;131,235;252,225
154:0,016
155:0,016
156:0,016
157:0,016
158:0,016
159:0,016
160:0,016
161:0,017;170,021;225,241
162:0,017;330,169;343,147
163:0,017;343,195;355,203
164:0,017;330,169;343,195
165:0,017;291,214
166:0,017;225,241
167:0,017;343,147
168:0,017;280,219
169:0,017;355,203
170:0,017;291,214
171:0,018;317,167;520,022;594,244
172:0,018;239,216;301,095;520,022;561,105
173:0,018;334,146
174:0,018;167,077;258,022;301,095;317,167;520,022;1088,170
175:0,018;352,255;930,014
176:0,018;19,245
177:0,018;204,179;223,161;334,146;520,022;561,105
178:0,018;223,161;520,022;556,156
179:0,018;274,090;520,022;556,156
180:0,018;252,225;520,022;548,168
181:0,019;169,135
182:0,019;198,194
183:0,019;200,223;202,104
184:0,019;189,273
185:0,019;169,135
186:0,019;38,183
187:0,019;189,243
188:0,019;175,228;198,194
189:0,019;202,104
190:0,019;188,131;354,150
191:0,020;288,271
192:0,020;290,191
193:0,020;494,162
194:0,020;290,191
195:0,020;531,184
196:0,020;415,223
197:0,020;283,212
198:0,020;99,154;494,162
199:0,020;288,271
200:0,020;64,188;99,154;169,094
