001:0,001;293,262;526,079
002:0,001;97,214
003:0,001;80,145;176,077
004:0,001;165,139
005:0,001;106,182;139,127
006:0,001;604,187
007:0,001;176,077
008:0,001;28,100;259,140
009:0,001;141,131
010:0,001;139,127;293,262
011:0,002;71,079;313,248
012:0,002;420,154
013:0,002;313,248
014:0,002;285,144;420,154
015:0,002;285,144
016:0,002;243,101
017:0,002;195,083;222,165
018:0,002;219,153
019:0,002;267,134
020:0,002;222,165;540,130
021:0,003;67,177
022:0,003;150,261
023:0,003;29,175;221,142
024:0,003;64,267
025:0,003;58,209;64,267
026:0,003;29,175
027:0,003;119,196
028:0,003;80,145
029:0,003;97,214
030:0,003;221,142
031:0,004;43,211;235,123
032:0,004;51,205
033:0,004;204,253
034:0,004;235,123;407,246;423,137
035:0,004;548,251
036:0,004;176,164
037:0,004;407,246
038:0,004;241,103
039:0,004;343,233
040:0,004;241,103
041:0,005;187,225
042:0,005;114,223
043:0,005;102,259
044:0,005;102,259
045:0,005;137,271
046:0,005;102,090
047:0,005;137,271;172,081
048:0,005;114,223
049:0,005;102,090
050:0,005;172,081
051:0,006;624,093
052:0,006;25,275
053:0,006;740,108
054:0,006;445,122
055:0,006;423,137;426,176;624,093
056:0,006;619,224
057:0,006;198,203
058:0,006;426,176
059:0,006;827,085
060:0,006;445,122
061:0,007;263,235
062:0,007;305,199
063:0,007;22,224;305,199
064:0,007;254,238
065:0,007;263,235;355,255
066:0,007;355,255
067:0,007;214,161
068:0,007;595,207
069:0,007;273,230
070:0,007;273,230
071:0,008;253,102
072:0,008;300,121
073:0,008;63,206;332,194
074:0,008;37,158
075:0,008;192,210
076:0,008;540,130
077:0,008;300,121
078:0,008;332,194
079:0,008;226,245
080:0,008;253,102
081:0,009;266,273
082:0,009;140,252
083:0,009;172,265
084:0,009;226,242;266,273
085:0,009;233,197
086:0,009;176,107
087:0,009;140,252;233,197
088:0,009;172,265
089:0,009;341,249
090:0,009;174,178;226,242
091:0,010;214,185
092:0,010;1149,095
093:0,010;537,218
094:0,010;813,087
095:0,010;196,094;537,218
096:0,010;68,096;198,143
097:0,010;196,094
098:0,010;310,231
099:0,010;85,234
100:0,010;213,133
101:0,011;109,201
102:0,011;138,089;391,188
103:0,011;138,089
104:0,011;165,129
105:0,011;173,160
106:0,011;146,270
107:0,011;259,140
108:0,011;153,241
109:0,011;165,129
110:0,011;141,167;153,241
111:0,012;83,141
112:0,012;356,213
113:0,012;63,157;126,099
114:0,012;153,220
115:0,012;28,100
116:0,012;83,141
117:0,012;67,177
118:0,012;63,157
119:0,012;154,208
120:0,012;126,099;141,167;356,213
121:0,013;103,202
122:0,013;175,263
123:0,013;70,084
124:0,013;234,152
125:0,013;175,263
126:0,013;234,152
127:0,013;237,226
128:0,013;181,080
129:0,013;177,154;237,226
130:0,013;198,113
131:0,014;219,106
132:0,014;134,116;866,155
133:0,014;14,266
134:0,014;866,155
135:0,014;134,116
136:0,014;122,150
137:0,014;85,234
138:0,014;198,203
139:0,014;122,150
140:0,014;165,229
141:0,015;127,186
142:0,015;563,184
143:0,015;123,244
144:0,015;134,250;204,253
145:0,015;134,250
146:0,015;130,098
147:0,015;124,105;127,186
148:0,015;123,244
149:0,015;37,158;343,233
150:0,015;172,076
151:0,016;63,243
152:0,016;9,120
153:0,016;97,179
154:0,016;97,179
155:0,016;244,112
156:0,016;58,209
157:0,016;128,169
158:0,016;108,219
159:0,016;109,080;128,169
160:0,016;9,120;174,178
161:0,017;98,159
162:0,017;9,138
163:0,017;200,174
164:0,017;127,198
165:0,017;176,164
166:0,017;146,270
167:0,017;218,092
168:0,017;141,187;200,174
169:0,017;49,097
170:0,017;213,133
171:0,018;428,195
172:0,018;368,204
173:0,018;172,189;277,182
174:0,018;10,222
175:0,018;277,182
176:0,018;172,189
177:0,018;150,261
178:0,018;155,117
179:0,018;40,111;428,195
180:0,018;156,149
181:0,019;152,180
182:0,019;121,215
183:0,019;165,229
184:0,019;627,086
185:0,019;142,248;214,185
186:0,019;23,151;243,101
187:0,019;198,143
188:0,019;230,257
189:0,019;152,180
190:0,019;23,151;230,257
191:0,020;16,163
192:0,020;154,156;225,268
193:0,020;156,171
194:0,020;288,162
195:0,020;124,105
196:0,020;526,079
197:0,020;173,160
198:0,020;16,163
199:0,020;225,268
200:0,020;391,188
