001:0,001;460,206
002:0,001;442,247;664,120
003:0,001;324,263
004:0,001;522,080
005:0,001;460,206
006:0,001;442,247
007:0,001;435,139;522,080
008:0,001;325,244
009:0,001;404,222
010:0,001;664,120
011:0,002;525,112
012:0,002;404,138
013:0,002;454,200;512,083
014:0,002;141,084
015:0,002;141,084
016:0,002;355,253;404,138
017:0,002;512,083
018:0,002;454,142
019:0,002;355,253;454,200
020:0,002;454,142
021:0,003;455,082
022:0,003;324,125
023:0,003;415,158
024:0,003;469,253
025:0,003;474,166
026:0,003;486,174;502,107;665,192
027:0,003;665,192
028:0,003;502,107;1006,127
029:0,003;324,125;415,158
030:0,003;442,255
031:0,004;140,135
032:0,004;139,182
033:0,004;112,148
034:0,004;139,114;140,135
035:0,004;119,095
036:0,004;119,161
037:0,004;131,145
038:0,004;119,161
039:0,004;185,199
040:0,004;139,182
041:0,005;430,249
042:0,005;185,193
043:0,005;361,170;412,241
044:0,005;546,201
045:0,005;361,170
046:0,005;185,193
047:0,005;356,207
048:0,005;356,207
049:0,005;412,241
050:0,005;367,129
051:0,006
052:0,006
053:0,006
054:0,006
055:0,006
056:0,006
057:0,006
058:0,006;112,260
059:0,006
060:0,006;1018,079
061:0,007;59,131;88,143
062:0,007;336,159
063:0,007;64,223
064:0,007;88,143;132,152
065:0,007;126,220
066:0,007;63,088
067:0,007;227,155
068:0,007;59,131
069:0,007;63,088;64,223
070:0,007;103,269
071:0,008;213,271
072:0,008;204,134
073:0,008;230,258;315,173
074:0,008;230,258
075:0,008;20,097
076:0,008;203,153;204,134
077:0,008;315,173
078:0,008;203,153
079:0,008;213,271
080:0,008;245,094
081:0,009;135,191
082:0,009;147,113
083:0,009;135,191;174,106
084:0,009;147,113
085:0,009;149,188
086:0,009;132,152
087:0,009;230,219
088:0,009;385,238
089:0,009;174,106;385,238
090:0,009;149,188
091:0,010;120,077;121,167;221,117;1093,103
092:0,010;221,117
093:0,010;148,189
094:0,010;5,172
095:0,010;5,100
096:0,010;120,077
097:0,010;212,236
098:0,010;102,118;108,147
099:0,010;121,167;212,236
100:0,010;108,147
101:0,011;25,126
102:0,011;24,266
103:0,011;139,242
104:0,011;37,154
105:0,011;60,098
106:0,011;139,242
107:0,011;22,137;1076,007
108:0,011;22,137
109:0,011;60,098
110:0,011;25,126
111:0,012;593,246;1076,007
112:0,012;1092,226
113:0,012;833,272;1076,007;1092,226
114:0,012;699,175;786,162;1076,007;1158,198
115:0,012;718,208;833,272;1076,007
116:0,012;56,229;1076,007;1158,198
117:0,012;699,175;1076,007
118:0,012;668,076
119:0,012;786,162
120:0,012;802,254
121:0,013;662,169
122:0,013;453,081
123:0,013;457,089
124:0,013;76,144
125:0,013;76,144
126:0,013;779,230
127:0,013;385,216
128:0,013;404,222
129:0,013;385,216
130:0,013;457,089
131:0,014;111,203
132:0,014;67,265
133:0,014;82,183;155,136
134:0,014;67,157;72,133;416,251
135:0,014;91,248;111,203
136:0,014;108,275;119,184
137:0,014;72,133
138:0,014;119,184;304,078
139:0,014;66,237
140:0,014;155,136
141:0,015;793,149
142:0,015
143:0,015;245,094;474,015;638,262
144:0,015;793,149;942,101
145:0,015;148,189;525,112
146:0,015;957,140
147:0,015
148:0,015;1193,239
149:0,015;942,101
150:0,015;790,118
151:0,016;1076,007;1108,186
152:0,016;1094,224
153:0,016;119,095
154:0,016;1108,186
155:0,016;990,090
156:0,016;1093,103
157:0,016;112,148
158:0,016;1006,127
159:0,016;1064,168
160:0,016;1094,224
161:0,017;325,212
162:0,017;350,157
163:0,017;5,100
164:0,017;164,251;325,212
165:0,017;189,124
166:0,017;227,155
167:0,017;208,248
168:0,017;194,150;469,253
169:0,017;154,108;189,124
170:0,017;134,202
171:0,018;292,096
172:0,018;591,164
173:0,018;416,251
174:0,018;289,274
175:0,018;289,274
176:0,018;112,260;318,264
177:0,018;102,118;274,091
178:0,018;309,228
179:0,018;274,091
180:0,018;318,264
181:0,019;773,195
182:0,019;82,183
183:0,019;480,234;553,171
184:0,019
185:0,019;139,114
186:0,019;553,171
187:0,019;490,257
188:0,019;481,108
189:0,019;480,234
190:0,019;500,205
191:0,020;352,111
192:0,020;382,121
193:0,020;391,122
194:0,020;304,078;356,218
195:0,020;323,261
196:0,020;323,146
197:0,020;356,218;391,122
198:0,020;383,204
199:0,020;269,086;383,204
200:0,020;323,261
