001:0,001;48,182
002:0,001;146,207
003:0,001;147,259
004:0,001;153,103;163,115
005:0,001;147,259;472,006;697,119
006:0,001;153,079
007:0,001;204,242
008:0,001;48,182;660,146
009:0,001;153,103
010:0,001;160,136
011:0,002;135,184
012:0,002;262,241
013:0,002;338,183
014:0,002;135,184
015:0,002;209,275
016:0,002;220,164;262,241
017:0,002;308,188
018:0,002;230,149
019:0,002;308,188
020:0,002;233,089
021:0,003;607,094
022:0,003;618,216
023:0,003;491,135
024:0,003;612,100
025:0,003;609,185
026:0,003;660,146
027:0,003;707,168
028:0,003;206,230
029:0,003;618,216
030:0,003;707,168
031:0,004;158,267
032:0,004;52,249
033:0,004;137,138;158,267
034:0,004;126,122
035:0,004;52,249
036:0,004;148,258
037:0,004;177,178;285,263;1084,150
038:0,004;116,224;120,273
039:0,004;126,122
040:0,004;120,273
041:0,005;692,009;855,157
042:0,005;692,009;785,189;815,223
043:0,005;855,157
044:0,005;609,185;692,009;808,177
045:0,005;692,009;814,098
046:0,005;779,257
047:0,005;692,009;815,223
048:0,005;765,248;785,189
049:0,005;692,009;961,238
050:0,005;630,235;692,009;780,213
051:0,006;58,239
052:0,006;45,199;93,198
053:0,006;45,199;122,129
054:0,006;87,237
055:0,006;44,252
056:0,006;122,129
057:0,006;67,220
058:0,006;84,091
059:0,006;93,198
060:0,006;67,220;84,091
061:0,007;472,006;680,076
062:0,007;599,087;646,240
063:0,007;472,006;1053,199
064:0,007;279,266;472,006;1027,212
065:0,007;472,006;1027,212
066:0,007;646,240
067:0,007;580,140;630,109;680,076
068:0,007;232,124;472,006;726,187
069:0,007;630,109
070:0,007;472,006;599,087
071:0,008;125,251
072:0,008;12,208;232,124
073:0,008;199,202
074:0,008;172,201
075:0,008;105,174
076:0,008;126,186
077:0,008;12,208
078:0,008;125,251
079:0,008;105,174;172,201
080:0,008;135,236
081:0,009;292,083;560,158
082:0,009;293,098;357,255
083:0,009;137,138
084:0,009;369,244
085:0,009;365,193
086:0,009;560,158
087:0,009;289,219
088:0,009;287,095
089:0,009;279,266;292,083
090:0,009;357,255
091:0,010
092:0,010
093:0,010
094:0,010
095:0,010
096:0,010
097:0,010
098:0,010;560,172
099:0,010;139,270;692,009;814,098
100:0,010
101:0,011;245,272;274,262
102:0,011;111,086
103:0,011;274,262
104:0,011;285,263
105:0,011;384,118
106:0,011;384,118
107:0,011;245,272
108:0,011;106,165;630,235
109:0,011;495,114
110:0,011;240,155
111:0,012;945,178
112:0,012;44,252
113:0,012;838,151
114:0,012;965,228
115:0,012;839,180
116:0,012
117:0,012;839,180
118:0,012;321,269
119:0,012
120:0,012;838,151
121:0,013;421,197
122:0,013;162,121
123:0,013;284,253
124:0,013;321,210
125:0,013;12,097
126:0,013;12,097;421,197
127:0,013;209,275
128:0,013;162,121;210,205
129:0,013;210,205
130:0,013;248,082
131:0,014;137,206
132:0,014;132,099
133:0,014;206,230
134:0,014;257,218
135:0,014;114,140;115,092
136:0,014;240,104
137:0,014;115,092
138:0,014;115,105
139:0,014;85,166
140:0,014;115,105
141:0,015;80,090
142:0,015;47,177;86,128
143:0,015;38,203
144:0,015;40,144
145:0,015;40,139
146:0,015;38,203
147:0,015;86,128
148:0,015;50,192
149:0,015;50,192;472,006;780,213
150:0,015;40,144
151:0,016
152:0,016;1084,150
153:0,016
154:0,016
155:0,016
156:0,016
157:0,016
158:0,016
159:0,016
160:0,016
161:0,017;158,163
162:0,017;137,127
163:0,017;104,263;181,148;379,190
164:0,017;379,190
165:0,017;181,148
166:0,017;15,260
167:0,017;138,154
168:0,017;115,167
169:0,017;131,148;138,154
170:0,017;15,260;158,163
171:0,018;563,214;576,085
172:0,018;108,179
173:0,018;640,234
174:0,018;233,089
175:0,018;584,111
176:0,018;624,170
177:0,018;576,085;748,161
178:0,018;748,161
179:0,018;670,110
180:0,018;551,132;563,214
181:0,019
182:0,019
183:0,019
184:0,019
185:0,019
186:0,019;387,078
187:0,019
188:0,019;365,126;387,078
189:0,019
190:0,019
191:0,020;139,270
192:0,020;141,247
193:0,020;137,093
194:0,020;261,215
195:0,020;153,131
196:0,020;146,096
197:0,020;152,254
198:0,020;153,131
199:0,020;163,115
200:0,020;108,179
