001:0,001;189,176
002:0,001;180,202
003:0,001;261,080;714,134
004:0,001;67,090
005:0,001;497,169
006:0,001;180,202
007:0,001;198,220
008:0,001;68,099
009:0,001;151,246;189,176
010:0,001;714,134
011:0,002;725,211
012:0,002;877,231
013:0,002;795,197
014:0,002;731,109;751,248
015:0,002;753,111
016:0,002;1040,121
017:0,002;62,223
018:0,002;751,248
019:0,002;1176,178
020:0,002;84,247
021:0,003;89,241
022:0,003;87,150;122,117
023:0,003;100,268
024:0,003;111,167
025:0,003;87,150
026:0,003;122,117;140,193
027:0,003;100,268;254,151
028:0,003;254,151
029:0,003;111,167
030:0,003;106,124
031:0,004;37,134;70,214;87,160
032:0,004;169,162
033:0,004;47,171
034:0,004;33,097
035:0,004;70,214
036:0,004;33,097;37,134;169,162
037:0,004;85,076
038:0,004;7,205;12,138;85,076
039:0,004;12,138
040:0,004;87,160
041:0,005;144,256
042:0,005;36,212;49,158
043:0,005;49,158
044:0,005;62,259
045:0,005;36,212
046:0,005;52,191
047:0,005;154,203
048:0,005;112,141;144,256
049:0,005;35,196
050:0,005;123,216
051:0,006;107,094;578,014;1043,229
052:0,006;103,118;578,014;779,227
053:0,006;138,197;578,014;820,147
054:0,006;139,078
055:0,006;578,014;779,227
056:0,006;103,118;905,080
057:0,006;138,197;139,078;578,014
058:0,006;48,228;578,014;672,226
059:0,006;173,217
060:0,006;121,190;578,014;905,080
061:0,007;280,092;334,210
062:0,007;306,234
063:0,007;80,227;280,092;318,136
064:0,007;306,079
065:0,007;334,210
066:0,007;588,156
067:0,007;270,250
068:0,007;156,240
069:0,007;318,136
070:0,007;253,242;270,250
071:0,008;123,154
072:0,008;98,126;136,172;140,258
073:0,008;84,089
074:0,008;85,209
075:0,008;89,241
076:0,008;140,258;154,203
077:0,008;96,085
078:0,008;98,126
079:0,008;103,119
080:0,008;84,089
081:0,009;110,238
082:0,009;156,130
083:0,009;110,238
084:0,009;136,173
085:0,009;143,180
086:0,009;494,092
087:0,009;221,187
088:0,009;156,240
089:0,009;143,180
090:0,009;234,143
091:0,010;344,262
092:0,010;253,242
093:0,010;242,198
094:0,010;328,164
095:0,010;225,243
096:0,010;225,112
097:0,010;262,170
098:0,010;225,112
099:0,010;225,243
100:0,010;326,200
101:0,011;269,093
102:0,011;478,185;578,014;846,186
103:0,011;360,159
104:0,011;229,149
105:0,011;215,107;344,262;846,186
106:0,011;229,149;478,185
107:0,011;85,209
108:0,011;303,181
109:0,011;167,232;360,159
110:0,011;56,260;269,093
111:0,012;182,182
112:0,012;70,235
113:0,012;132,273
114:0,012;207,179
115:0,012;293,144
116:0,012;138,265;659,096
117:0,012;193,084
118:0,012;207,179
119:0,012;182,182
120:0,012;70,235
121:0,013;202,163
122:0,013;78,129
123:0,013;151,246
124:0,013;95,131;203,174
125:0,013;140,193
126:0,013;203,174
127:0,013;78,129
128:0,013;52,191
129:0,013;206,077
130:0,013;87,095;452,207
131:0,014;170,143;176,113
132:0,014;136,172
133:0,014;176,113
134:0,014;35,177
135:0,014;188,234;212,205
136:0,014;96,245
137:0,014;400,222
138:0,014;35,177
139:0,014;201,145
140:0,014;212,205
141:0,015;216,137
142:0,015;48,228
143:0,015;46,274;92,266
144:0,015;34,261;37,155
145:0,015;37,155
146:0,015;77,253;216,137
147:0,015;257,188
148:0,015;34,261
149:0,015;61,092;95,131
150:0,015;92,266
151:0,016;77,123
152:0,016;104,104
153:0,016;35,249;77,123
154:0,016;32,082
155:0,016;107,161
156:0,016;32,082
157:0,016;62,223;107,161
158:0,016;30,116
159:0,016;117,098
160:0,016;34,084;117,098
161:0,017;171,255
162:0,017;158,165
163:0,017;128,237
164:0,017;89,120
165:0,017;77,195;158,165
166:0,017;128,237
167:0,017;77,195
168:0,017;87,095
169:0,017;89,120
170:0,017;187,157
171:0,018;84,168
172:0,018;1045,135
173:0,018;499,153
174:0,018;491,106;906,102
175:0,018;659,096
176:0,018;171,255
177:0,018;906,102
178:0,018;525,081
179:0,018;452,207;491,106
180:0,018;391,110;1045,135
181:0,019;153,264
182:0,019;8,086;31,251;67,236
183:0,019;50,166
184:0,019;48,139
185:0,019;67,236
186:0,019;31,251;50,166
187:0,019;38,105
188:0,019;8,086
189:0,019;38,105
190:0,019;48,139;153,264
191:0,020;503,251
192:0,020;103,119
193:0,020;553,146
194:0,020;328,192
195:0,020;427,132
196:0,020;132,273
197:0,020;472,272
198:0,020;503,251
199:0,020;478,225
200:0,020;697,175
