001:0,001;109,221;111,195
002:0,001;110,166
003:0,001;178,084
004:0,001;368,173
005:0,001;163,156
006:0,001;111,195
007:0,001;245,212
008:0,001;109,221
009:0,001;65,216
010:0,001;65,216
011:0,002;76,138
012:0,002;18,189
013:0,002;35,254;323,171
014:0,002;218,237
015:0,002;40,094
016:0,002;691,085
017:0,002;29,115
018:0,002;50,245
019:0,002;18,189
020:0,002;50,245;163,156;853,179
021:0,003;71,123
022:0,003;114,103
023:0,003;60,078
024:0,003;8,180
025:0,003;8,180;76,138
026:0,003;101,174;104,164
027:0,003;103,202;870,157
028:0,003;104,164
029:0,003;69,124
030:0,003;71,123
031:0,004;147,272;235,185
032:0,004;88,209
033:0,004;286,203
034:0,004;24,222
035:0,004;23,129;286,203
036:0,004;42,155
037:0,004;42,155
038:0,004;98,191;147,272
039:0,004;47,151
040:0,004;148,258
041:0,005;40,236
042:0,005;57,104
043:0,005;42,089
044:0,005;40,236;42,089
045:0,005;68,195;110,146
046:0,005;57,104
047:0,005;110,146
048:0,005;98,197
049:0,005;70,121
050:0,005;235,206
051:0,006;93,120;178,084
052:0,006;84,172
053:0,006;8,267
054:0,006;64,198
055:0,006;93,120
056:0,006;199,248
057:0,006;77,270;109,148
058:0,006;52,077
059:0,006;69,160;245,212
060:0,006;8,267;199,248
061:0,007;29,115
062:0,007;27,116;60,078
063:0,007;62,162;691,085
064:0,007;69,160
065:0,007;62,162
066:0,007;38,178
067:0,007;27,116
068:0,007;33,249;38,178
069:0,007;84,188
070:0,007;147,273
071:0,008;65,076
072:0,008;95,205
073:0,008;46,154
074:0,008;149,140
075:0,008;95,205
076:0,008;355,169
077:0,008;65,076
078:0,008;161,098
079:0,008;81,105
080:0,008;149,140
081:0,009;80,163;98,133
082:0,009;265,080
083:0,009;161,227
084:0,009;72,082;265,080
085:0,009;276,110;288,247
086:0,009;170,109
087:0,009;5,119
088:0,009;64,259
089:0,009;5,119;276,110
090:0,009;98,133
091:0,010;278,079
092:0,010;244,251
093:0,010;44,228;391,134
094:0,010;186,235
095:0,010;303,129
096:0,010;303,129
097:0,010;156,021;186,235
098:0,010;283,270
099:0,010;391,134
100:0,010;514,183
101:0,011;59,106
102:0,011;73,167
103:0,011;48,230;116,250
104:0,011;48,149
105:0,011;116,250
106:0,011;88,204
107:0,011;48,230
108:0,011;244,214
109:0,011;48,149;88,204
110:0,011;61,159
111:0,012;428,199;430,192
112:0,012;429,081
113:0,012;461,256
114:0,012;385,087;429,081
115:0,012;385,087;492,088
116:0,012;622,112
117:0,012;235,206
118:0,012;161,227;428,199
119:0,012;492,088
120:0,012;430,192
121:0,013;375,091;709,006;786,136
122:0,013;323,171;376,275;809,232
123:0,013;346,102;390,234;709,006;822,108
124:0,013;346,102;709,006;853,179
125:0,013;390,234
126:0,013;376,275;709,006;809,232
127:0,013;546,210;831,244
128:0,013;230,191;546,210;709,006;980,268
129:0,013;16,112;375,091;709,006;870,157
130:0,013;709,006;822,108
131:0,014;438,240
132:0,014;121,108;219,114
133:0,014;261,266
134:0,014;219,114
135:0,014;165,194
136:0,014;156,223;438,240
137:0,014;85,239
138:0,014;157,261
139:0,014;145,117
140:0,014;378,218
141:0,015;165,257
142:0,015;151,208
143:0,015;202,241
144:0,015;30,207;165,257;494,226
145:0,015;400,113
146:0,015;254,243
147:0,015;61,159;151,208;400,113
148:0,015;494,226
149:0,015;288,247
150:0,015;202,241
151:0,016;23,224
152:0,016;13,213;23,161;709,006;831,244
153:0,016;111,200
154:0,016;17,265;111,200
155:0,016;89,233
156:0,016;23,161
157:0,016;18,205;91,125
158:0,016;16,247;147,273
159:0,016;13,213;23,224
160:0,016;91,125
161:0,017;95,187
162:0,017;62,135
163:0,017;35,254;88,153;104,181
164:0,017;62,135
165:0,017;87,141
166:0,017;87,141;299,255
167:0,017;299,255
168:0,017;88,153
169:0,017;95,187
170:0,017;104,181
171:0,018;44,228
172:0,018;81,105
173:0,018;212,186
174:0,018;314,145
175:0,018;234,096
176:0,018;212,186;279,143
177:0,018;279,143
178:0,018;235,185;294,262
179:0,018;224,193
180:0,018;294,262
181:0,019;156,021;547,269
182:0,019;156,021;547,269
183:0,019;18,179;156,021;192,100
184:0,019;145,117
185:0,019;156,021;214,225
186:0,019;126,085;156,021;220,252
187:0,019;206,097
188:0,019;156,021;1184,231
189:0,019;126,085;214,225
190:0,019;156,021;256,175
191:0,020;39,190
192:0,020;109,148;119,217;244,251
193:0,020;355,169
194:0,020;17,176
195:0,020;151,271;274,163
196:0,020;35,177
197:0,020;274,163
198:0,020;17,176
199:0,020;119,217
200:0,020;151,271
