001:0,001;379,197
002:0,001;379,197
003:0,001;25,084;456,120
004:0,001;197,214;419,093
005:0,001;419,093
006:0,001;340,207
007:0,001;352,262
008:0,001;456,120;478,100
009:0,001;352,262
010:0,001;460,106
011:0,002;53,175
012:0,002;369,118;967,003
013:0,002;679,209;967,003
014:0,002;313,259;967,003
015:0,002;484,220
016:0,002;369,118;967,003
017:0,002;553,184
018:0,002;395,216;967,003
019:0,002;295,135;967,003
020:0,002;321,145;967,003
021:0,003;19,085
022:0,003;519,245
023:0,003;823,190
024:0,003;486,227
025:0,003;19,085;45,003;197,214
026:0,003;424,171
027:0,003;516,142
028:0,003;503,082;519,245
029:0,003;424,171
030:0,003;387,108;484,272
031:0,004;361,116;634,004;666,025;1140,178
032:0,004;23,236;161,004;257,014;353,198;634,004;807,121
033:0,004;257,014;342,201
034:0,004;257,014;388,092;807,121;1155,139
035:0,004;257,014;375,213
036:0,004;277,122;634,004;666,025;1094,189;1124,086
037:0,004;257,014;634,004;666,025;1124,086
038:0,004;353,198;666,025
039:0,004;277,122;388,092;634,004;666,025
040:0,004;257,014;483,247;634,004;666,025;1155,139
041:0,005;260,242
042:0,005;207,127;620,177
043:0,005;178,257
044:0,005;168,232
045:0,005;213,079
046:0,005;211,235
047:0,005;181,103
048:0,005;218,117
049:0,005;178,257;260,242;634,004
050:0,005;224,202
051:0,006;25,112;113,248
052:0,006;113,248
053:0,006;156,237
054:0,006;133,173;1123,080
055:0,006;25,112;179,246
056:0,006;179,246
057:0,006;918,113
058:0,006;130,193
059:0,006;130,193;156,237;666,025;1123,080
060:0,006;133,173;236,254
061:0,007;137,136;398,164
062:0,007;43,134;207,127
063:0,007;129,255;758,182
064:0,007;89,260
065:0,007;94,188
066:0,007;42,228;257,014;398,164
067:0,007;43,134;137,136
068:0,007;138,121;265,112
069:0,007;87,097;89,260
070:0,007;42,228
071:0,008;163,245;285,249
072:0,008;23,206
073:0,008;277,123
074:0,008;23,206;138,205
075:0,008;138,205
076:0,008;277,123
077:0,008;178,132
078:0,008;176,273
079:0,008;176,273
080:0,008;285,249
081:0,009;148,275;299,005;321,023;461,011;545,124;551,229
082:0,009;50,256;157,171;299,005;321,023;461,011;551,229
083:0,009;289,160;299,005;321,023;486,125
084:0,009;50,256;299,005;313,259;321,023;461,011;639,114
085:0,009;148,270;461,011;698,230
086:0,009;157,171;299,005;354,234
087:0,009;149,133;218,117;461,011;541,154
088:0,009;191,234;299,005;321,023;461,011;541,154
089:0,009;203,157;299,005;321,023;461,011;651,240
090:0,009;135,150;299,005;321,023;461,011;486,125
091:0,010;17,126;484,220
092:0,010;202,076;208,218
093:0,010;240,143
094:0,010;214,251
095:0,010;208,218
096:0,010;17,126
097:0,010;222,176
098:0,010;455,155;679,209
099:0,010;282,198;321,023;739,129
100:0,010;240,143
101:0,011;25,087
102:0,011;87,258
103:0,011;30,200
104:0,011;23,107
105:0,011;25,087
106:0,011;11,185
107:0,011;11,083;87,258
108:0,011;30,200
109:0,011;11,185;134,109
110:0,011;134,109
111:0,012;898,098
112:0,012;1081,261
113:0,012;703,078;898,098
114:0,012;432,264
115:0,012;634,004;665,122
116:0,012;572,115
117:0,012;696,192
118:0,012;703,078;1081,261
119:0,012;696,192
120:0,012;859,162
121:0,013;141,094;257,014;554,153
122:0,013;120,244
123:0,013;23,236
124:0,013;143,139;967,003
125:0,013;130,101
126:0,013;23,169;105,149
127:0,013;87,097;141,094
128:0,013;98,157;130,101;188,187
129:0,013;188,187
130:0,013;105,149
131:0,014;59,172
132:0,014;41,111
133:0,014;25,084
134:0,014;52,081;340,207
135:0,014;53,175
136:0,014;41,111;918,113
137:0,014;63,088
138:0,014;16,102
139:0,014;41,170
140:0,014;52,081
141:0,015;534,252
142:0,015;93,222
143:0,015;489,217
144:0,015;479,169
145:0,015;575,266
146:0,015;572,115
147:0,015;479,169;534,252
148:0,015;574,131
149:0,015;736,134
150:0,015;93,222
151:0,016;448,157
152:0,016;432,264;545,124
153:0,016;375,213
154:0,016;385,211
155:0,016;385,211;448,157
156:0,016;59,172
157:0,016;387,108
158:0,016;129,255
159:0,016;478,100
160:0,016;620,177
161:0,017;169,156
162:0,017;94,191
163:0,017;236,254
164:0,017;251,119
165:0,017;150,203;251,119
166:0,017;99,268
167:0,017;164,096;223,231
168:0,017;122,091
169:0,017;223,231;736,134
170:0,017;164,096
171:0,018;758,182
172:0,018;11,083;516,142
173:0,018;447,140
174:0,018;813,146
175:0,018;447,140
176:0,018;254,174
177:0,018;484,272
178:0,018;522,223
179:0,018;520,130;823,190
180:0,018;522,223;813,146
181:0,019;229,181
182:0,019;229,181
183:0,019;321,145
184:0,019;191,224;192,195
185:0,019;265,112
186:0,019;149,133
187:0,019;188,210;191,224
188:0,019;196,226
189:0,019;192,195;666,025
190:0,019;188,210
191:0,020;135,150
192:0,020;37,110
193:0,020;114,267;553,184
194:0,020;115,253
195:0,020;324,138
196:0,020;152,099
197:0,020;114,267;137,265
198:0,020;41,170
199:0,020;94,191
200:0,020;137,265
