001:0,001
002:0,001
003:0,001
004:0,001
005:0,001;746,253;1101,207
006:0,001
007:0,001
008:0,001
009:0,001
010:0,001;183,169
011:0,002;1072,119
012:0,002;1027,148
013:0,002;995,129;1002,196;1082,240
014:0,002;1002,196
015:0,002;980,189
016:0,002;206,191;1055,187
017:0,002;1055,187;1065,174
018:0,002;906,021;975,201
019:0,002;975,201
020:0,002;1065,174;1120,002
021:0,003;333,252;758,011
022:0,003;379,259
023:0,003;426,085;758,011;883,245
024:0,003;479,176;758,011;836,246
025:0,003;577,170
026:0,003;470,144;758,011;798,092
027:0,003;383,138;758,011;883,245
028:0,003;381,142
029:0,003;383,138;426,085;479,176;758,011;836,246
030:0,003;379,259;470,144
031:0,004
032:0,004;591,107;1154,102
033:0,004;1184,268
034:0,004;1189,180
035:0,004;1083,265
036:0,004;1148,253
037:0,004;1122,178
038:0,004;506,214
039:0,004;1114,103
040:0,004;1154,102
041:0,005;882,176
042:0,005;891,232
043:0,005;964,166
044:0,005;938,131
045:0,005;279,186;964,166
046:0,005;965,158
047:0,005;908,243
048:0,005;279,186;965,158
049:0,005;891,232
050:0,005;945,138
051:0,006;107,226;239,260
052:0,006;107,226
053:0,006;366,096;1060,022;1198,257
054:0,006;36,244;1060,022;1098,003
055:0,006;158,156;1060,022;1101,207
056:0,006;114,145;1049,252;1060,022;1188,222
057:0,006;366,096;1060,022
058:0,006;163,199;1060,022;1136,129
059:0,006;176,255;1060,022
060:0,006;239,260;1060,022;1198,104
061:0,007;928,019
062:0,007;588,264;928,019
063:0,007;928,019
064:0,007;928,019
065:0,007;928,019
066:0,007;1083,265
067:0,007;588,264;928,019
068:0,007;928,019
069:0,007;928,019
070:0,007;163,199;466,007;906,021;928,019
071:0,008;1060,022;1061,113
072:0,008;906,021;1061,113;1138,255
073:0,008;1138,255
074:0,008
075:0,008;1087,079
076:0,008;1102,235
077:0,008;1168,105
078:0,008;1087,079;1102,235
079:0,008;594,120
080:0,008;1072,185
081:0,009;396,132;497,023;644,165
082:0,009;36,244;449,206;497,023;638,150
083:0,009;449,206;497,023;644,165
084:0,009;441,168;497,023;707,161
085:0,009;420,108;497,023;643,123;707,161
086:0,009;396,132;420,108
087:0,009;368,148;497,023;642,192
088:0,009;497,023;643,123
089:0,009;441,168;497,023;1063,100
090:0,009;368,148;980,189
091:0,010;292,219;1120,002
092:0,010;672,215;1098,003;1120,002
093:0,010;594,184;1098,003;1130,090
094:0,010;594,184;1098,003;1130,090
095:0,010;604,126;1098,003;1120,002
096:0,010;662,221
097:0,010;604,126;1098,003;1120,002
098:0,010;611,207;1098,003;1120,002
099:0,010;611,207;662,221;1098,003
100:0,010;292,219;672,215;1120,002
101:0,011;407,130;434,151;459,081
102:0,011;419,229
103:0,011;448,202
104:0,011;94,271
105:0,011;492,216
106:0,011;407,130
107:0,011;431,239
108:0,011;459,081
109:0,011;434,151
110:0,011;415,106
111:0,012
112:0,012
113:0,012
114:0,012;155,211
115:0,012;155,211;433,012;1198,257
116:0,012
117:0,012
118:0,012
119:0,012
120:0,012
121:0,013;830,023;1068,238
122:0,013;458,178;830,023;1025,133
123:0,013;830,023
124:0,013;815,228
125:0,013;812,116;830,023;929,213
126:0,013;809,118;830,023;929,213
127:0,013;458,178;830,023;914,139;1068,238
128:0,013;815,228
129:0,013;975,177
130:0,013;809,118
131:0,014;1148,253
132:0,014;906,021;937,115;975,177
133:0,014;921,270
134:0,014;452,087
135:0,014;921,270
136:0,014;830,023;906,021;1049,252
137:0,014;882,176;906,021;937,115
138:0,014;333,252;906,021;952,249
139:0,014;906,021;936,275
140:0,014;915,125;936,275
141:0,015;158,097
142:0,015;977,109
143:0,015;1082,240
144:0,015;1020,146
145:0,015;1149,224
146:0,015;1020,146
147:0,015;1034,089
148:0,015;952,249
149:0,015;1111,101
150:0,015;830,023;832,208
151:0,016;594,120
152:0,016;70,261
153:0,016;472,159
154:0,016;417,257;758,011;788,091
155:0,016;550,274
156:0,016;436,234
157:0,016;417,257;472,159;604,152
158:0,016;550,274
159:0,016;521,149
160:0,016;604,152
161:0,017;320,233;333,231
162:0,017;333,231;1120,002
163:0,017;206,191
164:0,017;136,155
165:0,017;180,122;253,128
166:0,017;136,155
167:0,017;253,128
168:0,017;320,233
169:0,017;135,163
170:0,017;143,157
171:0,018;488,275;782,247
172:0,018;413,223
173:0,018;449,217;928,019
174:0,018;491,194;915,125
175:0,018;426,080
176:0,018;179,141
177:0,018;432,266;497,023;782,247
178:0,018;410,100;426,080;449,217
179:0,018;506,214
180:0,018;179,141
181:0,019;93,084;491,194
182:0,019;111,241
183:0,019;70,261;86,256
184:0,019;106,136
185:0,019;67,114;111,241
186:0,019;67,114
187:0,019;99,088
188:0,019;27,240;758,011;1097,273
189:0,019;86,256
190:0,019;168,135
191:0,020
192:0,020;413,223
193:0,020
194:0,020
195:0,020
196:0,020
197:0,020
198:0,020
199:0,020
200:0,020;456,162
