001:0,001;324,226
002:0,001;181,153
003:0,001;95,206;447,162
004:0,001;65,170
005:0,001;62,236;77,085
006:0,001;76,112
007:0,001;77,085;181,153
008:0,001;94,218
009:0,001;447,162
010:0,001;94,218
011:0,002;43,178
012:0,002;124,092
013:0,002;117,117;145,084
014:0,002;43,178
015:0,002;82,198
016:0,002;119,133
017:0,002;84,138
018:0,002;149,121
019:0,002;112,257;149,121
020:0,002;145,084
021:0,003;155,204
022:0,003;339,215
023:0,003;116,202
024:0,003;137,159
025:0,003;257,200
026:0,003;55,128
027:0,003;131,132
028:0,003;166,209;339,215
029:0,003;174,210
030:0,003;92,213
031:0,004;454,184;606,114
032:0,004;55,128;208,188
033:0,004;458,273
034:0,004;606,114
035:0,004;454,184
036:0,004;489,246
037:0,004;548,207
038:0,004;9,120
039:0,004;476,122
040:0,004;458,273
041:0,005;116,202
042:0,005;7,191
043:0,005;7,191
044:0,005;57,208
045:0,005;37,103
046:0,005;131,078
047:0,005;131,078
048:0,005;57,208;63,086
049:0,005;56,106
050:0,005;63,086
051:0,006;86,249
052:0,006;92,213
053:0,006;105,263
054:0,006;61,274
055:0,006;86,249
056:0,006;176,195
057:0,006;71,268
058:0,006;105,263
059:0,006;49,203
060:0,006;105,201
061:0,007;215,186;292,179
062:0,007;121,194
063:0,007;121,194
064:0,007;28,235
065:0,007;139,265
066:0,007;151,105
067:0,007;119,224
068:0,007;28,235
069:0,007;209,211
070:0,007;292,179
071:0,008;30,165
072:0,008;447,123
073:0,008;446,248
074:0,008;448,169
075:0,008;447,123;535,127
076:0,008;530,212
077:0,008;626,155
078:0,008;535,127
079:0,008;30,165
080:0,008;448,169
081:0,009;23,181;261,190
082:0,009;23,181;35,239
083:0,009;24,118
084:0,009;22,157
085:0,009;35,239;139,265
086:0,009;23,151
087:0,009;35,259
088:0,009;22,157;24,118
089:0,009;49,203
090:0,009;35,259
091:0,010;142,237
092:0,010;54,243
093:0,010;54,243
094:0,010;190,161
095:0,010;15,188;50,272
096:0,010;40,134;190,161
097:0,010;42,238
098:0,010;40,134
099:0,010;15,188;142,237
100:0,010;50,272
101:0,011;59,234
102:0,011;88,135;557,232
103:0,011;110,088;166,209
104:0,011;55,229
105:0,011;119,267
106:0,011;62,091
107:0,011;120,228
108:0,011;63,189
109:0,011;55,229;62,091
110:0,011;120,228
111:0,012;61,274;193,108;545,109
112:0,012;291,087
113:0,012;244,217
114:0,012;120,252
115:0,012;199,183
116:0,012;167,111
117:0,012;208,188
118:0,012;199,183
119:0,012;244,199
120:0,012;193,108
121:0,013;252,216
122:0,013;522,083
123:0,013;123,164;225,174
124:0,013;112,227
125:0,013;225,174
126:0,013;173,222;189,251;548,207
127:0,013;189,251
128:0,013;112,227;123,164
129:0,013;121,250
130:0,013;84,138
131:0,014;107,148
132:0,014;107,148
133:0,014;81,233
134:0,014;120,252
135:0,014;97,145;177,129
136:0,014;76,275;137,159
137:0,014;76,275;77,176
138:0,014;77,176;81,233
139:0,014;126,219
140:0,014;177,129
141:0,015;16,205
142:0,015;38,094
143:0,015;6,269
144:0,015;16,205;34,240
145:0,015;82,245
146:0,015;97,145
147:0,015;34,240
148:0,015;6,269
149:0,015;38,094
150:0,015;124,137
151:0,016;385,136
152:0,016;305,275;394,230
153:0,016;235,262
154:0,016;651,149
155:0,016;394,230
156:0,016;55,221
157:0,016;55,221
158:0,016;201,095;476,122
159:0,016;201,095
160:0,016;385,136
161:0,017;72,096
162:0,017;138,266
163:0,017;72,096
164:0,017;133,093
165:0,017;124,137;133,093
166:0,017;143,143
167:0,017;174,160
168:0,017;105,201
169:0,017;161,254
170:0,017;88,135;143,143;174,160
171:0,018;471,256
172:0,018;397,080
173:0,018;424,168
174:0,018;630,181
175:0,018;557,232
176:0,018;471,256
177:0,018;915,116
178:0,018;244,199;530,212
179:0,018;545,109;630,181
180:0,018;397,080
181:0,019;112,175
182:0,019;87,131
183:0,019;183,147
184:0,019;215,186;257,200
185:0,019;32,197
186:0,019;40,260
187:0,019;12,144;25,099
188:0,019;9,120;40,260;235,262
189:0,019;32,197
190:0,019;25,099;183,147
191:0,020;249,079
192:0,020;267,140
193:0,020;253,223
194:0,020;267,140
195:0,020;7,126;131,132;173,222;338,163
196:0,020;252,216;253,223
197:0,020;249,079
198:0,020;7,126
199:0,020;338,163
200:0,020;261,190
