001:0,001
002:0,001
003:0,001
004:0,001
005:0,001;370,269
006:0,001
007:0,001
008:0,001
009:0,001;338,168
010:0,001
011:0,002;302,141;386,242;590,116;906,264
012:0,002;338,110
013:0,002;300,183
014:0,002;296,195
015:0,002;39,147
016:0,002;386,242
017:0,002;300,199
018:0,002;300,183
019:0,002;39,147
020:0,002;328,241
021:0,003;627,148;768,132
022:0,003;371,190
023:0,003;340,192
024:0,003;323,083;864,002
025:0,003;29,227
026:0,003;314,245
027:0,003;330,235;374,156
028:0,003;484,081
029:0,003;385,162
030:0,003;29,227
031:0,004
032:0,004
033:0,004
034:0,004
035:0,004
036:0,004;1120,248
037:0,004
038:0,004
039:0,004
040:0,004
041:0,005;319,269;355,023
042:0,005;150,222;355,023
043:0,005;355,023
044:0,005;323,198;355,023
045:0,005;329,249
046:0,005;150,222
047:0,005;355,023
048:0,005;346,105;355,023
049:0,005;355,023
050:0,005;338,168
051:0,006;326,164;636,025;864,002
052:0,006;329,249;636,025;893,223
053:0,006;381,145;636,025;864,002
054:0,006;374,156;864,002
055:0,006;67,114;864,002
056:0,006;413,231;864,002
057:0,006;380,122;636,025;893,223
058:0,006;349,137;864,002
059:0,006;67,114;355,023;636,025;864,002
060:0,006;326,164;380,122;636,025;1094,120
061:0,007;482,129;558,121
062:0,007;461,178;544,135
063:0,007;207,205
064:0,007;422,176
065:0,007;422,176;491,141
066:0,007;558,121
067:0,007;207,205;461,178
068:0,007;544,135
069:0,007;487,219
070:0,007;491,141
071:0,008;624,142
072:0,008;199,102
073:0,008;451,150
074:0,008;590,116;875,261
075:0,008;589,090;666,267
076:0,008;675,085;818,148
077:0,008;666,267
078:0,008;818,148
079:0,008;768,132
080:0,008;588,113
081:0,009;505,180
082:0,009;329,247;510,217
083:0,009;532,200
084:0,009;484,096
085:0,009;583,146
086:0,009;487,246
087:0,009;530,117
088:0,009;780,157
089:0,009;510,217;532,200
090:0,009;572,101;583,146;780,157;987,243
091:0,010;906,264
092:0,010;690,080
093:0,010
094:0,010
095:0,010
096:0,010
097:0,010
098:0,010
099:0,010
100:0,010
101:0,011;118,220
102:0,011;114,215
103:0,011;127,163
104:0,011;156,239
105:0,011;158,207
106:0,011;109,235;118,220;156,239;170,197;636,025;1152,184
107:0,011;114,076
108:0,011;170,197
109:0,011;91,259;1152,184
110:0,011;109,235;158,207
111:0,012
112:0,012
113:0,012
114:0,012
115:0,012
116:0,012
117:0,012;114,215
118:0,012
119:0,012
120:0,012
121:0,013;759,233
122:0,013;346,105
123:0,013;454,243;817,013;1071,265
124:0,013;419,077
125:0,013;473,236
126:0,013;278,095;386,185
127:0,013;413,231
128:0,013;381,145;831,179
129:0,013;451,150
130:0,013;386,185
131:0,014;325,161
132:0,014;331,103
133:0,014;385,173
134:0,014;224,214
135:0,014;398,109;480,206
136:0,014;325,161
137:0,014;331,103
138:0,014;358,210
139:0,014;358,210
140:0,014;480,206
141:0,015;817,013;1008,221
142:0,015;817,013;932,125
143:0,015;271,250;817,013;910,186
144:0,015;817,013
145:0,015;30,208;271,250
146:0,015;817,013;987,243
147:0,015;790,196
148:0,015;926,266
149:0,015;817,013;910,186;1008,221
150:0,015;817,013;959,114
151:0,016
152:0,016;1101,213
153:0,016
154:0,016
155:0,016
156:0,016
157:0,016
158:0,016
159:0,016;1101,213
160:0,016
161:0,017;1120,248
162:0,017;817,013;824,088
163:0,017;184,154
164:0,017;831,179
165:0,017;875,133
166:0,017;880,187
167:0,017;893,140
168:0,017;851,092;893,140
169:0,017;851,092
170:0,017;323,198;880,187
171:0,018;690,080
172:0,018;908,137
173:0,018;636,025;949,240
174:0,018;805,134
175:0,018;767,090;908,137
176:0,018;767,090
177:0,018;875,261
178:0,018;689,225
179:0,018;746,155
180:0,018;689,225
181:0,019
182:0,019
183:0,019
184:0,019
185:0,019
186:0,019;340,192
187:0,019;355,023
188:0,019
189:0,019
190:0,019
191:0,020
192:0,020;482,129
193:0,020
194:0,020;30,208
195:0,020
196:0,020
197:0,020
198:0,020
199:0,020
200:0,020
