001:0,001;197,263
002:0,001;227,160;259,138
003:0,001;238,247
004:0,001;116,088;266,108
005:0,001;238,247
006:0,001;197,263
007:0,001;204,111;659,208
008:0,001;117,156;204,095
009:0,001;259,138
010:0,001;266,108
011:0,002;376,112
012:0,002;376,112
013:0,002;355,245
014:0,002;383,102
015:0,002;335,259
016:0,002;336,098
017:0,002;383,102
018:0,002;335,259
019:0,002;58,012;66,160
020:0,002;413,127
021:0,003;1046,146
022:0,003;1104,212
023:0,003;229,172;1097,088
024:0,003;1192,237
025:0,003;229,172;335,003;1073,227
026:0,003;1104,212
027:0,003;1033,233;1066,083
028:0,003
029:0,003;1046,146
030:0,003;574,160
031:0,004;396,216;865,172
032:0,004;262,068;310,154
033:0,004;262,068;316,115
034:0,004;316,115
035:0,004;169,145
036:0,004;262,068;565,136
037:0,004;296,106
038:0,004;169,145
039:0,004;262,068;625,207
040:0,004;296,106
041:0,005;431,182
042:0,005;431,182
043:0,005;400,133
044:0,005;400,133
045:0,005;347,083;879,273
046:0,005;349,171
047:0,005;411,144
048:0,005;451,253
049:0,005;349,171
050:0,005;592,086
051:0,006;299,221;775,088;997,127;1001,178
052:0,006;7,233;664,227;1166,245
053:0,006;296,093;1088,238
054:0,006;7,233;441,175
055:0,006;318,208
056:0,006;299,221
057:0,006;279,183
058:0,006;383,175
059:0,006;279,183
060:0,006;280,196
061:0,007;410,178
062:0,007;357,201
063:0,007;615,273
064:0,007;108,214
065:0,007;108,214
066:0,007;364,105
067:0,007;367,130;876,159
068:0,007;439,255
069:0,007;718,093
070:0,007;357,201
071:0,008;454,222;1087,137
072:0,008;454,222
073:0,008;542,262
074:0,008;697,131
075:0,008;456,164
076:0,008;588,137
077:0,008;456,164
078:0,008;466,110
079:0,008;679,216
080:0,008;560,223
081:0,009;535,194
082:0,009;449,169
083:0,009;538,101
084:0,009;437,231
085:0,009;449,169
086:0,009;74,143
087:0,009;475,253;859,083
088:0,009;447,219;799,262
089:0,009;74,143
090:0,009;535,194
091:0,010;35,235
092:0,010;87,116;557,275
093:0,010;87,116
094:0,010;240,275
095:0,010;35,235;285,078;1174,235
096:0,010;96,140
097:0,010;86,241
098:0,010;285,078
099:0,010;96,140
100:0,010;86,241
101:0,011;263,104
102:0,011;259,158;406,261
103:0,011;271,091
104:0,011;263,104
105:0,011;305,224
106:0,011;271,091
107:0,011;259,158;340,224
108:0,011;266,077
109:0,011;278,270
110:0,011;266,077
111:0,012;689,162
112:0,012;700,159
113:0,012;454,192
114:0,012;654,051
115:0,012;1058,246
116:0,012;1058,246
117:0,012;654,051
118:0,012;654,051
119:0,012;687,206
120:0,012;654,051
121:0,013;103,190
122:0,013;107,120
123:0,013;83,188
124:0,013;6,238;35,013;156,080
125:0,013;103,190
126:0,013;83,188
127:0,013;156,080
128:0,013;6,238
129:0,013;94,271
130:0,013;94,271;520,120
131:0,014;97,090
132:0,014;95,153
133:0,014;97,090
134:0,014;116,211
135:0,014;168,251;456,178;554,233
136:0,014;116,211
137:0,014;154,204
138:0,014;105,119
139:0,014;95,153
140:0,014;105,119
141:0,015;430,206
142:0,015;389,105;630,111
143:0,015;393,163;848,082
144:0,015;409,243
145:0,015;389,158
146:0,015;409,243
147:0,015;393,163
148:0,015;535,082
149:0,015;190,199
150:0,015;428,199;488,219
151:0,016;44,215
152:0,016;327,166
153:0,016;50,227;997,207
154:0,016;15,087
155:0,016;58,234
156:0,016;15,087
157:0,016;44,215
158:0,016;47,134
159:0,016;15,081
160:0,016;15,081
161:0,017;273,174
162:0,017;389,242
163:0,017;321,197
164:0,017;273,156
165:0,017;329,197
166:0,017;100,128
167:0,017;273,174
168:0,017;389,242
169:0,017;100,128
170:0,017;397,157
171:0,018;152,130
172:0,018;8,026;82,161
173:0,018;8,026;163,200
174:0,018;82,161
175:0,018;8,026;161,113
176:0,018;81,262;724,204
177:0,018;41,173
178:0,018;161,113
179:0,018;41,173
180:0,018;8,026;221,228
181:0,019;86,181
182:0,019;111,156
183:0,019;89,084
184:0,019;95,088
185:0,019;87,129
186:0,019;129,261;466,189
187:0,019;86,181
188:0,019;164,095
189:0,019;89,084
190:0,019;136,245;712,129
191:0,020;228,179
192:0,020;328,251
193:0,020;310,235;989,240
194:0,020;295,244
195:0,020;312,240
196:0,020;370,200;1150,231
197:0,020;295,244
198:0,020;228,179
199:0,020;317,189
200:0,020;399,118
