001:0,001;97,269
002:0,001;101,118
003:0,001;97,139
004:0,001;103,273
005:0,001;223,061;237,093;284,265
006:0,001;97,269;439,118
007:0,001;97,139
008:0,001;111,141;448,098;1002,269
009:0,001;103,273
010:0,001;222,265;712,112
011:0,002;873,204
012:0,002;737,203;1181,176
013:0,002;816,241
014:0,002;55,272
015:0,002;718,271
016:0,002;759,179
017:0,002;718,271
018:0,002;758,166
019:0,002;758,166
020:0,002;55,272
021:0,003;173,130
022:0,003;207,203
023:0,003;155,141
024:0,003;178,128
025:0,003;174,169
026:0,003;178,096;1060,136
027:0,003;173,130
028:0,003;261,136
029:0,003;174,169
030:0,003;231,105
031:0,004;268,103
032:0,004;229,217
033:0,004;381,158
034:0,004;9,123;602,158
035:0,004;9,123
036:0,004;228,257
037:0,004;386,092
038:0,004;229,217
039:0,004;228,257
040:0,004;376,156
041:0,005;191,090
042:0,005;179,061
043:0,005;191,090
044:0,005;17,076
045:0,005;179,061
046:0,005;179,061
047:0,005;203,184;1022,150
048:0,005;254,253
049:0,005;17,076
050:0,005;179,061
051:0,006;219,199
052:0,006;289,185
053:0,006;165,205
054:0,006;215,228
055:0,006;289,185
056:0,006;165,205
057:0,006;215,228
058:0,006;208,124
059:0,006;219,199;736,124
060:0,006;315,147;1004,174
061:0,007;258,161
062:0,007;204,197
063:0,007;207,180
064:0,007;182,145;207,180
065:0,007;182,145
066:0,007;254,100
067:0,007;182,154;484,156
068:0,007;204,197
069:0,007;241,190
070:0,007;187,083
071:0,008;150,251
072:0,008;198,246;473,154
073:0,008;76,030;157,183
074:0,008;76,030;155,223
075:0,008;156,122
076:0,008;76,030;157,176
077:0,008;76,030;155,223
078:0,008;150,251
079:0,008;156,122
080:0,008;157,183
081:0,009;186,046
082:0,009;186,046
083:0,009;236,101
084:0,009;216,255
085:0,009;216,255
086:0,009;132,087;465,101
087:0,009;21,232
088:0,009;186,046
089:0,009;21,232
090:0,009;186,046
091:0,010;587,143
092:0,010;657,198
093:0,010;366,138
094:0,010;543,077;628,168
095:0,010;688,127
096:0,010;559,214
097:0,010;689,146
098:0,010;366,138
099:0,010;543,077
100:0,010;544,168
101:0,011;374,247
102:0,011;384,188
103:0,011;384,188
104:0,011;694,239
105:0,011;374,247;1085,239
106:0,011;909,097
107:0,011;205,274
108:0,011;391,112;856,233
109:0,011;205,274
110:0,011;426,157
111:0,012;69,119
112:0,012;53,074;523,080
113:0,012;57,102;349,108
114:0,012;53,074;516,150;556,061;581,111
115:0,012;143,108;911,119
116:0,012;57,102
117:0,012;116,096
118:0,012;144,127;1020,110
119:0,012;53,074;555,219
120:0,012;53,074;523,080
121:0,013;292,151
122:0,013;293,171
123:0,013;292,151
124:0,013;185,153
125:0,013;437,263;946,265
126:0,013;303,155
127:0,013;388,189
128:0,013;290,245
129:0,013;185,153
130:0,013;291,214;440,246
131:0,014;454,193
132:0,014;446,093;961,109
133:0,014;530,150
134:0,014;503,126
135:0,014;284,221
136:0,014;446,093
137:0,014;448,046;451,084
138:0,014;284,221
139:0,014;454,193
140:0,014;503,126
141:0,015;76,086
142:0,015;120,011;121,051;220,240
143:0,015;116,154;121,051;188,201
144:0,015;124,117
145:0,015;124,117
146:0,015;121,051;180,201
147:0,015;121,051;180,227
148:0,015;76,086
149:0,015;121,051;180,227
150:0,015;116,154;220,240
151:0,016;128,160
152:0,016;152,009;311,186
153:0,016;74,002;173,191
154:0,016;89,109;828,147
155:0,016;114,224
156:0,016;65,134
157:0,016;44,009;223,214;894,262
158:0,016;114,224
159:0,016;65,134
160:0,016;232,262
161:0,017;27,181
162:0,017;151,233
163:0,017;14,038
164:0,017;14,038
165:0,017;14,038
166:0,017;148,063;213,253;517,092;898,087
167:0,017;14,038
168:0,017;27,181
169:0,017;28,087
170:0,017;14,038;184,184
171:0,018;562,267;602,194
172:0,018;349,194
173:0,018;574,089
174:0,018;566,266
175:0,018;671,109
176:0,018;562,267
177:0,018;628,173
178:0,018;628,267
179:0,018;574,089
180:0,018;718,261
181:0,019;161,234
182:0,019;161,234
183:0,019;178,241;472,051;842,143;1057,102;1171,105
184:0,019;196,174
185:0,019;214,258;472,051
186:0,019;211,259
187:0,019;164,159
188:0,019;166,098
189:0,019;98,235;341,241;472,051;812,263
190:0,019;196,174;472,051;816,164
191:0,020;136,118;423,207
192:0,020;46,063;879,242
193:0,020;39,059;46,063;934,218
194:0,020;39,059;50,110
195:0,020;46,063;1139,096
196:0,020;126,258
197:0,020;46,063;839,177
198:0,020;106,182
199:0,020;39,059;137,013;180,207
200:0,020;39,059;106,182
