001:0,001;19,004;74,216;378,009;398,105;463,015;668,003;973,165;1088,079
002:0,001;136,270;168,007;184,011;728,079;893,258
003:0,001;33,006;48,195;631,003;780,262
004:0,001;202,228;215,012;486,222;780,262
005:0,001;51,125;136,270;170,219;249,079;395,120;575,229;724,022;1176,087
006:0,001;16,008;98,015;126,217
007:0,001;88,122;101,020;311,087;737,014;1088,268
008:0,001;153,198;484,015;586,107
009:0,001;51,125;119,260;850,022;953,174
010:0,001;48,195;153,009;249,079
011:0,002;111,210;325,173;358,014;384,184;764,020;836,127
012:0,002;140,198;666,111
013:0,002;221,011;355,144;992,222;1111,117;1187,257
014:0,002;188,015;331,172;1036,020;1050,009;1054,122;1132,233
015:0,002;87,007;111,210;705,206
016:0,002;119,013;182,275;473,011;705,206;721,014;996,020;1132,004;1149,221
017:0,002;142,122;331,172
018:0,002;256,190;365,006;401,114
019:0,002;128,120;462,011;542,273;752,014
020:0,002;128,120;285,006;578,157;742,192
021:0,003;733,241;909,009;1149,085
022:0,003;214,101;689,015;981,144
023:0,003;663,169
024:0,003;203,021;275,093;514,114;582,179;588,014;912,117;1099,022;1169,130
025:0,003;643,187;797,227
026:0,003;769,191;804,015;909,211;1056,172;1149,085
027:0,003;9,013;342,242;345,021;421,247;539,174;645,248
028:0,003;418,213;488,003;869,081;1198,160
029:0,003;8,012;127,247
030:0,003;103,014;116,222;188,003;797,227;1064,004;1198,160
031:0,004;156,098;1168,022
032:0,004;106,253;642,258
033:0,004;52,011;221,226;379,165;440,253;929,004
034:0,004;5,019;107,229;440,015;1150,238
035:0,004;66,014;156,098;188,077;535,011;669,220
036:0,004;143,187
037:0,004;107,229;199,021;385,192;675,123;683,231;1148,009
038:0,004;91,219;147,022;181,111
039:0,004;74,007;187,022;338,135;409,087;436,020;460,235;669,220;871,022
040:0,004;151,012;181,111;380,011;500,009;510,225
041:0,005;191,116;527,261;559,009;688,147;848,014;978,263
042:0,005;197,094;297,016;623,116;798,147;1068,020
043:0,005;29,004;56,152;139,009;154,261;169,020;193,136
044:0,005;186,272;910,014;927,190
045:0,005;56,152;197,094
046:0,005;193,136;434,248;675,003;715,198;831,274;927,190
047:0,005;154,261
048:0,005;171,166;261,016;691,158
049:0,005;103,006;144,077
050:0,005;157,225;607,215;875,094
051:0,006;91,219
052:0,006;223,015;476,009
053:0,006;411,211;747,020;793,275
054:0,006;497,133;733,241;812,133
055:0,006;411,211
056:0,006;573,095;1026,246
057:0,006;513,221
058:0,006;497,133;963,274;1095,006
059:0,006;509,153;869,081
060:0,006;514,131;760,237;1137,268;1147,143
061:0,007;267,146;797,004
062:0,007;228,170;691,161;797,004
063:0,007;134,011;186,009;601,134;797,004;1075,158
064:0,007;213,242;304,020;342,011;461,094;586,093;630,225;797,004;944,264
065:0,007;174,188;180,020;325,132;565,022;648,166;797,004
066:0,007;168,022;328,186;551,022;637,274;797,004;1043,209
067:0,007;249,165;294,003;428,154;637,274;1004,098
068:0,007;234,154;473,015;686,003;741,200;857,140;908,020;944,264
069:0,007;234,202;462,087;559,015;578,105;765,015;797,004;859,197
070:0,007;210,208;362,016;584,198
071:0,008;123,011;138,126;199,021;448,234;452,126;467,242;909,223
072:0,008;132,110;199,021;536,249;897,009;909,223
073:0,008;167,267;199,021;324,097;350,212
074:0,008;69,007;188,246;199,021;501,088;973,127
075:0,008;5,014;77,216;199,021;335,015;378,229;569,003;575,229
076:0,008;141,183;190,014;259,228;277,006;378,251;402,170;513,088;587,022
077:0,008;132,110
078:0,008;148,022;199,021;452,126;647,014;831,272
079:0,008;139,168;141,183;171,007;199,021;536,249;656,170
080:0,008;139,168;199,021;546,128
081:0,009;601,134;670,216
082:0,009;1140,004
083:0,009
084:0,009
085:0,009;1001,089
086:0,009;1131,186
087:0,009
088:0,009
089:0,009
090:0,009
091:0,010;145,156;147,022;416,140;1069,232
092:0,010;147,022;305,251;437,003;819,191;1095,006
093:0,010;147,022;312,270;1095,006
094:0,010;147,022;267,003;465,083;648,003;722,251;831,015;848,142;1095,006
095:0,010;147,022;322,216
096:0,010;212,086;515,200;525,011;675,142;912,009;1095,006
097:0,010;5,004;21,200;1095,006
098:0,010;147,022;409,242;765,249;844,014;888,086;1095,006
099:0,010;21,200;59,005;147,022;416,140;802,152
100:0,010;147,022;305,251;321,003;368,125
101:0,011;427,003;559,115;588,014;676,264;756,014;972,092;1149,124
102:0,011;213,242;423,016;437,223;588,014;741,167
103:0,011;551,020;588,014;1065,144;1170,006
104:0,011;564,003;729,009;862,173
105:0,011;588,014;676,264;731,087
106:0,011;113,080;588,014;741,201
107:0,011;667,126;1174,167
108:0,011;588,014;625,203;656,014;972,092
109:0,011;588,014;667,126;752,131
110:0,011;645,166;656,015;741,167;1118,004;1179,128
111:0,012;220,267;335,020;611,130;614,020
112:0,012;315,248;495,177;800,004;1189,082
113:0,012;308,177
114:0,012;237,084;998,248
115:0,012;386,084
116:0,012;217,014;237,003;315,021;416,161;1169,238
117:0,012;251,157;313,006;480,141;754,014;939,255
118:0,012;309,202
119:0,012;231,020;462,156;669,020;914,257
120:0,012;176,006;236,016;441,181;543,020;721,224
121:0,013;204,100
122:0,013;234,078;624,014;832,177;1087,192;1095,180;1192,244
123:0,013;196,117
124:0,013;211,224
125:0,013;123,006;196,117;232,003;653,162;769,191
126:0,013;191,116;1196,009
127:0,013;182,014;199,165;474,015;825,241
128:0,013;178,022;206,003;477,232;1096,187
129:0,013;30,010;115,013;339,016;450,104;1095,006
130:0,013;140,010;184,084;204,100
131:0,014;539,174;1090,084
132:0,014;444,101;530,192;1007,004;1131,186
133:0,014;312,270;317,126;440,016;618,254;797,004;814,086;882,009
134:0,014;412,179;515,016;648,190;744,015;839,093;876,014;1068,168
135:0,014;138,126;448,234
136:0,014;831,229;1162,213
137:0,014;477,255;548,016;561,176
138:0,014;160,015;375,086
139:0,014;447,173;593,022;706,239;1032,187;1044,140
140:0,014;454,243;823,161
141:0,015;1009,141
142:0,015;863,124;962,009;1147,211
143:0,015;157,225;257,016;325,173;792,143
144:0,015;844,157
145:0,015;844,004;863,124
146:0,015;875,131;902,239;1161,009
147:0,015;564,020;760,237;862,004
148:0,015;911,127;944,270
149:0,015;72,010;102,020;212,179;1009,141;1146,004
150:0,015;561,011;636,233;1088,239
151:0,016;268,020;477,125
152:0,016;795,168;1148,086
153:0,016;99,176;144,217;915,272
154:0,016;295,014;387,180;1072,095
155:0,016;683,169
156:0,016;76,006;99,176;235,021;415,132;636,011;637,222;987,095
157:0,016;270,011;387,180
158:0,016;709,077
159:0,016;559,115;972,004;1091,022;1157,213
160:0,016;595,003;723,022;738,149;976,222
161:0,017;257,135;810,020;885,122
162:0,017;152,006;154,244
163:0,017;27,006;66,134;181,215;497,009;874,151;1177,022;1180,138
164:0,017;181,215;958,014;1167,189;1183,004
165:0,017;89,015;113,260;189,006;282,016;419,011;667,197;761,126;768,097
166:0,017;123,161;467,270;644,110
167:0,017;123,161;206,244;1188,189
168:0,017;219,257;929,220
169:0,017;126,003;207,231;675,142;725,173
170:0,017;207,231;1059,123;1167,189
171:0,018;129,016;226,097;981,126
172:0,018;159,184;171,014;312,258;385,011;460,271;578,157;862,114;1103,020
173:0,018;225,246;373,021;383,152;828,104;1093,170
174:0,018;255,014;269,228;384,003;428,143;807,149
175:0,018;125,011;165,268;212,086;369,226
176:0,018;192,137;312,258;734,015;759,022
177:0,018;93,007;125,197
178:0,018;192,137;462,016;513,093
179:0,018;225,246
180:0,018;274,009;348,233
181:0,019;22,103;177,203;240,134;320,110;514,131;551,022
182:0,019;44,008;58,253;126,134;551,022
183:0,019;22,103;48,142;369,006;492,183;551,022;876,004;1083,089
184:0,019;54,217;127,221;1115,237
185:0,019;127,221;452,257;551,022
186:0,019;54,217;68,003;477,232;506,015;551,022
187:0,019;85,123
188:0,019;177,203;551,022
189:0,019;53,212;830,219;896,088
190:0,019;22,159;47,015;48,142;323,123;519,153;551,022
191:0,020
192:0,020
193:0,020
194:0,020;42,003;51,010;85,020;666,022;689,104;748,201;1051,088
195:0,020
196:0,020
197:0,020
198:0,020
199:0,020;514,009;608,275
200:0,020;204,003;240,009;355,144;476,146;800,020
