001:0,001;276,233
002:0,001;265,238
003:0,001;124,226
004:0,001;276,233;874,266;933,148
005:0,001;124,226;275,257;348,212
006:0,001;348,212
007:0,001;212,076
008:0,001;265,238;280,186;682,136;693,011;817,080
009:0,001;370,179;901,263
010:0,001;208,210;690,255;827,250
011:0,002;112,132;401,240
012:0,002;112,132;252,101
013:0,002;79,094;672,083
014:0,002;79,094;451,011;463,184;537,086;707,120;1017,174
015:0,002;170,178;620,240;730,175
016:0,002;126,107;617,084;639,242
017:0,002;190,111;951,269
018:0,002;156,083
019:0,002;146,255;238,175
020:0,002;130,175;207,120
021:0,003;154,203;1046,106
022:0,003;197,106;319,119;355,111;667,145;1093,274;1102,257
023:0,003;410,215
024:0,003;215,145;596,155;867,123
025:0,003;185,115;202,176;294,200;1076,113
026:0,003;294,200
027:0,003;59,020;298,113;817,237;1088,155;1175,141
028:0,003;202,176
029:0,003;359,110;591,268;763,138
030:0,003;98,261;185,115;564,103;1187,111
031:0,004;31,012;94,175;315,011;541,263;721,157
032:0,004;171,083;482,134
033:0,004;103,130;335,136;498,198;918,256
034:0,004;160,207;1157,120
035:0,004;110,267;160,207
036:0,004;275,257;366,157
037:0,004;117,152;917,186
038:0,004;134,266
039:0,004;117,152;132,011;335,136
040:0,004;10,208;124,239;289,081;688,186
041:0,005;223,272;423,205
042:0,005;99,262;418,275;1088,167
043:0,005;17,231
044:0,005;249,184;258,187
045:0,005;17,231
046:0,005;222,223;314,011;418,275;654,198
047:0,005;169,114
048:0,005;258,187;276,224
049:0,005;169,114;439,115
050:0,005;77,096;84,157;490,174;557,158;575,177;972,224
051:0,006;53,106;60,006;98,177;738,112;958,240
052:0,006;285,230;325,176;654,195
053:0,006;193,011;698,091;1164,176
054:0,006;102,099;434,011;745,148
055:0,006;35,005;73,134;944,211;1071,140
056:0,006;77,256;979,213
057:0,006;92,167
058:0,006;102,099
059:0,006;91,269;698,091;779,216
060:0,006;77,256;104,198;544,011;660,275;877,215;951,132
061:0,007;249,112
062:0,007;213,103
063:0,007;239,119
064:0,007;207,186;746,110;795,084
065:0,007;203,095;731,158
066:0,007;163,234
067:0,007;146,150;626,011;779,216
068:0,007;271,242;1035,228
069:0,007;236,095
070:0,007;82,209;146,150;186,084
071:0,008;47,012;70,162;110,272;189,005;389,214;462,261;570,011;1128,243
072:0,008;39,193;76,253;134,266;254,268;472,215;783,086;1084,262;1092,198
073:0,008;47,138;70,162
074:0,008;61,203;63,176;72,005;431,261;751,214
075:0,008;37,188;518,162;973,141
076:0,008;58,096;349,155;389,214
077:0,008;110,272
078:0,008;35,004;158,077
079:0,008;76,253;128,079;142,003;205,273
080:0,008;103,120;126,107;565,272
081:0,009;236,219;847,190;1060,271;1086,256
082:0,009;138,084;203,121;236,219
083:0,009;219,155
084:0,009;178,092
085:0,009;267,190;357,092;575,114
086:0,009;27,227;663,150
087:0,009;203,121;501,163;676,077
088:0,009;267,190;860,211
089:0,009;141,240;466,150
090:0,009;92,001;277,127;926,275
091:0,010;104,092;263,178;675,111
092:0,010;91,269;125,211;787,105;945,085;1030,273
093:0,010;113,120;240,105;357,163
094:0,010;187,173
095:0,010;32,011;68,076
096:0,010;98,261;187,173
097:0,010;386,129
098:0,010;131,168;197,106;422,103;470,094
099:0,010;34,084;159,011;166,235
100:0,010;125,211;185,240;272,172;380,239;967,092
101:0,011;46,004;96,090;845,227
102:0,011;305,241;826,090
103:0,011;139,089;484,161
104:0,011;99,262;1026,095
105:0,011;769,085;847,177
106:0,011;484,161
107:0,011;784,274
108:0,011;305,241;516,113;1119,262
109:0,011;644,084;770,263;825,091
110:0,011;561,257
111:0,012;136,244;285,230
112:0,012;180,144;247,123;951,234;1082,151
113:0,012;131,168;136,244
114:0,012;140,159
115:0,012;42,245;463,226
116:0,012;192,188
117:0,012;303,011;459,093;796,245
118:0,012;42,245
119:0,012;188,163;374,122;738,081
120:0,012;140,159;742,122
121:0,013;130,156
122:0,013;102,158;471,270
123:0,013;192,105
124:0,013;124,239
125:0,013;130,156;1165,158
126:0,013;125,167;388,182;558,118;1019,136;1184,243
127:0,013;108,182;464,172;502,090;539,190;755,211;866,165
128:0,013;108,182;210,189;1043,237
129:0,013;102,158;1076,220
130:0,013;258,086
131:0,014;99,232
132:0,014;19,195;77,187;99,232
133:0,014;22,250;444,110
134:0,014;16,157;113,001;214,199;518,129;584,184;677,127
135:0,014;199,088
136:0,014;33,177;135,005;249,184;1023,210
137:0,014;23,220;70,098;526,157;684,261;1094,205
138:0,014;19,195;418,011;925,100;1142,152
139:0,014;70,098
140:0,014;77,187;199,088;661,230
141:0,015;73,250;927,235
142:0,015;53,106;65,201
143:0,015;33,140;106,003;119,270;621,130
144:0,015;49,271;1047,239;1064,163;1196,275
145:0,015;129,081;1018,238
146:0,015;65,201;708,171;1133,100
147:0,015;63,176;165,206;395,179;1061,219;1102,159;1148,122
148:0,015;119,270;124,093;147,018;174,224;333,206;1155,183
149:0,015;44,017;124,093;555,136;634,250;740,187
150:0,015;30,004;317,211;496,011;783,260
151:0,016;17,077;103,003;154,203;285,195;1149,184
152:0,016;247,123;783,259
153:0,016;135,138;1079,094
154:0,016;347,151;463,259
155:0,016;131,265;183,005;256,205;347,151;892,136;988,110
156:0,016;104,092;131,265
157:0,016;21,009;56,165;585,172;692,265
158:0,016;56,165;161,157;346,106
159:0,016;76,161;256,205;533,151;1150,239
160:0,016;155,263;1031,261
161:0,017;83,237;861,092;918,080;1100,177
162:0,017;8,183;672,238;959,123
163:0,017;103,130
164:0,017;86,171
165:0,017;193,140
166:0,017;8,183
167:0,017;170,193;1009,172
168:0,017;86,171;386,230;487,165;936,179
169:0,017;104,198;170,193
170:0,017;178,138;355,011;369,269;1058,162
171:0,018;157,126;181,220;723,099
172:0,018;198,079
173:0,018;181,220;1177,234
174:0,018;180,152
175:0,018;219,227
176:0,018;185,172
177:0,018;59,154;132,007;155,122;1107,188;1135,206
178:0,018;252,101
179:0,018;59,154;72,012;84,268
180:0,018;652,262;1163,268
181:0,019;116,174;213,255
182:0,019;222,223;371,132
183:0,019;152,007;241,077;247,256;581,245;652,174;855,255;962,244
184:0,019;108,228;556,235;769,085
185:0,019;116,174
186:0,019;108,228;948,140;1010,266
187:0,019;31,079;215,145
188:0,019;214,199;759,124;799,088
189:0,019;308,244;905,098;1061,203
190:0,019;165,206;188,163;248,210;1124,193
191:0,020;507,141;1016,184
192:0,020;150,129;408,124
193:0,020;151,270;173,259;704,183;711,011;945,213
194:0,020;163,189
195:0,020;185,218
196:0,020;185,218;370,112;594,237;653,119
197:0,020;8,118;123,005;283,118;990,271
198:0,020;408,124;676,228
199:0,020;30,005;254,121;507,141;660,218
200:0,020;173,259;381,273;948,203
