001:0,001;677,212;710,005
002:0,001;264,004;329,150;944,258
003:0,001;946,256
004:0,001;710,005
005:0,001;710,005
006:0,001;710,005
007:0,001;677,212;710,005
008:0,001;617,246;789,005;835,123;988,214;1160,117
009:0,001;792,165
010:0,001;710,005;835,123
011:0,002;101,093;183,008;884,169
012:0,002;191,266;246,105;273,008;281,227;526,132;625,083;1121,155
013:0,002;71,014;146,243
014:0,002;85,143
015:0,002;16,167;828,262;1040,132
016:0,002;109,210
017:0,002;4,012;246,105;281,227
018:0,002;142,158;492,008;526,132;1130,005
019:0,002;101,093;697,172
020:0,002;115,242
021:0,003;89,001;329,150
022:0,003;187,094;708,112;812,008;1027,215
023:0,003;77,016;291,118;871,005;1178,109
024:0,003;89,214
025:0,003;220,273;536,187;558,158;797,163;1142,227
026:0,003;120,136
027:0,003;89,214;585,104;843,213
028:0,003;125,161;151,018;168,230;636,169;962,005;989,203
029:0,003;125,161;430,184;887,238
030:0,003;96,011;108,006;145,240;164,001;183,016;199,176;291,118;387,014;448,155;804,079
031:0,004;83,005;106,018;112,174;637,160
032:0,004;319,191;427,232
033:0,004;619,198;864,155
034:0,004;402,218;1041,110;1060,155;1080,135
035:0,004;89,017;355,220;958,005;998,136;1170,008
036:0,004;279,257;283,216
037:0,004;373,091
038:0,004;283,216
039:0,004;355,220
040:0,004;82,270;112,174
041:0,005;121,020;153,173
042:0,005;255,108
043:0,005;77,004;156,112;255,108;430,234
044:0,005;160,169;177,004;181,012;205,185;1029,187
045:0,005;294,160;787,170;924,093
046:0,005;160,169;712,182
047:0,005;153,173;919,193
048:0,005;178,152;205,185;400,093
049:0,005;205,221
050:0,005;183,193
051:0,006;159,103;185,147;234,187;320,094;1089,219;1104,230;1156,237
052:0,006;148,011;153,085;960,097;1109,005;1150,110
053:0,006;185,147;219,008;986,239;1012,118
054:0,006;153,085;1065,211
055:0,006;328,200
056:0,006;159,103
057:0,006;54,247;161,008;297,175;586,082;846,209;971,085
058:0,006;96,001;97,229;1008,005;1070,251
059:0,006;200,014;437,158;900,213;1027,177;1106,103
060:0,006;177,243;998,188
061:0,007;37,268;441,233;463,131;587,231
062:0,007;112,156;291,233;648,167
063:0,007;100,004;108,100;234,004;291,233;376,017;587,231;765,249;920,008;1094,098
064:0,007;67,177
065:0,007;5,202;10,018;42,004;48,253;323,215;854,091;962,163;1189,201
066:0,007;258,142;766,266;1042,008;1134,274
067:0,007;44,262
068:0,007;32,013;37,083;48,253;423,100
069:0,007;5,202
070:0,007;108,100;1094,098
071:0,008
072:0,008
073:0,008
074:0,008;777,118
075:0,008
076:0,008;5,174;9,110;189,004;419,273;1040,084;1174,142
077:0,008;7,004;9,110;16,008;98,017;431,188;1005,194
078:0,008
079:0,008;224,209
080:0,008
081:0,009;85,006;171,141;478,104
082:0,009;12,005;15,109;163,229;167,014;478,104;526,151
083:0,009;3,014;54,090;100,016;352,213;876,184;1023,151
084:0,009;114,259;359,084
085:0,009;91,181;171,141;598,131;657,142
086:0,009;69,151;151,004;273,008;375,192
087:0,009;81,186;892,158
088:0,009;69,151;710,101
089:0,009;359,084;375,192
090:0,009;124,215;446,103;480,114;561,245;696,215
091:0,010;149,116;873,265
092:0,010;65,078
093:0,010;144,016;155,020;234,187
094:0,010;402,253;710,005;734,147
095:0,010;190,117;198,125;899,175;1056,268
096:0,010;198,125;734,147
097:0,010;152,252;190,117;507,008;842,080
098:0,010;156,104;194,016;210,255
099:0,010;149,116;233,020;308,117;407,110;418,076;792,111;951,233
100:0,010;65,078;199,176;855,185
101:0,011;547,239
102:0,011;514,237;1119,273
103:0,011;316,252;340,014;513,117;1123,203
104:0,011;237,152
105:0,011;263,080;288,004;375,142;475,172;526,175
106:0,011;47,003;58,266;1022,008;1134,274
107:0,011;409,089;852,125
108:0,011;263,080;663,198;984,117
109:0,011;157,001;237,152;450,210
110:0,011;242,131;352,151;364,078;994,201
111:0,012;177,101;198,145;593,242;628,214;800,207
112:0,012;230,128;1123,082
113:0,012;342,126
114:0,012;256,090
115:0,012;198,145
116:0,012;242,131
117:0,012;256,090;606,209;645,202
118:0,012;305,163;402,017;427,228
119:0,012;351,135
120:0,012;177,101;1148,194
121:0,013;77,139
122:0,013;3,002;68,182;373,091;734,186
123:0,013;239,265
124:0,013;77,142;191,001;465,097;553,143;731,155;865,005;904,206
125:0,013;77,139;356,268
126:0,013;100,193;520,268;1041,206
127:0,013;163,203;210,008;266,110;621,112;643,080;1164,254
128:0,013;74,119;217,020;267,194;605,170;624,082
129:0,013;68,182;880,228;921,124;1058,184
130:0,013;74,119;77,142;267,194;1063,231
131:0,014;12,089;98,159;123,014;421,195
132:0,014;421,195;1125,126;1187,251
133:0,014;500,082;594,255
134:0,014;434,180;1030,270
135:0,014;409,001;418,238;1060,091
136:0,014;319,004;343,172;434,180
137:0,014;343,172;738,174
138:0,014;12,089;67,110;233,017;464,156;585,238;871,008;1096,125
139:0,014;403,182;655,109;698,193;729,094
140:0,014;402,218;483,142;626,114;826,231;1043,005
141:0,015;95,111;1082,249;1131,186
142:0,015;50,201;1171,163
143:0,015;13,008;50,201;967,229
144:0,015;127,249
145:0,015;62,133;110,097
146:0,015;59,114
147:0,015;86,186;171,161;500,008
148:0,015;110,097;163,159;1160,097
149:0,015;98,159;389,097;462,261
150:0,015;36,003;169,164;410,262;502,229;866,215;998,123
151:0,016;275,211;574,110
152:0,016;262,270;682,260
153:0,016;31,258
154:0,016;352,184;692,156
155:0,016;30,219;137,020;155,254;327,017;392,083;398,128;771,218
156:0,016;292,260
157:0,016;262,270
158:0,016;155,254;424,179
159:0,016;298,175;392,177;670,258;710,005;761,124
160:0,016;387,207;1104,083
161:0,017;452,099
162:0,017;513,079;846,131
163:0,017;479,081
164:0,017;530,109
165:0,017;59,114;178,004;221,020;280,008;432,079;590,008;633,110;942,159
166:0,017;409,089;452,099
167:0,017;37,083;861,254
168:0,017;401,219;728,112
169:0,017;88,014;401,219
170:0,017;436,008;443,188;464,156;815,005;981,081
171:0,018;176,222;440,008;451,162
172:0,018;287,250;314,179;388,001;451,162;730,131;738,084;772,008;998,191
173:0,018;231,163;877,198;1083,191
174:0,018;314,179;1124,160;1141,169
175:0,018;35,005;70,018;261,077;412,001;923,008
176:0,018;231,163;267,004;292,260;470,139
177:0,018;169,164;185,004;427,232;764,242
178:0,018;250,234
179:0,018;95,111;287,250;632,233;1153,079
180:0,018;15,109;43,017;158,261;832,103;1056,275
181:0,019;5,252;52,001;117,157;210,255;462,268;518,163;536,185;829,128
182:0,019;3,004;41,170;517,117;548,116
183:0,019;5,252;351,135;514,237;829,005
184:0,019;8,275;624,250;639,275;729,258;917,112;954,184
185:0,019;117,157;168,112;710,005
186:0,019;40,211
187:0,019;240,265;465,001;726,005
188:0,019;8,275;1167,150
189:0,019;96,010;112,076;523,126;662,200
190:0,019;19,002;41,170
191:0,020;365,014;390,254;976,209;1059,111;1102,176
192:0,020;545,273
193:0,020;379,245
194:0,020;383,221;994,164;1139,008
195:0,020;13,008;417,249;466,165
196:0,020;65,004;100,076;220,273;264,076;324,230
197:0,020;379,245;536,001;779,227;845,237
198:0,020;387,207;395,164
199:0,020;466,165;576,103;584,008;726,076
200:0,020;481,176
