001:0,001;322,160;366,023;469,190;557,133
002:0,001;25,019;29,008;157,010;278,185;361,255;854,176
003:0,001;219,222;259,005;278,185;563,025;669,003;733,242;830,213;1018,005;1076,234
004:0,001;219,222;226,101;898,024
005:0,001;69,017;320,012;344,240;487,001;497,018;595,025;733,242;902,090
006:0,001;226,101;393,244;880,025;926,115
007:0,001;323,240;1037,076;1132,182
008:0,001;125,008;248,097;301,021;431,157;843,024;932,255;1169,002
009:0,001;137,255
010:0,001;530,018;934,224
011:0,002;124,188;163,012;170,153;285,191;355,023;539,134;721,002
012:0,002;408,020;471,009;721,002;1171,213
013:0,002;153,235;360,002;408,221;721,002;790,001;1035,112;1123,210
014:0,002;76,012;100,166;133,018;170,153;355,023;462,002;496,194;512,226;685,009;702,253;721,002
015:0,002;205,208;355,023;496,194;721,002
016:0,002;124,188;512,021;558,211;570,017;721,002
017:0,002;100,166;153,235;183,266;721,002;1093,005
018:0,002;143,180;309,002;310,235;355,023;446,167;550,272;721,002;1040,005
019:0,002;140,011;446,167
020:0,002;183,266;355,023;467,208;513,089;564,017;664,132;860,124
021:0,003;324,001;389,183;438,218;544,017;644,139;953,024
022:0,003;937,155;1134,270
023:0,003;1089,080
024:0,003;925,002;975,129;1129,018;1134,270
025:0,003;235,009;379,098;644,139;844,003;1014,132;1087,005
026:0,003;99,012;201,143;240,146;479,233
027:0,003;964,177
028:0,003;1048,138
029:0,003;752,024;759,106
030:0,003;915,098
031:0,004;73,194;439,001;518,207;538,273;856,253
032:0,004;33,001;260,169;1010,212;1126,002
033:0,004;36,103;73,194;159,020;210,142;355,023;516,204;1082,155;1104,118
034:0,004;77,124;441,001;602,152;796,182
035:0,004;71,206;429,269;524,154
036:0,004;61,177
037:0,004;54,256;62,180;77,124;867,002
038:0,004;38,020;55,205;148,010;321,241
039:0,004;54,256;554,088;802,024;1092,246;1146,147
040:0,004;62,180;1143,005
041:0,005;220,003;246,202;389,020;445,002;469,113
042:0,005;246,202;493,004;547,202
043:0,005;301,250;391,017;634,221
044:0,005;297,013;350,152;884,024;1003,108
045:0,005;328,272
046:0,005;55,205;204,176;764,157
047:0,005;251,003;392,018;575,156;1150,002
048:0,005;40,172;77,008;101,010;204,176;388,263;652,024
049:0,005;312,188;334,275;556,018
050:0,005;334,275;460,128;698,024;802,091
051:0,006;205,135;224,002;379,095;584,016;610,024;1069,145
052:0,006;1,005;63,196;168,167;224,002;544,237;584,016;610,024
053:0,006;123,003;193,147;205,135;262,011;274,003;379,095;584,016;596,009;610,024;729,209
054:0,006;224,002;584,016;679,193;751,024;768,229
055:0,006;224,002;524,110;584,016;610,024;767,165;1159,002;1181,261
056:0,006;168,167;205,005;224,002;556,104;584,016;610,024;681,253;790,001;794,212;799,166
057:0,006;133,130
058:0,006;224,002;569,113;584,016;610,024;764,001;945,228
059:0,006;83,226;323,002;534,147;544,237;947,176;1199,001
060:0,006;166,265;181,020;231,009;438,218;450,166;878,242;945,228
061:0,007;148,149;211,201;340,181;841,190
062:0,007;187,008;297,013;319,263
063:0,007;137,152;379,017;427,103
064:0,007;129,001;182,011;214,273;602,003;680,007;769,111
065:0,007;211,201;680,007;769,111;830,025
066:0,007;62,001;214,273;237,005;280,234;299,130;512,021;569,165;604,118;613,245;680,007;841,190;871,111;1121,002
067:0,007;82,005;168,223;382,018;427,103;451,080;606,207;680,007;723,094;1010,018
068:0,007;33,003;50,016;209,233;280,234;680,007;772,100
069:0,007;51,019;146,195;301,111;348,017;422,009;501,094;708,001;782,141
070:0,007;301,111;463,103;634,025;680,007;839,077
071:0,008;202,010;348,009;776,237;1199,018
072:0,008;117,019;204,118;395,017;634,107;964,025;1075,143
073:0,008;362,118;382,190;610,024;852,018
074:0,008;301,021;399,147;1151,002;1191,080
075:0,008;315,107;455,004;552,178;1075,143;1134,234
076:0,008;113,247;327,003;365,134;756,003;926,002;982,262
077:0,008;322,160;559,172;656,024
078:0,008;307,244;399,147;525,021;559,172;735,024
079:0,008;326,196;1086,204;1161,196
080:0,008;204,118;326,196;732,147;1021,129;1042,002
081:0,009;213,011;366,115;513,003;750,153;982,001;1148,269
082:0,009;98,011;433,003;515,079;996,024
083:0,009;161,022;222,120;260,020;455,004;507,271;968,159;1083,253
084:0,009;46,007;173,146;738,001;892,085;931,178;1048,221;1063,024
085:0,009;158,236
086:0,009;140,162;542,098;1027,196
087:0,009;128,001;140,162;1051,101
088:0,009;167,085;457,004;518,207
089:0,009;54,007;158,236;162,010;174,088;687,107;767,203;1195,214
090:0,009;174,088;291,262;326,003;455,001;461,135;507,271
091:0,010;191,159;248,097
092:0,010;40,020;49,151;297,013;371,018;1050,005;1092,246;1190,150
093:0,010;297,013;321,261;428,201;483,003;563,243
094:0,010;290,221;297,013;307,244;371,018
095:0,010;266,093;371,018;444,017;642,123;771,025;812,101;1074,103
096:0,010;93,020;134,094;261,005;266,093;283,252;371,018;1190,150
097:0,010;134,094;252,003;297,013;393,166;402,020;455,168
098:0,010;283,252;290,221;371,018;821,025;897,164
099:0,010;297,013;371,018;1003,108;1008,169;1064,178
100:0,010;201,143;297,013;371,018
101:0,011;130,008;301,021;337,079;512,021;551,191;948,018
102:0,011;157,005;301,021;384,078
103:0,011;301,021;345,133;996,024;1046,259
104:0,011;335,150;512,021;608,145;954,153
105:0,011;117,010;128,270;147,010;654,241;749,253;1014,244
106:0,011;301,021;332,001;512,021;540,250;1080,237;1082,123;1108,087
107:0,011;301,021;366,115;512,021;540,250;870,078
108:0,011;307,217;645,191
109:0,011;189,018;291,262;345,133;512,021;557,086;608,145;976,018;1106,112
110:0,011;127,179;180,005;301,021;429,208;439,117;512,021;802,002
111:0,012;209,181;268,208;610,024;1083,106
112:0,012;224,009;760,216
113:0,012;224,009;936,262
114:0,012;57,192;73,020;86,110;224,009;1010,189;1157,018
115:0,012;190,018;405,245;680,007;760,216;945,025;1112,275
116:0,012;224,009;403,020;493,087
117:0,012;224,009;493,087;841,025;936,116;1015,113;1115,001
118:0,012;224,009;683,076;758,024;973,156;1109,237
119:0,012;28,014;79,010;224,009;715,025;854,018;1012,275
120:0,012;162,025;224,009;760,093
121:0,013;63,196;78,002;117,016;166,089
122:0,013;44,005;88,145;119,248;552,177;871,162
123:0,013;54,102;202,225;402,023;501,094;558,244
124:0,013;63,209;102,010;138,191;625,085;1118,162
125:0,013;14,009;119,248;499,020;809,110;845,024
126:0,013;6,002;38,119;154,022;249,243;310,003;364,231
127:0,013;88,145;166,089;223,207;337,079;523,212;610,024;637,119
128:0,013;38,119;364,231
129:0,013;157,099;242,213;727,081
130:0,013;223,207;249,243;573,142
131:0,014;116,255;162,025;203,081;572,017;764,090;1084,001
132:0,014;94,215;132,080;151,237;377,018;437,100;1191,269
133:0,014;94,076;162,025;211,218;371,018;464,154;569,020;664,176;860,018
134:0,014;113,247;118,128;162,025;270,269;292,017;418,001;429,269;1187,236
135:0,014;112,019;151,237;162,025;270,269;355,023;402,223;524,110;1143,002;1156,203
136:0,014;114,241;203,081;753,219
137:0,014;94,225;569,165;792,024;807,194
138:0,014;96,080;708,001
139:0,014;162,025;180,017;668,203;1011,260;1135,001
140:0,014;87,001;162,025;209,181
141:0,015;324,001;533,116;563,025;992,005
142:0,015;324,001;563,025;969,123;992,005;1082,109
143:0,015;261,190;435,111;563,025;992,005
144:0,015;42,082;324,001;563,025;992,005
145:0,015;286,205;312,003;324,001;393,166;563,025;1119,154
146:0,015;261,233;324,001;550,122;554,009;563,025;992,005
147:0,015;261,190;324,001;475,151;563,025;768,229;840,025;1082,109
148:0,015;256,139;324,001;542,140;992,005
149:0,015;224,002;256,139;420,241;536,009;559,078;563,025;970,198
150:0,015;247,005;257,018;309,020;706,143;992,005
151:0,016;100,017;249,092;1047,002;1177,214
152:0,016;191,159
153:0,016;139,015;154,106;201,003;203,186;296,002;526,218
154:0,016;71,206;154,106;249,092;421,261;869,163;998,002
155:0,016;154,022;208,126;621,017
156:0,016;222,010;241,142;575,086;607,167;622,162;730,001;788,275;852,018;869,163
157:0,016;13,003;50,162;93,017;321,261;373,023;671,227;1061,187;1140,178
158:0,016;158,151;307,009;486,212
159:0,016;203,186;671,227
160:0,016;173,213
161:0,017;655,018;664,132
162:0,017;640,120;663,214;992,005
163:0,017;683,076
164:0,017;557,020;625,085;827,180;909,210
165:0,017;364,117;939,081;1016,250
166:0,017;82,204;313,018;332,139;475,151;524,123;658,117
167:0,017;636,269;646,273
168:0,017;56,008;57,164;162,025;199,226;258,199;622,003;623,025;673,260
169:0,017;35,008;40,172;50,011;87,219;756,260;950,094
170:0,017;663,214;1182,205
171:0,018;224,002;320,012;342,267;455,004;544,256;584,016;588,116;708,001
172:0,018;333,165;421,002;455,004;607,018;708,001;955,220
173:0,018;320,012;333,165;562,009;704,156;708,001;951,002;1009,001
174:0,018;117,019;139,199;315,107;320,012;479,233;693,168;708,001
175:0,018;320,012;387,171;424,149;492,003;1171,209;1186,255
176:0,018;320,012;342,267;455,004;484,226;583,217;669,018;730,002;1145,205
177:0,018;342,135;455,004;524,123;527,249;1059,189;1107,124
178:0,018;424,149;708,001
179:0,018;43,008;57,192;342,135;455,004;588,116
180:0,018;320,012;429,205;455,004;527,249;532,248;708,001
181:0,019;115,104;154,022;284,017;351,009;488,020;498,118;864,001
182:0,019;42,082;48,020;115,104;154,022;355,023;455,157;604,249
183:0,019;154,022;246,121;374,018;876,266
184:0,019;137,152;246,121;439,001;474,104;564,201
185:0,019;146,109;680,007;694,248;727,003;867,152;1141,001
186:0,019;73,128;552,018;611,209;876,266;1100,024
187:0,019;125,178;154,022;275,232;487,009;514,182;932,209;941,001
188:0,019;154,022;245,179;275,232
189:0,019;92,006;125,178;154,022;546,210;1003,222
190:0,019;154,022;157,099;320,012;383,234;576,204;791,001;964,123
191:0,020;868,132;970,168;1083,005
192:0,020;761,001
193:0,020;408,009;920,261
194:0,020;840,204
195:0,020;1154,104
196:0,020;789,148
197:0,020;658,112;721,002;814,187
198:0,020;789,148
199:0,020;804,118
200:0,020;406,002;596,003;658,112;668,018;717,222;1154,104
