001:0,001;324,237;759,099;795,003;827,079;1097,002;1146,225
002:0,001;289,020;324,237;416,008;824,144;981,083
003:0,001;401,099
004:0,001;518,007;653,263
005:0,001;104,168;223,122;535,166;1055,008;1191,274
006:0,001;535,166;681,003;764,138;933,002;1116,113
007:0,001;189,091;258,013;292,092;770,008;885,146
008:0,001;189,091;232,172;485,013;725,264
009:0,001;34,005;87,244;728,012;824,144
010:0,001;23,002;223,122;866,208;1027,076
011:0,002;838,012;936,162
012:0,002;1025,238;1164,154
013:0,002
014:0,002
015:0,002
016:0,002;372,148;613,153;856,162
017:0,002;187,019;224,265;562,013;842,183
018:0,002
019:0,002;206,013;294,079;546,007;670,132
020:0,002;38,017;41,025;372,262
021:0,003;63,202;71,137;183,016;225,124;416,008
022:0,003;71,137;268,117
023:0,003;41,025;153,002;154,143;766,002
024:0,003;41,025;268,117;300,002;544,107;617,013;670,085;695,008
025:0,003;41,025;300,190;416,008
026:0,003;41,025;269,085;416,008
027:0,003;30,012;41,025;76,005;143,020;243,100;269,085;416,008
028:0,003;63,202;225,124;416,008
029:0,003;41,025;296,198;416,008;998,012;1107,236
030:0,003;41,025;225,143;416,008
031:0,004;455,230;674,243;827,165
032:0,004;348,163;548,171
033:0,004;348,163;431,209;490,076;746,003;827,002;915,115
034:0,004;337,100;391,077;394,020;548,171;1008,258
035:0,004;490,076;1071,150
036:0,004;442,165;649,261
037:0,004;335,210;398,267;442,165
038:0,004;338,204;409,100
039:0,004;22,007;63,008;223,004;448,006;464,158
040:0,004;60,025;233,184;348,001;391,077;464,158;599,230;1048,176
041:0,005;144,257;518,007;617,130;687,012;917,249;942,202
042:0,005;227,265;454,112;588,013;792,152
043:0,005;83,018;97,093;548,002;587,160;737,170;773,202;888,225
044:0,005;210,187;221,014;278,194;424,257;518,007;860,155
045:0,005;210,187;518,007;872,141
046:0,005;160,118;474,176;518,007;863,223
047:0,005;76,014;97,093;231,001;253,199;290,196;1038,012
048:0,005;176,235;226,001;518,007;840,243
049:0,005;176,235;319,011;480,111;518,007;768,175;900,218
050:0,005;144,257;401,258;549,228;1101,008;1136,130
051:0,006;88,255;133,136;344,013;514,002;701,166;854,194;1083,255
052:0,006;156,002;192,229;533,101;687,012;765,114
053:0,006;133,136;255,002;359,245;502,119;682,003;687,012;1024,119
054:0,006;182,182;687,012
055:0,006;116,095
056:0,006;66,007;147,253;392,002;408,155;602,131
057:0,006;102,014;182,182
058:0,006;13,012;88,255;239,159;469,245;687,012
059:0,006;129,200;292,011;516,013;533,101;877,012;895,232
060:0,006;122,133;481,092;641,013;687,012
061:0,007;183,014;251,094
062:0,007;234,004;301,228;396,020;671,176;994,012;1161,118
063:0,007;101,013;134,082
064:0,007;250,105;423,002;433,211;1189,172
065:0,007;250,105;288,192;589,237
066:0,007;226,130;256,199
067:0,007;288,192;845,003;1115,186;1162,004;1189,172
068:0,007;214,162;907,272
069:0,007;271,150
070:0,007;72,019;204,008;237,274;516,008;564,150;898,170;1066,146;1167,004
071:0,008;269,129;369,020;436,126;857,226
072:0,008;28,012;34,242;200,016;245,208;448,006;474,189
073:0,008;104,168
074:0,008;267,139;973,239;1099,110
075:0,008;1,019;28,004;277,020;398,267;436,126;448,006;555,249
076:0,008;291,115;448,006;559,178;822,002
077:0,008;245,208;847,106
078:0,008;265,248;448,006;471,121;559,178
079:0,008;265,248;448,006;481,261;808,126
080:0,008;309,243;448,006;471,121
081:0,009;179,109
082:0,009;169,098;676,007;1005,186;1134,164
083:0,009;275,102
084:0,009;109,177;387,001;516,202;768,164
085:0,009;179,109;625,194
086:0,009;163,120;752,177
087:0,009;202,201;596,193;793,003;1007,104;1023,002;1190,116
088:0,009;157,011;163,120;294,011;537,143
089:0,009;10,012;102,141;372,148;424,002;539,240;599,007;768,164;1025,238
090:0,009;62,007;109,177;1116,174
091:0,010;150,018;262,225;526,202;728,247;794,122
092:0,010;42,016;116,226;448,006;474,228;884,124
093:0,010;226,130;739,198
094:0,010;194,154;468,002;472,003;531,116;619,208;753,002;915,250;1123,134
095:0,010;131,247
096:0,010;51,004;102,018;163,154;1166,012
097:0,010;127,112;306,239
098:0,010;163,154;188,243;843,178;1156,158;1166,008;1197,083
099:0,010;127,112;161,007;188,243;220,002;257,168;873,012;1085,089
100:0,010;87,013;176,016;219,080;262,225;908,247;915,250;1048,012
101:0,011;376,013;382,084;791,145;1054,099
102:0,011;610,002;667,003;995,012
103:0,011;67,010;113,019;219,209;250,011;449,273;691,003;992,077
104:0,011;156,180;469,013;822,090
105:0,011;271,150;412,093;499,130;610,008;912,268
106:0,011;524,088
107:0,011;518,007;524,088;781,008;912,268
108:0,011;518,007;891,230
109:0,011;635,185
110:0,011;545,252;650,007;660,260;745,007;765,114;1102,142
111:0,012;24,015;54,153;672,002;773,007;834,127
112:0,012;54,153;315,013;414,020;620,106
113:0,012;102,087
114:0,012;104,194;705,002;1009,012;1193,002
115:0,012;102,087;140,242;1083,008
116:0,012;72,119
117:0,012;51,015;72,119;478,008;512,160;546,271;816,002;1050,190;1121,002
118:0,012;1,004;23,082;276,212;362,184;473,008;546,271;632,145;699,258;809,175
119:0,012;102,141;903,143;1093,198
120:0,012;170,184;583,002;702,125;1070,190;1166,012
121:0,013;714,226;1005,174
122:0,013;173,020;343,002;365,209;526,003;891,109;1166,143;1181,012
123:0,013;652,240;687,012;964,097
124:0,013;400,011;521,162;540,189;734,130;1199,163
125:0,013;652,240;880,188
126:0,013;773,202
127:0,013;104,206
128:0,013;496,275
129:0,013;246,090;429,084
130:0,013;922,174;1078,076
131:0,014;344,131
132:0,014;352,142
133:0,014;142,239;159,016;209,237;219,080;560,008;1107,236
134:0,014;332,117;671,013;733,214;792,152;805,239;885,206;1105,126
135:0,014;179,016;347,128
136:0,014;17,009;239,159;449,001;521,110;1152,088;1191,258
137:0,014;338,258;1039,228
138:0,014;209,237;246,001;538,193;827,079
139:0,014;344,131;448,156;753,003;1078,160
140:0,014;406,156
141:0,015;42,007;75,157;87,163;296,198;860,002;931,012;1172,227
142:0,015;104,206;118,256
143:0,015;87,163;107,007;296,169
144:0,015;118,256;136,019;182,274;435,082
145:0,015;79,115
146:0,015;90,025;296,169;334,083;389,204;972,185
147:0,015;53,007;55,145;365,201
148:0,015;154,143;206,004;240,272;928,128;1147,208;1168,206
149:0,015;55,145
150:0,015;117,176;468,115;911,002;964,097;1075,102
151:0,016;326,147;384,003;762,083;905,199
152:0,016;276,212;384,003;652,008;681,077
153:0,016;238,011;384,003;817,208;891,153
154:0,016;361,185;732,117;913,139
155:0,016;318,091;384,003;721,207
156:0,016;311,001;452,099;461,177;693,153
157:0,016;314,250;384,003;722,008
158:0,016;84,001;384,003;956,002
159:0,016;64,014;172,001;443,263;721,207
160:0,016;169,001;384,003;717,183;1081,112
161:0,017;195,244;384,003;700,012;1035,002;1123,134
162:0,017;130,085;209,007;450,013;544,133;707,007;825,112;1144,255
163:0,017;142,239;422,118
164:0,017;88,009;116,246;156,020;891,269
165:0,017;136,083;1169,170
166:0,017;159,234;458,083;489,118;694,003
167:0,017;116,246;179,011;425,013;544,133;704,013;706,002;761,095;843,003;1077,209;1112,002;1122,247
168:0,017;73,167;136,083;159,234;343,272;825,235
169:0,017;108,019;205,170
170:0,017;16,009;73,167;891,269;1166,004
171:0,018;197,218;553,154;577,267;711,090;1026,087;1162,004
172:0,018;72,002;424,255;1129,230;1162,004
173:0,018;246,090;727,003;1052,133;1162,004
174:0,018;197,218;959,168
175:0,018;187,020;223,228;275,102;915,141;981,003;1040,232;1089,002;1162,004
176:0,018;169,098;407,234;1104,100;1162,004
177:0,018;273,176;286,096
178:0,018;286,096;1052,133;1162,004
179:0,018;63,002;121,014;880,188
180:0,018;243,100;638,007;1102,089;1162,004
181:0,019;308,227;824,253;846,261
182:0,019;24,016;156,148;308,227
183:0,019;326,147;358,001;871,253
184:0,019;234,196;298,235;974,100;1079,175
185:0,019;107,007;214,162;370,235;425,247;627,241
186:0,019;232,172;233,014;239,241;282,020;727,234;1181,004
187:0,019;224,001;577,267;801,002;824,253
188:0,019;174,025;285,013;328,176
189:0,019;253,112;672,235;795,003;852,124;1178,155
190:0,019;85,017;114,081;239,241;802,204;1013,208
191:0,020;149,013;156,180;293,206;541,142;589,120;613,020;714,077;804,275;1176,094
192:0,020;119,078;248,191;464,155;1113,171
193:0,020;64,025;248,191;377,013;687,012
194:0,020;367,013;399,133;534,002;920,182
195:0,020;779,002;873,125
196:0,020;704,256;997,201;1138,002
197:0,020;480,234;659,002;701,163
198:0,020;701,163;725,264;979,204
199:0,020;717,267
200:0,020;993,003;1011,219
