001:0,001;129,018;157,001;293,002;401,083;695,091
002:0,001;510,079;1090,252
003:0,001;26,016;149,089;158,014;926,009
004:0,001;149,089;209,008;345,120;862,009;1016,144
005:0,001;483,236;993,200;1179,192
006:0,001;393,003;577,105;905,078;1047,190;1177,129
007:0,001;695,091;718,009;810,261;937,084
008:0,001;421,017;587,167
009:0,001;487,009;1173,196
010:0,001;249,008;452,235;587,167
011:0,002;570,230
012:0,002;426,096;471,014;536,252;793,149;818,248
013:0,002;246,261;335,249;421,169;770,241
014:0,002;412,229;812,009;841,156
015:0,002;307,008;426,096;813,237
016:0,002;95,004;384,270;570,230;739,009;780,219
017:0,002;438,251;705,014;773,081;967,102;972,126;1015,241
018:0,002;144,003;160,005;162,009;185,223;438,251;536,252;1165,236
019:0,002;450,179;961,121
020:0,002;25,014;85,019;363,001;497,014;522,148
021:0,003;738,176;746,140;866,199
022:0,003;707,248;890,210;1002,076
023:0,003;689,102
024:0,003;156,001;297,172;465,007;513,199;612,207
025:0,003;401,083;474,238;578,009;619,101
026:0,003;224,008;422,134;462,172;1066,103
027:0,003;43,006;75,221;233,018;442,012;479,112;1022,137
028:0,003;568,007;665,238;731,010;1014,137
029:0,003;775,203
030:0,003;661,009;746,140
031:0,004;395,173;560,003;627,100
032:0,004;420,273;435,269;776,017;978,156
033:0,004;434,018;435,269;1108,087
034:0,004;295,238
035:0,004;509,174;683,209;724,017;740,233;778,213;901,180
036:0,004;420,273;701,014
037:0,004;204,003;344,112;422,001;505,185;509,174;736,263;865,271;1046,185
038:0,004;398,182;558,014;1108,087
039:0,004;280,258;585,003;683,209
040:0,004;41,016;56,205;62,014;74,243;80,008;123,138;403,010;492,017;751,135;826,100;861,010;1046,185
041:0,005;270,247;403,010;627,213
042:0,005;59,006;73,232;377,011;590,208;1139,093
043:0,005;213,225;377,011;431,082
044:0,005;211,239;300,025;377,011;403,010;590,208
045:0,005;214,139;377,011;403,010;636,093;967,213
046:0,005;189,080;322,164;403,010;714,203;801,115;879,014;1145,176
047:0,005;73,232;135,014;238,153;767,010;962,205;1149,218
048:0,005;149,017;158,014;214,139;270,247;403,010;629,200
049:0,005;133,018;140,081;377,011;403,010;664,145;1168,234
050:0,005;191,208;377,011;403,010;620,079
051:0,006;274,208;411,007;695,155
052:0,006;158,022;271,207;383,006;411,007;859,177;949,169
053:0,006;168,159;383,006;411,007;827,104;878,224
054:0,006;26,009;158,022;186,259;190,090;376,002;424,194;525,166
055:0,006;158,022;259,187;382,131;411,007;553,010;596,084;789,166;872,209;921,114;971,266;979,014;1160,253
056:0,006;158,022;245,262;293,017;383,006;401,008;424,194
057:0,006;173,229;322,133;383,006;411,007;701,192;710,010;893,009;910,219
058:0,006;212,103;383,006;640,214
059:0,006;158,022;176,017;184,011;190,090;365,004;370,130;383,006;411,007;444,010;529,081
060:0,006;158,022;168,159;383,006;529,081;701,192
061:0,007;15,015;225,232
062:0,007;30,196;78,104
063:0,007;135,175
064:0,007;69,118;304,001;336,217;815,221
065:0,007;56,099;340,274;622,014;1115,161
066:0,007;147,171;167,018;221,001;552,179;636,093
067:0,007;63,117;67,001;68,156;383,006;431,210;470,177;540,217;901,017
068:0,007;67,105;68,156;91,006;305,261;699,009;714,201;914,193;929,017;1153,140
069:0,007;78,104;612,090
070:0,007;63,117;655,210;771,173;1187,131
071:0,008;34,004;113,005;302,135;442,012;627,213;710,010;993,184;1017,115
072:0,008;68,014;97,262;238,153;295,238;442,012;449,009;710,010;1046,244
073:0,008;124,004;151,246;322,081;333,002;356,233;442,012;527,083;688,266
074:0,008;467,003;518,260;710,010;1025,171
075:0,008;420,186;673,194;710,010;1104,179
076:0,008;288,249;300,025;380,090;420,186;442,012;682,231;710,010;911,080
077:0,008;224,117;302,135;710,010;825,122
078:0,008;110,018;192,017;332,137;710,010;1019,123;1095,105
079:0,008;442,012;478,007;637,157
080:0,008;158,022;377,011;442,012;469,142;518,260;710,010;841,089;1197,082
081:0,009;19,010;134,001;136,128;779,096;951,214
082:0,009;54,234;186,014;295,089;886,096;1106,081
083:0,009;290,150;377,013;390,210
084:0,009;1016,144
085:0,009;483,236;816,193
086:0,009;842,225;934,184
087:0,009;156,001;290,150;758,009;935,120
088:0,009;920,129;1064,135
089:0,009;842,225
090:0,009;957,135;1191,177
091:0,010;18,018;25,025;27,018;105,136;158,022;319,147
092:0,010;13,002;25,025;44,202;389,018;458,121;1179,188
093:0,010;25,025;54,234;440,001;480,166;559,121;836,009;1130,091;1142,017
094:0,010;25,025;220,246;767,129
095:0,010;25,025;50,164;165,009;376,114;551,161;578,017;645,144;709,009
096:0,010;25,025;50,164;463,010;470,177;547,078;571,003;669,141
097:0,010;175,079;225,130;254,017;269,130;287,180;587,246;654,172;824,184;924,010;1050,261
098:0,010;105,136;147,004;225,130;297,172;455,152;669,141;1165,240
099:0,010;25,025;70,187;214,001;287,180;992,231
100:0,010;25,025;70,187;487,017;547,078
101:0,011;178,145;273,001;279,218;281,201;301,014;377,013;392,184;622,135;937,010;1103,212
102:0,011;224,169;1061,102;1066,184
103:0,011;361,221;377,013;493,249;585,214;720,170;1193,017
104:0,011;224,169;377,013;425,079;540,115
105:0,011;211,239;476,001;540,115;606,014;720,170
106:0,011;170,019;281,201;377,013;493,249;801,123
107:0,011;72,016;102,235;250,001;259,274;377,013;403,120;673,157;927,194;1154,261
108:0,011;339,234;396,009;567,271;945,177
109:0,011;279,218;377,013;561,158;843,017;1103,212
110:0,011;44,019;178,145;317,222;561,158
111:0,012;133,151;303,014;337,122;755,009;898,274
112:0,012;55,018;74,008;98,253;101,011;127,182;362,008;414,007;597,148;613,263;1164,126
113:0,012;98,253
114:0,012;110,160;173,229;718,201
115:0,012;112,152;996,009
116:0,012;3,009;605,146
117:0,012;112,152;313,018;429,204;785,017;1115,260
118:0,012;133,151
119:0,012;127,182;854,009;1066,103
120:0,012;243,009;701,200;766,017;999,134
121:0,013;29,014;55,076;717,257
122:0,013;35,131;162,008;407,261;976,017;1196,123
123:0,013;30,196;101,002;164,196;923,158
124:0,013;51,121;73,008;280,258;303,228;633,175;896,077
125:0,013;51,121;255,017;259,126
126:0,013;55,009;303,228;430,246;470,263;471,268;647,003;774,264
127:0,013;35,101;91,011;219,175;377,013;378,077
128:0,013;30,154;33,203;259,126;522,010;599,257
129:0,013;33,203;358,001;471,268;481,076;957,017
130:0,013;35,131
131:0,014;299,189;687,112
132:0,014;1045,124
133:0,014;637,234;906,017
134:0,014;54,004;56,099;828,009;845,268
135:0,014;1045,124
136:0,014;637,234;927,010;1012,177;1029,163
137:0,014;845,268;1146,270
138:0,014;51,207;342,196;515,007;627,100;810,151;1046,089;1058,193
139:0,014;625,005;882,188;1179,017;1195,125
140:0,014;867,163
141:0,015;246,157;457,207;486,007;625,005;933,236
142:0,015;246,157;261,214;625,005;744,113;763,212;935,080
143:0,015;215,249;429,003;625,005;1060,248
144:0,015;230,218;257,009;263,004;449,262;625,005;1032,096
145:0,015;186,259;566,089;625,005;763,212;981,014;1039,157;1084,089
146:0,015;261,214;323,004;348,233;377,011;457,207;763,145
147:0,015;221,134
148:0,015;30,154
149:0,015;209,076;471,014;625,005;825,122
150:0,015;162,008;216,002;411,007;625,005;729,239
151:0,016;13,005;36,003;193,176;325,266;551,186;933,240
152:0,016;173,091;232,009;355,003;514,129;822,231;891,105;1111,169
153:0,016;873,125
154:0,016;261,133;292,008;325,266;694,014;1146,270
155:0,016;25,025;37,229;117,002;262,221
156:0,016;207,190;562,017;567,273;750,196;1192,155
157:0,016;161,226;167,011;200,179;533,263;728,161;752,150
158:0,016;97,005;173,091;395,173
159:0,016;164,124;261,133;445,007;656,189
160:0,016;126,006;191,019;245,205
161:0,017
162:0,017
163:0,017
164:0,017
165:0,017
166:0,017;539,106
167:0,017;164,018;464,161
168:0,017
169:0,017;161,002;476,218;855,152
170:0,017;569,200;645,014;656,106;1076,210
171:0,018;488,237;497,003;656,224;928,189
172:0,018;430,017;652,237;828,091;938,009;1132,244
173:0,018;33,012;39,240;1121,203
174:0,018;487,090
175:0,018;278,017;309,003;392,184;944,175
176:0,018;774,009;905,179;1161,100
177:0,018;538,190;800,014;1048,230
178:0,018;96,016;242,001;415,017;488,237;666,190
179:0,018;517,193;905,163;1009,128
180:0,018;419,014
181:0,019;11,135;75,009;162,241;673,126;735,174;1041,017
182:0,019;356,245
183:0,019;226,002;264,253;300,025;329,206
184:0,019;106,002;126,015;141,019;300,025;365,009;378,001;622,215;737,240;747,205;838,218
185:0,019;300,025;317,222;329,206;716,273
186:0,019;207,190;395,240;660,224;671,017
187:0,019;254,270;282,018;300,025;442,012;474,117
188:0,019;254,270;300,025;431,270;550,010;567,271;772,233
189:0,019;96,001;300,025;343,114;1002,009;1019,245
190:0,019;11,135;162,241;902,186
191:0,020;88,230;224,008;239,263;607,199;937,186;982,093;1092,174
192:0,020;2,001;38,019;41,088;411,007;770,161;844,174
193:0,020;98,123;392,011;432,254;520,128;1163,152
194:0,020;26,224;83,084;569,149
195:0,020;48,008;380,014;569,266;682,231;997,135;1041,149
196:0,020;32,084;152,138;432,254;487,154;504,175;582,123;764,246
197:0,020;78,002;98,123;306,131;319,218;518,186;543,222
198:0,020;39,243;343,114;353,123;823,076
199:0,020;30,090;41,088;125,008;304,079;341,018;454,135;501,003;543,007;569,149;669,014;1102,234
200:0,020;26,224;564,017;767,084;1181,206
