001:0,001;250,019;275,160;462,020;574,017;603,023;683,150;695,148
002:0,001;29,011;152,246;574,017;695,148;902,018;974,232
003:0,001;260,173;298,130;314,020;543,085;574,017;769,185
004:0,001;127,007;325,085;683,150
005:0,001;536,101
006:0,001;330,133;447,219;494,012;549,020;708,193;1043,144
007:0,001;261,221;355,168;574,017;614,140
008:0,001;152,246;325,085;361,173;574,017;653,202
009:0,001;328,247;574,017;612,199;1113,234
010:0,001;454,194;574,017;630,260
011:0,002;171,003;175,113;633,080;1031,172
012:0,002;174,208;1030,149
013:0,002;353,179;845,248
014:0,002;162,152;174,208;310,160;1044,161
015:0,002;13,003;20,086
016:0,002;166,236;171,003;343,213;1008,077
017:0,002;233,265;456,091;687,023;810,166
018:0,002;334,206;429,018;449,101;591,096
019:0,002;173,082;393,221;617,208;781,023;845,248
020:0,002;268,237;334,206;877,149
021:0,003;475,020;619,137
022:0,003;672,107
023:0,003;563,256
024:0,003;529,230
025:0,003;173,123;305,012;366,170;600,270
026:0,003;529,230;610,020;680,231;1136,121
027:0,003;569,018;680,231
028:0,003;723,257
029:0,003;556,235;1175,086
030:0,003;366,170;406,003;469,089;483,077;670,188;672,107;792,232;847,023;852,159;1189,203
031:0,004;137,121;802,099;888,219
032:0,004;191,080
033:0,004;151,243;669,217
034:0,004;260,268;397,205;1085,272
035:0,004;136,002;137,121
036:0,004;163,082;292,134
037:0,004;85,256;169,001;292,134
038:0,004;196,189;198,012;337,078;437,018;802,099
039:0,004;397,205
040:0,004;151,243;337,078
041:0,005;102,096;1016,198
042:0,005;94,108;772,018
043:0,005;55,247;102,232
044:0,005;120,112;491,012;648,247
045:0,005;94,108;639,076
046:0,005;120,112
047:0,005;93,194;412,003;737,207
048:0,005;93,194;535,112;728,123
049:0,005;65,017;72,236;104,019;381,003;594,244;701,086;889,256
050:0,005;102,232;274,106;314,138;343,181;1017,108
051:0,006;270,242;876,023
052:0,006;224,266
053:0,006;175,184;239,020;246,172;1146,193
054:0,006;50,012;162,130;213,275;216,018;270,242;502,163;542,237;543,018;588,144;884,222;891,023
055:0,006;250,111;601,218;964,018;1175,153
056:0,006;274,159;817,237
057:0,006;286,090;633,018;913,225
058:0,006;237,275;268,237
059:0,006;201,008;451,144;690,188;934,112
060:0,006;161,014;319,265;915,244
061:0,007;411,238;470,275
062:0,007;342,254;953,018;1026,126;1078,087
063:0,007;263,131
064:0,007;402,270;1176,249
065:0,007;331,212
066:0,007;445,212;537,234
067:0,007;111,173
068:0,007;137,017;158,157;661,271;1026,126
069:0,007;158,157;194,006;263,131
070:0,007;111,173;127,007;320,018;510,105;571,212;1097,150
071:0,008;268,244;388,254;579,012;699,202
072:0,008;419,136;530,152;860,023;1030,188
073:0,008;299,091
074:0,008;319,152;607,012;793,226
075:0,008;304,214
076:0,008;105,179;560,020;686,119
077:0,008;299,091;441,012;693,132;857,226
078:0,008;457,221;686,119
079:0,008;268,244;1046,094;1050,228;1099,144
080:0,008;319,152;401,155
081:0,009;422,135
082:0,009;342,269;348,020;435,218;560,135;704,184
083:0,009;277,163
084:0,009;466,223;483,170
085:0,009;336,185;535,003;549,106
086:0,009;277,163;438,123
087:0,009;186,209
088:0,009;320,018;336,185;913,150;1069,110
089:0,009;102,015;267,258
090:0,009;504,095
091:0,010;144,009;254,094;544,238;706,023
092:0,010;162,130;316,161;990,023
093:0,010;183,094;354,113;1138,254
094:0,010;167,084;425,018;923,116
095:0,010;225,273
096:0,010;94,001;146,186;821,203;1179,244
097:0,010;316,161;416,157
098:0,010;160,229;225,273;976,199
099:0,010;64,012;129,219;947,265
100:0,010;236,272;578,023;785,105;944,113
101:0,011;13,224;65,076;279,009;347,215;491,258;688,198;1003,148
102:0,011;97,020;173,089;942,160
103:0,011;151,115;321,188
104:0,011;85,256;158,106;239,204
105:0,011;83,271;833,132
106:0,011;8,169;561,012;1012,249;1089,091;1092,105
107:0,011;65,076
108:0,011;239,204;551,020;739,097
109:0,011;83,271;147,096;205,007;244,009;366,266;512,250
110:0,011;321,188;642,012;753,214;798,186
111:0,012;13,224;105,012;781,246
112:0,012;427,133;519,012;644,118
113:0,012;75,155;182,219;354,198;746,173;832,163;836,121;952,018
114:0,012;638,172;796,220
115:0,012;262,007;291,118;863,244;904,158;1131,241
116:0,012;767,135;770,258;781,246
117:0,012;14,017;75,001;211,020;694,166;785,023;896,094;1146,220
118:0,012;293,214;678,146
119:0,012;881,163
120:0,012;454,110;848,206;886,018
121:0,013;82,142
122:0,013;16,003;103,101;395,138;1100,242
123:0,013;122,100;133,020;633,158;992,111
124:0,013;84,270;405,012;438,111
125:0,013;132,144;527,220;853,157;1138,173
126:0,013;71,014;500,257;616,230;625,012;678,077;851,120
127:0,013;161,095;704,136
128:0,013;86,181;92,117
129:0,013;75,155
130:0,013;44,011;77,019;103,101;502,218;759,193;1191,172
131:0,014;255,223;628,125;667,272
132:0,014;77,006;213,128;220,019;356,176;445,206;695,125
133:0,014;117,007;173,123;633,105;1142,160
134:0,014;66,097
135:0,014;312,120;872,208
136:0,014;139,159;649,260
137:0,014;213,128;288,198;643,020;667,272;1061,018;1171,258
138:0,014;288,198;312,120;574,017;652,110
139:0,014;255,223;342,125;729,023;741,149;1023,213
140:0,014;259,193;725,222;809,213
141:0,015;279,162;549,023;710,138;1001,023
142:0,015;246,001;311,220;715,108
143:0,015;284,257;986,186
144:0,015;275,018;308,129;431,012;549,023
145:0,015;186,209;285,012;549,023
146:0,015;385,261;549,023
147:0,015;223,019;279,162;330,246;549,023
148:0,015;309,168;549,023
149:0,015;312,166;549,023
150:0,015;113,014;307,177;385,261;468,094;549,023;1139,107
151:0,016;20,090;232,020;277,007;343,181;376,012;459,187
152:0,016;13,195;400,020;459,187;632,117
153:0,016;13,275;91,001;145,234;571,194;1068,249
154:0,016;50,228
155:0,016;13,275;506,243;744,023;799,265
156:0,016;66,097;68,222
157:0,016;21,232;64,003;242,272;370,082;695,235
158:0,016;20,090;125,270;208,086;248,012;595,227
159:0,016;13,195;145,234;196,228;974,198;1185,105
160:0,016;68,222;307,177;381,166
161:0,017;168,241;203,019;395,215
162:0,017;183,247;783,018;792,077;1094,138
163:0,017;114,255;227,077;308,009;356,210;373,259;645,020;675,087;760,082;936,222;1065,187
164:0,017;271,167
165:0,017;175,184;833,018;1159,212
166:0,017;161,125;493,186;585,242;1194,158
167:0,017;237,114;312,018;539,115;675,087
168:0,017;92,117;160,019;227,077;727,018;733,150;869,144;1091,094;1139,214
169:0,017;237,114;1099,080
170:0,017;163,138;411,238;624,082
171:0,018;177,014;213,259;413,118;519,222;569,223;630,018;923,116
172:0,018;724,181;989,114
173:0,018;1192,181
174:0,018;1129,114
175:0,018;98,006;114,106;822,125
176:0,018;640,023;821,203
177:0,018;659,217;827,161
178:0,018
179:0,018;331,212;382,090;437,003;543,129
180:0,018;543,129
181:0,019;158,156;286,146;293,008;333,252;894,204
182:0,019;333,252
183:0,019;203,007;286,146
184:0,019;337,145
185:0,019;158,156;317,012;774,197;1041,106
186:0,019;316,020;695,178;1181,135
187:0,019;442,138;698,254
188:0,019;461,251
189:0,019;241,009;337,145
190:0,019;461,251;885,077;974,018;987,241;1135,225
191:0,020;563,256;681,214;695,178
192:0,020;314,226;513,136;839,197
193:0,020;757,215
194:0,020;599,142
195:0,020;13,014;223,237;261,221;401,158;688,089;1076,158
196:0,020;507,250
197:0,020;500,105;683,238
198:0,020;255,001;314,226;811,194
199:0,020;684,159
200:0,020;227,015;401,158;455,018;1032,255
