001:0,001;26,269;30,128;113,101;589,216
002:0,001;30,128;272,225
003:0,001;113,101
004:0,001;78,136;117,096;193,125;760,244;862,172;1077,087
005:0,001;55,125;776,131;1124,222
006:0,001;25,241;62,007;88,137;587,148
007:0,001;26,269
008:0,001;55,125;88,137
009:0,001;18,007;117,096
010:0,001;27,165;366,222;439,009;795,077;1041,105
011:0,002;80,219;939,254
012:0,002;207,263
013:0,002;210,266;314,171;515,246
014:0,002;574,240;976,261
015:0,002;119,012;213,235
016:0,002;176,102;1081,125;1137,220
017:0,002;211,082;703,201
018:0,002;89,020;134,103;338,174
019:0,002;189,133;661,009;725,180;925,146
020:0,002;207,263;872,159
021:0,003;39,149
022:0,003;39,149;72,002;348,253
023:0,003;25,151;80,013;120,261;818,105
024:0,003;12,004;25,151;44,194;422,239
025:0,003;111,202;238,004;719,082;810,238;1124,173
026:0,003;41,119;56,011;59,180;165,270;723,237
027:0,003;44,194;640,253;793,260
028:0,003;41,119;268,015;399,184;775,125
029:0,003;165,270;1004,115;1030,181
030:0,003;31,002;111,202;289,144;369,014;376,170;552,201;638,128;772,190;1023,098
031:0,004;382,009;782,172;795,182
032:0,004;776,131
033:0,004;272,129
034:0,004;826,115;933,248
035:0,004;933,248
036:0,004;826,115
037:0,004;184,174;518,146;570,004;643,137;678,214
038:0,004;429,009;678,214
039:0,004;224,018;266,123;319,004;747,141
040:0,004;782,172
041:0,005;179,222;920,100
042:0,005;135,221;1136,128
043:0,005;132,007;229,232;325,209;574,078;601,170
044:0,005;155,227;191,015;225,228;232,128
045:0,005;139,177
046:0,005;39,018;106,158;891,221
047:0,005;139,013;247,100
048:0,005;155,265;171,007;225,228;397,004;403,195;1005,173
049:0,005;254,015;304,018;403,195
050:0,005;147,218;956,166
051:0,006;110,156;400,210;421,260;500,218
052:0,006;85,203;349,169;563,238;1197,249
053:0,006;93,116;134,002;140,181
054:0,006;81,155
055:0,006;47,016;85,203;110,156
056:0,006;73,014;94,020;277,144;298,206;503,222
057:0,006;140,181;357,004;640,082
058:0,006;94,234;602,204;917,120
059:0,006;109,206;151,078;204,218;495,209;503,254;1008,216
060:0,006;93,116;109,206;165,015;380,178;422,139
061:0,007;91,092;183,153;550,004;713,076;788,269;907,168
062:0,007;250,193;1176,210
063:0,007;46,009;93,246;846,137
064:0,007;349,169
065:0,007;235,015;250,193;376,170;662,009;917,120;968,236
066:0,007;183,153
067:0,007;262,275;616,009;713,076
068:0,007;334,117
069:0,007;96,020;298,136
070:0,007;258,124;298,136;313,009;478,234;1143,102
071:0,008;206,135;744,009;865,256
072:0,008;49,207;1125,118
073:0,008;93,196
074:0,008;126,260;358,238;789,130
075:0,008;47,267;318,243
076:0,008;66,239;681,023;746,270
077:0,008;88,012;150,127;267,163;569,189
078:0,008;49,207;93,196;277,018;491,211
079:0,008;105,140
080:0,008;318,243
081:0,009;760,132
082:0,009;845,221;869,244;1050,242
083:0,009;398,147;579,009;656,242
084:0,009;548,004;666,121
085:0,009;111,002;153,275;233,096;1071,082
086:0,009;398,147;439,023;573,187;1146,179
087:0,009;666,121
088:0,009;656,242;799,158;1200,132
089:0,009;766,108
090:0,009;555,176
091:0,010;126,106;333,219;980,182;1000,156
092:0,010;171,134
093:0,010;112,149;129,189;784,157;889,163;895,165
094:0,010;113,216;596,106
095:0,010;76,198;126,106;574,098;767,132;821,169;960,211
096:0,010;136,240;485,106
097:0,010;25,241;112,012;136,240;550,174
098:0,010;113,216;260,127;474,108;724,103
099:0,010;73,014;144,188;1157,091
100:0,010;301,124;399,225;785,145
101:0,011;166,236
102:0,011;112,168;1011,218;1106,193
103:0,011;231,212;413,198
104:0,011;192,185;556,111
105:0,011;62,143;313,091;965,153;1005,088
106:0,011;112,168;166,236;950,175;979,269;1152,170
107:0,011;201,146;380,127;490,014;556,111
108:0,011;62,143;868,185;903,117;1042,207;1072,180
109:0,011;185,108;758,250
110:0,011;202,175
111:0,012;713,208;1200,166
112:0,012;219,204
113:0,012;219,204;443,134;564,087
114:0,012;99,004;130,077;501,155;617,134;636,221;643,079;1177,172
115:0,012;53,016;56,105;130,077;310,182;393,157;589,171;763,117;770,141
116:0,012;238,103;852,173;1107,108
117:0,012;56,105;1030,182;1138,158
118:0,012;393,157
119:0,012;621,084;713,208
120:0,012;316,233;446,009;564,087;940,139;1013,272
121:0,013;64,014;245,220;276,018;406,261;1012,270;1187,206
122:0,013;285,165;818,155;837,188
123:0,013;324,238;421,014;578,144;594,091;1162,238
124:0,013;236,141;389,079
125:0,013;245,220
126:0,013;295,107
127:0,013;231,091;232,020;295,107;595,129
128:0,013;95,004;207,206
129:0,013;231,091;579,181;689,080
130:0,013;389,079;578,144
131:0,014;652,142;1015,110;1069,107
132:0,014;480,191;562,163
133:0,014;350,004;789,130;845,132;977,194
134:0,014;52,162;324,143;532,023;831,159;1105,256
135:0,014;635,097
136:0,014;81,155;402,175;454,080;496,004;594,142;951,204
137:0,014;665,249;751,104;962,142
138:0,014;52,162;326,011;339,014;662,260;698,097
139:0,014;751,104
140:0,014;724,136;889,253
141:0,015;439,023;608,207;703,212
142:0,015;235,018;272,129;337,190;439,023;949,144
143:0,015;19,018;63,100;439,023;898,092
144:0,015;416,196;513,168;553,175;898,092
145:0,015;439,023;761,173;939,202
146:0,015;219,014;444,177;595,023;765,099;809,249;1174,168
147:0,015;565,133
148:0,015;418,014;422,139;439,023;483,244;961,177
149:0,015;439,023;809,249
150:0,015;439,023;804,110
151:0,016;78,225;85,012;95,079;326,011;378,122
152:0,016;5,273;469,118;764,124
153:0,016;157,089;295,190;326,011;402,014;635,272
154:0,016;95,079;326,011;348,018;397,220;667,088;829,234
155:0,016;157,089;378,122;624,004;667,088;717,134;726,088;1141,148
156:0,016;172,209;326,011;355,077;1151,184
157:0,016;186,275;326,011;400,207;594,190;622,165;1058,077
158:0,016;65,006;78,225;326,011;469,118
159:0,016;21,006;131,244;326,011;400,210
160:0,016;91,092;326,011;362,275;463,124;846,125;903,184
161:0,017;139,097;279,004;314,171
162:0,017;7,009;310,182;863,206;1121,094
163:0,017;91,237
164:0,017;153,131;199,163;471,202;555,229
165:0,017;153,131;258,124;763,180
166:0,017;77,189;91,237;448,269;688,232;1200,240
167:0,017;77,189;404,129;412,212;568,085;1123,096
168:0,017;139,097;231,212;296,260
169:0,017;151,078;959,187
170:0,017;89,184;935,176
171:0,018;446,159;461,247;510,185
172:0,018;30,014;59,232
173:0,018;493,240
174:0,018;461,247;613,009;777,268
175:0,018;500,201;946,185
176:0,018;158,007;363,146
177:0,018;503,194
178:0,018;439,023;758,250
179:0,018;512,232;572,179;796,239
180:0,018;452,268;902,103;914,272;980,143;1096,165
181:0,019;164,148;782,122
182:0,019;122,228;164,148;464,136;474,264
183:0,019;96,190
184:0,019;176,102;438,193;1013,163
185:0,019;254,098
186:0,019;116,018;196,229
187:0,019;300,179;555,135;671,102
188:0,019;96,190;101,019;282,202;1037,169
189:0,019;116,018;300,179;1182,198
190:0,019;135,221;196,229;541,212
191:0,020;76,198;416,014;629,145;1035,261
192:0,020;301,080;445,133;538,143
193:0,020;198,166;1067,078
194:0,020;471,264;604,210;964,246;1199,269
195:0,020;301,080;1188,189
196:0,020;199,163;252,004;310,094;678,009;839,203;1092,207
197:0,020;99,007;198,166;881,078
198:0,020;301,254;839,203
199:0,020;424,085
200:0,020;310,094
