001:0,001;118,155;717,081
002:0,001;113,102;267,248;1125,175
003:0,001;102,179
004:0,001;116,153;556,264;839,174;985,218
005:0,001;281,205;437,129;1199,187
006:0,001;21,241;339,111;405,256;583,249;635,176
007:0,001;267,248;330,264;361,174;419,098;442,216
008:0,001;114,160;175,145;430,188
009:0,001;281,205
010:0,001;40,015;50,157;114,160;389,239;495,093;502,206
011:0,002;135,173;654,087;1171,264
012:0,002;84,127;126,125;575,133;590,207
013:0,002;218,165
014:0,002;12,012;71,188;550,122;606,183;902,218;941,187;1161,207
015:0,002;185,165;250,206;640,265
016:0,002;48,138;71,188;111,133;135,173;1169,239
017:0,002;104,143
018:0,002;75,083;86,121;839,156
019:0,002;221,256;430,133;511,160
020:0,002;111,133
021:0,003;131,107;340,081;356,162
022:0,003;31,198;1002,024;1014,261;1151,183
023:0,003;38,087;573,086;662,265;696,179;705,249
024:0,003;154,183
025:0,003;74,189;281,171
026:0,003;212,156;827,230
027:0,003;81,242;82,260
028:0,003;82,260
029:0,003;70,004;74,189;81,242
030:0,003;114,008;195,007;281,171
031:0,004;123,213
032:0,004;90,265;243,202;1123,088
033:0,004;139,239
034:0,004;176,110
035:0,004;102,122
036:0,004;41,097
037:0,004;101,125
038:0,004;136,221;514,245
039:0,004;102,122;546,182
040:0,004;40,203;156,012;225,132;727,179;999,271;1061,102
041:0,005;56,206;315,100
042:0,005;76,249
043:0,005;166,268;774,082
044:0,005;102,147;228,004;409,274;522,244
045:0,005;135,108;179,007;198,185
046:0,005;167,121;254,078
047:0,005;419,211;983,132
048:0,005;166,268
049:0,005;116,129;462,232
050:0,005;76,249;413,240;554,274;888,196
051:0,006;118,216;868,245;983,228
052:0,006;327,241;339,248
053:0,006;102,179;275,174;785,205
054:0,006;10,020;275,174;344,112;615,114;666,098
055:0,006;104,086;552,209
056:0,006;120,098;931,155
057:0,006;158,253
058:0,006;123,175;1156,100
059:0,006;189,120;224,175;267,231
060:0,006;267,231;359,175;569,256;1097,244
061:0,007;340,114
062:0,007;233,087;1173,209
063:0,007;58,146;149,213;182,167;200,204;235,146;237,106
064:0,007;301,256;314,092
065:0,007;153,142
066:0,007;237,106
067:0,007;323,166;1138,174
068:0,007;314,092;323,166
069:0,007;265,245;691,135
070:0,007;265,245;396,084
071:0,008;170,112;233,196
072:0,008;147,168;231,137;592,111
073:0,008;248,222;1011,111;1173,081
074:0,008;139,101;202,014;318,244;561,221
075:0,008;200,162;428,183;453,163;478,088;1040,188
076:0,008;84,127;248,222
077:0,008;329,136
078:0,008;210,098;329,136
079:0,008;233,196;424,123
080:0,008;253,004;409,274;572,176;581,113;751,259;838,211
081:0,009;130,112;137,093;297,273
082:0,009;126,126;781,149;886,268
083:0,009;266,209;385,230
084:0,009;86,121;150,155
085:0,009;137,093;394,231
086:0,009;25,139
087:0,009;78,273;593,261;693,086;922,259
088:0,009;69,078;615,273
089:0,009;114,151;1002,024
090:0,009;25,139;249,153;554,138;810,221;837,111;907,121;1114,135
091:0,010;61,233
092:0,010;46,080
093:0,010;25,170;61,233;791,112
094:0,010;37,003;39,223;104,143;1016,086;1153,098
095:0,010;98,270;503,197;729,080
096:0,010;37,079;690,240;858,079;953,192;1130,121
097:0,010;38,087;98,270
098:0,010;75,083
099:0,010;96,209;945,142
100:0,010;54,132
101:0,011;55,187
102:0,011;27,202
103:0,011;27,202;53,165;55,187;798,101;836,123;851,180
104:0,011;347,144
105:0,011;59,225;117,154;1029,183;1151,270
106:0,011;4,018;57,167;98,206;196,228;334,185
107:0,011;26,169;1134,261
108:0,011;52,006;117,154;477,139
109:0,011;53,165;121,014;130,112
110:0,011;46,180;59,225;816,275
111:0,012;56,206;57,167
112:0,012;303,250;827,122;867,239;919,129
113:0,012;339,221;744,165
114:0,012;299,148;319,004;350,207;1060,209;1071,118
115:0,012;69,014;312,216;362,169;515,093
116:0,012;317,102;648,174
117:0,012;299,148;1058,211;1141,114
118:0,012;313,176;361,079
119:0,012;160,097;283,014;313,176;1071,274;1102,176;1122,103
120:0,012;317,102;717,121
121:0,013;25,140;116,182
122:0,013;24,103;886,221;969,144
123:0,013;61,107
124:0,013;24,103;114,012;274,197;467,110
125:0,013;69,137;158,253;961,122;1119,167
126:0,013;31,203;75,264
127:0,013;48,244;274,197
128:0,013;12,204
129:0,013;75,264;154,183;414,137
130:0,013;12,204;69,137;298,103
131:0,014;359,160;635,252
132:0,014;363,275
133:0,014;326,097;752,156
134:0,014;82,008;100,120;363,275;454,082;652,274;664,169
135:0,014;58,146
136:0,014;878,192
137:0,014;220,084;685,204
138:0,014;14,003;100,120;101,014;147,168;280,146
139:0,014;635,252
140:0,014;347,213;787,116
141:0,015;185,175;219,096;1002,024;1047,077
142:0,015;64,212;225,263;466,081;853,148
143:0,015;164,008;225,263
144:0,015;160,240
145:0,015;120,151;920,100;1002,024;1114,088
146:0,015;193,081;616,137;1002,024;1119,222
147:0,015;156,181;319,101;1002,024
148:0,015;75,204;120,014;219,096;1075,148
149:0,015;160,240;357,100;683,244;829,181;1002,024;1163,261
150:0,015;416,128;1002,024
151:0,016;114,088;678,255
152:0,016;69,078;200,191
153:0,016;200,191;710,107
154:0,016;127,180
155:0,016;95,242;281,255
156:0,016;90,265;649,133;1200,274
157:0,016;148,180;818,213
158:0,016;91,218
159:0,016;91,218;851,097;940,125
160:0,016;149,269
161:0,017;25,150;77,006;140,163;401,107;649,179;654,188;1010,216
162:0,017;55,255;604,242
163:0,017;25,150;31,118;570,149;714,265
164:0,017;4,252;51,111;59,004;170,261;1055,138
165:0,017;53,095;67,005;130,144;162,138
166:0,017;51,111;651,256
167:0,017;31,118;32,116
168:0,017;140,163
169:0,017;60,126;719,263;724,126
170:0,017;32,116;472,198
171:0,018;162,138;228,004;573,259;677,102
172:0,018;53,095;228,004;454,082;1166,149
173:0,018;168,230;662,082;733,274
174:0,018;253,076
175:0,018;356,186;829,076;1192,113
176:0,018;228,004;581,113
177:0,018;114,088;228,004;303,250
178:0,018;220,084;228,004;365,211;448,128;573,259
179:0,018;128,159;169,202;228,004;394,094;896,233;1199,181
180:0,018;116,182;128,159;228,004;394,094
181:0,019;178,080;516,162;889,138;929,167;1071,206
182:0,019;175,145
183:0,019;139,101;511,145
184:0,019;584,144;608,269
185:0,019;186,123;805,126
186:0,019;72,181
187:0,019;162,232
188:0,019;140,118;1138,192
189:0,019;6,014;351,093
190:0,019;161,271
191:0,020;348,121;604,163
192:0,020;315,100;343,165;701,079;839,154;939,173;1076,143
193:0,020;344,149;463,086
194:0,020;310,135;879,250
195:0,020;344,149;578,116;780,142;788,263
196:0,020;344,177;1166,173
197:0,020;71,228;1043,096
198:0,020;627,149
199:0,020;115,215;143,186;344,177
200:0,020;143,186;808,206;1037,092
