001:0,001;60,111;1012,132
002:0,001;79,255;88,180;176,258;254,235;350,226;960,245
003:0,001;176,258;1175,080
004:0,001;57,253;60,111;147,020;199,192;404,100;515,236;611,111;935,254;1098,249
005:0,001;777,219;1021,107
006:0,001;90,142;885,199
007:0,001;88,180;216,192
008:0,001;67,244
009:0,001;54,207;57,253;282,139;928,149;1101,083;1175,117
010:0,001;25,009;38,122;408,086
011:0,002;320,128
012:0,002;203,009;320,128;518,115
013:0,002;448,236;1106,224
014:0,002;310,115;665,165;944,238;1070,150
015:0,002;125,101;471,132
016:0,002;321,247
017:0,002;170,020;214,208
018:0,002;280,139;492,156
019:0,002;135,201
020:0,002;321,247
021:0,003;150,007;161,219;817,235;1046,217
022:0,003;19,007;27,201;111,015;168,106;1154,207
023:0,003;161,219;489,121;1191,111
024:0,003;154,126;161,190;793,098
025:0,003;154,126;258,090
026:0,003;165,126;335,241
027:0,003;37,019;248,181;1053,263
028:0,003;161,190;243,134;594,264;962,143
029:0,003;134,016;230,217
030:0,003;144,221
031:0,004;208,210;319,136;392,260
032:0,004;154,197;932,093
033:0,004;208,210;247,183
034:0,004;19,214
035:0,004;39,178;105,016;403,137;467,001;509,145;589,245
036:0,004;251,093;647,159
037:0,004;434,238
038:0,004;319,136
039:0,004;247,183;828,240;1183,151
040:0,004;299,083;1043,194
041:0,005;28,119;188,250;306,085;731,209;1038,181
042:0,005;154,197;339,117
043:0,005;28,119;94,015;146,121;567,154;1114,170
044:0,005;99,161
045:0,005;112,172;166,020;188,250;217,087;252,181;477,230
046:0,005;145,097;237,094;292,269
047:0,005;150,243;812,156;954,090
048:0,005;261,230;467,249;1081,148
049:0,005;100,112;115,159;178,019;306,085
050:0,005;99,161;747,100;990,207
051:0,006;76,160
052:0,006;150,107;668,172;721,274;879,219
053:0,006;116,020;621,102
054:0,006;115,159;860,172;1179,121
055:0,006;114,135
056:0,006;83,112;145,097;621,102
057:0,006;101,146;362,111;467,076
058:0,006;20,177;763,200
059:0,006;108,083;114,135;380,177
060:0,006;107,263;116,146
061:0,007;177,121;483,226
062:0,007;299,112;416,213;474,001;562,227;868,146
063:0,007;319,237
064:0,007;47,149
065:0,007;469,148;938,263;1045,260
066:0,007;290,226;437,254
067:0,007;285,253;479,080;697,106
068:0,007;416,213
069:0,007;151,004;319,237
070:0,007;361,229;562,227;1151,209
071:0,008;163,257;568,241
072:0,008;163,164
073:0,008;224,139;237,020;569,199
074:0,008;162,274
075:0,008;193,172;214,175
076:0,008;212,269;691,270
077:0,008;163,257;402,164
078:0,008;162,274;662,182;868,216
079:0,008;182,020;261,230;520,181;559,216;823,257;898,123
080:0,008;178,158
081:0,009;396,136
082:0,009;335,228;1101,219
083:0,009;254,235;965,128
084:0,009;197,275
085:0,009;399,172;903,158
086:0,009;173,010;230,166;1171,195
087:0,009;426,173;1017,101
088:0,009;332,205;335,228
089:0,009;458,168
090:0,009;6,018;75,207;995,111
091:0,010;333,171;339,250;546,263
092:0,010;132,224;360,083
093:0,010;77,005;133,087
094:0,010;262,081
095:0,010;260,224;262,081
096:0,010;339,250
097:0,010;298,020;303,156;426,173;777,217;834,139
098:0,010;266,180
099:0,010;249,143
100:0,010;312,076;877,177;960,197;1003,177
101:0,011;50,158;59,098;194,117;473,203
102:0,011;50,158;391,169
103:0,011;21,194;693,150;927,212;947,185;1127,134
104:0,011;55,012;95,094;332,205;528,246;974,169
105:0,011;63,241;399,020;719,162;856,179
106:0,011;40,125
107:0,011;59,098;1022,100
108:0,011;41,245;422,205;492,020;601,132;813,275;963,218
109:0,011;44,139;104,009;324,221;399,172;509,189;719,162
110:0,011;21,194;1077,272
111:0,012;35,160;41,008;263,080
112:0,012;114,251;138,112;419,001;711,101;855,250
113:0,012;84,096;419,001;483,252
114:0,012;108,117;323,020;419,001;726,146;858,183
115:0,012;124,086;419,001;973,195
116:0,012;114,251;419,001;816,122;973,195;1030,115
117:0,012;63,083;124,086;287,263;516,244
118:0,012;56,002;372,217;419,001;713,211
119:0,012;56,272
120:0,012;4,016;30,003;35,160;419,001;1008,121;1120,142
121:0,013;234,260;493,160
122:0,013;191,004;208,125;359,180;543,205;628,001;632,155
123:0,013;265,168;602,134;747,121;975,139;1095,235
124:0,013;163,176
125:0,013;389,123;445,208;451,214
126:0,013;164,264
127:0,013;164,264;389,123
128:0,013;163,176
129:0,013;150,243
130:0,013;98,240;632,155
131:0,014;57,214;367,185;620,190;1062,203
132:0,014;77,275;492,209;516,166
133:0,014;79,255;402,240;1193,106
134:0,014;57,093;88,007;270,212
135:0,014;145,216;649,199;852,190
136:0,014;57,093;866,200;960,159
137:0,014;37,090;242,272;303,156;619,213;1107,212
138:0,014;37,090;798,188;914,144
139:0,014;104,249
140:0,014;38,122;952,162;1190,226
141:0,015;273,246;443,020;734,108
142:0,015;317,209
143:0,015;282,170;1087,082
144:0,015;287,020;335,132;519,122;730,232
145:0,015;83,189;734,108
146:0,015;317,209;344,126
147:0,015;376,170
148:0,015;329,132;440,001;651,218
149:0,015;20,177;67,005;325,255;1186,254
150:0,015;273,246;758,161;1166,227
151:0,016;99,084;1133,228
152:0,016;214,175
153:0,016;216,107
154:0,016;185,151
155:0,016;243,100
156:0,016;108,117;185,151;717,168
157:0,016;163,164;365,142;370,143;815,093;1172,224
158:0,016;99,084
159:0,016;174,015;277,253;1102,205
160:0,016;175,134
161:0,017;67,015;108,188;223,142;282,126
162:0,017;74,185
163:0,017;72,203;893,125
164:0,017;62,154;590,188;996,174
165:0,017;87,265;555,001;996,174
166:0,017;46,012;54,249;172,207;394,142
167:0,017;125,200;823,253
168:0,017;72,203;194,082
169:0,017;127,265;171,004;194,082;1036,235
170:0,017;73,263;804,086
171:0,018;83,138;604,252;676,086;751,085
172:0,018;127,208;419,001;506,150;645,221
173:0,018;33,105;376,224;1144,211
174:0,018;303,232
175:0,018;28,259;294,009;398,182
176:0,018;32,169;158,013;200,259
177:0,018;33,105;50,005;56,212;303,232;365,020;376,224;436,232;445,087;531,148
178:0,018;32,169;713,205
179:0,018;28,259;51,017;56,212;100,009;312,238;537,150
180:0,018;66,254;843,194;994,227
181:0,019;454,159;484,245;506,257
182:0,019;236,203;467,165
183:0,019;261,110;286,200;457,192;666,216
184:0,019;51,008;63,165;545,020;679,211;1071,172
185:0,019;227,226;261,110
186:0,019;45,017;121,096;394,272;1036,257
187:0,019;125,101;1188,093
188:0,019;341,245;862,255
189:0,019;214,188;794,154
190:0,019;231,270;418,138
191:0,020;496,205;806,197
192:0,020;595,153;1064,200;1170,258
193:0,020;557,077;891,270
194:0,020;27,201;496,264;557,077
195:0,020;590,152;595,153
196:0,020;659,179
197:0,020;635,144
198:0,020;231,270;745,212;888,243
199:0,020;54,207;132,224;239,020;497,258;906,173
200:0,020;555,001;851,089
