001:0,001;275,212;1187,094
002:0,001;279,082;464,270
003:0,001;158,206;411,209;964,111
004:0,001;89,019;152,015;158,007;194,108;200,243
005:0,001;273,002;323,102;579,146
006:0,001;158,206;184,011;354,101
007:0,001;200,243;1116,158
008:0,001;137,011;349,129;1186,261
009:0,001;323,102;354,101
010:0,001;277,256;474,094;1035,081
011:0,002;185,001;509,198;607,169;861,221;1014,212
012:0,002;38,003;176,134;509,198
013:0,002;348,174
014:0,002;155,017;303,199;834,198
015:0,002;187,001;274,185;437,258
016:0,002;90,011;176,134;480,187
017:0,002;425,135;970,088
018:0,002;303,199;1123,269
019:0,002;344,123
020:0,002;430,086;752,224
021:0,003;71,004;321,137;401,117;1162,234
022:0,003;176,183;414,103
023:0,003;46,012;183,143;426,139;1180,205
024:0,003;174,118;330,124;525,269;1188,244
025:0,003;183,267;273,015;440,169
026:0,003;174,118;440,169;587,242;954,104;1085,217
027:0,003;183,143;858,133
028:0,003;200,206;521,236;580,085
029:0,003;266,140;1147,150
030:0,003;183,267
031:0,004;38,018;138,019;316,264;1064,250
032:0,004;79,007;133,242;316,264;342,231;630,113;903,110
033:0,004;202,246;1161,243
034:0,004;133,242;202,246;204,139;244,002;340,227;745,102
035:0,004;189,159;748,223
036:0,004;204,139;646,172
037:0,004;157,271;309,246;617,250;712,116
038:0,004;235,187;929,113
039:0,004;225,080;396,153
040:0,004;189,014;235,104;474,078;695,156
041:0,005;140,113;1005,264
042:0,005;64,150
043:0,005;39,010;55,142
044:0,005;134,159;1037,242
045:0,005;43,002;107,088;950,107
046:0,005;55,142;266,085;313,190;488,134
047:0,005;61,210
048:0,005;61,210;334,142;612,238;780,185
049:0,005;71,273
050:0,005;64,150;134,159;172,088;428,009;492,143;785,159
051:0,006;148,019;415,089
052:0,006;266,186;752,269;886,231;1067,077
053:0,006;151,227;166,002;192,019;235,104;267,011;511,178
054:0,006;50,266;122,090;135,017;157,205;737,136
055:0,006;154,201;370,130;415,089;1200,270
056:0,006;226,209
057:0,006;179,112;909,212;971,209
058:0,006;154,201;335,225;561,167;721,112
059:0,006;157,205;1122,188
060:0,006;68,009;308,236;495,007;538,167
061:0,007;60,014;203,153;487,150;641,124;875,228
062:0,007;556,256
063:0,007;493,268;1001,183
064:0,007;574,225
065:0,007;445,085;590,256
066:0,007;415,137
067:0,007;169,009;411,083
068:0,007;561,193
069:0,007;830,143
070:0,007;825,183;1122,193
071:0,008;116,124
072:0,008;114,086;268,275
073:0,008;129,146;548,173;624,088
074:0,008;130,103;1156,183
075:0,008;3,016;55,186;105,223;116,124;270,015;330,078;957,085
076:0,008;120,112;129,146;137,015;365,125
077:0,008;110,013;220,191
078:0,008;114,086
079:0,008;105,223;1076,174
080:0,008;109,006;122,117;130,007;268,275;344,007;608,192
081:0,009;199,192;200,110;919,112
082:0,009;477,224
083:0,009;574,172;687,246
084:0,009;55,254;90,001;199,192;1102,131
085:0,009;55,254
086:0,009;691,155
087:0,009;929,205
088:0,009;200,110;466,151;554,252;740,236
089:0,009;383,191;472,242
090:0,009;759,234
091:0,010;276,207;511,190;754,129
092:0,010;278,271
093:0,010;81,263;146,076;783,132
094:0,010;176,158;446,009;679,147
095:0,010;157,173;274,185;731,090
096:0,010;183,141;276,207;1039,116
097:0,010;24,106;98,012;157,173;190,018;340,227;359,183;516,081;832,083
098:0,010;98,270;1120,192
099:0,010;173,172;183,141;271,083;746,241
100:0,010;184,117;760,077;894,178
101:0,011;407,182
102:0,011;499,179
103:0,011;298,009;677,207
104:0,011;232,007;242,225
105:0,011;406,164
106:0,011;392,173;436,156;764,183;953,157
107:0,011;201,002;419,136
108:0,011;163,002;266,138;312,002;329,009;379,242;392,173
109:0,011;421,215;1065,179
110:0,011;379,242;516,215
111:0,012;268,081;351,257;395,019;606,155
112:0,012;351,257;506,264;580,132;683,156;685,076
113:0,012;186,190;189,215;395,236
114:0,012;249,231
115:0,012;42,010;189,215;453,254;555,249;886,091
116:0,012;270,120;812,165
117:0,012;87,133;168,019;186,190
118:0,012;322,156;611,120
119:0,012;555,249;561,193;842,258
120:0,012;268,081;423,009;808,232
121:0,013;228,009;439,007;536,091;1097,095
122:0,013;213,128
123:0,013;293,157;536,091;684,151
124:0,013;213,128
125:0,013;201,116;849,104;857,157
126:0,013;122,117;149,012;201,116;254,111
127:0,013;41,014;278,113;485,227
128:0,013;317,194
129:0,013;117,002;234,219;288,015;317,194;803,190
130:0,013;268,157;890,275;941,124;1117,199
131:0,014;77,236;249,019;416,196
132:0,014;345,222;391,007;507,228;714,222
133:0,014;345,222
134:0,014;314,151;403,250;427,104
135:0,014;75,129;77,236;376,082;757,240
136:0,014;241,018;314,151
137:0,014;44,120;478,240
138:0,014;242,182;546,153;887,186
139:0,014;225,080;309,002;598,221
140:0,014;75,129;242,182;386,019;416,196
141:0,015;192,002;321,077;636,173
142:0,015;731,231;855,238
143:0,015;373,133;447,240;449,177
144:0,015;328,007;449,177
145:0,015;321,077;365,011;447,240;481,241;543,077;1185,167
146:0,015;51,111;373,133;1018,275
147:0,015;419,217;803,176
148:0,015;154,001;216,125
149:0,015;312,158
150:0,015;51,111;138,015;393,176;1091,169
151:0,016;91,138;135,221;340,007;476,164;990,102
152:0,016;79,261;110,250
153:0,016;66,093;72,006;80,092;639,208
154:0,016;34,208
155:0,016;55,186
156:0,016;75,197;226,007;370,130;540,009;862,271
157:0,016;79,261
158:0,016;23,011;34,208;593,123;1009,134
159:0,016;260,272
160:0,016;135,221;781,267
161:0,017;222,132;270,165;796,156
162:0,017;7,092
163:0,017;239,244
164:0,017;231,188;961,094
165:0,017;201,217;421,256;482,007;554,252
166:0,017;176,144;201,217;216,009;725,078
167:0,017;146,076;176,144;190,015;194,108;231,188
168:0,017;7,092;24,106;222,132
169:0,017;155,011;423,102;868,117
170:0,017;172,125;347,238;1160,143
171:0,018;361,232;874,135
172:0,018;314,011;400,107;489,131;820,227;928,139
173:0,018;496,223;685,105
174:0,018;24,015;87,198;152,012;266,085;345,105
175:0,018;377,127;988,188;1035,268
176:0,018;400,107
177:0,018;345,105;678,185
178:0,018;380,081;1157,153
179:0,018;197,140
180:0,018;485,269;642,268;1137,215
181:0,019;512,261;1050,127
182:0,019;451,224;618,228
183:0,019;468,146
184:0,019;340,007;519,095
185:0,019;401,258;557,217
186:0,019;26,234;82,006;110,250;393,176;569,249
187:0,019;474,094;679,147
188:0,019;93,017;158,238;460,273
189:0,019;26,234;856,086;869,092
190:0,019;286,015;385,241
191:0,020;117,083;305,192;349,210;526,206;804,210
192:0,020;50,266;377,127;1184,081
193:0,020;47,090;59,137
194:0,020;94,165;179,274
195:0,020;66,131;418,206
196:0,020;57,007;62,009;66,131
197:0,020;78,018;179,274
198:0,020;47,090
199:0,020;59,137;278,019;429,183;817,191;1034,120;1132,232
200:0,020;67,164;94,165
