001:0,001;112,128;414,023;591,238;712,168;1037,129
002:0,001;60,006;86,025;111,107;591,238
003:0,001;86,025;112,128;187,021;258,219;390,107
004:0,001;86,025;90,008;96,219;152,256;247,251;333,238;458,016;703,225
005:0,001;86,025;127,093;1147,176
006:0,001;99,165;121,006;131,139;330,006;709,129;857,273
007:0,001;42,011;86,025;152,256;687,006
008:0,001;86,025;247,251;541,160;561,006;582,169
009:0,001;86,025;127,093;191,161;194,017;247,213;671,093;978,201
010:0,001;86,025;140,186;502,004;832,016;1023,186
011:0,002;109,023;192,170;194,001;277,087;356,023;527,255;981,103;1000,115
012:0,002;65,016;70,255;192,170;194,001;212,204;277,087;662,024;821,078;1035,240;1141,230
013:0,002;181,168;1034,172
014:0,002;194,001;212,204;662,024;776,167
015:0,002;23,022;34,014;102,136;232,005;382,148
016:0,002;194,001;349,134;450,016;643,107;662,024;776,245
017:0,002;194,001;252,255;386,016;448,274;776,245
018:0,002;201,211
019:0,002;228,006;383,153;662,024;776,211
020:0,002;186,233;194,001;210,114;662,024;788,128
021:0,003;367,005;465,239;716,146
022:0,003;41,013;203,135;384,158;468,192
023:0,003;585,006;672,212;832,016;893,103
024:0,003;412,141;465,239
025:0,003;203,135;717,006
026:0,003;416,250;561,206;774,006
027:0,003;470,178;596,176;1010,103
028:0,003;459,143;892,187
029:0,003;472,146;906,143;917,125
030:0,003;309,005;416,250;459,143
031:0,004;52,008;238,165;300,022;403,115
032:0,004;300,022;379,092;1065,006
033:0,004;217,005;357,271;828,222
034:0,004;15,019;59,122;258,209;294,225;300,022;356,023;480,170
035:0,004;252,177;300,022;382,247;850,251
036:0,004;300,022;480,170
037:0,004;294,225;300,022;421,251
038:0,004;222,115;300,022;494,225;590,197
039:0,004;267,201;852,097
040:0,004;258,209;415,006;457,214;644,108;962,132
041:0,005;407,004;983,210
042:0,005;387,135;407,004;991,101;1076,169
043:0,005;79,193;407,004;573,006;844,110
044:0,005;407,004;972,174;1184,232
045:0,005;523,118;727,200;961,143
046:0,005;51,008;202,233;407,004;834,195
047:0,005;603,078;1087,183
048:0,005;27,012;79,193;703,270
049:0,005;471,006;1087,183;1117,184
050:0,005;292,019;407,004;680,225;1049,269;1197,268
051:0,006;638,185;832,016;846,152
052:0,006;86,025;90,005;111,107;352,165;453,012;520,229;832,016;846,152
053:0,006;129,005;407,004;832,016;916,241
054:0,006
055:0,006;749,082
056:0,006;111,005;134,006;248,003;413,122
057:0,006;1149,101
058:0,006;520,229;832,016;926,089
059:0,006;291,238;435,204
060:0,006;247,005;405,196;712,132;778,260;832,016;992,184
061:0,007;14,019;44,191;252,255;484,016;643,260;660,118
062:0,007;32,127;199,099;378,016;382,179;600,259
063:0,007;23,022;71,099;416,097;422,202;579,179;807,176
064:0,007;23,022;28,268;77,226
065:0,007;5,020;23,022;229,182;268,161;629,006
066:0,007;28,268;140,023;336,114;586,171
067:0,007;23,022;50,257;406,153
068:0,007;23,022;101,109;795,131
069:0,007;206,234;536,182;975,006;980,101
070:0,007;92,167;720,134
071:0,008;672,084;1031,079
072:0,008;606,012;710,172;1093,092
073:0,008;622,113
074:0,008;33,003;48,166;67,002;126,017;207,211;542,186
075:0,008;623,167
076:0,008;379,006;450,230
077:0,008;722,078;754,092;1196,173
078:0,008;592,230;672,084
079:0,008;31,017;114,214;323,100;467,108;631,100
080:0,008;218,016;323,100
081:0,009;244,019;388,187;959,124
082:0,009;55,125;669,243;834,164
083:0,009;300,022;462,186;557,141;701,004;834,164;1150,006
084:0,009;564,100;589,004;857,194
085:0,009;355,257
086:0,009;55,125;203,005;348,187;501,097;922,180
087:0,009;387,137;678,004;808,110;1072,093
088:0,009;394,216
089:0,009;340,180;745,259
090:0,009;340,180
091:0,010;31,014;103,192;382,023;389,111;407,004;808,012;1104,218
092:0,010;54,138;954,113;1068,082
093:0,010;49,260;832,016;850,268;1165,006
094:0,010;60,121;922,162
095:0,010;54,199;69,002;238,232;942,213
096:0,010;54,138;60,121;179,019;269,089
097:0,010;129,005;145,176;755,012;939,264
098:0,010;43,003;49,260;486,004;541,160;617,111
099:0,010;77,226;310,243
100:0,010;97,259;614,271
101:0,011;85,197;237,009;333,191;845,153
102:0,011;79,201;141,200;321,008;597,222
103:0,011;30,018;47,137;229,009;244,082;413,122;572,004;1076,203
104:0,011;61,017;63,240
105:0,011;107,006;210,178;333,191;414,016;649,004;1064,084;1103,261;1109,006;1163,174
106:0,011;63,240;413,004;777,131;1114,006
107:0,011;89,113;467,012;1098,260
108:0,011;80,014;103,192
109:0,011;141,200
110:0,011;244,082;874,172;977,136
111:0,012;800,124
112:0,012;371,275;765,177;838,180;906,083
113:0,012;628,006
114:0,012;830,242;900,268
115:0,012;830,242
116:0,012;162,006;222,115;819,129
117:0,012;1082,218
118:0,012;960,006;1098,260
119:0,012;906,083
120:0,012;73,154;362,019;416,097;745,109
121:0,013;75,005;157,142;187,021;298,243;356,023;701,264;945,006;1062,134
122:0,013;187,021;282,197;356,023;409,016;662,024;763,191
123:0,013;187,021;329,120;356,023;673,217;768,269
124:0,013;187,021;319,090;356,023;561,206
125:0,013;187,021;356,023;568,161;587,203
126:0,013;221,165;412,141
127:0,013;187,021;267,119;928,097;988,255
128:0,013;30,006;79,201;202,233;208,021;356,023;903,247
129:0,013;267,119
130:0,013;187,021;356,023;564,121;611,213;809,114
131:0,014;156,006;381,016;429,169;870,255
132:0,014;59,086;73,109;437,271;466,008;617,111
133:0,014;62,016;73,109;85,197
134:0,014;61,113;351,019;414,079;1178,224
135:0,014;155,155;171,008;181,168;206,093;414,079;1006,108
136:0,014;134,086;177,012;371,275
137:0,014;252,177
138:0,014;253,124;822,234;873,169;932,122
139:0,014;209,180;229,006;1108,214
140:0,014;59,086;662,024;701,171;724,112
141:0,015;29,228;91,016;109,023;154,190
142:0,015;20,176;29,228;185,173;517,012;834,273
143:0,015;45,126;109,023;192,021;193,232
144:0,015;109,023;228,202;585,004;720,240;860,171
145:0,015;33,078;109,023;185,173;221,012;878,208
146:0,015;23,022;72,127;228,202;305,108
147:0,015;19,151;45,126;109,023;201,218;750,004;892,121;922,148
148:0,015;154,190
149:0,015;19,151;109,023;185,013;194,182;949,199
150:0,015;57,162;168,012;379,199
151:0,016;525,256;680,135
152:0,016;306,019;338,203;464,214
153:0,016;407,004;433,116;528,016;686,193
154:0,016;47,137;139,013;147,162;738,241
155:0,016;672,212
156:0,016;681,261
157:0,016;683,217
158:0,016;712,132
159:0,016;433,116
160:0,016;194,001;252,108;317,016;681,261;812,012;971,136
161:0,017;227,016;272,003;405,196;435,185;573,156
162:0,017;362,227
163:0,017;23,022;46,014;266,241;628,006;682,173;757,179
164:0,017;253,124;788,128
165:0,017;244,270;566,178
166:0,017;233,222;454,006;573,156;982,217
167:0,017;11,001;79,172;719,204
168:0,017;266,241;489,173
169:0,017;42,114;264,154;303,249;323,269;424,113;936,178
170:0,017;240,266;244,270
171:0,018;122,185;369,008;617,224
172:0,018;122,185;700,006;940,248
173:0,018;80,085;339,120;735,004;869,012;976,227;1047,247
174:0,018;126,238;318,008;574,085;598,114;1082,256
175:0,018;126,222;249,173;298,201;692,006;698,256
176:0,018;4,004;80,085;691,006;1171,266
177:0,018;89,025;102,158
178:0,018;102,158;126,008;714,201
179:0,018;24,017;126,238;139,262;1166,116
180:0,018;139,262
181:0,019;427,235;442,147
182:0,019;231,006;242,016;309,171;604,004;803,213;1145,212
183:0,019;442,147
184:0,019;454,162
185:0,019;233,252;440,203;936,138
186:0,019;377,112
187:0,019;427,135;570,106;1142,249
188:0,019;179,106;196,019;555,125
189:0,019;165,023;179,106
190:0,019;427,235;555,012;696,138;854,271
191:0,020;195,249
192:0,020;37,224;194,001;199,245;516,134;672,121;725,157
193:0,020;17,120;179,005;457,257
194:0,020;35,096;199,245;387,168;487,016;516,134;1040,006
195:0,020;35,247;250,008;326,224;523,118;543,241;903,115;993,141
196:0,020;53,161;334,234
197:0,020;37,224;109,023;179,218;494,225;662,024;725,157
198:0,020;66,120;176,019;227,269;783,096
199:0,020;35,096
200:0,020;35,247;509,226;728,012;825,226
