001:0,001;183,006;240,144;412,270;1170,181
002:0,001;242,127;499,250;685,153
003:0,001;139,012;260,148;809,105;829,001;1069,234
004:0,001;268,254;916,098;1048,108
005:0,001;225,173;1125,098
006:0,001;240,144;272,174;505,255;841,167
007:0,001;45,014;94,122;210,152;655,270
008:0,001;21,020;25,097;58,214;117,020;203,083;461,256;530,270;563,025;1107,191
009:0,001;210,152;488,166;626,121
010:0,001;25,097;315,014;430,251;649,006;678,094;884,125
011:0,002;82,151
012:0,002;38,201;664,255
013:0,002;83,013;121,239;504,234;536,174;677,024;707,181;899,095;915,006;942,163
014:0,002;92,158
015:0,002;7,242;31,017;82,007;446,120;844,006;1063,235
016:0,002;34,001;132,015;146,210;156,021;272,082;815,010;937,001;1072,084
017:0,002;40,123;617,025;898,010;942,163
018:0,002;7,242;296,002;430,014;434,178;957,024;1008,252
019:0,002;64,146;646,155;762,148
020:0,002;127,007;174,237;332,188;420,239;637,014;723,183;800,226;827,094
021:0,003;214,213;1136,010;1143,136
022:0,003;59,007;60,184;79,011;164,020;322,002;372,077
023:0,003;133,162;152,011;349,208;478,010;563,025;683,244
024:0,003;146,180;563,025;1078,221
025:0,003;60,184;163,015;203,099;563,025;791,167;878,010
026:0,003;120,012;133,162;595,024;653,147
027:0,003;127,170;464,014;500,246;563,025;642,022;718,125;792,010;1102,024
028:0,003;121,239;275,015;308,120;341,260;563,025;750,024;774,182;1036,006;1079,264;1155,207
029:0,003;145,184;404,180;563,025;614,006;641,178;653,147;817,001
030:0,003;159,191;203,099;563,025;1150,207
031:0,004;30,233;648,014;811,259
032:0,004;32,259;34,086;64,209
033:0,004;34,086
034:0,004;32,229;188,011;251,081
035:0,004;64,209;226,015;291,258;710,014;762,261;1030,010
036:0,004;29,013;42,015;461,220;569,077;915,263
037:0,004;32,229;883,025;1046,204
038:0,004;66,254;147,116;422,216;587,268;710,200
039:0,004;69,012;116,177;445,010
040:0,004;30,233;32,259;693,006;710,200
041:0,005;328,006;432,212;490,024;937,100;1030,089
042:0,005;4,003;19,114;1101,086;1150,010;1193,252
043:0,005;302,188;490,024
044:0,005;277,156;419,008;467,160;490,024
045:0,005;206,006;412,270;490,024
046:0,005;490,024;1013,006;1045,195
047:0,005;288,138;490,024
048:0,005;298,153;408,105;490,024;663,257
049:0,005;19,114;126,001;403,233;846,006;1015,248;1045,195
050:0,005;452,107;490,024;1154,245
051:0,006;606,129;1156,248
052:0,006;443,098;802,025;978,256;1050,006;1178,107
053:0,006;395,261;688,226
054:0,006;433,076;488,006;566,113
055:0,006;395,261
056:0,006;214,012;222,254;433,076;1085,199
057:0,006;151,002;334,098
058:0,006;325,138
059:0,006;408,150;1173,006
060:0,006;466,116
061:0,007;201,139
062:0,007;204,014;212,241;419,008;491,079
063:0,007;13,005;86,080;277,156;806,202;917,084;1165,264
064:0,007;270,202;423,250;1114,001
065:0,007;126,200;588,014;719,199;749,265;817,001
066:0,007;84,017;126,200;362,127;976,025;1138,024
067:0,007;35,013;138,017;151,007;192,142;201,010;423,250;455,014;806,202;967,275
068:0,007;238,255;398,226;516,111;688,006;967,275
069:0,007;151,002;214,136;606,022;716,084;921,220;999,025;1131,199
070:0,007;241,222;853,181
071:0,008;103,255;312,087;471,153;791,174;1072,217
072:0,008;69,128;572,006;955,164;986,166;1069,010
073:0,008;48,155
074:0,008;85,005;227,023;343,241;525,128
075:0,008;61,001;85,160;93,104;916,105;938,260
076:0,008;58,214;156,111;564,025;581,121;585,087;832,103
077:0,008;93,104;109,265;712,006;955,164
078:0,008;156,111;379,224
079:0,008;68,100;69,128;304,263;810,199;1103,158;1105,224
080:0,008;250,263;948,010
081:0,009;148,232;183,005;285,157;599,006;703,081;758,025;821,170
082:0,009;143,222;161,125;1194,265
083:0,009;109,001;130,268;148,232;177,226;236,220;978,173
084:0,009;127,207;628,006;727,265
085:0,009;118,105
086:0,009;98,017;130,268;599,025;881,176;900,099
087:0,009;121,005;262,171;298,153;506,078;767,086;1096,252;1102,138;1103,233;1110,198
088:0,009;118,105;143,222;174,017;177,226;189,094;231,010;236,220;314,114;396,002;434,008;526,160;644,246
089:0,009;71,020;93,125;180,014;189,094;265,010;295,226;693,216;1023,194
090:0,009;195,151;505,024;690,194
091:0,010;241,103;503,010
092:0,010;1024,024;1143,106
093:0,010;852,217;949,128
094:0,010;320,002;458,257;574,024
095:0,010;309,256;362,010;426,014;526,089;610,108;680,100;894,025;1146,173
096:0,010;199,015;309,256;804,182
097:0,010;241,197;378,019;511,101;759,024;892,269;997,025;1053,010;1143,106
098:0,010;773,184;855,006;1159,172
099:0,010;1185,201
100:0,010;794,269;1193,261
101:0,011;158,095;372,255;418,203;487,022;733,187
102:0,011;143,163;303,134;487,022;754,080;1175,127
103:0,011;207,012;249,158;378,019;418,010;487,022;708,099;969,198;975,127;1192,010
104:0,011;332,136;378,019;443,109;487,022;907,183
105:0,011;277,015;303,134;378,019;430,136;487,022;708,099;772,089;882,001;1174,122
106:0,011;304,237;378,019;418,203;487,022;907,183;1075,113
107:0,011;327,100;702,149
108:0,011;335,270;378,019;574,214;601,010
109:0,011;378,019;487,022;753,025
110:0,011;335,270;378,019;425,200;487,022;707,084;787,233;1005,231
111:0,012;156,021;226,145;244,219
112:0,012;79,117;374,171
113:0,012;57,013;79,117;267,236;377,137;718,014;772,231;952,146
114:0,012;374,171;522,219;689,010;707,249;749,076;860,171
115:0,012;160,206;512,097;879,010;927,025;1115,175
116:0,012;267,236;597,010;610,235
117:0,012;236,229;384,023;486,205
118:0,012;246,116;577,260;1178,086
119:0,012;160,206;970,010;1018,249
120:0,012;244,219;334,098;337,014;790,177;890,238
121:0,013;156,021;258,253;931,176;1035,219
122:0,013;53,014;80,249;156,021;294,094;366,014;423,089;994,076;1062,176
123:0,013;147,116;156,021;440,121;906,010;1156,248
124:0,013;135,012;209,010;330,162;353,208;490,024
125:0,013;98,015;239,247
126:0,013;97,017;214,213;239,247;514,006;840,158;910,184
127:0,013;80,249;156,021;500,246;852,010;1017,160
128:0,013;156,021;234,002;254,199;419,008;460,106;678,176
129:0,013;156,021;284,207;561,080;613,025;719,195;818,010;865,024;904,113;920,143;926,089
130:0,013;113,017;156,021;272,080;762,213;1178,107;1181,260
131:0,014;452,010;817,259;1060,249
132:0,014;562,024;579,006;589,106;748,010;813,222;1043,001;1160,218
133:0,014;705,249;1027,263;1057,237
134:0,014;753,227;1089,269
135:0,014;19,161;958,132;1030,006;1109,232;1146,168
136:0,014;1089,137;1153,264
137:0,014;594,175;753,227
138:0,014;836,204
139:0,014;740,006;890,238;912,254;1200,161
140:0,014;190,021;251,081;549,010;776,242;852,217;1114,161
141:0,015;48,087;97,086;393,176;703,206;743,205;831,161;1193,182
142:0,015;318,260;888,080
143:0,015;176,240
144:0,015;27,012;89,007;167,246;258,253;408,083;578,006;585,210;607,212;1075,024
145:0,015;395,107;760,025;1002,006
146:0,015;31,016;48,087;856,006
147:0,015;154,010;168,097;650,152;709,014;762,154
148:0,015;313,137;432,212;980,120
149:0,015;167,246;214,149;907,006
150:0,015;393,176;411,077;556,104;682,014;786,274;1017,001;1068,099
151:0,016;156,012;180,175;227,023;419,008;450,225;476,142;817,001
152:0,016;111,218;419,008;487,022;488,006;817,001
153:0,016;114,101;227,023;476,142;488,006;723,256;1149,010
154:0,016;116,179;227,023;419,008;482,255;641,170;817,001
155:0,016;111,218;227,023;419,008;488,006;817,001;1032,025;1123,155
156:0,016;180,175;227,023;419,008;488,006;682,014;722,247;817,001
157:0,016;113,169;227,023;488,006;982,235;1008,257;1072,259
158:0,016;114,101;117,001;269,215;801,024;806,006
159:0,016;117,194;227,023;488,006;817,001
160:0,016;130,263;227,023;419,008;450,225;488,006;1009,137
161:0,017;392,091;678,025;825,081;955,233;1128,001
162:0,017;219,138;292,103
163:0,017;242,175
164:0,017;261,215;467,162;529,231;746,237;1080,254
165:0,017;217,143;242,175;323,023;365,089;420,130;1128,001
166:0,017;162,015;217,143
167:0,017;267,093
168:0,017;33,020;198,252;224,002;417,119
169:0,017;272,174
170:0,017;116,177;225,002;349,014;420,130;1004,238;1019,143
171:0,018;143,163;151,002;228,224;297,161;514,170;645,014;660,241
172:0,018;123,267;151,002;162,166;1041,006
173:0,018;26,007;100,224;151,002;251,010;424,231
174:0,018;125,076;151,002;490,168
175:0,018;128,001;151,002;633,114;1133,006
176:0,018;228,224;384,089;393,002;465,241;836,204;897,168;929,187;1036,095
177:0,018;151,002;561,198;1135,006
178:0,018;151,002;464,188;469,237;906,204;1023,091;1117,114
179:0,018;123,267;151,002;458,257;663,025;729,104
180:0,018;162,166;331,014;561,198;902,001;905,025;1097,220
181:0,019;122,202;295,170;565,025;925,024;945,266;1104,006
182:0,019;158,095
183:0,019;110,108
184:0,019;109,234;308,120;612,209;910,253
185:0,019;126,012;223,251;640,091
186:0,019;177,150;1187,010
187:0,019;139,146;961,093
188:0,019;122,202;177,150;262,014;301,010;613,191;887,024
189:0,019;109,265;613,191;718,014;762,274;828,132;951,167;1095,105
190:0,019;161,251;340,218;678,014;685,132;1026,024
191:0,020;76,088;325,023;432,160;1175,079
192:0,020;241,078;502,076;742,006;1109,232
193:0,020;276,234
194:0,020;76,088;652,025;706,160;941,025;1105,081
195:0,020;233,011;290,216;1039,078
196:0,020;27,005;77,197;364,237;552,254;741,100
197:0,020;214,199;1033,100
198:0,020;226,145;285,006;364,010;627,120
199:0,020;214,199;241,078
200:0,020;159,015;290,216;299,184
