001:0,001;90,149;193,014;349,149;382,185;441,078;685,099;943,078
002:0,001;543,015;833,014;896,006
003:0,001;589,264
004:0,001;87,020;236,206;738,274
005:0,001;512,086
006:0,001;13,007;16,001;668,206
007:0,001;512,086
008:0,001;465,127
009:0,001;199,116;236,206;442,020;490,258;646,255;688,167;808,240;1162,193
010:0,001;556,202;847,177
011:0,002;108,201;841,015;1012,200;1054,127
012:0,002;104,148;406,201;411,020;421,165
013:0,002;150,202;1112,160
014:0,002;104,148;147,227
015:0,002;147,227;241,202;519,125;560,220;1012,227;1031,220
016:0,002;136,117;635,156;1009,128;1096,227
017:0,002;164,193;165,009;519,125
018:0,002;112,218;176,009;291,114;884,100
019:0,002;108,201;244,076
020:0,002;173,076;984,239
021:0,003;146,101;241,269;500,184;525,204;526,138;1192,266
022:0,003;146,101;814,079;832,165
023:0,003;339,082;853,169;940,124
024:0,003;175,244;305,131
025:0,003;305,131;989,017;1044,076
026:0,003;241,269;273,084;459,085
027:0,003;246,077;953,226;1006,202
028:0,003;44,142
029:0,003;158,006;246,077
030:0,003;174,167;1096,212
031:0,004;263,211
032:0,004;181,084
033:0,004;151,014;423,182;509,132;1189,152
034:0,004;221,152;403,014;526,199
035:0,004;206,080
036:0,004;147,077;221,152
037:0,004;201,123;213,158;766,139;953,199
038:0,004;213,158;1198,238
039:0,004;17,006;35,128
040:0,004;180,122;206,080
041:0,005;117,259;526,163;606,014;705,096
042:0,005;77,214;1169,221
043:0,005;182,162
044:0,005;184,220;307,166;851,114
045:0,005;70,100;607,232;829,198
046:0,005;62,007;70,100;679,091
047:0,005;77,214;197,166;705,096;997,103;1060,214
048:0,005;53,008;61,136;223,009;336,255;1023,096;1195,194
049:0,005;100,153
050:0,005;81,215;138,166;216,015;354,162;442,220;554,082;1028,119
051:0,006;514,015;699,088;896,006
052:0,006;514,015;865,237
053:0,006;526,163;652,015;920,006
054:0,006;514,015;896,006
055:0,006;39,020;491,104;896,006
056:0,006;514,015;798,159;818,017;865,237;896,006
057:0,006;514,015;819,150;896,006
058:0,006;151,169;514,015;695,221;828,015;896,006
059:0,006;514,015;886,083;896,006
060:0,006;652,103;896,006
061:0,007;156,138;680,015;713,231
062:0,007;174,215
063:0,007;155,003;277,218;301,009;360,079
064:0,007;236,210;979,142;1011,193;1083,077
065:0,007;86,003;156,138;231,144;702,248
066:0,007;223,209;360,079;705,014;731,264;1112,115
067:0,007;231,144;894,148;947,017;1059,209
068:0,007;173,263
069:0,007;55,105;649,263;913,017
070:0,007;191,182;462,179;514,215
071:0,008;136,117
072:0,008;146,274;514,015;946,123
073:0,008;7,004;10,010;36,004;163,099
074:0,008;186,193;794,144
075:0,008;149,218;157,230;169,153;280,227;322,099;342,006;416,017;1039,167
076:0,008;168,148;825,212;828,156
077:0,008;157,230;1028,017;1153,106
078:0,008;125,113
079:0,008;146,274;885,158;1017,188
080:0,008;182,121;294,017;893,222
081:0,009;267,188;506,090;513,092;761,255;950,139;1086,184
082:0,009;581,156;718,105;939,126
083:0,009;714,269;737,226
084:0,009;506,090;678,015;798,159;999,162;1172,106
085:0,009;15,017;321,185;563,015;737,226;755,198;813,014
086:0,009;321,185;367,020;705,180
087:0,009;19,001;33,195;627,261;718,208;802,199;840,166
088:0,009;627,261
089:0,009;84,008;125,113;320,009;535,235
090:0,009;551,017;603,222
091:0,010;79,265;376,017;396,194;449,232;482,230;626,100
092:0,010;396,194;1137,204
093:0,010;279,273
094:0,010;350,108;365,017;1130,120
095:0,010;297,266;1184,136
096:0,010;27,009;254,015;307,141
097:0,010;297,266;621,134;644,105
098:0,010;261,001;323,187;432,020;455,091;667,146;803,015;923,206
099:0,010;323,187;1176,122
100:0,010;201,123;284,001;324,242;448,126;689,148
101:0,011;315,209;566,197
102:0,011;312,089
103:0,011;458,252;504,251;533,239;795,232
104:0,011;35,020;514,017;566,197;736,017;908,175;966,017;1029,257
105:0,011;147,077;166,092;457,101;1015,014;1180,216
106:0,011;312,089;1113,210;1125,017;1193,124
107:0,011;344,184;483,267;488,265
108:0,011;293,214;478,017;1112,014;1198,238
109:0,011;271,197;455,091
110:0,011;271,197;376,169
111:0,012;42,086;55,009;201,183;316,009;371,267
112:0,012;21,180;112,007;128,204
113:0,012;51,262;129,010;169,248;241,160
114:0,012;56,258;128,204;201,183;976,240
115:0,012;113,211;134,015;241,160;1036,006
116:0,012;104,172;115,020;167,167;255,134;375,220;936,079;1042,197;1092,187
117:0,012;21,180;39,020;56,258;695,221;919,138;1121,150
118:0,012;45,248;150,015;164,014;255,134
119:0,012;88,248;642,142;702,183
120:0,012;110,251;722,193
121:0,013;38,232;658,211;994,082
122:0,013;42,086;50,002;70,174;331,009;492,178;515,017;804,188
123:0,013;38,161;804,188;872,014;876,261
124:0,013;38,161;110,166;128,017;171,190;613,017;1149,251
125:0,013;91,257;99,006;149,145;492,178;740,017;985,014;1101,182
126:0,013;70,174;409,017;431,241;506,014;885,092;1134,114
127:0,013;79,271;171,190
128:0,013;55,105;98,014;113,211;627,015;767,017
129:0,013;51,103;809,017
130:0,013;51,103;91,257;352,014;417,124;718,134
131:0,014
132:0,014;462,150;1146,205
133:0,014
134:0,014;81,215;189,011;312,269
135:0,014
136:0,014;1033,136
137:0,014;241,001;418,146;729,246;958,105;1146,142
138:0,014
139:0,014;126,006;243,014
140:0,014;1035,108
141:0,015;413,016;447,132
142:0,015;413,016;493,199;622,015;911,179;940,122
143:0,015;317,218;413,016;462,150;492,201;550,240;857,257
144:0,015;221,017;413,016;442,250
145:0,015;258,011;393,087;413,016;491,104
146:0,015;207,001;489,112;895,273;972,266
147:0,015;166,014;184,220;413,016;427,239;442,250;691,190
148:0,015;322,262;413,016;550,240;632,207;999,017
149:0,015;388,175;411,001;427,239
150:0,015;348,078;413,016;448,126;993,017
151:0,016;55,270;104,102;822,214;893,088
152:0,016;142,078;249,009;333,176;714,113;869,122;1040,139
153:0,016;142,078
154:0,016;90,149;851,015;1041,141;1138,006
155:0,016;149,145;151,010;391,151
156:0,016;62,014;81,092
157:0,016;90,102
158:0,016;22,207;850,193;903,101
159:0,016;35,128;243,265
160:0,016;22,207;41,001;102,166;197,257;859,221
161:0,017;520,122;699,195
162:0,017
163:0,017;120,179;877,103
164:0,017;120,179;376,218;458,252;504,165;641,210
165:0,017;896,006;1130,120
166:0,017;580,123;846,152;1157,150;1190,103
167:0,017;277,246
168:0,017;302,272
169:0,017;520,122;893,159
170:0,017;338,198;1111,273
171:0,018;43,237;445,006;532,195
172:0,018;96,247;432,098
173:0,018;42,085
174:0,018;54,094;96,247
175:0,018;9,010;112,180;344,184
176:0,018;56,098
177:0,018;42,085;157,014;357,235;1190,117
178:0,018;54,094
179:0,018;166,094;705,184;898,266;969,112
180:0,018;56,098;120,237;390,149;612,251;1036,181;1108,102
181:0,019;108,223;328,268;368,014;1081,270
182:0,019;92,264;249,020;554,212;856,269;934,194
183:0,019;136,139;786,112;1143,138
184:0,019;91,181;92,264;705,141;786,196
185:0,019;126,202;148,176;730,015;786,196
186:0,019;90,001;126,202;207,204;254,017;628,204;630,014;711,208;849,015;886,083
187:0,019;91,181;468,248;847,212
188:0,019;102,130;333,014;342,124;1035,125;1189,089
189:0,019;69,001;328,268;399,001;446,006;603,205;1053,250;1182,263
190:0,019;102,130;153,011;306,205
191:0,020;541,119
192:0,020;51,095;180,122;367,020;554,212;615,113;709,194;910,257;1008,220;1134,017
193:0,020;493,199;494,006;520,115;1192,101
194:0,020;584,177;1174,274
195:0,020;422,181
196:0,020;544,179;943,083
197:0,020;525,245
198:0,020;51,095;122,015;148,176;286,193;584,177;656,123;1119,017;1123,136;1179,202
199:0,020;386,001;520,014
200:0,020;335,188;373,272;1020,251;1185,250
