001:0,001;404,113
002:0,001;362,232;1097,221
003:0,001;84,010;103,167;623,170;697,005;1119,220
004:0,001;360,120;738,001;1100,216
005:0,001;356,078;1050,124
006:0,001;54,003;137,018;239,243;621,005;758,216
007:0,001;344,221
008:0,001;362,161;741,001;968,091
009:0,001;394,015;404,113;905,133
010:0,001;344,237;356,078;958,104
011:0,002;199,115;435,016;455,193;586,159;841,139
012:0,002;194,262;333,155;413,165;571,017;717,259
013:0,002;189,183;371,017;720,215
014:0,002;128,004;189,183;458,015;775,146
015:0,002;159,275;429,022;477,201;720,215;1021,118
016:0,002;143,007;199,115;270,244;518,157;828,245
017:0,002;70,007;99,014;168,127;853,267
018:0,002;109,170;168,127;655,128;841,009;873,012;995,100;1058,001
019:0,002;58,017;187,085;667,007;687,122
020:0,002;157,162;269,009;1055,113;1087,001
021:0,003;197,085;229,118;377,176;407,205;410,111;417,001;1011,270
022:0,003;195,248;203,020;475,096;985,001
023:0,003;90,002;109,170;672,009;892,122;914,012;1180,198
024:0,003;243,253;313,018;335,017;341,251;470,004;824,216;994,137;1019,103;1143,183;1197,252
025:0,003;195,248;341,251
026:0,003;152,004;664,109;801,139
027:0,003;89,019;324,004;429,022;504,115;595,098;619,010;827,087;1087,170;1172,159
028:0,003;256,185;375,016;436,224;800,268
029:0,003;194,262;437,004;464,017;729,121
030:0,003;229,118
031:0,004;815,138
032:0,004;121,002;166,232;389,088
033:0,004;510,264
034:0,004;914,241;984,222;1195,163
035:0,004;614,009;626,244;1177,018
036:0,004;826,136
037:0,004;84,079;1064,126
038:0,004;98,007;479,199
039:0,004;328,153;788,257
040:0,004;260,006;318,088;631,197;708,010;1023,134;1088,001;1171,119
041:0,005;417,001;460,198;508,119;524,094;704,262;928,009;1054,132;1057,233
042:0,005;152,138;572,130;703,004;717,020;746,106;1165,001
043:0,005;367,176;412,143;417,001;508,119;1013,163
044:0,005;412,143;417,001;595,084;792,231
045:0,005;129,003;190,239;485,097
046:0,005;382,014;417,001;460,198;1083,240;1093,178
047:0,005;78,025;152,138;207,005;390,015;417,001;572,130;580,020;922,122
048:0,005;417,001;485,097;813,127;852,244;1000,206;1026,138;1075,255;1198,170
049:0,005;492,144;595,084;1129,018;1133,266
050:0,005;249,021;314,218;435,155;583,168;790,009;792,231
051:0,006;281,169;444,014;510,251;516,133;569,025;823,271;1129,018
052:0,006;277,023;557,108;569,025;719,137
053:0,006;393,257;1095,107
054:0,006;277,023;448,267;886,193;1129,018
055:0,006;277,023;448,267;479,014;549,116
056:0,006;86,155;314,001;450,090;554,009;569,025;628,193
057:0,006;277,023;450,090;1129,018
058:0,006;277,023;362,161;569,025;757,126;1129,018
059:0,006;277,023;440,257;569,025;673,227;929,084;1129,018
060:0,006;277,023;557,108;569,025;911,220;1129,018
061:0,007;16,004;44,020;815,188;1030,249
062:0,007;201,014;212,104;785,255
063:0,007;245,165;529,121;803,232;1129,018
064:0,007;202,017;383,175
065:0,007;201,157;389,015;778,153;1177,018
066:0,007;327,087
067:0,007;231,244;708,123;1118,130
068:0,007;201,157;272,006;312,004;404,015;785,255;952,001;1118,130
069:0,007;221,121;623,020;760,227
070:0,007;104,168
071:0,008;50,111;59,128;115,240
072:0,008;37,260
073:0,008;73,098;712,005;798,104;982,119
074:0,008;78,014;180,020;289,014;361,018;372,154;415,015;487,106;692,163;1104,105
075:0,008;59,128;157,182;312,014;545,212;575,020;674,010;681,148
076:0,008;115,240;189,014;248,105;322,104;681,148
077:0,008;37,260;70,020;809,157
078:0,008;142,141;322,005;363,150;845,121;921,079
079:0,008;52,014;555,020;882,154
080:0,008;89,120;546,008;692,163;841,009;1090,085
081:0,009;63,001;218,093;283,009
082:0,009;750,001
083:0,009;592,131;769,010;774,009;1163,001
084:0,009;653,135;877,010;932,179
085:0,009;594,085;824,155;932,179
086:0,009
087:0,009;256,185;325,017;793,150;961,012;1025,142;1133,018
088:0,009;592,273;631,136;826,005;914,250
089:0,009;1025,142
090:0,009;1052,175;1064,119;1079,001;1096,109
091:0,010;249,021;261,008;304,184;429,022;546,008;640,009;796,196
092:0,010;261,008;304,184;429,022;488,184;491,136;526,156;546,008;711,270
093:0,010;249,021;315,160;514,152
094:0,010;261,008;278,228;454,016;513,015;591,167;711,270;839,217;865,240;1024,241
095:0,010;249,021;278,228;429,022;457,009;546,008;742,145
096:0,010;249,021;261,008;365,167;429,022;491,136;546,008;588,009
097:0,010;253,164;546,008;650,005;839,217;937,249;949,162
098:0,010;249,021;261,008;368,023;429,022;514,152;546,008;657,141;742,145
099:0,010;261,008;287,216;429,022;497,128;709,107;748,159
100:0,010;249,021;412,257;429,022;448,001;526,156;674,020;724,005;890,010;894,132
101:0,011;36,001;341,107;1084,132
102:0,011;107,116;344,237;657,141
103:0,011;93,094
104:0,011;78,025;107,116;261,008;343,268;927,188
105:0,011;92,134;338,014;392,222;949,012;1083,219
106:0,011;157,182;230,004;363,252;392,222;1057,134
107:0,011;103,077;319,023;480,172
108:0,011;56,009;57,244;103,077;140,220;947,241;1083,219
109:0,011;119,124;177,005;343,268;672,220;865,001;883,167
110:0,011;140,220;277,023;433,109;616,004;842,103
111:0,012;259,272;873,012
112:0,012;248,105
113:0,012;86,155;873,012;1084,272
114:0,012;110,215;240,019;475,194;486,077;873,012;992,223
115:0,012;141,196;259,272;642,007;694,271;873,012;1042,146;1075,223;1175,211
116:0,012;46,133;744,272;873,012
117:0,012;130,083
118:0,012;42,011;84,079;98,164;541,115;698,224;873,012;927,010;1109,120
119:0,012;107,204;110,215;475,194;873,012;1109,120
120:0,012;98,164;130,083;400,197;669,152;718,200
121:0,013;3,020;6,248;34,010;78,025;317,206;519,004;553,186
122:0,013;34,242;78,025;113,005;223,001;261,008;271,224;505,208;612,005;654,100
123:0,013;6,248;34,018;199,186;402,188;612,005;931,001;967,076
124:0,013;110,241;123,009;154,179;163,004;877,009
125:0,013;34,242;546,008;614,265
126:0,013;66,275;78,025;195,120;312,170;446,159;603,008;688,233;1036,009;1096,109;1114,230
127:0,013;78,025;120,273;169,252;199,186;687,106;828,116
128:0,013;44,163;78,025;120,273;612,005;874,170
129:0,013;100,142;186,005;225,188;364,009;505,208;569,025;612,005;982,160
130:0,013;78,025;208,235;216,019;225,188;612,005;1059,112;1190,092
131:0,014;47,020;87,197;614,004;634,218
132:0,014;572,136;860,001;980,154
133:0,014;117,213;178,205;542,153;721,001;918,178
134:0,014;605,262
135:0,014;581,166;853,118;1010,012;1044,266
136:0,014;420,004;1011,243;1123,088
137:0,014;54,004;90,010;178,205;207,006;243,200;967,218
138:0,014;334,253;612,005;646,271;768,183
139:0,014;603,124
140:0,014;22,013;87,197;243,253;497,015;581,166;1071,244
141:0,015;62,217;298,016;389,015;455,016;589,025;646,225
142:0,015;83,154;356,018;389,015;624,020;639,130;649,005;682,187
143:0,015;4,012;13,238;171,019;352,214;480,172;616,015;638,164;1145,001
144:0,015;35,235;62,217;86,014;389,015;671,005;732,010;1102,092
145:0,015;59,187;166,232;344,017;353,082;385,018;389,015;473,157;656,005;806,010;1017,194
146:0,015;85,112;243,014;389,015;665,123;750,171;1022,227
147:0,015;29,211;389,015;421,245;1111,197
148:0,015;13,238;207,009;566,017;665,123;694,162
149:0,015;34,159;581,008;652,005;1135,155
150:0,015;29,211;35,235;269,016;352,214
151:0,016;614,087;619,010;1070,195;1129,018
152:0,016;9,006;61,173;417,001;425,016;449,017;616,101;619,010;1186,205
153:0,016;521,206;1189,018
154:0,016;614,008;644,110;927,005;1096,172
155:0,016;43,004;378,137;619,010;884,211
156:0,016;544,215;613,020;619,010;1095,207
157:0,016;417,001;484,171
158:0,016;546,122;621,004;663,243
159:0,016;484,171;619,010;944,204
160:0,016;569,025;619,010;761,005;984,212;1011,010;1070,195
161:0,017;307,009;322,248;460,004;577,227;612,005;734,111
162:0,017;642,135;870,239;1061,166
163:0,017;612,008;687,122;734,111;996,168;1116,272
164:0,017;789,269
165:0,017;168,020;182,260;211,016;249,021;411,233;677,009;890,199;977,097;1048,186
166:0,017;363,014;573,083
167:0,017;411,233;677,004;789,269;1028,078
168:0,017;612,005;662,159;674,009;799,124;812,009;1057,233
169:0,017;495,004;634,218;909,217
170:0,017;694,162;943,010;1098,155
171:0,018;314,149
172:0,018;100,142;238,111;257,144;367,004;368,200;502,205
173:0,018;240,086;780,256;897,005;1007,203
174:0,018;440,256
175:0,018;190,009;374,262;671,020;1002,198
176:0,018;257,144;619,010;993,230
177:0,018;238,111;580,015;724,133;1190,193
178:0,018;211,017;224,152;386,016;390,243;887,005;1011,191
179:0,018;70,017;286,157;389,015;732,239
180:0,018;314,149;1011,191;1054,267
181:0,019;303,130;313,018;449,086;454,001;463,275;487,126;509,112;642,007;721,001;791,143;859,197
182:0,019;46,016;121,018;281,202;641,009;642,007;859,197;1102,112
183:0,019;264,001;304,159;313,018;461,080;615,090;721,001;821,081
184:0,019;486,077;590,209;642,007;721,001;748,004;791,143;1151,222
185:0,019;281,202;461,080;642,007;721,001;1151,108
186:0,019;268,267;313,018;509,112;622,098;642,007;721,001;1151,108
187:0,019;313,018;463,275;642,007;721,001;752,235;878,164;970,262
188:0,019;161,203;313,018;487,126;495,004;530,209;721,001
189:0,019;190,005;255,014;313,018;407,015;760,214
190:0,019;313,018;421,245;642,007;821,081
191:0,020;331,014;510,264;625,252;1083,143
192:0,020;725,085;1165,204
193:0,020;9,017;104,168;361,218;476,004;801,139;807,137;837,107
194:0,020;74,002;169,252;171,014;214,131;301,020;592,131;621,017;691,115;1017,194;1050,268
195:0,020;853,249
196:0,020;596,183;773,001
197:0,020;137,004;314,265;1098,157
198:0,020;544,014;625,252
199:0,020;650,154;976,132;997,010;1006,001;1116,076
200:0,020;650,154;853,235
