001:0,001;90,092;130,025;178,146;179,187;494,204
002:0,001;115,089;130,025;161,127;450,006;617,165;784,167
003:0,001;130,025;287,143
004:0,001;147,170;460,025;526,112;1150,187
005:0,001;92,191;114,007;130,025;147,170;430,008;494,204;882,153
006:0,001;87,163;130,025;200,256;255,212
007:0,001;94,094;130,025;179,187;594,009;844,152
008:0,001;15,105;94,094;130,025;200,256;1101,251
009:0,001;15,105;23,002;32,112
010:0,001;130,025;144,271;541,008;891,251;1070,157
011:0,002;97,236
012:0,002;107,123;523,210
013:0,002;50,225
014:0,002;125,139;442,008;473,170;484,025;578,214
015:0,002;87,013;280,082
016:0,002;50,225;280,082;488,008;622,166
017:0,002;234,177;314,235
018:0,002;89,246;234,177;1137,247
019:0,002;125,139;220,017;314,235;333,264;372,195;390,235;1002,099
020:0,002;97,236;777,231;943,144;1085,133
021:0,003;79,241;153,008;310,176;388,018;440,121;732,008
022:0,003;130,160;388,018;405,096;467,111
023:0,003;61,095;353,141;380,078;1145,006
024:0,003;61,083;388,018;424,241
025:0,003;79,241;381,133;1030,141
026:0,003;65,230;90,092;189,215;302,228;388,018;467,111
027:0,003;23,168;130,160;330,019;353,134;376,147
028:0,003;123,262;177,017;189,215;388,018;484,134;625,167;954,245
029:0,003;67,228;388,018;405,096;440,121
030:0,003;61,083;388,018;406,211;543,223;660,123
031:0,004;82,175;235,220;502,117;955,247
032:0,004;135,086;649,225;874,220
033:0,004;44,254;295,006;749,157;885,117;1173,267
034:0,004;77,264;165,144
035:0,004;72,208;1099,146
036:0,004;116,144;686,247;763,172
037:0,004;44,254
038:0,004;70,134;165,267;315,175;843,008;971,177
039:0,004;72,208
040:0,004;44,271;82,175
041:0,005;105,151;833,227;1029,138
042:0,005;117,134
043:0,005;97,020;569,187;896,137;903,151
044:0,005;77,264;637,149;1024,152;1118,154
045:0,005;148,132;731,094
046:0,005;163,251;365,022;424,188;1062,175
047:0,005;44,181;288,146;609,227;632,256
048:0,005;105,013;106,194
049:0,005;148,132;800,106;882,241;926,134;1200,270
050:0,005;106,194;117,011;288,146
051:0,006;276,009;360,135
052:0,006;287,197;787,187
053:0,006;744,132
054:0,006;533,227;605,008;853,223
055:0,006
056:0,006;799,104
057:0,006;738,008;940,242;1145,006
058:0,006;637,009;1096,092
059:0,006;729,251
060:0,006;630,076;782,182
061:0,007;350,182;1076,163
062:0,007;366,105;990,076
063:0,007;399,201;487,192;738,195;1076,114
064:0,007;157,076;245,007;275,200;445,185
065:0,007;378,177;802,138;887,156
066:0,007;332,222;1056,164
067:0,007;399,201;823,090
068:0,007;319,115;866,257;952,254;1133,241
069:0,007;319,115;394,104;978,242
070:0,007;83,020;367,164;914,113
071:0,008
072:0,008
073:0,008
074:0,008
075:0,008;8,079
076:0,008;423,006;517,120
077:0,008
078:0,008
079:0,008;649,009;737,096;822,254;928,125;1059,008
080:0,008;535,025;609,114;724,102
081:0,009;162,128;236,008;470,101;1025,006
082:0,009;327,247;963,094;1025,006
083:0,009;1025,006
084:0,009;1025,006;1123,120;1131,259
085:0,009;1095,128
086:0,009;1025,006
087:0,009;467,025;630,080;1025,006
088:0,009;1025,006;1095,128
089:0,009
090:0,009;406,233;470,101;1025,006
091:0,010;105,109
092:0,010;25,195;167,258;420,009;426,157;484,124;991,008;1002,103
093:0,010;22,231;38,124
094:0,010;58,101;289,020;549,219
095:0,010;61,095;71,089;105,109;478,151;925,009;1024,140
096:0,010;71,089
097:0,010;38,124;58,101;63,012;72,111;358,022;502,117;790,201
098:0,010;23,267;1094,113;1157,129
099:0,010;23,267;72,111;189,106;528,242;943,009;1177,270
100:0,010;25,195;91,008;189,106;1184,273
101:0,011;12,008;135,110;156,021;290,099
102:0,011;156,021;306,090;313,020;381,133;662,222
103:0,011;135,110;138,025;156,021;250,219;457,264;742,008;783,080
104:0,011;246,173;280,221
105:0,011;250,219;290,113;388,018;397,091
106:0,011;156,021;280,221;290,099;471,265
107:0,011;200,021;304,245;959,137
108:0,011;156,021;306,090;899,225
109:0,011;156,021;290,113;1042,006
110:0,011;156,021;296,129;964,210;1189,143
111:0,012;136,141
112:0,012;30,145;953,172
113:0,012;89,246
114:0,012;30,145;32,020;62,138
115:0,012;203,104;484,119;487,109;737,140
116:0,012;512,189;729,241;794,236;1181,008
117:0,012;109,224
118:0,012;148,171;960,008;1073,224;1124,008
119:0,012;147,255;287,197;509,171
120:0,012;143,006;729,104;787,160
121:0,013;185,147;266,153;812,165
122:0,013;168,149;737,219;776,164;1188,149
123:0,013;275,200;618,006;874,084
124:0,013;23,168;62,138;159,122;168,149;462,019;670,145
125:0,013;159,140;817,245;845,232;1104,165
126:0,013;159,140;578,086
127:0,013;110,265;321,219;719,194;797,197;1102,189;1156,209
128:0,013;186,265;512,019;533,227
129:0,013;157,076;357,009;501,165;1045,197
130:0,013;159,122;185,147;505,025;799,008;801,273;976,102;1155,227
131:0,014;11,212;25,078;139,025;198,190
132:0,014;84,141;198,190;583,162;591,220;1029,245
133:0,014;19,228;29,016;76,095;878,009;1073,194
134:0,014;25,078;512,260
135:0,014;44,181;135,020;151,157
136:0,014;3,005;19,228;141,019;229,102;814,105
137:0,014;6,185;11,212;107,123
138:0,014;25,232;1107,117
139:0,014;29,081;358,022;520,160
140:0,014;6,185;29,081
141:0,015;118,226;704,076;1044,167
142:0,015;48,019;434,025;626,114
143:0,015;115,242;569,228
144:0,015;153,167;553,126;1002,151
145:0,015;37,147;118,226;896,121
146:0,015;88,011;135,172;297,009;670,273
147:0,015;135,172;679,009;1050,220
148:0,015;110,017;287,257
149:0,015;110,118;153,167;688,006;756,115
150:0,015;97,118
151:0,016;108,184;110,185
152:0,016;87,018;121,195
153:0,016;5,003;50,116;240,125;960,149
154:0,016;57,223;1020,116;1154,006
155:0,016;57,153;132,020;178,231
156:0,016;110,185;253,008;434,025;525,258
157:0,016;146,223;459,188;1108,081
158:0,016;42,125;57,153
159:0,016;42,125;467,113;569,143;955,267
160:0,016;17,020;50,116
161:0,017;215,249;499,009;667,135
162:0,017;256,008;282,094;434,025;602,198;631,136
163:0,017;342,107;713,250
164:0,017;302,094;342,107;434,025;631,136
165:0,017;291,092
166:0,017;291,092;434,025;713,250
167:0,017;434,025;569,228
168:0,017;314,183;434,025;659,094;751,246;762,190
169:0,017;113,013;307,182;404,231;434,025;515,217
170:0,017;47,212;266,138;748,096
171:0,018;8,013;40,199;186,260;592,154
172:0,018;135,210;147,260;400,259
173:0,018;195,006;216,119;578,214
174:0,018;22,231;261,020;400,259;475,149;580,078;642,232;761,134;910,162;953,008
175:0,018;103,006;167,129;544,265;754,137;1155,260
176:0,018;200,163
177:0,018;167,258
178:0,018;126,163;358,022;444,162
179:0,018;135,210;691,220;705,197;866,133
180:0,018;147,260;156,021;235,220;601,224;718,226
181:0,019;704,118;947,166
182:0,019;731,091
183:0,019;821,146;920,126
184:0,019;372,257;670,238;1052,203
185:0,019;1052,203;1081,188
186:0,019;670,238
187:0,019;39,154;623,212;753,149;781,275
188:0,019;618,006;740,209;1131,089
189:0,019;754,137;775,260;1026,096
190:0,019;781,275;926,106
191:0,020;8,079;745,154;847,212
192:0,020;318,077;358,022;406,211;680,008;729,209
193:0,020;9,232;201,192;358,022;864,147;944,272
194:0,020;314,156;1048,124
195:0,020;330,221;367,164;400,008;499,189
196:0,020;358,022;580,272
197:0,020;297,126;358,022;375,162;496,025;536,115;576,129
198:0,020;201,192
199:0,020;297,126;569,019;963,008;988,266
200:0,020;314,156;358,022;380,171;476,019;641,172;905,157;988,266
