001:0,001;125,191;1144,246
002:0,001;46,099
003:0,001;86,144;1193,234
004:0,001;46,143;96,012;126,110;200,126;490,004;552,091
005:0,001;54,145;86,144;114,005;698,222;1166,207
006:0,001;55,002;179,179;730,200;806,134;886,243
007:0,001;54,145;377,188;378,168;515,193
008:0,001;46,099;1079,105;1097,230
009:0,001;212,141
010:0,001;152,275;870,197
011:0,002;282,223;802,182;891,120
012:0,002;38,189
013:0,002;232,184;240,139
014:0,002;240,139;563,082;922,080
015:0,002;96,202;281,207;1051,208
016:0,002;38,189;232,184;487,175;594,156
017:0,002;206,244
018:0,002;62,009;96,202;550,209;840,273
019:0,002;163,004;206,244;967,271
020:0,002;21,102;169,080
021:0,003;339,134;730,127;1021,132
022:0,003;148,147;211,088;427,134
023:0,003;185,144;435,155
024:0,003;189,160;315,122
025:0,003;29,142
026:0,003;650,159;1197,108
027:0,003;148,122;1096,265
028:0,003;228,173
029:0,003;172,098;1134,129
030:0,003;211,088;1022,115;1040,127
031:0,004;555,230;889,076;926,213
032:0,004;560,236
033:0,004;497,252
034:0,004;614,083
035:0,004;497,252
036:0,004;546,222
037:0,004;47,231;61,013;166,103;473,197;582,248;966,175;1103,142
038:0,004;545,167;578,173;973,139
039:0,004;47,231;95,003;127,193;614,083
040:0,004;746,243;936,266;1036,269
041:0,005;495,204;865,202;1074,145
042:0,005;339,134;360,256
043:0,005;495,204
044:0,005;534,183
045:0,005;582,164;870,085
046:0,005;356,077;463,185;869,259
047:0,005;560,121;582,164
048:0,005;145,137
049:0,005;634,189
050:0,005;463,185
051:0,006;254,090;800,147
052:0,006;150,007;156,201;801,256;982,157;983,172
053:0,006;204,100;211,186;650,159
054:0,006;59,010;79,147;346,266;612,265;676,100
055:0,006;331,108;805,245
056:0,006;177,140;773,112
057:0,006;211,186;620,097;905,236
058:0,006;36,003;161,266
059:0,006;191,132
060:0,006;204,100;344,179
061:0,007;191,132;949,265;1061,163;1149,203
062:0,007;20,142;264,255;501,247
063:0,007;246,090;828,105
064:0,007;272,263
065:0,007;169,233;175,011;198,207;907,227;1045,136
066:0,007;272,263;470,163;972,234
067:0,007;285,163
068:0,007;398,261;661,255
069:0,007;264,255
070:0,007;301,085;316,254;629,078;743,198
071:0,008;57,205
072:0,008;200,126;832,108
073:0,008;114,002;221,127;1193,128
074:0,008;137,155;818,141
075:0,008;20,256;487,116;1080,177
076:0,008;20,256;57,205;335,155;345,127;541,177
077:0,008;383,202
078:0,008;128,176
079:0,008;82,113
080:0,008;122,080;444,271;1108,190;1177,175
081:0,009;72,190;908,178
082:0,009;226,212;893,144;1013,102;1114,185
083:0,009;99,007;332,168;1030,243;1052,238
084:0,009;80,178;642,120
085:0,009;72,190;198,270;363,005;530,232
086:0,009;206,112;642,091
087:0,009;43,011;57,228;1174,254
088:0,009;80,178
089:0,009;127,250;530,232;863,162
090:0,009;57,228
091:0,010;30,215;54,136;244,100;1118,214
092:0,010;68,130;924,147
093:0,010;216,238
094:0,010;86,005;150,167;168,011;233,274;568,126
095:0,010;99,097;102,015;298,156;620,259;635,261;1181,144
096:0,010;128,200
097:0,010;54,136;119,258;535,130;734,201
098:0,010;119,258
099:0,010;30,215;68,130;219,221;325,233
100:0,010;99,097
101:0,011;37,010;87,213;1136,099
102:0,011;232,208;495,256;516,275;631,190;665,168
103:0,011;27,188;966,209
104:0,011;283,197
105:0,011;375,157
106:0,011;87,213;759,193;823,090;1089,140
107:0,011;338,128;1122,168
108:0,011;259,254
109:0,011;251,249;899,238;922,174
110:0,011;251,249;283,197;298,156;388,226
111:0,012;131,248;590,230
112:0,012;122,103;148,177;606,227
113:0,012;119,193;399,167;454,102;745,270;1132,090
114:0,012;138,082
115:0,012;4,247;235,102;309,089;328,105;338,137;928,130;1000,098
116:0,012;358,174;705,221
117:0,012;352,116
118:0,012;118,115;951,223
119:0,012;203,182
120:0,012;4,247
121:0,013;8,015;124,259
122:0,013;167,121;244,004;253,269
123:0,013;161,269;359,085
124:0,013;165,085;822,263;1046,126
125:0,013;277,267;748,190
126:0,013;151,270
127:0,013;177,129;877,258
128:0,013;143,011;487,175
129:0,013;196,077;277,267
130:0,013;328,194
131:0,014;37,211
132:0,014;178,246
133:0,014;37,211
134:0,014;90,089;827,205;1054,135
135:0,014;70,208;90,089;178,246;1104,134
136:0,014;38,015;54,160;137,136;733,274;832,129
137:0,014;21,102
138:0,014;70,208;719,266;904,102;994,109
139:0,014;63,265;432,145;713,191
140:0,014;94,085;206,112;1122,176
141:0,015;175,004;570,104
142:0,015;74,002;296,135;484,115
143:0,015;282,116;329,210;373,174;883,128;1035,155
144:0,015;309,198;940,214;1035,261
145:0,015;277,005;324,004;567,172;925,212;1018,140;1052,128
146:0,015;232,113;979,225
147:0,015;231,076
148:0,015;418,225;618,167
149:0,015;159,210;390,198;408,259;570,104;1028,180
150:0,015;226,212;330,135
151:0,016;112,110;606,208
152:0,016;93,160
153:0,016;152,183
154:0,016;128,078;489,080;747,271;801,088
155:0,016;120,191;275,147;920,188
156:0,016;91,107;1112,263
157:0,016;91,107;937,179;966,107
158:0,016;79,162;165,082;219,007;264,209
159:0,016;79,162
160:0,016;7,245;128,078
161:0,017;117,233;481,176;929,207
162:0,017;43,265
163:0,017;58,221;739,237
164:0,017;30,203
165:0,017;80,221;96,004;737,108;984,110
166:0,017;91,115;149,248;561,236;597,106;732,174
167:0,017;38,012;87,120;534,221;691,249
168:0,017;128,237
169:0,017;30,203;87,120;719,172
170:0,017;31,002;100,177;349,238;863,156
171:0,018;42,226;79,169;1144,107
172:0,018;79,169
173:0,018;28,227;791,214
174:0,018;28,227;31,214;891,164;1049,142;1050,182
175:0,018;42,226
176:0,018;26,154;156,201;602,194;1185,193
177:0,018;14,180;904,090;1154,112
178:0,018;52,199;428,005;446,097;553,136;1110,274
179:0,018;37,008;74,274
180:0,018;14,180;1130,221
181:0,019;169,105;294,004;393,140
182:0,019;12,225
183:0,019;20,181;84,004;138,271;579,076;638,225;966,103
184:0,019;32,130;33,105;97,002;138,271;279,110;658,139;832,275
185:0,019;33,105;996,150
186:0,019;14,195;223,007;236,273;707,188;748,212
187:0,019;59,150;91,181;326,182;425,089
188:0,019;31,214;575,103;633,110
189:0,019;14,195;20,181;659,254;679,269;714,144;881,089
190:0,019;14,103
191:0,020;150,167;637,248
192:0,020;40,240;97,011;308,109;748,130
193:0,020;213,190;467,245;491,273;1145,078;1190,200
194:0,020;26,085;95,226;108,234;1031,088;1133,102
195:0,020;21,106
196:0,020;40,240;74,150
197:0,020;111,245
198:0,020;96,145
199:0,020;238,216;308,109;1018,082
200:0,020;21,106;53,011;108,234;520,270;571,223
