001:0,001;407,223;947,198
002:0,001;9,186;335,001;415,198;958,199
003:0,001;482,215
004:0,001;9,186
005:0,001;415,198;906,008
006:0,001;407,112
007:0,001;457,228
008:0,001;457,228
009:0,001;407,223
010:0,001;407,112
011:0,002;201,261;710,138
012:0,002;290,099
013:0,002;240,190
014:0,002;212,216
015:0,002;75,081
016:0,002;240,190
017:0,002;212,216;1073,198;1189,223
018:0,002;201,261;290,099
019:0,002;75,081
020:0,002;467,079;667,156;945,103
021:0,003;261,231
022:0,003;242,251
023:0,003;260,086
024:0,003;225,136
025:0,003;242,251
026:0,003;276,115
027:0,003;275,103;1168,215
028:0,003;172,166
029:0,003;225,136;275,103;653,241;740,008;820,114
030:0,003;260,086
031:0,004;48,268
032:0,004;34,096
033:0,004;34,126
034:0,004;35,177;39,183
035:0,004;39,183;857,096
036:0,004;48,268
037:0,004;35,177;1007,178
038:0,004;43,148
039:0,004;58,144
040:0,004;34,126;1010,144
041:0,005;273,172
042:0,005;280,018;553,144;822,018;1125,182
043:0,005;280,077;564,215;957,175
044:0,005;326,092
045:0,005;211,162
046:0,005;335,175;1002,207
047:0,005;211,162
048:0,005;273,172
049:0,005;326,092
050:0,005;481,231;724,261;824,177
051:0,006;344,101
052:0,006;244,176
053:0,006;217,158
054:0,006;260,239;344,101
055:0,006;252,204
056:0,006;168,122;818,193
057:0,006;494,261
058:0,006;168,122
059:0,006;260,239
060:0,006;217,158
061:0,007;121,185;550,233;813,178;882,200
062:0,007;171,090
063:0,007;121,110
064:0,007;186,168
065:0,007;218,134;562,152
066:0,007;142,275;692,090
067:0,007;154,110;848,275
068:0,007;186,168
069:0,007;121,185
070:0,007;121,110;142,275;951,237
071:0,008;925,257
072:0,008;1118,239
073:0,008
074:0,008
075:0,008
076:0,008
077:0,008
078:0,008
079:0,008
080:0,008;925,257
081:0,009;69,156;745,134
082:0,009;72,109
083:0,009;71,138
084:0,009;68,154
085:0,009;72,109
086:0,009;68,154;783,186;944,008
087:0,009;69,153
088:0,009;71,138;77,248
089:0,009;77,248
090:0,009;69,156;437,207
091:0,010;19,188
092:0,010;116,113
093:0,010;19,188
094:0,010;81,078
095:0,010;100,189
096:0,010;100,189
097:0,010;105,123
098:0,010;105,123
099:0,010;81,078
100:0,010;116,113
101:0,011;213,152;218,171
102:0,011;219,019;278,177;657,224
103:0,011;309,105
104:0,011;190,089;801,211
105:0,011;226,211
106:0,011;201,241
107:0,011;213,152;674,120;755,173
108:0,011;218,171
109:0,011;269,260;1157,187
110:0,011;190,089
111:0,012;472,209;1140,183
112:0,012;478,016;512,238
113:0,012;475,197
114:0,012;520,080;1125,126
115:0,012;475,197;702,080;917,260
116:0,012;124,129
117:0,012;472,209;611,232
118:0,012;484,232;798,209;905,077;966,080
119:0,012;512,238
120:0,012;124,129
121:0,013;314,173;1187,241
122:0,013;247,169
123:0,013;247,104
124:0,013;257,117
125:0,013;285,136;464,153
126:0,013;247,104
127:0,013;313,093;921,079;1059,175
128:0,013;257,117
129:0,013;599,235
130:0,013;247,169;1103,136
131:0,014;99,226
132:0,014;99,226
133:0,014;117,077
134:0,014;110,194
135:0,014;264,161
136:0,014;123,199
137:0,014;98,193;754,093
138:0,014;90,008;151,237;1004,232
139:0,014;110,194
140:0,014;98,193
141:0,015;188,262
142:0,015;188,262;1122,148
143:0,015;80,195
144:0,015;184,121
145:0,015;80,195;109,015;194,271
146:0,015;184,121
147:0,015;194,271
148:0,015;233,218
149:0,015;233,218
150:0,015;311,008;320,187
151:0,016;659,167;739,116
152:0,016;659,167
153:0,016;608,146
154:0,016;458,116;542,016;611,164
155:0,016;458,116
156:0,016;560,273
157:0,016;1059,179
158:0,016;611,164
159:0,016;687,214
160:0,016;560,273
161:0,017;116,150
162:0,017;464,191
163:0,017;402,012;445,191
164:0,017;345,243
165:0,017;116,150
166:0,017;507,114
167:0,017;345,243
168:0,017;404,120;999,233
169:0,017;373,134;914,120
170:0,017;406,207;532,079
171:0,018;1045,095
172:0,018;789,108
173:0,018;1084,085
174:0,018;789,108
175:0,018;1084,085
176:0,018;1022,267
177:0,018;1177,125
178:0,018;1045,095
179:0,018;1022,267
180:0,018;1129,259
181:0,019;293,231;350,264
182:0,019;188,265
183:0,019;188,265
184:0,019;306,230
185:0,019;295,098
186:0,019;285,260;844,197
187:0,019;306,230
188:0,019;315,200
189:0,019;263,264
190:0,019;295,098
191:0,020;255,111
192:0,020;283,274
193:0,020;226,220;1133,209
194:0,020;138,178;255,111
195:0,020;226,220
196:0,020;221,195
197:0,020;228,233
198:0,020;270,224;772,156
199:0,020;138,178
200:0,020;283,274
