001:0,001;363,213;742,152
002:0,001;760,257
003:0,001;719,174
004:0,001;716,179
005:0,001;746,147
006:0,001;750,126
007:0,001;742,152
008:0,001;719,174;760,257;893,102
009:0,001;363,213
010:0,001;746,211
011:0,002;436,273;1033,223
012:0,002;454,172;1086,162
013:0,002;21,222
014:0,002;21,222
015:0,002;501,102;849,104;904,126;1148,273
016:0,002;436,273;1179,228
017:0,002;454,172
018:0,002;456,260
019:0,002;473,175;1002,136;1120,248
020:0,002;456,260
021:0,003;298,183
022:0,003;225,203
023:0,003;223,185;377,136;502,161
024:0,003;374,217;396,185
025:0,003;225,203
026:0,003;312,170
027:0,003;367,211
028:0,003;224,130
029:0,003;298,183
030:0,003;224,130
031:0,004;320,231
032:0,004;42,125
033:0,004;305,082
034:0,004;320,181
035:0,004;323,157
036:0,004;309,099
037:0,004;42,125;357,157;547,259
038:0,004;304,011;309,099;317,135;364,173
039:0,004;320,231;1093,099
040:0,004;305,082;900,088;933,164;1123,136
041:0,005;314,168
042:0,005;151,218
043:0,005;363,242
044:0,005;408,123;664,201
045:0,005;317,164;735,010;1151,261
046:0,005;314,168
047:0,005;317,164
048:0,005;363,242
049:0,005;151,218
050:0,005;447,096
051:0,006;171,228;667,170
052:0,006;183,274;627,228
053:0,006;217,160;1031,167
054:0,006;186,160;676,216
055:0,006;170,215
056:0,006;170,215
057:0,006;145,177;1086,150
058:0,006;145,177
059:0,006;94,210
060:0,006;94,210;180,014;183,274;535,120;1195,133
061:0,007;392,229
062:0,007;428,259
063:0,007;329,084
064:0,007;392,229
065:0,007;509,258;687,248;843,193
066:0,007;329,084
067:0,007;419,135
068:0,007;218,248
069:0,007;569,193
070:0,007;509,258
071:0,008;205,238;789,167;993,238
072:0,008;86,089
073:0,008;205,238;299,275;1144,083
074:0,008;359,267;850,157;1010,086
075:0,008;202,113
076:0,008;299,275;968,120
077:0,008;219,171
078:0,008;219,171
079:0,008;267,161
080:0,008;86,089
081:0,009;82,173;169,004;214,197
082:0,009;12,135;72,253;531,123
083:0,009;11,216;82,173
084:0,009;72,253;1018,124
085:0,009;11,216
086:0,009;12,135;909,175
087:0,009;21,182
088:0,009;35,208
089:0,009;35,208;817,267
090:0,009;21,182;858,147;920,253
091:0,010;1133,267
092:0,010;8,077;110,010;797,159
093:0,010;1092,141;1126,275
094:0,010;174,150;768,010;991,103
095:0,010;1200,245
096:0,010;1022,104
097:0,010;8,077
098:0,010;991,103
099:0,010;797,159;938,096
100:0,010;1092,141
101:0,011;456,138
102:0,011;461,194
103:0,011;461,194
104:0,011;437,176
105:0,011;484,165
106:0,011;448,195
107:0,011;456,138
108:0,011;448,195
109:0,011;743,258;786,206;852,223;1028,274
110:0,011;437,176
111:0,012;136,116
112:0,012;189,106
113:0,012;136,116
114:0,012;206,136
115:0,012;214,081
116:0,012;132,134
117:0,012;132,134
118:0,012;243,154
119:0,012;214,081
120:0,012;189,106
121:0,013;616,020;806,223
122:0,013;552,163
123:0,013;609,198
124:0,013;552,163;609,198
125:0,013;671,102;980,257
126:0,013;12,120;638,271
127:0,013;638,271;813,096;903,148
128:0,013;703,220
129:0,013;574,241
130:0,013;12,120;72,015;139,020
131:0,014;170,104
132:0,014;210,165;620,202
133:0,014;205,201;550,274
134:0,014;205,201
135:0,014;209,217
136:0,014;191,085
137:0,014;191,085;1029,217
138:0,014;60,088
139:0,014;296,149
140:0,014;184,013;210,165;296,149
141:0,015;198,111
142:0,015;206,136;372,185;449,200
143:0,015;86,140
144:0,015;165,272
145:0,015;186,251
146:0,015;186,251;340,227
147:0,015;86,140
148:0,015;245,227
149:0,015;198,111
150:0,015;165,272
151:0,016;266,115
152:0,016;183,124;509,013;563,162
153:0,016;284,108
154:0,016;67,145;492,137
155:0,016;403,086;899,077
156:0,016;183,124;1142,185
157:0,016;185,137
158:0,016;185,137;266,115
159:0,016;67,145
160:0,016;185,200;908,271;1109,088
161:0,017;137,105
162:0,017;135,221;1020,251;1176,221
163:0,017;166,266
164:0,017;166,266
165:0,017;137,105
166:0,017;122,205
167:0,017;135,221
168:0,017;141,133
169:0,017;122,205;976,160
170:0,017;141,133;829,086
171:0,018;335,209
172:0,018;298,148
173:0,018;346,162;716,124;973,113
174:0,018;506,122
175:0,018;298,148;506,122;794,209
176:0,018;335,209;563,119
177:0,018;44,233
178:0,018;319,119
179:0,018;319,119;361,206;702,238
180:0,018;44,233
181:0,019;208,083;867,020
182:0,019;163,150
183:0,019;287,010;1006,121
184:0,019;160,214;768,181;1117,208
185:0,019;156,167
186:0,019;147,207
187:0,019;160,214
188:0,019;208,083
189:0,019;93,206
190:0,019;147,207;970,147
191:0,020;1120,145
192:0,020
193:0,020
194:0,020
195:0,020;72,202;427,108;945,274;1016,165
196:0,020
197:0,020;72,202
198:0,020
199:0,020
200:0,020
