001:0,001;574,131
002:0,001;410,201;1043,095
003:0,001;435,107
004:0,001;300,113
005:0,001;421,187;938,255
006:0,001;525,176;587,231;715,148
007:0,001;300,113
008:0,001;419,273;806,011;918,173
009:0,001;410,201
010:0,001;435,107;1116,265
011:0,002;61,219
012:0,002;25,267;1101,189
013:0,002;174,198;189,267
014:0,002;25,267;49,017;68,181
015:0,002;60,264
016:0,002;68,181
017:0,002;61,219
018:0,002;64,167
019:0,002;64,167
020:0,002;60,264
021:0,003;230,106
022:0,003;331,232
023:0,003;276,251
024:0,003;331,232
025:0,003;232,179;1060,130;1139,152
026:0,003;276,251
027:0,003;230,106;1186,273
028:0,003;231,257
029:0,003;231,257
030:0,003;232,179
031:0,004;52,134;508,102
032:0,004;141,138;776,118
033:0,004;58,160
034:0,004;54,223
035:0,004;63,266
036:0,004;82,153
037:0,004;52,134
038:0,004;82,153
039:0,004;54,223
040:0,004;63,266;1133,102
041:0,005;355,245
042:0,005;350,248
043:0,005;103,101
044:0,005;350,248
045:0,005;513,077
046:0,005;360,243
047:0,005;103,101
048:0,005;355,245
049:0,005;389,138
050:0,005;513,077
051:0,006;148,142
052:0,006;148,142
053:0,006;172,127
054:0,006;148,246
055:0,006;159,157;1143,231
056:0,006;148,246;178,157
057:0,006;150,221
058:0,006;172,127;463,250;525,209
059:0,006;159,231
060:0,006;159,231;330,246
061:0,007;177,242
062:0,007;178,213
063:0,007;178,164
064:0,007;177,242
065:0,007;190,199
066:0,007;342,182
067:0,007;190,199
068:0,007;178,213
069:0,007;342,182
070:0,007;178,164;1020,138
071:0,008;415,263
072:0,008;248,241;268,230
073:0,008;248,133
074:0,008;232,225;604,115
075:0,008;415,263
076:0,008;232,225
077:0,008;248,241;1015,207
078:0,008;268,230
079:0,008;368,115
080:0,008;286,255
081:0,009;217,214
082:0,009;229,125
083:0,009;285,238
084:0,009;127,165
085:0,009;229,125
086:0,009;217,214
087:0,009;331,241
088:0,009;127,165
089:0,009;222,189
090:0,009;233,139
091:0,010;137,166
092:0,010;185,171
093:0,010;140,128
094:0,010;137,166
095:0,010;185,171
096:0,010;154,187
097:0,010;135,109
098:0,010;135,109
099:0,010;144,249
100:0,010;140,128
101:0,011;914,175
102:0,011;1050,143
103:0,011;908,104
104:0,011;908,104
105:0,011;922,207
106:0,011;1107,144
107:0,011;533,272
108:0,011;968,192
109:0,011;533,272
110:0,011;914,175
111:0,012
112:0,012
113:0,012
114:0,012
115:0,012;316,176
116:0,012;316,176;473,012
117:0,012
118:0,012
119:0,012
120:0,012
121:0,013;342,185
122:0,013;305,138;323,217;358,011;455,250
123:0,013;425,156
124:0,013;301,254
125:0,013;441,118
126:0,013;342,185
127:0,013;116,110;382,189;1074,198
128:0,013;116,110
129:0,013;301,254
130:0,013;303,082
131:0,014;248,204
132:0,014;301,195
133:0,014;578,080
134:0,014;362,163
135:0,014;386,234;910,080
136:0,014;248,204
137:0,014;386,234
138:0,014;362,163
139:0,014;520,129
140:0,014;301,195
141:0,015;175,256
142:0,015;211,094
143:0,015;272,082;430,110
144:0,015;269,117
145:0,015;175,256
146:0,015;184,133;276,111
147:0,015;260,117;564,133;752,243;774,221
148:0,015;30,227
149:0,015;30,227
150:0,015;211,094
151:0,016;93,196
152:0,016;186,122
153:0,016;173,111
154:0,016;89,102;368,148
155:0,016;93,196
156:0,016;528,124
157:0,016;131,087
158:0,016;89,102;1029,082
159:0,016;90,203
160:0,016;90,203
161:0,017;257,217
162:0,017;586,011;645,177;1128,217
163:0,017;179,140;727,127
164:0,017;179,140
165:0,017;204,095;789,140
166:0,017;100,139
167:0,017;256,152
168:0,017;204,095
169:0,017;100,139;184,198
170:0,017;256,152;1004,250
171:0,018;27,079
172:0,018;20,270
173:0,018;31,240
174:0,018;20,275
175:0,018;37,265
176:0,018;20,275
177:0,018;69,148;557,012;711,177
178:0,018;27,079
179:0,018;20,270
180:0,018;31,240;1160,160
181:0,019;352,085
182:0,019;135,148;197,161;593,250;776,174
183:0,019;389,261
184:0,019;365,178
185:0,019;389,261
186:0,019;352,085;487,209;516,085
187:0,019;469,122
188:0,019;368,130
189:0,019;473,174
190:0,019;365,178
191:0,020;27,161
192:0,020;38,114
193:0,020;23,091
194:0,020;28,131
195:0,020;23,091
196:0,020;235,170
197:0,020;20,209;739,273
198:0,020;58,160;1033,192
199:0,020;38,114;802,124
200:0,020;54,133;235,170
