001:0,001;155,129
002:0,001;119,087
003:0,001;128,143
004:0,001;200,110
005:0,001;200,110
006:0,001;128,143
007:0,001;119,087;1129,267
008:0,001;385,173
009:0,001;27,200;1184,215
010:0,001;27,200;709,129
011:0,002;638,178
012:0,002;620,142
013:0,002;558,097
014:0,002;455,092;1138,113
015:0,002;620,142
016:0,002;723,113;1035,099;1046,273
017:0,002;455,092
018:0,002;771,232
019:0,002;527,140
020:0,002;558,097
021:0,003;1005,227
022:0,003;243,165
023:0,003
024:0,003
025:0,003
026:0,003
027:0,003
028:0,003
029:0,003;243,165;956,003;1005,227;1038,260
030:0,003
031:0,004;87,204
032:0,004;20,261
033:0,004;20,261;410,173;759,200
034:0,004;78,231
035:0,004;113,194;743,003;897,118
036:0,004;78,231
037:0,004;81,112
038:0,004;156,176
039:0,004;81,112
040:0,004;87,204
041:0,005;71,266
042:0,005;163,108
043:0,005;132,223
044:0,005;72,234
045:0,005;96,203;714,078;881,198
046:0,005;88,080
047:0,005;78,153
048:0,005;96,203;1190,083
049:0,005;72,234
050:0,005;71,266
051:0,006;306,013;364,201;460,138
052:0,006;266,105;304,012;369,168
053:0,006;109,094;635,192;713,168
054:0,006;222,107
055:0,006;266,105;377,240;1045,094
056:0,006;227,079
057:0,006;109,094;359,079
058:0,006;218,218;412,090
059:0,006;218,218;222,107
060:0,006;217,223
061:0,007;556,273
062:0,007;433,261;479,229
063:0,007;465,206
064:0,007;473,233
065:0,007;450,166
066:0,007;490,230;1044,227
067:0,007;473,233
068:0,007;465,206
069:0,007;450,166
070:0,007;479,229
071:0,008;97,187
072:0,008;86,198;929,259
073:0,008;100,124;910,003
074:0,008;180,114;802,203
075:0,008;5,141;277,095
076:0,008;179,133
077:0,008;5,141
078:0,008;86,198;393,201
079:0,008;100,124
080:0,008;156,245
081:0,009;346,096
082:0,009;635,104
083:0,009;540,211;1052,082
084:0,009;494,219
085:0,009;498,261;635,104;1103,255;1161,179
086:0,009;584,117
087:0,009;494,219
088:0,009;346,096
089:0,009;584,117
090:0,009;623,094;1120,078
091:0,010;111,085
092:0,010;7,183
093:0,010;111,085
094:0,010;81,138;304,187
095:0,010;139,125
096:0,010;89,078
097:0,010;119,230;670,218
098:0,010;81,138
099:0,010;229,177
100:0,010;119,230;239,192;1199,269
101:0,011;39,100
102:0,011;203,215
103:0,011;269,218
104:0,011;197,012;203,215;555,183
105:0,011;165,012;253,095;1117,178
106:0,011;172,220
107:0,011;172,220
108:0,011;142,236
109:0,011;189,191;833,109
110:0,011;39,100
111:0,012;359,255;456,260
112:0,012;388,174;823,191
113:0,012;437,099;858,194
114:0,012;368,084
115:0,012;359,255;523,080;563,133
116:0,012;376,258;628,174
117:0,012;376,258
118:0,012;98,006;107,209;734,273;830,108
119:0,012;456,260;563,003;871,255
120:0,012;368,084
121:0,013;476,214;704,230
122:0,013;366,175
123:0,013;415,089
124:0,013;366,175
125:0,013;97,126
126:0,013;336,130
127:0,013;388,244
128:0,013;415,089
129:0,013;388,244;1122,165
130:0,013;192,113;1173,092
131:0,014;181,170;224,189
132:0,014;181,237;258,170
133:0,014;181,170
134:0,014;224,189
135:0,014;222,179;933,252
136:0,014;403,106
137:0,014;211,252
138:0,014;181,237
139:0,014;222,179;345,105
140:0,014;211,252;854,179
141:0,015;337,177;948,114
142:0,015;554,248
143:0,015;689,253
144:0,015;554,248
145:0,015;396,121;1050,253
146:0,015;396,121
147:0,015;410,167
148:0,015;410,167
149:0,015;143,016;219,109
150:0,015;425,109;762,153
151:0,016;1037,158
152:0,016;1037,158
153:0,016;1042,145
154:0,016;1054,228
155:0,016;65,082
156:0,016;1042,145
157:0,016;1183,270
158:0,016;1045,185
159:0,016;1054,228
160:0,016;65,082;396,016;1108,182
161:0,017;85,128
162:0,017;105,240
163:0,017;86,191;466,255;1077,192
164:0,017;85,128
165:0,017;65,091
166:0,017;60,077
167:0,017;65,091
168:0,017;60,077
169:0,017;191,130;281,245
170:0,017;459,236;533,194;986,080
171:0,018;38,267;1024,237
172:0,018;47,184
173:0,018;47,184
174:0,018;75,214
175:0,018;40,083
176:0,018;63,263
177:0,018;38,267
178:0,018;40,083;1094,099
179:0,018;63,263
180:0,018;248,090;722,099
181:0,019;7,130;12,136;312,211;486,209
182:0,019;9,224
183:0,019;23,020;203,192;561,136;1158,140
184:0,019;9,224
185:0,019;119,211
186:0,019;12,136
187:0,019;7,130
188:0,019;34,162
189:0,019;98,114
190:0,019;34,162
191:0,020;845,106
192:0,020;570,150
193:0,020;487,120
194:0,020;476,269
195:0,020;591,081
196:0,020;477,259
197:0,020;498,156
198:0,020;476,269;487,120
199:0,020;477,259;723,236
200:0,020;570,150
