001:0,001;459,163
002:0,001;451,106
003:0,001;563,203
004:0,001;470,126
005:0,001;403,210
006:0,001;448,212;833,123;945,216;1072,118
007:0,001;548,246
008:0,001;459,163
009:0,001;403,210
010:0,001;451,106;1117,111
011:0,002;169,245;294,002;748,086
012:0,002;996,238
013:0,002;169,245;220,002;705,250
014:0,002;811,264
015:0,002;792,251
016:0,002;811,264
017:0,002;748,086;901,141
018:0,002;705,250
019:0,002;901,141
020:0,002;792,251
021:0,003;119,170
022:0,003;370,160;443,098;704,173;793,098
023:0,003;346,198
024:0,003;119,170
025:0,003;359,224
026:0,003;346,198
027:0,003;359,224
028:0,003;381,212
029:0,003;370,160;1143,089
030:0,003;371,143;1152,212
031:0,004;139,162
032:0,004;495,181
033:0,004;139,162
034:0,004;468,220;1053,241;1162,220
035:0,004;429,243
036:0,004;466,262
037:0,004;548,270
038:0,004;429,243;548,270
039:0,004;495,181
040:0,004;555,238
041:0,005;116,174
042:0,005;170,128
043:0,005;116,233
044:0,005;116,174;967,152;988,243;1001,183
045:0,005;170,128
046:0,005;153,154
047:0,005;35,142
048:0,005;160,218;915,204;1025,160
049:0,005;35,142
050:0,005;116,233
051:0,006;363,139
052:0,006;332,172
053:0,006;362,123;363,139;414,150
054:0,006;534,236
055:0,006;254,153
056:0,006;332,172;663,215
057:0,006;390,275;534,236
058:0,006;254,153;536,012
059:0,006;412,112
060:0,006;368,150
061:0,007;223,111
062:0,007;103,215
063:0,007;273,105
064:0,007;193,098;251,200;1038,149
065:0,007;103,155;669,237
066:0,007;225,258
067:0,007;202,220
068:0,007;225,258
069:0,007;193,098
070:0,007;223,111;927,105
071:0,008;54,100
072:0,008;51,076
073:0,008;41,235
074:0,008;102,016;324,237
075:0,008;41,235
076:0,008;38,223
077:0,008;51,076
078:0,008;38,223
079:0,008;54,100;1160,180
080:0,008;106,180
081:0,009;734,096
082:0,009;607,012;633,254;695,124
083:0,009;596,261
084:0,009;18,239
085:0,009;633,254
086:0,009;18,239
087:0,009;596,261;1085,243;1159,093
088:0,009;594,206
089:0,009;694,124
090:0,009;594,206
091:0,010;968,078
092:0,010;186,179
093:0,010;186,179
094:0,010;991,077
095:0,010;986,222
096:0,010;986,222
097:0,010;1009,167
098:0,010;982,275
099:0,010;1009,167
100:0,010;982,275
101:0,011;215,241
102:0,011;180,200
103:0,011;8,248
104:0,011;176,012;180,185
105:0,011;219,183
106:0,011;189,094
107:0,011;190,185
108:0,011;8,248
109:0,011;189,094
110:0,011;215,241;1047,112
111:0,012;402,138;908,012
112:0,012
113:0,012
114:0,012
115:0,012
116:0,012;955,164;985,192;1133,138
117:0,012;955,164
118:0,012
119:0,012;402,138
120:0,012
121:0,013;62,205
122:0,013;96,215;202,173
123:0,013;188,262
124:0,013;79,219
125:0,013;62,205
126:0,013;172,173;580,143
127:0,013;45,146
128:0,013;63,194;1146,193
129:0,013;63,194
130:0,013;45,146
131:0,014;179,161
132:0,014;105,169
133:0,014;188,118;321,221
134:0,014;162,221;273,108;304,118
135:0,014;179,161;510,108
136:0,014;162,221
137:0,014;105,169;940,168
138:0,014;164,274
139:0,014;189,108
140:0,014;164,274;528,161;742,139
141:0,015;6,109
142:0,015;102,171
143:0,015;107,089
144:0,015;97,159
145:0,015;6,109
146:0,015;101,267
147:0,015;101,267
148:0,015;103,116
149:0,015;97,159
150:0,015;102,171
151:0,016;570,230
152:0,016;817,102
153:0,016;656,157;950,204
154:0,016;527,186
155:0,016;435,216;685,103
156:0,016;556,010;656,157
157:0,016;435,216
158:0,016;527,186
159:0,016;685,103
160:0,016;570,230
161:0,017;378,192
162:0,017;140,166
163:0,017;32,114
164:0,017;139,227
165:0,017;140,166
166:0,017;158,123
167:0,017;139,227;263,218
168:0,017;32,114
169:0,017;192,152;530,227
170:0,017;192,152
171:0,018;55,229
172:0,018;55,229;566,018;621,228
173:0,018;618,131
174:0,018;877,085
175:0,018;656,263
176:0,018;618,131
177:0,018;601,195
178:0,018;621,228
179:0,018;601,195;998,168;1031,102
180:0,018;656,263
181:0,019;212,204;937,161
182:0,019;104,083
183:0,019;37,188
184:0,019;59,080;313,188
185:0,019;59,080
186:0,019;66,090
187:0,019;66,090
188:0,019;353,001;486,149
189:0,019;37,188;100,207
190:0,019;100,207
191:0,020;490,242
192:0,020;14,193
193:0,020;480,093
194:0,020;615,196
195:0,020;533,168;988,116
196:0,020;541,246
197:0,020;581,083;930,096
198:0,020;490,242
199:0,020;480,093;543,155
200:0,020;14,193;111,020;533,168;832,172
