001:0,001;60,226
002:0,001;31,195;356,270
003:0,001;31,195;924,242
004:0,001;63,146
005:0,001;57,252;1187,118
006:0,001;45,147
007:0,001;45,147;864,144
008:0,001;159,144
009:0,001;60,226
010:0,001;63,146
011:0,002;337,252;896,262;1140,135
012:0,002;320,178
013:0,002;486,262
014:0,002;310,164
015:0,002;320,178
016:0,002;70,008;240,217
017:0,002;399,120
018:0,002;329,105
019:0,002;310,164;457,105
020:0,002;399,120
021:0,003;90,254
022:0,003
023:0,003;90,254;116,003;258,154
024:0,003
025:0,003
026:0,003
027:0,003
028:0,003;258,154;943,003
029:0,003
030:0,003
031:0,004;725,106
032:0,004;1037,196
033:0,004;740,126;941,101
034:0,004;757,135
035:0,004;776,168
036:0,004;687,202
037:0,004;133,130
038:0,004;725,106
039:0,004;776,168
040:0,004;734,204;1037,196
041:0,005;412,169
042:0,005;434,083
043:0,005;398,115
044:0,005;52,090
045:0,005;560,190;1010,204;1151,003
046:0,005;407,112
047:0,005;398,115
048:0,005;412,169
049:0,005;407,112
050:0,005;52,090
051:0,006;154,080
052:0,006;116,275
053:0,006;116,275
054:0,006;112,251
055:0,006;176,211;322,124;956,147
056:0,006;105,135;449,098;530,018;560,089
057:0,006;8,124;105,135;775,190
058:0,006;112,251
059:0,006;8,124
060:0,006;124,133;792,136;855,210;983,136
061:0,007;226,096
062:0,007;322,101;505,165
063:0,007;103,250;322,101
064:0,007;103,250
065:0,007;255,184
066:0,007;243,267
067:0,007;287,165
068:0,007;243,267
069:0,007;226,096;593,211
070:0,007;255,184
071:0,008;258,205
072:0,008;289,098
073:0,008;57,155
074:0,008;410,161
075:0,008;206,264
076:0,008;307,233
077:0,008;206,264;242,231
078:0,008;57,155
079:0,008;372,246
080:0,008;258,205
081:0,009;64,157;913,161
082:0,009;85,082;292,227;1041,246
083:0,009;85,082
084:0,009;16,197;124,186
085:0,009;16,197
086:0,009;47,125
087:0,009;47,125
088:0,009;124,186
089:0,009;64,157;1171,136
090:0,009;47,202;953,217
091:0,010;554,133
092:0,010;598,210
093:0,010;549,141
094:0,010;655,261
095:0,010;535,139
096:0,010;535,139
097:0,010;543,087
098:0,010;549,141
099:0,010;247,153;533,010;572,199
100:0,010;247,153
101:0,011;46,004;1084,153;1092,231;1138,157
102:0,011;46,268
103:0,011;58,249
104:0,011;39,214
105:0,011;46,268
106:0,011;117,243;964,096
107:0,011;58,249
108:0,011;39,214
109:0,011;38,194
110:0,011;38,194
111:0,012;558,110
112:0,012;481,170
113:0,012;665,114;1176,158
114:0,012;579,118
115:0,012;597,239;871,110
116:0,012;558,110;597,239
117:0,012;570,145
118:0,012;570,145
119:0,012;1044,222
120:0,012;481,170;923,164
121:0,013;377,220
122:0,013;377,220;701,233;830,176;1115,257
123:0,013;313,127
124:0,013;367,159
125:0,013;357,274
126:0,013;313,127
127:0,013;357,274
128:0,013;490,233;616,122;1066,204
129:0,013;377,176
130:0,013;367,159
131:0,014;521,097
132:0,014;114,148
133:0,014;521,097
134:0,014;638,078
135:0,014;114,148;210,243;292,211
136:0,014;538,198
137:0,014;524,095
138:0,014;563,085
139:0,014;524,095
140:0,014;563,085
141:0,015;211,122
142:0,015;74,189
143:0,015;74,189
144:0,015;74,221
145:0,015;87,256
146:0,015;74,221
147:0,015;77,172
148:0,015;77,172
149:0,015;93,257
150:0,015;87,256
151:0,016;294,242
152:0,016;179,231;193,254;202,150
153:0,016;267,192
154:0,016;180,270
155:0,016;269,014;373,131
156:0,016;187,227;267,192
157:0,016;179,231;434,131;968,170;1074,080
158:0,016;187,126
159:0,016;202,150
160:0,016;187,227
161:0,017;103,242;241,152
162:0,017;85,171;1197,243
163:0,017;103,242;431,246;887,243
164:0,017;37,136;382,130
165:0,017;142,152
166:0,017;75,116
167:0,017;37,136;1052,233
168:0,017;75,116
169:0,017;85,171
170:0,017;97,003
171:0,018
172:0,018;1144,252
173:0,018
174:0,018
175:0,018
176:0,018;189,216;684,018
177:0,018
178:0,018;189,216;555,018
179:0,018;781,220;919,114;1185,018
180:0,018
181:0,019;570,185
182:0,019;565,224
183:0,019;565,224
184:0,019;570,185
185:0,019;82,076
186:0,019;573,188
187:0,019;639,081
188:0,019;82,076
189:0,019;573,188
190:0,019;697,228
191:0,020;252,245
192:0,020;50,271
193:0,020;36,086;902,271
194:0,020;15,078
195:0,020;36,086
196:0,020;50,271;734,207
197:0,020;25,158;854,245
198:0,020;192,207
199:0,020;25,158
200:0,020;15,078;510,195
