001:0,001;12,117;17,073;20,072;33,028;76,190;808,267;1068,190
002:0,001;13,042;17,073;20,072;46,117;411,167;461,230;534,065;552,111
003:0,001;14,096;33,028;79,171;990,164
004:0,001;12,118;20,072;33,028;77,171;842,191
005:0,001;12,116;13,042;17,073;20,072;26,229;145,116;305,229;536,116
006:0,001;12,118
007:0,001;12,117;1182,257
008:0,001;13,042;17,073;20,072;33,028;76,190
009:0,001;12,116
010:0,001;13,042;17,073;26,229;1138,191
011:0,002;71,076;282,125
012:0,002;67,051;93,072;325,267
013:0,002;66,140;627,111
014:0,002;67,051;93,072;325,036;336,097;494,137
015:0,002;67,051;93,072;336,097
016:0,002;67,051;112,137
017:0,002;66,230;93,072;325,267;662,125
018:0,002;66,140
019:0,002;67,051;99,211
020:0,002;66,230
021:0,003;10,051;22,025;54,052;73,068;173,054;227,065;338,146;400,019;450,042;523,248;854,046;927,009;939,014;985,194;1037,035;1121,098
022:0,003;10,127;22,025;54,052;81,110;173,054;227,065;331,062;386,040;400,019;450,042;508,065;557,263;575,053;594,054;640,059;651,090;690,056;697,268;700,029;750,238;847,073;851,035;927,009;939,014;985,068;1037,035;1105,028
023:0,003;10,051;22,025;54,052;77,248;640,059;659,043;690,056;700,029;750,238;814,248;851,035;939,014;1004,148;1105,028
024:0,003;10,051;22,025;54,052;81,110;134,068;173,054;241,147;386,040;400,019;450,042;508,065;552,075;575,053;601,135;659,043;690,056;697,139;799,029;847,073;854,046;927,009;939,014;985,068;1037,035;1124,248
025:0,003;10,051;22,025;54,052;77,248;369,062;386,040;400,019;449,274;1157,028
026:0,003;10,051;22,025;54,052;73,068;173,054;227,065;331,062;386,040;400,019;460,080;508,065;552,075;575,053;594,054;640,059;659,043;690,056;700,029;750,072;799,029;847,073;854,046;927,009;958,147
027:0,003;10,051;22,025;54,052;73,068;173,054;227,065;331,062;386,040;400,019;460,220;552,075;575,053;594,054;656,128;720,029;750,072;799,029;847,073;851,035;927,009;939,014;985,068;1037,035;1105,028
028:0,003;10,127;23,025;55,209;331,062;386,040;400,019;449,274;594,054;640,059;651,090;690,056;700,029;750,072;799,029;854,046;927,009;939,014;985,194
029:0,003;10,051;22,025;54,052;73,068;173,054;226,080;227,065;338,258;390,146;750,072;799,029;847,073;851,035;927,009;939,014;985,068;1037,035;1105,028
030:0,003;10,051;22,025;55,209;73,068;173,054;234,258;400,019;450,042;508,065;552,075;575,053;601,135;633,274;659,043;690,056;697,139;739,034;750,072;799,029;847,073;851,035;927,009;939,014;985,068;1037,035;1121,098
031:0,004;34,040;71,245;181,070;225,166
032:0,004;34,040;71,245;237,047;314,046;344,056;392,205
033:0,004;32,061;34,040;72,167
034:0,004;32,061;181,070;222,214;237,047;314,046;344,056;387,168;878,131;887,205
035:0,004;32,061;34,040;72,174;314,046;347,166;607,167;886,123
036:0,004;32,131;34,040;72,167;132,174
037:0,004;32,061;181,070;225,166;336,046;344,056;392,205;407,110
038:0,004;32,061;182,160;237,047;314,046;344,056;407,110;414,174;933,110
039:0,004;32,061;181,070;222,214;344,056;387,168
040:0,004;32,131;237,047;314,046;351,155
041:0,005;8,049;80,013;85,048;152,060;205,039;246,236;346,030;394,086
042:0,005;12,235
043:0,005;8,049;80,013;85,048;152,060;205,039;238,036;358,221
044:0,005;8,049;80,013;85,253;956,114
045:0,005;12,235;152,060;205,039;247,123
046:0,005;8,049;80,013;85,048;152,060;187,125;323,214
047:0,005;8,049;80,013;85,048;152,060;205,039;238,036;346,030;394,114;414,253
048:0,005;8,049;80,013;85,048;152,060;238,036;346,030;394,114
049:0,005;8,049;80,013;85,048;152,060;187,125;205,039;246,236
050:0,005;8,049;80,013;85,048;152,060;205,039;238,036;346,030;394,086;809,214
051:0,006;8,257;447,254;491,031;507,041;536,040;593,185
052:0,006;10,162
053:0,006;14,254;491,031;507,041;536,040;586,255
054:0,006;8,265;491,031;507,041;536,040;579,204
055:0,006;10,162;491,031;507,041;517,265;536,040;586,255
056:0,006;8,265
057:0,006;12,177;507,041;536,040;579,204
058:0,006;12,177;1097,178
059:0,006;8,257
060:0,006;14,254;233,122
061:0,007;25,132;205,038;246,054;267,069;290,071;316,037;333,068;340,027;354,055;395,029;503,179;534,074;540,058;584,043;596,071;646,034;796,256;814,228
062:0,007;24,182;249,054;267,069;290,071;324,182;332,068;340,027;354,055;395,029;496,228;502,040;508,032;534,074;540,058;584,043;596,071;646,034;784,219;1129,132;1181,134
063:0,007;26,217;205,038;246,054;267,069;290,071;316,037;332,068;339,154;597,071;659,106
064:0,007;26,217;246,054;267,069;290,071;316,037;324,182
065:0,007;24,133;205,038;246,054;267,069;290,071;316,037;332,068;340,027;354,055;395,029;496,228
066:0,007;25,147;290,071;316,037;335,215;354,055;395,029;502,040;508,032;534,074;540,058;596,071;659,106
067:0,007;24,182;316,037;332,068;340,027;354,055;395,029;502,040;508,032;526,102;584,043;602,212;646,034;817,077
068:0,007;25,132;290,071;316,037;332,068;339,154;340,027;354,055;407,188;540,058;584,043;601,134
069:0,007;24,133;267,069;290,071;316,037;332,068;340,027;356,073;375,199;508,032;526,102;534,074;567,233;585,043;596,071;646,034;784,219
070:0,007;25,147;205,038;246,054;277,208;337,145;395,029;461,236;502,040;508,032;528,186;817,077
071:0,008;7,227;306,180;564,227
072:0,008;5,120
073:0,008;7,227
074:0,008;5,239
075:0,008;5,151
076:0,008;5,159
077:0,008;5,159
078:0,008;5,239
079:0,008;5,120
080:0,008;5,151
081:0,009;28,199;187,075;205,066;230,141;386,244
082:0,009;27,184;435,083
083:0,009;28,199;187,075;205,066;232,225;494,095
084:0,009;26,244;71,030;79,252;205,066;230,141
085:0,009;27,184;187,075;205,066;230,187
086:0,009;26,083
087:0,009;26,244;945,242;970,086;1009,265
088:0,009;28,251;89,244;187,075;208,095
089:0,009;28,251;205,066;230,187
090:0,009;26,083;74,170;79,252;658,141
091:0,010;7,038;28,063;78,073;190,269;237,054;240,150;813,250
092:0,010;7,038;28,241
093:0,010;7,038;28,241;237,054;240,150;464,112
094:0,010;7,038;28,063;78,073;190,269;237,054;241,076
095:0,010;11,270;78,073;166,233
096:0,010;7,038;28,063;78,073;190,092;822,240
097:0,010;7,038;28,063;78,073;193,112;1075,076;1179,250
098:0,010;7,038;28,063;78,073;190,092;559,241
099:0,010;7,038;28,063;87,240
100:0,010;11,270;28,063;78,073;166,233;237,054;242,242
101:0,011;12,112;66,026;78,060;112,075;146,144
102:0,011;13,274;66,026;91,058;94,128;206,131
103:0,011;12,112;91,058;92,272;112,075;149,160
104:0,011;14,064;63,058;66,026;78,060;112,075;148,087
105:0,011;12,201;63,058;66,026;78,060;112,075;148,087;330,272
106:0,011;14,064;63,058;66,026;78,060;121,191;919,195;1132,138
107:0,011;12,201;14,064;66,026;94,128
108:0,011;13,274;78,060;121,191;410,131;755,128
109:0,011;14,064;63,058;66,026;91,058;92,272
110:0,011;14,064;63,058;66,026;91,058;92,216;112,075;146,144
111:0,012;8,035;14,037;20,059;39,090;126,070;154,057;173,049;227,044;231,057;262,038;277,231;615,030;641,201;752,049;812,041;851,156
112:0,012;8,170;14,037;20,059;35,034;86,044;98,055;130,194;140,070;154,057;173,049;227,044;231,057;262,038;274,074;421,048;472,074;480,172;510,037;529,039;554,067;573,041;594,201;1133,211
113:0,012;9,264;86,044;98,055;126,070;154,057;179,129;231,057;274,074;420,228;421,048;472,074;480,148;812,041;859,193
114:0,012;8,035;20,059;35,034;39,090;173,049;227,044;237,158;472,074;485,071;510,037;529,039;573,041;602,058;615,030;627,061;752,049;801,126
115:0,012;8,035;14,037;25,224;98,055;126,070;154,057;173,049;227,044;231,057;237,158;262,038;274,074;421,048;472,074;485,071;529,039;573,041;602,058;618,148
116:0,012;8,035;14,037;20,059;35,034;86,044;98,055;126,070;154,057;173,049;227,044;231,057;262,038;274,074;420,228;435,048;472,074;480,148;485,071;510,037;529,039;554,067;583,268
117:0,012;8,035;14,037;35,034;86,044;98,055;126,070;154,057;173,049;227,044;231,057;262,038;277,231;531,039;554,067;594,201;602,058;615,030;627,061;752,049;812,041;851,156
118:0,012;8,035;14,037;20,059;35,034;86,044;98,055;130,194;554,067;583,268;627,061;752,049;812,041;859,193
119:0,012;8,170;154,057;173,049;227,044;231,057;262,038;285,206
120:0,012;9,264;227,044;231,057;262,038;274,074;421,048;472,074;485,071;510,037;529,039;573,041;602,058;615,030;627,061;752,049;801,126;1101,268
121:0,013;4,036;99,058;100,041;155,074;221,073;266,064;285,057;423,037;447,133
122:0,013;4,036;99,058;100,041;155,074;234,208;420,054;423,037;464,225;619,209;1118,201
123:0,013;4,036;97,146;266,064;279,040;285,057;420,054;425,113
124:0,013;7,196;155,074;221,073;266,064;279,040;299,089
125:0,013;17,212;221,073;271,214;279,040;285,057;420,054;423,037;448,087
126:0,013;4,036;99,058;100,041;155,074;221,073;266,064;279,040;285,057;420,054;425,113;491,196;601,122;635,177;720,113;1184,201
127:0,013;4,036;100,041;172,223
128:0,013;4,036;99,058;103,168;285,057;420,054;443,196
129:0,013;4,036;97,146;99,058;103,243;279,040;293,209
130:0,013;4,036;100,041;155,074;221,073;266,064;279,040;280,235;285,057;420,054;423,037;447,133;916,089
131:0,014;23,031;64,054;104,070;111,185;115,036;172,027;185,040;206,270;718,092
132:0,014;28,202;64,054;107,045;130,119;172,027;185,040;206,270;267,195;450,125;537,231;565,252
133:0,014;23,031;64,054;104,070;107,045;115,036;172,027;185,040;207,219;600,207
134:0,014;23,031;69,080
135:0,014;23,031;64,054;107,045;115,036;185,040;204,216
136:0,014;23,031;64,054;107,045;157,195;798,080;1019,207
137:0,014;23,031;69,080;104,070;107,045;115,036;172,027;185,040;204,216
138:0,014;23,031;64,054;104,070;107,045;115,036;172,027;185,040;206,164;1032,080
139:0,014;23,031;64,054;111,185;724,195
140:0,014;28,202;185,040;206,164;298,080;404,270
141:0,015;65,067;123,145
142:0,015;42,082
143:0,015;65,067;115,122;396,119;744,082
144:0,015;65,067;71,089;72,058;100,100
145:0,015;71,089;323,036;359,119
146:0,015;42,082;65,067;114,143;731,247
147:0,015;72,058;97,207;819,247
148:0,015;65,067;72,058;91,247;97,207;108,082;717,042;796,100
149:0,015;65,067;114,143;975,229
150:0,015;65,067;72,058;91,247;808,119;1085,145
151:0,016;201,027;241,070;265,042;273,058;337,065;348,031;361,059;415,026;433,071;439,027;463,058;481,037;486,056;557,068;593,178;1104,049;1143,011;1156,135
152:0,016;201,027;212,060;264,098;361,059;415,026;433,071;439,027;463,058;481,037;506,254;545,138;617,229;623,042;856,029;872,003;883,032;949,034;961,025;1077,057;1104,049;1143,011;1158,234;1171,072
153:0,016;206,157;212,060;264,098;348,031;361,059;425,037;439,027;463,058;481,037;486,056;557,068;562,206;623,042;856,029;872,003;883,032;949,034;961,025;1077,057;1143,011;1166,031;1171,072;1199,146
154:0,016;201,027;241,070;265,042;273,058;340,065;348,031;361,059;415,026;439,027;467,122;486,056;554,051;622,037;856,029;872,003;883,032;949,034;961,025;1078,177;1127,049;1143,011;1166,031;1171,072;1199,146
155:0,016;201,027;212,060;241,070;272,173;415,026;433,071;439,027;463,058;480,209;481,037;494,103;540,056;554,051;622,037;858,044;872,003;883,032;949,034;961,025;1104,049;1143,011;1166,031;1171,072;1199,093
156:0,016;201,027;206,157;337,065;348,031;367,139;433,071;441,126;554,051;623,042;841,150;858,044;872,003;880,093;921,181;949,034;961,025;1077,057;1158,189
157:0,016;201,027;241,070;265,042;285,126;463,058;481,037;486,056;554,051;557,068;568,269;593,178;622,037;858,044;872,003;883,032;949,034;961,025;1077,057;1104,049;1143,011;1156,135
158:0,016;201,027;212,060;238,161;265,042;273,058;337,065;348,031;361,059;415,026;433,071;439,027;463,058;481,037;486,056;554,051;623,042;841,150
159:0,016;201,027;241,070;265,042;273,058;337,065;348,031;361,059;415,026;433,071;439,027;463,058;481,037;506,254;573,051;622,037;856,029;872,003;883,032;949,034;961,025;1077,057;1143,011;1166,031;1171,072;1199,093
160:0,016;203,161;241,070;265,042;272,173;273,058;337,065;348,031;361,059;415,026;433,071;439,027;463,058;481,037;494,103;557,068;570,254;623,042;858,044;872,003;883,032;949,034;961,025;1077,057;1143,011;1158,234
161:0,017;41,228;228,018;287,046;293,052;306,056;319,012;331,025;350,041;380,157
162:0,017;32,055;49,068;58,038;67,027;105,050;132,043;156,055;173,071;228,018;281,056;287,046;292,200
163:0,017;32,055;56,213;58,038;67,027;105,050;132,043;155,073;156,055;173,071;228,018;281,056;287,046;306,056;319,012;331,025;350,041;367,024;387,136
164:0,017;32,104;173,071;228,018;281,056;293,052;306,056;331,025;350,041;367,024;386,107;1063,196
165:0,017;32,104;49,068;58,038;67,027;108,139;156,055;173,071;228,018;281,056;287,046;292,200;319,012;331,025;350,041;367,024;386,217
166:0,017;32,055;56,213;105,050;132,043;156,055;173,071;241,273;281,056;287,046;293,052;306,056;319,012;331,025;350,041;367,024;386,107;400,200
167:0,017;32,055;49,068;58,038;67,027;105,050;132,043;156,055;173,071;228,018;281,056;287,046;293,052;306,056;319,012;331,025;356,073;367,024;386,217
168:0,017;32,055;49,068;67,027;105,050;132,043;156,055;173,071;228,018;287,046;293,052;319,012;333,274;350,041;367,024;387,136;924,107
169:0,017;32,055;49,068;67,027;107,079;132,043;156,055;173,071;228,018;281,056;287,046;293,052;306,056;319,012;331,025;350,041;367,024;387,184
170:0,017;32,055;49,068;58,038;67,027;107,079;293,052;306,056;319,012;331,025;350,041;367,024;412,250;836,184;933,136
171:0,018;79,043;84,059;91,071;95,046;117,018;127,255;134,042;184,138
172:0,018;79,089;91,071;95,046;117,018;129,031;134,042;181,046;210,030;300,115;341,132
173:0,018;84,059;91,071;97,086;117,018;129,031;134,042;181,046;210,030;314,183;945,115;1052,183
174:0,018;79,130;91,071;95,046;117,018;129,031;134,042;181,046;239,063;367,189
175:0,018;79,043;84,059;91,071;95,046;117,018;127,255;129,031;134,042;181,046;210,030;298,132;301,063;378,108;521,183
176:0,018;79,043;84,059;91,071;95,046;117,018;129,031;134,042;181,046;210,030;298,132;819,256
177:0,018;79,043;84,059;91,071;95,046;117,018;127,091;210,030;239,063;365,030;378,108
178:0,018;79,130;84,059;91,071;95,046;117,018;127,091;154,042;181,046;210,030;239,063;368,129
179:0,018;88,259;181,046;210,030;300,115
180:0,018;79,043;84,059;88,259;95,046;117,018;129,031;134,042;184,138;239,063;367,189;673,129
181:0,019;44,051;63,069;64,081;223,051;237,259;349,050;451,256;549,080;632,180
182:0,019;43,220;44,051;64,081;188,058;223,051;237,259
183:0,019;9,172
184:0,019;43,220;223,051;238,053;349,050;451,256;780,269
185:0,019;43,180
186:0,019;41,216;167,069;188,058;223,051;238,053;356,215;452,064;502,269;559,256;840,160
187:0,019;41,216;63,069;188,058;223,051;236,225;238,053;349,050;452,064;502,269;1132,186
188:0,019;43,180;63,069;188,058;223,051;238,053;356,215
189:0,019;44,051;63,069;188,058;223,051;238,053;349,050;452,064;512,186
190:0,019;44,051;63,069;188,058;223,051;238,053;349,050;452,064;503,259
191:0,020;36,077;429,073;463,030;479,070;527,013;543,064;601,074;743,181
192:0,020;35,138;155,051;183,258;184,041;200,045;286,032;298,041;315,073;479,070;527,013;543,064;601,074;721,245;1124,225
193:0,020;37,135;87,052;155,051;184,041;200,045;286,032;311,266;601,074;721,245
194:0,020;38,030;87,052;155,051;184,041;200,045;286,032;298,041;315,073;463,030;479,070;527,013;543,064;597,218
195:0,020;38,030;87,052;155,051;181,186;200,045;288,129;298,041;315,073;463,030;479,070;527,013;543,064;601,074;721,225
196:0,020;45,105;463,030;510,050;527,013;543,064;601,074;721,225;1017,237
197:0,020;37,135;510,050;527,013;543,237
198:0,020;36,077;38,030;87,052;155,051;184,041;200,045;288,129;390,073;463,030;510,050;527,013;543,064;601,074;738,235;1065,270
199:0,020;35,138;170,051;181,186;315,073;463,030;510,050;543,064;597,218
200:0,020;38,030;87,052;155,051;183,258;286,032;298,041;315,073;463,030;510,050;527,013;543,064;601,074;723,162
