001:0,001;67,063;108,076;137,026;180,167
002:0,001;67,063;118,169;163,254;301,069;325,261
003:0,001;73,076;81,026;150,031;198,036;227,076
004:0,001;67,063;111,087;118,169;221,062;301,069;325,261;354,232
005:0,001;67,063;75,262;81,026;150,031;198,036;221,062;296,221;301,069;321,229
006:0,001;67,063;75,254;81,026;150,031;198,036;227,076;692,254
007:0,001;81,026;150,031;198,036;221,062;301,069;323,232;431,167;929,221
008:0,001;67,063;73,076;198,036;221,062;296,221
009:0,001;67,063;75,254;755,076
010:0,001;67,063;124,204;150,031;198,036;221,062;299,181;301,069;321,229
011:0,002;49,256;91,060;105,043;109,054;122,073;142,062;192,090;250,144
012:0,002;49,256
013:0,002;49,075;68,167;105,043;109,054;121,233;122,073;142,062;186,055;210,152;404,199
014:0,002;49,075;63,052;91,060;109,054;127,144;146,055;191,157
015:0,002;53,093;63,052;91,060;105,043;109,054;122,073;142,062;146,055;214,207;619,256
016:0,002;49,075;63,052;91,060;105,043;109,054;122,073;127,144
017:0,002;49,075;63,052;91,060;109,054;122,073;142,062;202,199
018:0,002;53,093;109,054;122,073;146,055;210,152
019:0,002;49,075;63,052;91,060;105,043;121,233;142,062;191,157
020:0,002;49,075;63,052;91,060;105,043;109,054;122,073;142,062;146,055;214,207
021:0,003;161,068;163,048;168,181
022:0,003;161,068;163,048;220,034;225,065;232,043;255,017;265,195;771,123
023:0,003;161,068;163,048;225,065;232,043;255,017;270,078
024:0,003;161,068;163,048;230,160;232,043;255,017;264,112;803,195
025:0,003;161,186;163,048;220,034;225,065;237,171;255,017;301,123
026:0,003;161,068;178,265;225,065;232,043;255,017;265,139
027:0,003;161,068;168,181;225,065;232,043;255,017;264,112
028:0,003;122,172;220,034;225,065;232,043;255,017;265,195;1088,217
029:0,003;161,068;163,048;220,034;231,217
030:0,003;161,068;163,048;225,065;232,043;255,017;265,139
031:0,004;11,066;19,038;48,049;50,034;75,265
032:0,004;11,066;26,141;48,049;61,088;992,155;1098,118
033:0,004;11,066;19,259;50,034;74,176;1140,190
034:0,004;11,066;19,038;48,049;50,034;74,176;579,155
035:0,004;11,066;19,038;48,049;61,088;389,155;776,176
036:0,004;11,066;19,259;50,034;73,190;553,088
037:0,004;19,038;48,049;50,034;73,111
038:0,004;11,066;19,038;48,049;50,034;73,111;160,190
039:0,004;11,066;19,038;48,049;50,034;73,190;79,155;293,111
040:0,004;11,155;490,088;516,265
041:0,005;35,027;49,026;51,170;194,044;277,028;372,070;392,029;423,063;485,079
042:0,005;37,168
043:0,005;35,027;49,026;50,244;143,032;194,044;277,028;372,070;392,029;423,063;485,079;812,244
044:0,005;35,027;143,032;194,044;277,028;372,070;392,029;441,272;876,079
045:0,005;35,027;143,032;194,044;197,118;277,028;372,070;392,029;423,063;437,259
046:0,005;35,027;143,032;194,044;197,118;383,177;392,029;423,063;437,259
047:0,005;35,027;143,032;194,044;288,162;372,070;392,029;423,063;489,246
048:0,005;35,027;49,026;50,244
049:0,005;37,168;49,026;51,170;423,063;489,246
050:0,005;37,171;359,028;372,070;392,029;441,272;1190,168
051:0,006;5,073;8,047;15,026;26,057;70,066;87,004;95,012;108,010;127,232;128,045;137,020;156,179;199,067;220,035;223,071;232,013;270,073;284,240;376,030;415,033;447,146
052:0,006;5,073;8,047;12,226;26,057;70,066;87,004;95,012;108,010;128,045;137,020;147,160;223,071;250,047;270,073;278,033;360,075;376,030;409,042;485,045;500,048;516,042;536,182;537,041;660,054;759,065;836,062;1190,082
053:0,006;5,073;8,047;13,225;26,057;70,066;87,004;95,012;108,010;128,045;137,020;147,128;220,035;223,071;232,013;270,073;278,033;376,030;409,042;470,069;485,045;505,117;602,041;646,118;1151,124
054:0,006;7,089;8,047;15,026;26,057;70,066;87,004;95,012;108,010;137,020;149,066;199,067;220,035;223,071;232,013;278,033;292,236;415,033;447,146;470,069;485,045;500,048;516,042;536,182;836,062;951,097
055:0,006;7,089;108,010;128,045;137,020;148,245;149,066;199,067;220,035;223,071;232,013;270,073;278,033;360,075;376,030;409,042;470,069;485,045;500,048;516,042;537,041;646,118;723,182;759,065;836,062;951,097
056:0,006;5,073;12,226;64,057;70,066;87,004;95,012;108,010;128,045;149,066;199,067;220,035;223,071;232,013;270,073;278,033;360,075;376,030;415,033;449,109;500,048;516,042;560,239;638,202;813,065;836,062;1180,271
057:0,006;5,073;8,047;14,214;15,026;26,057;70,066;87,004;95,012;108,010;128,045;137,020;148,245;194,066;200,241;223,071;232,013;270,073;278,033;360,075;376,030;402,096;409,042;470,069;485,045;500,048;516,042;537,041;648,117;660,054;759,065;836,062;1180,271
058:0,006;5,073;8,047;14,214;95,012;127,232;137,020;147,128
059:0,006;5,073;8,047;15,026;32,097;70,066;87,004;95,012;108,010;128,045;137,020;147,160;232,013;270,073;278,033;360,075;376,030;402,096;485,045;505,117;1134,237
060:0,006;5,073;8,047;13,225;87,004;95,012;108,010;128,045;137,020;149,066;199,067;220,035;223,071;232,013;270,073;292,236;360,075;376,030;415,033;449,109;516,042;537,041;660,054;759,065;836,062;1190,082
061:0,007;78,275
062:0,007;78,133
063:0,007;82,126;716,204;777,212
064:0,007;80,163;1039,133;1104,163
065:0,007;79,212;224,204
066:0,007;78,133;921,204
067:0,007;79,212
068:0,007;82,126
069:0,007;78,275
070:0,007;80,163
071:0,008;9,037;13,052;34,033;51,002;52,136
072:0,008;20,193;34,033;51,002;53,237;105,120;146,115
073:0,008;9,037;13,052;29,035;34,033;51,002;52,269
074:0,008;9,037;13,052;29,035;40,120
075:0,008;9,037;13,052;29,035;34,033;51,002;57,266
076:0,008;9,037;20,193
077:0,008;9,037;13,052;29,035;34,033;51,002;52,136;142,069;146,115
078:0,008;12,250;13,052;29,035;34,033;51,002;52,269;125,193
079:0,008;9,037;12,250;29,035;34,033;51,002;53,237;218,136
080:0,008;9,037;13,052;29,035;34,033;51,002;57,266
081:0,009;17,063;49,044;66,058;82,222
082:0,009;17,063;56,183;118,037;142,034;153,044;166,124;235,129
083:0,009;17,063;49,044;66,058;105,044;109,039;118,037;153,044;166,124
084:0,009;17,063;56,183;66,058;105,044;109,039;118,037;142,034;153,044;164,204;348,222
085:0,009;17,063;56,148
086:0,009;17,063;56,148;105,044;118,037;142,034;153,044;195,129
087:0,009;17,063;49,044;66,058;105,044;109,039;118,037;142,034;153,044;164,204;172,121;364,150;391,148
088:0,009;20,121
089:0,009;17,063;49,044;66,058;105,044;113,150
090:0,009;20,121;49,044;66,058;82,222;109,039;113,150;142,034;159,101;463,121
091:0,010;5,032;8,070;93,249;706,151;755,114
092:0,010;5,032;9,050;93,114;648,232
093:0,010;5,172;9,050;93,114
094:0,010;5,032;13,116;111,069;152,092
095:0,010;5,032;13,116
096:0,010;5,032;9,050;95,259;98,057;120,159
097:0,010;5,032;9,050;93,249
098:0,010;8,070;98,057;111,069;150,161
099:0,010;8,070;95,259;98,057;111,069;149,141;305,116
100:0,010;5,172;8,070;98,057;111,069;149,141
101:0,011;9,244;24,041;27,019;36,041;50,127;191,224
102:0,011;9,164
103:0,011;10,042;18,043;24,041;27,019;46,071;60,085;1127,272
104:0,011;11,244;36,041;46,071;60,095;550,127
105:0,011;9,164;18,043;27,019;36,041;46,071;63,224;145,164;1106,085
106:0,011;10,042;18,043;24,041;27,019;36,041;46,071;64,239
107:0,011;9,244;10,042;18,043;24,041;27,019;36,041;46,071;63,224
108:0,011;10,042;18,043;24,041;27,019;46,071;60,095
109:0,011;10,042;18,043;24,041;27,019;36,041;46,071;60,085;924,095
110:0,011;10,042;18,043;24,041;27,019;36,041;50,127
111:0,012;43,238;121,055;136,004;143,068;155,033;186,041;256,045;335,046;353,064;377,026;404,264
112:0,012;39,046;112,056;136,004;143,068;173,215;256,045;335,046;347,221;353,064;377,026;403,165
113:0,012;46,098;377,026;420,145
114:0,012;39,046;112,056;121,055;136,004;142,214;155,033;186,041;256,045;335,046;353,064;380,103;879,101
115:0,012;39,046;112,056;119,188;136,004;142,214
116:0,012;39,046;112,056;121,055;136,004;143,068;155,033;173,215;335,046;353,064;367,125;820,165
117:0,012;39,046;43,238;112,056;121,055;136,004;143,068;155,033;186,041;256,045;335,046;353,064;367,125
118:0,012;39,046;112,056;121,055;136,004;154,161;345,101
119:0,012;39,046;112,056;121,055;136,004;143,068;155,033;186,041;256,045;335,046;353,064;377,026;404,264;1175,254
120:0,012;39,046;119,188;186,041;256,045;335,046;353,064;377,026;403,165;553,103
121:0,013;28,043;32,026;33,006;53,056;56,010;69,015;118,142;121,064;301,027;347,188;446,071;475,049;511,026;530,060;561,258;981,254;1065,239
122:0,013;28,043;32,026;33,006;53,056;62,174;114,030;121,064;301,027;336,040;401,035;427,058;446,071;475,049;511,026;530,060;539,260;758,073;765,044;832,242;1166,273
123:0,013;24,122;28,043;33,006;53,056;56,010;69,015;114,030;294,107;301,027;336,040;401,035;427,058;446,071;475,049;511,026;530,060;557,045;632,035;676,043;758,073;765,044;799,050;843,233
124:0,013;32,026;53,056;56,010;69,015;114,030;294,107;427,058;446,071;475,049;511,026;539,260;557,045;627,042;638,223;676,043;758,073;765,044;799,050;842,207
125:0,013;33,006;53,056;59,146;69,015;114,030;295,192;336,040;407,268;475,049;483,225;530,060;557,045;627,042;638,223;666,035;676,043;758,073;765,044;832,242
126:0,013;32,026;33,006;56,010;69,015;114,030;121,064;302,241;401,035;427,058;446,071;483,225;627,042;632,035;676,043;765,044;833,255
127:0,013;32,026;33,006;53,056;56,010;69,015;118,142;498,049;511,026;530,060;557,045;627,042;632,035;676,043;758,073;799,050;874,110;928,258
128:0,013;32,026;33,006;53,056;56,010;69,015;114,030;295,192;314,027;336,040;401,035;427,058;475,049;511,026;530,060;557,045;627,042;633,035;676,043;758,073;765,044;799,050;843,233
129:0,013;28,043;32,026;33,006;56,010;69,015;114,030;297,241;320,027;336,040;347,188;511,026;530,060;557,045;627,042;632,035;683,191;774,154
130:0,013;28,043;32,026;33,006;53,056;56,010;69,015;114,030;121,064;301,027;336,040;407,268;765,044;833,255
131:0,014;54,166;137,045;156,166
132:0,014;52,210;137,045;165,147
133:0,014;52,210;137,045;138,175
134:0,014;53,149
135:0,014;54,166;137,045;138,175;580,147;760,177;815,175
136:0,014;52,186
137:0,014;53,228;784,175;803,147
138:0,014;53,228
139:0,014;52,186;137,045;156,166
140:0,014;53,149
141:0,015;22,056;31,068;39,058;58,042;91,065;117,029;272,113
142:0,015;22,056;31,068;39,058;58,042;81,202;117,029;282,134;576,173
143:0,015;22,056;34,173;239,091;493,180
144:0,015;22,056;39,058;58,042;82,094;91,065;117,029;272,113;778,237
145:0,015;22,056;31,068;44,091;58,042;82,094
146:0,015;22,056;31,068;39,058;58,042;81,202;639,140
147:0,015;28,178;39,058;62,246;91,065;120,140;1092,091
148:0,015;22,056;31,068;39,058;62,246;91,065;117,029;278,180
149:0,015;22,056;31,068;44,091
150:0,015;28,178;31,068;34,173
151:0,016;14,073;41,106;76,061;124,071;176,051;242,220;281,058;379,059;470,075;664,068;699,042;723,156
152:0,016;14,073;26,169;117,032;124,071;176,051;237,047;276,074;282,154;931,093
153:0,016;14,073;56,151
154:0,016;16,102
155:0,016;14,073;16,102;176,051;237,047;265,053;276,074;281,058;379,059;460,070;470,075;664,068;699,042;724,137
156:0,016;14,073;34,048;76,087;124,071;181,270;265,053;276,074;281,058;379,059;460,070;470,075;671,093;699,042;725,191
157:0,016;14,073;34,048;76,061;117,032;124,071;178,251;664,068;704,042;723,156
158:0,016;14,073;34,048;76,061;117,032;124,071;176,051;237,047;265,053;276,074;280,087;379,059;460,070;470,075;664,068;699,042;724,137
159:0,016;26,169;34,048;76,061;117,032;124,071;176,051;239,100;276,074;281,058;379,059;460,070;470,075;529,080
160:0,016;14,073;41,106;237,047;265,053;280,087;460,070;470,075;529,080;538,075;671,093
161:0,017;124,104
162:0,017;126,196;246,189
163:0,017;135,237;915,262
164:0,017;124,104
165:0,017;127,108
166:0,017;127,108
167:0,017;123,189;139,200
168:0,017;126,196
169:0,017;123,189;680,200
170:0,017;139,200;240,237;549,214;615,095;842,196
171:0,018;125,099
172:0,018;125,158
173:0,018;125,218
174:0,018;124,131
175:0,018;124,131
176:0,018;124,253
177:0,018;128,218
178:0,018;125,099
179:0,018;125,158
180:0,018;124,253
181:0,019;5,262;813,252
182:0,019;6,031;17,040;103,252
183:0,019;5,184
184:0,019;5,184;17,040;107,153;210,130;912,226
185:0,019;5,262;6,031;83,273
186:0,019;6,031;85,226;307,262
187:0,019;6,031;85,226
188:0,019;6,031;17,040;103,252;399,184
189:0,019;6,031;83,273;236,153
190:0,019;6,031;17,040;107,153;465,252;498,273;660,054;823,263
191:0,020;22,049;32,187
192:0,020;21,130
193:0,020;22,049;25,062;41,227
194:0,020;21,130;22,049;25,062;32,187;43,177;94,174
195:0,020;22,049;25,062;36,250
196:0,020;11,155;25,062;41,227;246,090;1128,100
197:0,020;22,049;25,062;41,100
198:0,020;22,049;36,250;381,174;538,187
199:0,020;22,049;25,062;41,100;189,187;278,239;317,173;354,090
200:0,020;22,049;25,062;43,177
