001:0,001;10,053;22,198;42,069;62,037;68,120
002:0,001;10,053;17,031;24,032;36,156;84,058;140,033;279,166;384,243;620,190;898,263
003:0,001;10,053;17,031;24,032;35,027;42,069;62,037;74,069;84,058;140,033;273,059;333,208
004:0,001;10,053;22,198;24,032;35,027;42,069;61,263;844,208
005:0,001;10,053;17,031;31,125;35,027;42,069;62,037;74,069;84,058;140,033;279,166
006:0,001;13,252;62,037;74,069;84,058;151,243;244,033;266,243;777,254;884,162
007:0,001;10,053;17,031;24,032;35,027;42,069;68,120;140,033;273,059;333,208;631,263
008:0,001;10,053;17,031;24,032;35,027;42,069;62,037;74,069;84,058;140,033;273,059;336,190;613,120;1169,210
009:0,001;13,252;17,031;24,032;35,027;42,069;61,263;74,069;93,210
010:0,001;10,053;17,031;24,032;35,027;42,069;84,058;140,033;151,243;273,059;336,190;1179,166
011:0,002;34,018;74,059;98,022;164,001;167,019;169,021;203,264;330,029;396,089;430,027;456,040;476,031;511,053;535,169
012:0,002;30,054;34,018;74,059;98,022;164,001;169,021;201,225;292,073;318,029;396,028;430,027;456,040;476,031;511,053;552,118
013:0,002;34,018;74,059;98,022;164,001;167,019;169,021;201,209;428,028;430,027;456,040;476,031;498,273
014:0,002;30,054;34,018;74,059;102,102;164,001;167,019;169,021;252,177;292,073;318,029;396,028;430,027;458,129;476,031;512,174
015:0,002;30,054;34,018;74,059;98,022;164,001;167,019;169,021;201,225;318,029;396,028;430,027;456,040;476,031;511,053;535,169;933,202
016:0,002;30,054;34,018;74,059;98,022;167,019;169,021;202,234;252,177;456,040;476,031;498,273
017:0,002;30,054;41,108;74,059;98,022;164,001;169,021;202,234
018:0,002;30,054;34,018;78,262;98,022;164,001;167,019;169,021;201,209;396,028;430,027;458,129;511,053;547,202
019:0,002;30,054;34,018;74,059;98,022;164,001;167,019;169,021;203,264;292,073;329,133
020:0,002;30,054;34,018;78,262;167,019;169,021;202,270;292,073;318,029;396,089;1053,118
021:0,003;23,072;32,047;51,064;65,060;74,106;319,114;387,184;1080,170
022:0,003;23,072;32,047;44,130
023:0,003;23,072;32,047;56,184;644,099
024:0,003;23,072;32,047;36,114;51,064;62,142;85,106
025:0,003;27,250;32,047;51,064;62,142;153,250;285,130
026:0,003;23,072;32,047;51,064;65,060;70,100;808,106;1158,275
027:0,003;27,250;419,179
028:0,003;23,072;36,114
029:0,003;23,072;32,047;51,064;65,060;70,100
030:0,003;23,072;44,130;65,060;84,179;504,114;686,184
031:0,004;24,261;348,035;364,026;380,061;533,037;564,134;574,058;580,060;587,203;813,056;851,051;855,065;943,026;992,261;1001,265;1036,040;1156,251;1164,070
032:0,004;22,195;294,035;362,104;380,061;529,060;538,152;556,058;580,060;813,056;851,051;855,065;943,026;1002,040;1164,070
033:0,004;42,265;294,035;364,026;380,061;529,060;533,037;556,058;580,060;813,056;851,051;855,065;950,177
034:0,004;23,133;364,026;392,085;529,060;533,037;556,058;580,060;695,185;757,265
035:0,004;24,261;580,060;819,086
036:0,004;22,212;634,060;813,056;855,065;943,026;992,261;1002,040;1164,070
037:0,004;22,212;294,035;364,026;386,256;533,037;556,058;587,203;642,256;851,051;855,065;943,026;1002,040;1121,185
038:0,004;23,133;294,035;364,026;386,256
039:0,004;42,265;855,065;947,209;1038,086
040:0,004;22,195;333,035;364,026;380,061;529,060;533,037;556,058;580,060;695,185;943,026;1002,040;1164,070
041:0,005;18,069;32,021;53,024;112,031;117,013;172,096;1167,151
042:0,005;18,069;32,021;53,024;112,031;117,013;148,071;184,094
043:0,005;5,148;18,069;32,021;53,024;112,031;115,256;117,013;148,071;172,096;256,072;260,044;325,052;500,042;722,151;951,225
044:0,005;18,069;32,021;53,024;112,031;117,013;148,071;173,072;284,081;721,142;749,173
045:0,005;18,069;32,021;53,024;115,256;260,044;325,052;500,042;714,225;1089,173;1172,096
046:0,005;5,148;53,024;112,031;117,013;148,071;173,072;260,044;319,173;325,052;500,042;721,142
047:0,005;18,069;32,021;58,175;500,042;722,151
048:0,005;18,069;32,021;53,024;112,031;117,013;148,071;173,072;260,044;325,052;500,042;650,194;655,211;869,142;970,096
049:0,005;33,268;112,031;117,013;148,071;171,085;173,072;260,044;319,173;800,162
050:0,005;18,069;32,021;53,024;112,031;117,013;148,071;171,085;341,052;500,042;649,094
051:0,006;33,062;38,007;51,055;60,006;68,010;70,014;140,010;173,050;187,230;263,069;283,072;284,231;428,034;479,039;484,045;489,198;512,073;546,061;549,029;611,117
052:0,006;33,062;38,007;51,055;60,006;68,010;73,103;140,010;177,078
053:0,006;33,062;38,007;51,055;60,006;68,010;70,014;140,010;173,050;205,221;912,266
054:0,006;33,062;38,007;51,055;60,006;68,010;70,014;140,010;173,050;202,059;263,069;288,048;437,165;546,061;549,029;597,192
055:0,006;33,062;38,007;51,055;60,006;68,010;70,014;140,010;173,050;202,059;263,069;288,048;428,034;484,045;512,073;546,061;549,029;599,266;743,221
056:0,006;33,062;38,007;51,055;60,006;70,014;140,010;173,050;202,059;267,113;283,072;284,231;554,129
057:0,006;44,147;68,010;70,014;140,010;173,050;202,059;269,222;357,048;437,165;484,045;512,073;546,061;555,217
058:0,006;33,062;38,007;51,055;60,006;68,010;70,014;140,010;173,050;177,078;479,039;484,045;521,129;556,029;597,192;994,203
059:0,006;33,062;38,007;51,055;68,010;70,014;140,010;173,050;202,059;263,069;283,072;288,048;428,034;479,039;489,198;774,203;1083,047;1140,150
060:0,006;38,007;60,006;70,014;140,010;187,230;202,059;263,069;283,072;288,048;428,034;479,039;484,045;512,073;549,029;599,266
061:0,007;27,054;30,052;57,202;388,045;410,271;997,246;1177,260
062:0,007;27,054;32,126;339,149;372,126;388,045;416,080
063:0,007;27,054;30,052;32,035;56,235;64,126;388,045;410,271
064:0,007;27,054;30,052;52,050;111,268;142,056;177,149;1081,271
065:0,007;27,054;30,052;32,035;52,050;107,062;142,056;175,260;396,045;406,246;493,149
066:0,007;27,054;30,052;57,113
067:0,007;30,052;56,235;548,080;593,246
068:0,007;27,054;32,035;52,050;107,062;142,056;175,260
069:0,007;27,054;30,052;32,035;57,113;80,103;107,062;142,056;173,242;388,045;406,246;934,242
070:0,007;32,126;52,050;107,062;142,056;173,242
071:0,008;212,062;255,040;261,022;268,197;882,211
072:0,008;212,062;255,040;261,022;273,272
073:0,008;218,211;234,062;261,022;275,091
074:0,008;189,093;255,040;267,082
075:0,008;212,062;255,040;261,022;267,082
076:0,008;212,062;255,040;261,022;275,091
077:0,008;212,062;255,040;261,022;279,164;739,089
078:0,008;212,062;255,040;261,022;268,197;728,164
079:0,008;212,062;255,040;261,022;273,272
080:0,008;189,093;212,062;218,211
081:0,009;82,124
082:0,009;82,124;419,116;447,124
083:0,009;86,275;826,137
084:0,009;82,218
085:0,009;86,275
086:0,009;83,162;838,179
087:0,009;83,248
088:0,009;83,248
089:0,009;83,162;696,243
090:0,009;82,218
091:0,010;17,061;55,035;58,051;63,055;64,183;248,191;826,212;1133,183;1188,269
092:0,010;16,205;754,247
093:0,010;17,061;55,035;58,051;63,055;64,191;604,269;611,212
094:0,010;16,127;55,035;58,051;62,115
095:0,010;16,127;58,051;63,269;471,115;943,183;1015,247
096:0,010;16,259;608,191
097:0,010;17,061;55,035;58,051;63,269
098:0,010;17,061;62,115;63,055;64,183
099:0,010;16,205
100:0,010;16,259
101:0,011;13,090
102:0,011;14,228
103:0,011;14,122
104:0,011;13,090
105:0,011;14,122
106:0,011;12,241
107:0,011;20,145;28,046;76,204
108:0,011;14,228;28,046;76,204;489,228;615,081
109:0,011;12,241;28,046;76,253
110:0,011;20,145;28,046;76,253
111:0,012;11,237;12,062;24,024;30,107;97,017;102,006;121,072;127,035;149,068;164,029;173,016;187,066;220,055;260,060;281,236;366,051;389,063;419,059;488,039;710,044;823,053;842,251;879,059;929,068;1058,047;1128,054;1157,060;1171,045
112:0,012;12,062;24,024;27,042;97,017;119,144;127,035;149,068;164,029;173,016;187,066;220,055;260,060;280,046;356,172;419,059;488,039;710,044;732,157;855,256;868,059;929,068;1058,047;1128,054;1157,060
113:0,012;12,062;24,024;27,042;30,107;86,042;97,017;102,006;121,072;127,035;149,068;173,016;185,235;190,215;291,183;349,069;371,151;650,236;723,085;823,053;843,048;868,059;943,085;1157,060
114:0,012;12,062;24,024;27,042;97,017;102,006;121,072;126,243;149,068;164,029;173,016;187,066;220,055;260,060;280,046;354,102;389,063;419,059;488,039;710,044;825,144;843,048;868,059;929,068;1074,098;1128,054;1157,060;1171,045
115:0,012;12,062;24,024;27,042;97,017;102,006;121,072;127,035;149,068;164,029;173,016;187,066;220,055;260,060;281,236;789,044;823,053;843,048;868,059;929,068;1058,047;1128,054;1171,045
116:0,012;11,237;27,042;97,017;102,006;121,072;127,035;149,068;164,029;173,016;192,082;260,060;280,046;349,069;366,051;411,267;977,158;1058,047;1128,054;1171,045
117:0,012;12,062;24,024;27,042;97,017;102,006;121,072;127,035;149,068;164,029;173,016;190,215;280,046;349,069;366,051;389,063;420,110;710,044;823,053;843,048;886,245;929,068;1074,098
118:0,012;15,121;488,039;710,044;823,053;842,251
119:0,012;12,062;24,024;27,042;97,017;102,006;126,243;149,068;164,029;173,016;187,066;220,055;260,060;280,046;349,069;366,051;389,063;419,059;488,039;489,085
120:0,012;12,062;24,024;42,009;90,089;102,006;119,144;164,029;173,016;192,082;220,055;260,060;280,046;356,172;604,039;744,060;825,144
121:0,013;79,064;106,107;237,045;245,018;260,056;277,061;288,030;297,031;329,053;431,125
122:0,013;79,064;97,060;132,054;136,038;227,039;237,045;245,018;260,056;277,061;283,062;297,031;329,053;334,262;693,145;705,262
123:0,013;79,064;97,060;136,038;227,039;237,045;245,018;260,056;277,061;283,062;288,030;297,031;329,053;368,186
124:0,013;77,091;136,038;227,039;245,018;260,056;277,061;283,062;288,030;297,031;329,053;393,237;499,224
125:0,013;79,064;106,107;132,054;136,038;227,039;237,045;245,018;275,224;283,062;288,030;297,031;334,262;792,224
126:0,013;79,064;97,060;132,054;136,038;237,165;277,061;283,062;288,030;306,266;329,053;372,264;1198,125
127:0,013;79,064;97,060;136,038;227,039;237,045;245,018;260,056;277,061;283,062;288,030;295,145;297,031;364,145;514,231
128:0,013;77,091;227,039;237,165;260,056;277,061;283,062;288,030;297,031;329,053;368,202;372,264;567,241;660,264
129:0,013;77,244;97,060;136,038;227,039;245,018;260,056;277,061;283,062;288,030;295,145;799,125;1067,231
130:0,013;79,064;97,060;132,054;148,197;245,018;260,056;275,224;549,186
131:0,014;35,043;40,057;52,048;70,030;74,039;90,066;105,136
132:0,014;35,043;40,057;52,048;70,030;74,039;90,066;101,270;846,197
133:0,014;40,057;52,048;61,163
134:0,014;35,043;40,057;55,135;70,030;79,140
135:0,014;35,043;40,057;52,048;61,163;90,066;111,247;892,267
136:0,014;35,088;462,110;551,270
137:0,014;35,043;40,057;52,048;62,240;70,030;90,066;101,270;190,123
138:0,014;40,057;52,048;70,069;74,039;90,066;105,136;646,118;736,145
139:0,014;35,043;40,057;52,048;70,030;74,039;94,123
140:0,014;35,088;52,048;62,240;70,030;79,140;187,163
141:0,015;18,077;355,038;374,071;479,051;500,209;789,249;1162,209
142:0,015;19,104;225,074;236,065;243,181;351,032;355,038;374,071;478,072;497,028;520,146;1167,106
143:0,015;19,084;60,071;118,067;139,227;161,037;164,061;198,249;351,032;356,049;478,072;496,112;497,028;520,139
144:0,015;18,197;140,048;161,037;168,186;199,157;239,071;351,032;356,049;468,249
145:0,015;18,077;60,071;118,067;140,048;164,061;201,117;236,065;239,071;355,038;374,071;479,051;497,028;521,140;522,112
146:0,015;19,239;128,067;140,048;164,061;201,117;225,074;236,065;239,071;351,032;355,038;374,071;479,051;496,112
147:0,015;19,084;60,071;118,067;139,227;225,074;239,071;351,032;356,049;478,072;497,028;520,146
148:0,015;19,104
149:0,015;18,197;60,071;118,067;140,048;161,037;164,061;198,249;225,074;236,065;243,181;356,049;468,249;479,051;497,028;520,139
150:0,015;19,239;118,067;140,048;161,037;164,061;168,186;374,071;478,072;500,209
151:0,016;23,075;64,158;434,226
152:0,016;22,201;435,158;800,201
153:0,016;23,075;46,170;462,061;571,111
154:0,016;46,170
155:0,016;22,201
156:0,016;23,075;76,116;1112,136
157:0,016;22,257
158:0,016;22,257;497,116
159:0,016;23,075;67,226
160:0,016;23,075;64,158
161:0,017;7,101
162:0,017;6,188;414,237
163:0,017;7,099
164:0,017;6,157;1147,217
165:0,017;7,254;446,188
166:0,017;7,101
167:0,017;7,254
168:0,017;7,099;280,245;826,237
169:0,017;6,157;38,007;56,245
170:0,017;6,188
171:0,018;21,034;27,049;37,038;46,244
172:0,018;21,034;27,049;44,137;754,194
173:0,018;21,128;37,038;43,108;46,194;119,155
174:0,018;21,128
175:0,018;21,102
176:0,018;21,034;36,206
177:0,018;21,102;27,049;37,038;44,137;864,244;926,102;1082,155
178:0,018;21,034;37,038;46,194
179:0,018;21,034;27,049;36,206
180:0,018;21,034;27,049;37,038;55,155;756,128
181:0,019;29,131
182:0,019;29,178
183:0,019;29,079;447,261;473,079
184:0,019;29,229
185:0,019;29,178
186:0,019;29,131
187:0,019;29,105
188:0,019;29,105
189:0,019;29,229
190:0,019;29,079
191:0,020;18,135;23,011;26,004;40,071;47,037;81,236;88,070;109,004;134,034;195,199
192:0,020;15,047;23,011;26,004;40,071;47,037;60,053;72,016;95,160;123,073;134,034;190,074;214,125;532,160;768,199
193:0,020;15,047;23,011;26,004;40,043;42,273;60,053;72,016;88,070;109,004;123,073;139,171
194:0,020;15,047;23,011;26,004;40,071;47,037;60,053;72,016;88,070;109,004;123,073;152,211;190,074;212,036;266,230;450,250;895,230
195:0,020;15,047;23,011;31,094;40,071;47,037;72,016;109,004;123,073;134,034;195,179;214,125;299,250
196:0,020;15,047;23,011;26,004;40,071;47,037;60,053;72,016;88,070;109,004;123,073;139,171
197:0,020;15,047;23,011;26,004;42,273;47,037;72,016;88,070;109,004;134,034;190,074;212,036;275,159
198:0,020;15,047;23,011;26,004;40,071;47,037;60,053;72,016;88,070;95,160
199:0,020;15,047;23,011;26,004;40,071;72,016;109,004;123,073;134,034;190,074;212,036;266,230
200:0,020;18,135;26,004;40,071;60,053;72,016;88,070;109,004;134,034;195,199;212,036;289,154
