001:0,001;580,077
002:0,001;75,218;561,201
003:0,001;494,152
004:0,001;616,126
005:0,001;543,219
006:0,001;500,205
007:0,001;638,216
008:0,001;543,219
009:0,001;494,152
010:0,001;365,201
011:0,002;321,230
012:0,002;326,271
013:0,002;308,118
014:0,002;301,169;389,080
015:0,002;291,238
016:0,002;126,136
017:0,002;314,087
018:0,002;291,238
019:0,002;332,151
020:0,002;300,245
021:0,003;449,086
022:0,003;539,132
023:0,003;517,078
024:0,003;73,218
025:0,003;602,094
026:0,003;520,190
027:0,003;479,252;679,132
028:0,003;581,214
029:0,003;397,142
030:0,003;510,184
031:0,004;521,248
032:0,004;559,158
033:0,004;635,211
034:0,004;522,256
035:0,004;152,270
036:0,004;517,182
037:0,004;521,248
038:0,004;152,270
039:0,004;559,158
040:0,004;522,256
041:0,005;283,107
042:0,005;326,192
043:0,005;256,120
044:0,005;245,100
045:0,005;256,097
046:0,005;250,203
047:0,005;281,122
048:0,005;245,100
049:0,005;192,221;283,107
050:0,005;260,204;622,122;1131,203
051:0,006;197,144
052:0,006;158,181
053:0,006;153,036;350,173
054:0,006;153,036;273,221
055:0,006;179,214;1139,162
056:0,006;153,036;417,223
057:0,006;153,036;272,237
058:0,006;180,244
059:0,006;383,201;548,120
060:0,006;247,093
061:0,007;36,212
062:0,007;197,135
063:0,007;335,190
064:0,007;211,228
065:0,007;185,084
066:0,007;221,269
067:0,007;242,265
068:0,007;36,212
069:0,007;211,228
070:0,007;233,155
071:0,008;929,135;965,092
072:0,008;795,116
073:0,008;858,179
074:0,008;515,153
075:0,008;783,098
076:0,008;804,250
077:0,008;1060,147
078:0,008;783,098
079:0,008;220,223
080:0,008;965,092
081:0,009;369,217
082:0,009;485,108
083:0,009;311,149
084:0,009;353,168
085:0,009;311,149;580,251
086:0,009;235,083
087:0,009;299,247
088:0,009;235,083
089:0,009;343,251
090:0,009;299,247;761,149
091:0,010;95,114
092:0,010;95,114
093:0,010;841,217
094:0,010;671,030
095:0,010;671,030
096:0,010;671,030;1016,146
097:0,010;766,110
098:0,010;757,163
099:0,010;671,030
100:0,010;766,110
101:0,011;170,188
102:0,011;268,077;906,179;1078,244
103:0,011;253,242
104:0,011;311,156
105:0,011;253,242
106:0,011;363,159
107:0,011;254,275
108:0,011;254,275
109:0,011;378,202
110:0,011;170,188
111:0,012;105,254
112:0,012;84,125
113:0,012;122,086
114:0,012;120,266
115:0,012;120,199
116:0,012;84,125
117:0,012;124,099
118:0,012;120,199
119:0,012;103,177
120:0,012;120,266
121:0,013;53,116;1043,221
122:0,013;13,035;280,129
123:0,013;13,035
124:0,013;13,035
125:0,013;40,204
126:0,013;13,035
127:0,013;13,035
128:0,013;13,035
129:0,013;83,019;85,079
130:0,013;51,146;1184,204
131:0,014;950,273
132:0,014;932,229
133:0,014;41,172
134:0,014;918,099
135:0,014;932,229
136:0,014;909,174
137:0,014;1012,073;1030,131
138:0,014;909,174
139:0,014;950,273
140:0,014;41,172
141:0,015;358,102
142:0,015;516,252
143:0,015;353,080
144:0,015;345,261
145:0,015;345,261
146:0,015;358,102;853,186
147:0,015;212,213
148:0,015;212,213
149:0,015;330,186
150:0,015;355,233
151:0,016
152:0,016;1009,274
153:0,016
154:0,016
155:0,016
156:0,016
157:0,016;864,249
158:0,016
159:0,016
160:0,016
161:0,017;383,076
162:0,017;466,227
163:0,017;378,120;487,118;1166,151
164:0,017;435,227
165:0,017;385,215
166:0,017;306,127
167:0,017;381,183
168:0,017;306,127
169:0,017;385,215
170:0,017;414,126;992,183
171:0,018;252,106
172:0,018;347,207
173:0,018;347,207
174:0,018;326,254;914,113
175:0,018;382,235
176:0,018;622,169
177:0,018;252,106
178:0,018;32,169
179:0,018;23,020;126,123
180:0,018;270,113
181:0,019;349,081
182:0,019;962,073
183:0,019;1186,259
184:0,019;909,073
185:0,019;440,157
186:0,019;982,109
187:0,019;1036,073
188:0,019;909,073
189:0,019;887,192;909,073
190:0,019;909,073
191:0,020;291,085
192:0,020;59,105;482,121;542,105
193:0,020;176,208;1060,085
194:0,020;59,105
195:0,020;455,162
196:0,020;174,121
197:0,020;238,175
198:0,020;176,208
199:0,020;398,124
200:0,020;238,175
