001:0,001;311,187
002:0,001;12,206
003:0,001;105,247
004:0,001;118,109
005:0,001;189,180
006:0,001;44,184
007:0,001;76,267
008:0,001;124,148
009:0,001;118,109
010:0,001;12,206;705,267
011:0,002;917,263
012:0,002;1114,259
013:0,002;991,135
014:0,002;406,252
015:0,002;1113,097
016:0,002;406,252
017:0,002;969,160
018:0,002;954,127
019:0,002;917,263
020:0,002;991,135
021:0,003;152,166
022:0,003;167,090
023:0,003;152,166
024:0,003;20,186
025:0,003;167,090
026:0,003;153,229
027:0,003;20,160
028:0,003;161,224
029:0,003;153,229
030:0,003;161,224
031:0,004;364,095
032:0,004;333,181
033:0,004;364,095
034:0,004;230,140
035:0,004;246,253
036:0,004;242,184
037:0,004;71,218
038:0,004;230,140
039:0,004;71,218;1101,181
040:0,004;246,253
041:0,005;622,079
042:0,005;592,190
043:0,005;601,134
044:0,005;569,237
045:0,005;695,245
046:0,005;533,188
047:0,005;526,197
048:0,005;364,088
049:0,005;584,153
050:0,005;526,197
051:0,006;218,200
052:0,006;244,172
053:0,006;218,200
054:0,006;244,172
055:0,006;230,222
056:0,006;227,139
057:0,006;404,108
058:0,006;258,217
059:0,006;258,217
060:0,006;559,151;1191,118
061:0,007;1047,094
062:0,007;28,123
063:0,007;1017,151
064:0,007;1088,141
065:0,007;1057,174
066:0,007;999,195
067:0,007;999,195
068:0,007;1007,133
069:0,007
070:0,007;1007,133
071:0,008;283,238
072:0,008;380,148
073:0,008;281,144
074:0,008;329,225
075:0,008;329,225
076:0,008;279,191
077:0,008;279,191
078:0,008;272,121
079:0,008;272,121
080:0,008;599,272;1135,214
081:0,009;132,102
082:0,009;242,103
083:0,009;23,201
084:0,009;23,201
085:0,009;242,103
086:0,009;223,136
087:0,009;483,264
088:0,009;197,231
089:0,009;132,102
090:0,009;197,231
091:0,010;458,156
092:0,010;403,163
093:0,010;403,163
094:0,010;458,156
095:0,010;442,178
096:0,010;503,208
097:0,010;442,178
098:0,010;575,207
099:0,010;743,094
100:0,010;485,131
101:0,011;60,143
102:0,011;101,165
103:0,011;567,128
104:0,011;60,143
105:0,011;268,147
106:0,011;96,129
107:0,011;101,165
108:0,011;222,214
109:0,011;101,174
110:0,011;143,179
111:0,012;150,247
112:0,012;238,074;674,209
113:0,012;238,074
114:0,012;304,081
115:0,012;238,074
116:0,012;304,081
117:0,012;238,074
118:0,012;309,112
119:0,012;251,083
120:0,012;256,249;300,074
121:0,013;169,112;738,272
122:0,013;69,124;141,111
123:0,013;99,149
124:0,013;86,119
125:0,013;69,266
126:0,013;69,124
127:0,013;163,087
128:0,013;86,117
129:0,013;114,139;404,169
130:0,013;127,111
131:0,014;848,199
132:0,014;249,113
133:0,014;590,084
134:0,014;429,261
135:0,014;467,182
136:0,014;467,182
137:0,014;511,113
138:0,014;429,261
139:0,014;486,131;597,077;660,268
140:0,014;646,268
141:0,015;1136,220
142:0,015;1177,275
143:0,015;1136,220
144:0,015
145:0,015;142,099;644,189
146:0,015;1154,085
147:0,015
148:0,015;1154,085
149:0,015;1177,275
150:0,015;644,189
151:0,016;59,132
152:0,016;112,209;879,208
153:0,016;69,152
154:0,016;59,132
155:0,016;54,274
156:0,016;54,274
157:0,016;54,107
158:0,016;209,258
159:0,016;54,107
160:0,016;301,077
161:0,017;286,137
162:0,017;537,142
163:0,017;370,215
164:0,017;256,118;286,137
165:0,017;592,215
166:0,017;84,255
167:0,017;306,203
168:0,017;283,186;306,203
169:0,017;256,118
170:0,017;84,255
171:0,018;37,212
172:0,018;332,168
173:0,018;553,198
174:0,018;324,088
175:0,018;243,240
176:0,018;277,219
177:0,018;277,219
178:0,018;391,127
179:0,018;243,240
180:0,018;248,168
181:0,019;231,096
182:0,019;230,110
183:0,019;228,067;288,249
184:0,019;290,270
185:0,019;363,233
186:0,019;231,096
187:0,019;228,067;422,167
188:0,019;230,110
189:0,019;228,067;324,241
190:0,019;228,067;290,270
191:0,020;151,114
192:0,020;159,159
193:0,020;195,155
194:0,020;151,114
195:0,020;165,099
196:0,020;145,260
197:0,020;210,169
198:0,020;159,159
199:0,020;145,260
200:0,020;133,262
