001:0,001
002:0,001
003:0,001
004:0,001
005:0,001
006:0,001
007:0,001
008:0,001
009:0,001
010:0,001
011:0,002;21,137
012:0,002;67,135
013:0,002;26,146
014:0,002;54,169
015:0,002;106,173
016:0,002;127,136
017:0,002;43,162
018:0,002;21,137
019:0,002;19,113
020:0,002;43,162
021:0,003;269,273
022:0,003;197,114
023:0,003;71,087
024:0,003;97,077
025:0,003;71,111
026:0,003;71,111
027:0,003;269,273;707,212
028:0,003;76,219
029:0,003;185,212
030:0,003;84,118;1027,087
031:0,004;110,241
032:0,004;231,180
033:0,004;174,079
034:0,004;197,231
035:0,004;174,079
036:0,004;213,108
037:0,004;179,100
038:0,004;110,241
039:0,004;179,100
040:0,004;197,231
041:0,005;82,085
042:0,005;77,253
043:0,005;227,181
044:0,005;88,163
045:0,005;227,181
046:0,005;94,240
047:0,005;88,163
048:0,005;172,233
049:0,005;82,085
050:0,005;171,210
051:0,006;64,080
052:0,006;64,239
053:0,006;70,265
054:0,006;64,239
055:0,006;146,227
056:0,006;140,197
057:0,006;134,245
058:0,006;116,236
059:0,006;64,080
060:0,006;80,118;146,227
061:0,007;384,191;501,196
062:0,007;241,249
063:0,007;365,268
064:0,007;517,143
065:0,007;388,233;878,109
066:0,007;511,090
067:0,007;241,249
068:0,007;501,196
069:0,007;442,143
070:0,007;654,129
071:0,008;18,213
072:0,008;11,190
073:0,008;76,237
074:0,008;67,199
075:0,008;88,107;359,207
076:0,008;11,172
077:0,008;11,190
078:0,008;11,172
079:0,008;90,207
080:0,008;67,199
081:0,009;695,101
082:0,009;797,221
083:0,009;681,152
084:0,009;111,102
085:0,009;683,263
086:0,009;1010,262
087:0,009;683,263
088:0,009;695,101
089:0,009;681,152
090:0,009;111,102
091:0,010;212,115;345,182
092:0,010;104,107
093:0,010;201,155
094:0,010;173,115
095:0,010;321,182
096:0,010;153,091
097:0,010;261,228
098:0,010;153,091
099:0,010;341,180
100:0,010;159,272
101:0,011;91,088
102:0,011;95,171
103:0,011;95,171
104:0,011;92,130
105:0,011;214,187
106:0,011;214,187
107:0,011;91,088
108:0,011;117,150
109:0,011;203,188
110:0,011;154,125
111:0,012;405,156
112:0,012;326,082
113:0,012;329,206
114:0,012;349,155
115:0,012;329,206
116:0,012;330,243
117:0,012;326,082
118:0,012;330,243
119:0,012;548,211
120:0,012;405,156
121:0,013;115,178
122:0,013;115,200
123:0,013;153,110
124:0,013;286,234
125:0,013;286,234
126:0,013;115,178
127:0,013;174,209
128:0,013;112,191
129:0,013;115,200
130:0,013;153,110
131:0,014;811,179
132:0,014;193,154
133:0,014;387,220
134:0,014;387,220
135:0,014;387,139
136:0,014;414,225
137:0,014;406,105
138:0,014;193,154
139:0,014;443,086
140:0,014;387,139
141:0,015;237,194
142:0,015;143,140
143:0,015;185,268
144:0,015;318,150
145:0,015;237,194
146:0,015;163,127
147:0,015;163,127
148:0,015;235,166
149:0,015;143,140
150:0,015;251,189
151:0,016;115,255;190,174
152:0,016;76,208
153:0,016;115,255
154:0,016;91,242
155:0,016;128,205
156:0,016;122,083
157:0,016;25,097
158:0,016;175,174
159:0,016;25,097
160:0,016;91,242
161:0,017;69,176;318,261
162:0,017;86,198
163:0,017;58,261;999,176
164:0,017;122,157
165:0,017;58,142
166:0,017;58,142
167:0,017;94,223
168:0,017;77,134;370,166
169:0,017;68,113
170:0,017;69,176
171:0,018;33,167
172:0,018;439,093
173:0,018;246,216
174:0,018;290,218
175:0,018;33,167
176:0,018;192,117;600,134
177:0,018;339,134
178:0,018;270,093
179:0,018;290,218
180:0,018;192,117
181:0,019;191,185
182:0,019
183:0,019;1197,275
184:0,019
185:0,019;984,221
186:0,019;1135,145
187:0,019;964,159
188:0,019;964,159
189:0,019;521,211
190:0,019;952,266
191:0,020;478,212;669,108;859,245
192:0,020;647,109;1084,185
193:0,020;508,076;518,160
194:0,020;313,160
195:0,020;138,235
196:0,020;342,269
197:0,020;342,269
198:0,020;312,118
199:0,020;356,202
200:0,020;138,235;727,202
