001:0,001;174,220
002:0,001;359,200
003:0,001;178,272
004:0,001;174,220
005:0,001;224,151
006:0,001;23,272
007:0,001;165,082
008:0,001;356,217
009:0,001;224,151
010:0,001;317,175
011:0,002;344,156
012:0,002;356,026
013:0,002;281,112
014:0,002;344,156
015:0,002;145,202
016:0,002;278,026
017:0,002;278,026
018:0,002;278,026
019:0,002;278,026
020:0,002;382,114
021:0,003;59,132
022:0,003;371,245
023:0,003;367,133
024:0,003;371,245
025:0,003;379,096
026:0,003;379,096
027:0,003;516,171
028:0,003;385,189
029:0,003;59,132
030:0,003;367,133
031:0,004;683,159;836,143
032:0,004;109,266;171,004;581,206
033:0,004;721,137
034:0,004;836,143
035:0,004;573,125
036:0,004;620,185;1029,217
037:0,004
038:0,004;579,101
039:0,004;266,197
040:0,004;109,266
041:0,005;120,079
042:0,005;878,124
043:0,005;120,079
044:0,005;192,194
045:0,005;70,140
046:0,005;192,194
047:0,005;196,259
048:0,005;70,140
049:0,005;244,158
050:0,005;187,191
051:0,006;547,119;645,145
052:0,006;442,119
053:0,006;491,172
054:0,006;482,166
055:0,006;491,172
056:0,006;604,145
057:0,006;482,166
058:0,006;496,152
059:0,006;48,213
060:0,006;48,213
061:0,007;277,184
062:0,007;302,226
063:0,007;271,106
064:0,007;330,215
065:0,007;329,082
066:0,007;271,106
067:0,007;298,225
068:0,007;290,184
069:0,007;256,134
070:0,007;161,214
071:0,008;219,150
072:0,008;546,122;579,176
073:0,008;462,157
074:0,008;483,253
075:0,008;219,150
076:0,008;465,109
077:0,008;545,089
078:0,008;462,157
079:0,008;479,208;1032,141
080:0,008;465,109
081:0,009;487,246
082:0,009;315,126
083:0,009;464,089
084:0,009;428,099
085:0,009;513,206
086:0,009;424,189
087:0,009;431,235;457,135
088:0,009;428,099
089:0,009;457,135
090:0,009;409,123
091:0,010;192,092
092:0,010;192,185
093:0,010;232,169
094:0,010;209,087;1070,081
095:0,010;199,235
096:0,010;225,176;904,207
097:0,010;232,169
098:0,010;192,092
099:0,010;249,103
100:0,010;206,170
101:0,011;711,165
102:0,011;492,190
103:0,011;523,124;1182,122
104:0,011;322,203
105:0,011;497,098
106:0,011;510,177
107:0,011;322,203;510,177
108:0,011;511,207
109:0,011;811,087
110:0,011;502,225
111:0,012;490,159
112:0,012;431,122
113:0,012;147,154
114:0,012;463,081
115:0,012;619,186
116:0,012;421,173
117:0,012;147,154
118:0,012;388,098;1177,159
119:0,012;367,120
120:0,012;365,110
121:0,013;205,264
122:0,013;214,208
123:0,013;205,264
124:0,013;209,244
125:0,013;63,181
126:0,013;233,091
127:0,013;63,181
128:0,013;209,244
129:0,013;212,227
130:0,013;260,110
131:0,014;363,202
132:0,014;33,188
133:0,014;794,209
134:0,014;572,174
135:0,014;596,271
136:0,014;543,188
137:0,014;538,216
138:0,014;553,237
139:0,014;647,221
140:0,014;596,271
141:0,015;112,170
142:0,015;157,210
143:0,015;147,148
144:0,015;157,210
145:0,015;325,171
146:0,015;125,168
147:0,015;145,224
148:0,015;147,148
149:0,015;136,127
150:0,015;125,168
151:0,016;168,251;619,243
152:0,016;269,085
153:0,016;248,232
154:0,016;247,138
155:0,016;248,232
156:0,016;258,260
157:0,016;168,251
158:0,016;414,243
159:0,016;259,257
160:0,016;247,138
161:0,017;50,255
162:0,017;208,115
163:0,017;289,267;630,214
164:0,017;173,229
165:0,017;50,255
166:0,017;186,197;663,236
167:0,017;174,236
168:0,017;246,253
169:0,017;388,221
170:0,017;173,229
171:0,018;596,270
172:0,018;628,234
173:0,018;510,212
174:0,018;596,270
175:0,018;856,161
176:0,018;583,141
177:0,018;705,136
178:0,018;510,212
179:0,018;705,136
180:0,018;628,234
181:0,019
182:0,019;1042,192
183:0,019;1017,219
184:0,019;1020,250
185:0,019;1018,155
186:0,019;1051,118
187:0,019;1080,240
188:0,019
189:0,019;1080,240
190:0,019;1018,155
191:0,020;79,128
192:0,020;79,128
193:0,020;159,107
194:0,020;78,247
195:0,020;88,095
196:0,020;22,267
197:0,020;194,192
198:0,020;91,237
199:0,020;197,097
200:0,020;78,247
