001:0,001;200,143
002:0,001;663,116
003:0,001;200,143
004:0,001;677,272
005:0,001;496,114
006:0,001;473,156
007:0,001;490,236
008:0,001;655,092
009:0,001;473,156
010:0,001;495,268
011:0,002
012:0,002
013:0,002
014:0,002
015:0,002;804,265
016:0,002;71,152;375,002
017:0,002
018:0,002
019:0,002
020:0,002;71,152
021:0,003;201,123
022:0,003;201,123
023:0,003;478,275
024:0,003;568,117
025:0,003;465,227
026:0,003;513,079
027:0,003;465,227
028:0,003;470,216;607,169
029:0,003;559,169
030:0,003;513,079
031:0,004;620,115
032:0,004;755,087
033:0,004;523,112;953,154
034:0,004;541,225
035:0,004;657,087
036:0,004;507,115;541,225
037:0,004;445,212
038:0,004;445,212
039:0,004;777,134
040:0,004;822,272
041:0,005;375,216
042:0,005;349,186
043:0,005;234,089
044:0,005;360,126;648,136
045:0,005;952,172
046:0,005;379,141
047:0,005;349,186
048:0,005;429,246
049:0,005;234,089
050:0,005;379,141
051:0,006;164,078
052:0,006;271,103
053:0,006;35,177;348,103
054:0,006;135,081
055:0,006;369,181
056:0,006;371,205
057:0,006;135,081;1160,177
058:0,006;238,084
059:0,006;35,177
060:0,006;164,078
061:0,007
062:0,007
063:0,007;66,207
064:0,007
065:0,007;66,207
066:0,007;1199,131
067:0,007
068:0,007;1183,173
069:0,007
070:0,007
071:0,008;64,257
072:0,008;614,211
073:0,008;571,189
074:0,008;619,161
075:0,008;477,121
076:0,008;527,122
077:0,008;477,121
078:0,008;64,257
079:0,008;819,144
080:0,008;505,137
081:0,009;709,193
082:0,009;737,217
083:0,009;714,155
084:0,009;166,149
085:0,009;770,247
086:0,009;643,163
087:0,009;643,163
088:0,009;707,214
089:0,009;166,149
090:0,009;716,138
091:0,010;288,208
092:0,010;288,252
093:0,010;347,196
094:0,010;81,135
095:0,010;274,226
096:0,010;347,196
097:0,010;274,226
098:0,010;288,208
099:0,010;81,135
100:0,010;288,252
101:0,011;87,203
102:0,011;921,091
103:0,011;1027,219
104:0,011;1046,104
105:0,011;942,206
106:0,011;987,157
107:0,011;87,203;853,011;921,091
108:0,011;964,201
109:0,011;1027,219
110:0,011;942,206
111:0,012;15,142
112:0,012;62,085
113:0,012;58,139
114:0,012;45,236
115:0,012;45,115
116:0,012;31,160
117:0,012;58,139
118:0,012;121,215
119:0,012;45,204
120:0,012;15,142
121:0,013;176,050;186,077
122:0,013;176,050;186,077
123:0,013;176,050;226,214
124:0,013;216,126
125:0,013;83,260
126:0,013;176,050;249,234;1159,116
127:0,013;83,260
128:0,013;292,248
129:0,013;292,248
130:0,013;182,085
131:0,014;567,230
132:0,014;539,270
133:0,014;539,274
134:0,014;339,162
135:0,014;564,256
136:0,014;339,162
137:0,014;508,111
138:0,014;539,274
139:0,014;567,230
140:0,014;508,111
141:0,015;48,117
142:0,015;61,265
143:0,015;164,154
144:0,015;130,267
145:0,015;13,185
146:0,015;214,235
147:0,015;13,185
148:0,015;6,136
149:0,015;35,197
150:0,015;35,197
151:0,016;549,250
152:0,016;567,099;668,261
153:0,016;599,125
154:0,016;584,250
155:0,016;607,181
156:0,016;133,176;603,082
157:0,016;72,166
158:0,016;567,099
159:0,016;603,082
160:0,016;610,261
161:0,017;244,130
162:0,017;432,174
163:0,017;436,213
164:0,017;176,151
165:0,017;256,140
166:0,017;248,095
167:0,017;176,151
168:0,017;250,188
169:0,017;244,130
170:0,017;250,188
171:0,018;139,268
172:0,018;139,268;303,200
173:0,018;224,256;1033,160
174:0,018;66,247;777,166
175:0,018;59,102
176:0,018;59,129
177:0,018;74,176
178:0,018;59,129
179:0,018;59,102
180:0,018;82,200
181:0,019;832,267
182:0,019;601,101
183:0,019;601,101
184:0,019;709,002;801,243
185:0,019;335,241
186:0,019;785,275
187:0,019;335,241
188:0,019;688,112
189:0,019;563,076
190:0,019;563,076
191:0,020;230,118
192:0,020;230,150
193:0,020;230,118
194:0,020;236,154;915,234
195:0,020;282,179
196:0,020;230,150
197:0,020;308,233
198:0,020;120,148
199:0,020;223,271
200:0,020;120,148;431,233
