001:0,001;338,176
002:0,001;317,207
003:0,001;389,178
004:0,001;74,171
005:0,001;338,176
006:0,001;540,191
007:0,001;336,204
008:0,001;430,160
009:0,001;317,207
010:0,001;389,178
011:0,002;299,027;558,117
012:0,002;299,027;396,241
013:0,002;313,175
014:0,002;299,027;375,263
015:0,002;299,027;416,180
016:0,002;313,175;1160,263
017:0,002;500,082
018:0,002;334,200
019:0,002;317,239
020:0,002;317,239
021:0,003;771,215
022:0,003;911,246
023:0,003;777,226
024:0,003;771,215
025:0,003;748,190
026:0,003;724,102
027:0,003;722,086
028:0,003;739,210
029:0,003;360,126
030:0,003;488,265
031:0,004;1123,103;1131,242
032:0,004;1181,183
033:0,004
034:0,004;1156,240
035:0,004;1121,194
036:0,004;1175,156
037:0,004;1171,187
038:0,004
039:0,004;1175,156
040:0,004;1121,194
041:0,005;307,224
042:0,005;402,271
043:0,005;467,135;537,219
044:0,005;517,219;783,111
045:0,005;402,271
046:0,005;383,163
047:0,005;430,085
048:0,005;307,224
049:0,005;492,111
050:0,005;383,163
051:0,006;692,149
052:0,006;530,078
053:0,006;503,089
054:0,006;530,078
055:0,006;624,189
056:0,006;649,103
057:0,006;503,089
058:0,006;510,085
059:0,006;258,243
060:0,006;258,243
061:0,007;18,196
062:0,007;45,134
063:0,007;23,088
064:0,007;12,159
065:0,007;33,218
066:0,007;12,159
067:0,007;11,083
068:0,007;45,134
069:0,007;11,083
070:0,007;18,196
071:0,008;392,167
072:0,008;337,177
073:0,008;374,257
074:0,008;425,257
075:0,008;387,157
076:0,008;417,162
077:0,008;337,177
078:0,008;387,157
079:0,008;392,167
080:0,008;555,249
081:0,009;551,165
082:0,009;469,212
083:0,009;374,231;711,165
084:0,009;375,117;1194,191
085:0,009;401,203
086:0,009;375,181
087:0,009;374,231
088:0,009;375,181
089:0,009;387,209
090:0,009;118,170
091:0,010;210,099
092:0,010;224,137
093:0,010;203,155
094:0,010;301,135
095:0,010;224,261;341,138
096:0,010;32,112
097:0,010;32,112
098:0,010;203,155;699,135
099:0,010;210,099
100:0,010;208,109;948,137
101:0,011
102:0,011
103:0,011
104:0,011
105:0,011
106:0,011;31,174;674,265;813,219;886,011
107:0,011;990,116
108:0,011;990,116
109:0,011
110:0,011
111:0,012;343,050;937,227
112:0,012;343,050;672,090
113:0,012;343,050;766,266
114:0,012;537,121
115:0,012;446,208;911,121
116:0,012;343,050;775,144
117:0,012;364,128
118:0,012;361,141
119:0,012;361,141
120:0,012;417,093
121:0,013;710,077
122:0,013;469,109
123:0,013;453,096
124:0,013;494,113
125:0,013;445,262
126:0,013;437,248
127:0,013;467,211
128:0,013;467,211
129:0,013;436,091
130:0,013;494,270
131:0,014;52,055
132:0,014;24,077;534,055
133:0,014;23,179
134:0,014;52,055;1162,131
135:0,014;52,055;679,171
136:0,014;76,182
137:0,014;24,077;876,140
138:0,014;23,179
139:0,014;76,182
140:0,014;52,055;1198,185
141:0,015;376,220
142:0,015;338,151
143:0,015;384,133
144:0,015;350,222
145:0,015;329,238
146:0,015;328,261
147:0,015;329,238
148:0,015;338,151
149:0,015;409,131
150:0,015;391,079
151:0,016;697,095
152:0,016;630,160;1160,146
153:0,016;895,228
154:0,016;675,095
155:0,016;945,235
156:0,016;344,152
157:0,016;833,146
158:0,016;723,256
159:0,016;809,129
160:0,016;344,152
161:0,017;84,267;962,214
162:0,017;191,174
163:0,017;95,110
164:0,017;54,097
165:0,017;54,150
166:0,017;143,205
167:0,017;54,097
168:0,017;54,150
169:0,017;78,252
170:0,017;95,110
171:0,018;273,185
172:0,018;328,275
173:0,018;233,084
174:0,018;233,084
175:0,018;234,256;798,096;924,268
176:0,018;449,250
177:0,018;260,225
178:0,018;315,140
179:0,018;387,268
180:0,018;412,115
181:0,019;110,193
182:0,019;117,216
183:0,019;159,272
184:0,019;108,118
185:0,019;126,208
186:0,019;150,242
187:0,019;108,118
188:0,019;108,267
189:0,019;159,272
190:0,019;137,202
191:0,020;77,087
192:0,020;137,214
193:0,020;83,108
194:0,020;87,199
195:0,020;77,087
196:0,020;158,244
197:0,020;158,244
198:0,020;83,108
199:0,020;87,199
200:0,020;87,138
