001:0,001;201,184
002:0,001;119,084
003:0,001;240,251
004:0,001;119,084
005:0,001;132,262
006:0,001;162,080
007:0,001;132,262
008:0,001;98,182
009:0,001;187,206
010:0,001;98,182
011:0,002;269,184
012:0,002;200,189
013:0,002;152,079
014:0,002;200,189
015:0,002;592,256
016:0,002;164,093
017:0,002;228,205
018:0,002;164,093
019:0,002;283,218
020:0,002;152,079
021:0,003;322,176
022:0,003;264,074;1163,242
023:0,003;50,194
024:0,003;264,074;1162,187
025:0,003;346,140
026:0,003;264,074;997,091
027:0,003;290,077;365,074;997,091
028:0,003;50,194
029:0,003;264,074;973,080
030:0,003;299,216
031:0,004;209,136
032:0,004;848,159
033:0,004;246,097
034:0,004;224,120
035:0,004;246,097
036:0,004;165,232
037:0,004;70,136
038:0,004;175,230
039:0,004;367,104
040:0,004;165,232
041:0,005;105,265
042:0,005;105,265
043:0,005;101,256
044:0,005;82,124;1113,089
045:0,005;62,141
046:0,005;164,089
047:0,005;62,141
048:0,005;226,105
049:0,005;121,090
050:0,005;82,124
051:0,006;198,111
052:0,006;393,199
053:0,006;424,088
054:0,006;424,088
055:0,006;371,186
056:0,006;371,186
057:0,006;393,199
058:0,006;668,156
059:0,006;386,222
060:0,006;198,111
061:0,007;85,179;480,007
062:0,007
063:0,007
064:0,007;845,275
065:0,007
066:0,007;85,179;198,007;845,275
067:0,007
068:0,007
069:0,007
070:0,007
071:0,008;192,129
072:0,008;192,129
073:0,008;244,105;698,183
074:0,008;179,197
075:0,008;466,123
076:0,008;179,197
077:0,008;327,217
078:0,008;164,246
079:0,008;164,246
080:0,008;205,114
081:0,009;61,200
082:0,009;79,239
083:0,009;78,221
084:0,009;305,220
085:0,009;96,200
086:0,009;123,083
087:0,009;271,107
088:0,009;134,255
089:0,009;57,268
090:0,009;57,268
091:0,010;180,133
092:0,010;164,198
093:0,010;160,250
094:0,010;306,103
095:0,010;167,132
096:0,010;160,166
097:0,010;176,155;872,166
098:0,010;164,198;579,155
099:0,010;160,250
100:0,010;180,133
101:0,011;122,170
102:0,011;157,145
103:0,011;91,128
104:0,011;97,143
105:0,011;38,165
106:0,011;91,128
107:0,011;38,165
108:0,011;97,143;836,145
109:0,011;122,170
110:0,011;78,270
111:0,012;434,183;713,249
112:0,012;1060,172
113:0,012;658,195;1147,106;1167,224
114:0,012;640,126
115:0,012;639,251
116:0,012;626,174
117:0,012;713,249
118:0,012;774,237
119:0,012;649,231
120:0,012;649,231
121:0,013
122:0,013;927,158
123:0,013;904,167
124:0,013;358,134
125:0,013;358,134
126:0,013;927,158
127:0,013;1037,106
128:0,013;1050,185
129:0,013;1084,095
130:0,013;1005,221
131:0,014;84,121
132:0,014;179,212
133:0,014;72,223
134:0,014;82,229
135:0,014;82,229
136:0,014;187,183;643,114
137:0,014;245,102
138:0,014;186,191
139:0,014;257,223
140:0,014;84,121
141:0,015;644,078
142:0,015;33,214
143:0,015;562,148
144:0,015;615,035;900,118
145:0,015;630,108
146:0,015;552,245
147:0,015;634,226
148:0,015;33,214
149:0,015;630,108
150:0,015;912,195
151:0,016;46,030
152:0,016;164,090;881,240
153:0,016;51,030
154:0,016;91,240
155:0,016;46,030
156:0,016;103,096
157:0,016;82,130
158:0,016;103,096
159:0,016;46,030
160:0,016;46,030;444,224
161:0,017;59,267;390,149
162:0,017;21,164
163:0,017;399,161
164:0,017;21,164
165:0,017;43,144
166:0,017;59,267
167:0,017;43,144
168:0,017;282,274;385,242
169:0,017;106,242;592,161
170:0,017;58,149
171:0,018;235,263;1156,241
172:0,018;227,035;908,241
173:0,018;227,035;921,094
174:0,018;227,035;712,085
175:0,018;220,226;317,137;856,263
176:0,018;222,094
177:0,018;340,236
178:0,018;227,035
179:0,018;146,137
180:0,018;220,226
181:0,019
182:0,019
183:0,019
184:0,019
185:0,019
186:0,019;18,215
187:0,019
188:0,019;18,215
189:0,019
190:0,019
191:0,020;788,099
192:0,020;856,142
193:0,020;6,172;382,020;790,190
194:0,020;844,261
195:0,020;6,172
196:0,020;837,146
197:0,020;788,099
198:0,020;871,202
199:0,020;790,190
200:0,020;806,261
