001:0,001
002:0,001
003:0,001
004:0,001
005:0,001
006:0,001
007:0,001
008:0,001;591,275;701,148
009:0,001
010:0,001
011:0,002;324,179
012:0,002;1008,206
013:0,002;1002,254
014:0,002;981,257
015:0,002;967,104
016:0,002;1002,254
017:0,002;324,179;1008,206
018:0,002;1002,145
019:0,002;981,257
020:0,002;1046,201
021:0,003;426,152
022:0,003;828,092;932,226;980,166
023:0,003;426,152
024:0,003;388,274
025:0,003;360,194
026:0,003;419,238
027:0,003;335,275
028:0,003;360,194
029:0,003;386,128
030:0,003;439,244
031:0,004;193,222
032:0,004;148,187
033:0,004;193,222
034:0,004;151,131
035:0,004;25,105
036:0,004;148,177
037:0,004;194,268
038:0,004;134,121
039:0,004;151,131
040:0,004;25,105
041:0,005;339,189;362,240
042:0,005;219,143
043:0,005;184,089
044:0,005;31,253
045:0,005;206,240
046:0,005;166,153
047:0,005;333,218
048:0,005;31,253
049:0,005;184,089
050:0,005;333,218
051:0,006;613,123
052:0,006;398,093
053:0,006;423,210
054:0,006;449,100
055:0,006;364,086
056:0,006;423,210
057:0,006;291,122
058:0,006;364,086
059:0,006;291,122
060:0,006;398,093
061:0,007;631,096
062:0,007;699,208
063:0,007;713,109
064:0,007;405,142
065:0,007;631,096
066:0,007;173,104
067:0,007;668,117
068:0,007;659,124
069:0,007;659,124
070:0,007;806,226
071:0,008;453,267
072:0,008;453,197
073:0,008;596,184
074:0,008;463,183
075:0,008;463,183
076:0,008;446,247
077:0,008;662,120
078:0,008;237,079
079:0,008;446,247
080:0,008;237,079
081:0,009;17,232
082:0,009;62,223
083:0,009;17,232
084:0,009;27,216
085:0,009;16,101
086:0,009;16,101
087:0,009;157,238;434,216
088:0,009;62,223
089:0,009;101,166;551,237
090:0,009;83,245
091:0,010;643,039;781,188
092:0,010;425,114
093:0,010;643,039;781,188
094:0,010;656,097
095:0,010;643,039;801,239
096:0,010;771,111
097:0,010;643,039;810,157
098:0,010;713,209
099:0,010;16,265
100:0,010;810,157
101:0,011;201,175
102:0,011;440,220
103:0,011;389,146
104:0,011;418,171
105:0,011;545,237
106:0,011;418,171
107:0,011;201,175
108:0,011;389,146
109:0,011;440,220
110:0,011;493,161
111:0,012;389,172
112:0,012;389,172
113:0,012;27,162
114:0,012;497,141
115:0,012;443,249
116:0,012;450,199
117:0,012;524,148;1181,145
118:0,012;27,162
119:0,012;630,173
120:0,012;390,270
121:0,013;333,204
122:0,013;330,249;904,268;1164,139
123:0,013;9,160
124:0,013;337,255
125:0,013;9,160
126:0,013;387,078
127:0,013;363,256
128:0,013;326,273
129:0,013;1055,241
130:0,013;410,077
131:0,014;311,095
132:0,014;338,083
133:0,014;421,227
134:0,014;299,106
135:0,014;311,095
136:0,014;185,107
137:0,014;375,170
138:0,014;312,227
139:0,014;453,168
140:0,014;149,263
141:0,015;47,147
142:0,015;59,137
143:0,015;45,098
144:0,015;50,213
145:0,015;50,213
146:0,015;496,182
147:0,015;59,137
148:0,015;62,153
149:0,015;119,155
150:0,015;45,098
151:0,016;52,108
152:0,016;28,140
153:0,016;9,241;1133,176
154:0,016;28,140
155:0,016;75,243
156:0,016;75,243
157:0,016;52,108
158:0,016;37,228
159:0,016;31,180
160:0,016;37,228
161:0,017;122,176
162:0,017;118,133
163:0,017;117,134
164:0,017;234,094
165:0,017;147,106
166:0,017;198,092
167:0,017;117,134
168:0,017;202,246
169:0,017;234,094
170:0,017;441,200
171:0,018;468,165
172:0,018;468,165
173:0,018;467,118
174:0,018;474,250
175:0,018;520,127
176:0,018;580,186
177:0,018;524,166
178:0,018;520,127
179:0,018;467,118
180:0,018;471,267;777,250
181:0,019;921,135
182:0,019;201,189
183:0,019;515,241;605,019;960,178
184:0,019;787,262
185:0,019;839,189;921,135
186:0,019;894,248
187:0,019;804,161;1037,248
188:0,019;837,198
189:0,019;1103,128
190:0,019;787,262
191:0,020;493,139
192:0,020;220,099
193:0,020;437,097;876,083
194:0,020;222,174
195:0,020;222,174
196:0,020;220,099
197:0,020;103,269
198:0,020;292,084
199:0,020;103,269
200:0,020;292,084
