001:0,001;247,082
002:0,001;168,145
003:0,001;236,161;660,116
004:0,001;141,229
005:0,001;141,229
006:0,001;201,088
007:0,001;180,240
008:0,001;187,116
009:0,001;187,116;434,082
010:0,001;183,114
011:0,002;144,131;420,150
012:0,002;134,225
013:0,002;138,247
014:0,002;134,225
015:0,002;144,131
016:0,002;420,150
017:0,002;138,247
018:0,002;154,260
019:0,002;142,132
020:0,002;32,205
021:0,003;497,191
022:0,003;855,272
023:0,003;507,143;1084,191
024:0,003;383,086
025:0,003;640,099
026:0,003;507,143
027:0,003;603,097;899,233
028:0,003;537,233
029:0,003;603,097
030:0,003;383,086
031:0,004;250,218
032:0,004;319,126
033:0,004;249,161
034:0,004;331,139
035:0,004;250,218
036:0,004;389,142;918,139
037:0,004;423,103
038:0,004;319,126
039:0,004;379,259
040:0,004;389,142
041:0,005;24,100
042:0,005;403,158
043:0,005;414,200
044:0,005;441,152;720,170
045:0,005;403,158
046:0,005;414,200
047:0,005;401,104;541,157
048:0,005;24,100
049:0,005;408,141
050:0,005;541,157
051:0,006;545,049;950,239
052:0,006;545,049;1091,104
053:0,006;545,049
054:0,006;574,129
055:0,006;279,173
056:0,006;545,049;881,087
057:0,006;441,104
058:0,006;402,222
059:0,006;545,049;798,129
060:0,006;599,248
061:0,007;605,084
062:0,007;605,084
063:0,007;197,091
064:0,007;585,081
065:0,007;574,087
066:0,007;570,109
067:0,007;550,170;1109,240
068:0,007;570,109
069:0,007;578,131
070:0,007;197,091
071:0,008;19,106;615,093;914,183
072:0,008;80,155
073:0,008;92,262
074:0,008;19,106
075:0,008;391,095
076:0,008;78,248;232,155
077:0,008;9,204
078:0,008;9,204
079:0,008;11,183
080:0,008;44,093
081:0,009;873,163
082:0,009;856,212
083:0,009;1003,169
084:0,009;816,138
085:0,009;158,120
086:0,009;158,120
087:0,009;873,163
088:0,009;816,138
089:0,009;896,270
090:0,009;785,121
091:0,010;829,033
092:0,010;741,181
093:0,010;788,175
094:0,010;727,104;829,033
095:0,010;829,033
096:0,010;191,261
097:0,010;829,033
098:0,010;191,261
099:0,010;715,108
100:0,010;768,241
101:0,011;171,096
102:0,011;109,184
103:0,011;107,164
104:0,011;179,202
105:0,011;110,134
106:0,011;107,164;410,184
107:0,011;8,275
108:0,011;205,208
109:0,011;110,134
110:0,011;8,275;655,202
111:0,012;13,090
112:0,012;162,211
113:0,012;46,195
114:0,012;14,168
115:0,012;63,246
116:0,012;63,246
117:0,012;53,199
118:0,012;71,165;1078,253
119:0,012;26,253
120:0,012;13,090;379,211
121:0,013;286,242
122:0,013;236,051;978,136
123:0,013;236,051;1037,095
124:0,013;255,096
125:0,013;326,144
126:0,013;286,242
127:0,013;236,051;894,189
128:0,013;472,144
129:0,013;634,185
130:0,013;236,051;849,199
131:0,014;8,220
132:0,014;44,255
133:0,014;34,219
134:0,014;44,255
135:0,014;27,160
136:0,014;10,122
137:0,014;60,176
138:0,014;10,122
139:0,014;191,219
140:0,014;8,220
141:0,015
142:0,015;41,265;475,015
143:0,015
144:0,015
145:0,015
146:0,015
147:0,015
148:0,015
149:0,015
150:0,015
151:0,016;241,020;398,113
152:0,016;276,196
153:0,016;302,159
154:0,016;369,251
155:0,016;302,159
156:0,016;251,135
157:0,016;84,162;834,113
158:0,016;84,162
159:0,016;251,135
160:0,016;276,196
161:0,017;608,112
162:0,017;544,252
163:0,017;577,252
164:0,017;504,085;612,118
165:0,017;537,212;885,106
166:0,017;539,207
167:0,017;612,118
168:0,017;286,197
169:0,017;286,197
170:0,017;539,207
171:0,018;192,265
172:0,018;96,263
173:0,018;5,107
174:0,018;76,239
175:0,018;5,107
176:0,018;65,152
177:0,018;78,132;503,265
178:0,018;65,152;118,238
179:0,018;276,185
180:0,018;76,238
181:0,019;330,149
182:0,019;303,092
183:0,019;387,130
184:0,019;303,092;501,271
185:0,019;406,098
186:0,019;469,085
187:0,019;264,201
188:0,019;292,271
189:0,019;309,121;993,165
190:0,019;387,130
191:0,020;488,267
192:0,020;431,267
193:0,020;566,140
194:0,020;372,236
195:0,020;403,182
196:0,020;403,182
197:0,020;50,077
198:0,020;71,172
199:0,020;372,236
200:0,020;410,214
