001:0,001;13,085;84,066;86,216;89,247;119,048;169,245;186,032;200,046;218,138;238,136;239,031;246,233;255,133;258,179;265,165;268,086;288,028;298,177;318,129;343,149;352,041;370,039;371,104;427,042;431,269;437,167;474,027;482,139;489,167;524,072;529,083;547,075;562,101;571,040;579,026;585,033;592,240;638,265;648,038;661,130;667,206;705,161;725,209;761,036;777,089;783,056;810,148;817,225;830,208;838,069;848,063;852,102;871,253;875,227;886,044;902,186;916,126;922,142;958,058;969,137;976,252;980,076;986,059;1003,181;1012,261;1034,142;1041,060;1049,100;1086,199;1088,133;1099,207;1109,123;1116,090;1147,169;1163,211;1167,162;1173,048
002:0,001;23,178;24,075;36,258;39,240;77,067;81,052;88,130;98,107;198,112;200,046;213,082;223,050;227,250;233,211;249,208;281,113;288,028;293,230;303,035;304,259;370,068;393,133;395,046;431,232;440,047;448,193;474,027;491,267;493,030;499,098;505,227;562,128;575,200;590,066;598,154;604,048;624,166;629,029;651,188;661,130;663,200;672,119;698,092;706,167;710,055;725,186;734,270;747,134;759,086;765,250;783,056;784,038;792,178;795,154;802,236;818,203;823,118;825,048;827,087;830,083;836,031;842,260;854,068;864,242;893,106;896,068;903,206;910,027;932,085;984,096;1009,078;1015,135;1041,060;1059,182;1073,168;1078,073;1082,153;1083,205;1089,045;1136,117;1137,039;1147,254;1173,048
003:0,001;25,122;61,061;64,071;73,161;77,067;82,222;84,066;87,049;103,155;113,216;168,086;177,066;180,094;186,032;201,145;252,040;275,232;285,061;290,144;300,097;310,050;351,198;360,192;366,246;367,176;370,068;374,065;384,186;395,046;409,207;431,232;493,030;499,098;531,243;538,078;549,090;561,030;571,040;581,026;588,117;590,066;598,154;645,169;653,034;654,066;691,146;697,030;725,109;761,036;768,272;783,056;806,241;814,142;852,144;864,242;870,135;880,207;886,044;896,068;911,273;926,088;946,122;950,096;958,058;976,252;980,213;986,059;1039,179;1041,060;1056,098;1081,082;1089,045;1101,269;1108,219;1114,127;1123,266;1131,046;1167,054;1173,052;1188,090;1196,028
004:0,001;15,082;61,061;73,161;177,066;186,032;238,136;285,061;299,197;310,050;345,087;383,063;394,203;547,075;561,030;571,040;579,026;585,033;590,066;619,183;658,195;697,030;738,029;761,036;776,200;792,066;807,221;827,087;886,044;902,186;1118,259;1137,039;1147,254;1173,048
005:0,001;14,183;19,151;54,122;77,067;94,202;102,199;175,142;200,046;249,055;260,174;265,026;290,144;350,071;353,164;366,047;374,240;383,063;384,186;395,046;405,118;407,035;411,220;429,042;430,153;447,048;460,274;471,113;474,027;477,030;479,042;496,163;524,072;526,228;595,266;640,184;650,190;654,066;689,181;765,247;773,130;783,056;795,127;803,063;814,142;818,099;874,155;895,036;922,173;930,075;943,184;958,058;973,186;978,078;1094,102;1137,039;1146,263;1169,155
006:0,001;19,151;26,158;59,066;60,111;84,066;87,049;89,247;96,272;134,234;162,060;182,232;186,032;215,063;218,138;232,257;299,197;310,050;333,210;338,164;359,075;370,068;387,166;395,046;409,110;431,269;479,042;487,054;489,167;493,030;505,227;510,170;543,217;550,249;561,030;570,043;585,047;588,163;631,050;638,265;654,066;710,129;760,202;836,031;838,191;842,208;848,063;869,263;886,044;902,144;909,269;932,085;940,208;953,200;979,126;986,059;989,257;990,131;1041,060;1044,228;1059,182;1061,241;1067,169;1089,045;1103,189;1134,076;1137,039;1166,102;1173,048;1177,182
007:0,001;18,070;39,082;60,111;75,096;84,066;86,216;119,048;132,141;140,066;142,182;177,066;202,137;210,271;216,227;220,076;260,174;288,028;306,132;310,050;338,164;340,077;352,041;360,192;364,035;365,134;368,141;372,079;379,226;383,063;399,191;405,045;411,220;420,051;437,167;447,048;471,113;472,153;477,030;479,042;487,054;501,194;524,072;536,192;547,075;555,138;568,134;579,026;585,033;615,256;627,186;632,182;643,262;648,038;658,195;665,061;690,138;738,029;767,214;792,066;795,154;836,031;838,069;848,063;853,240;887,200;895,036;936,128;968,195;977,242;1033,228;1059,245;1082,244;1089,045;1099,207;1118,136;1137,039;1160,038;1162,122;1173,048
008:0,001;15,256;94,202;95,057;98,107;103,155;162,060;175,187;177,066;179,031;184,069;187,222;200,046;201,145;239,185;268,151;271,189;285,061;297,160;310,050;360,224;366,047;368,141;395,046;423,067;441,127;447,048;469,146;474,027;475,215;477,030;487,214;507,179;524,072;550,249;556,041;562,157;588,163;607,159;613,126;633,193;642,077;648,038;650,126;653,034;667,206;681,189;697,030;720,265;738,029;748,209;749,129;755,189;767,214;792,066;804,153;836,031;838,069;862,247;873,130;886,044;896,068;909,269;916,029;932,118;949,226;968,272;1039,184;1041,060;1042,096;1051,099;1129,114;1137,039;1155,217;1168,102;1173,048
009:0,001;14,183;84,066;87,049;88,130;119,048;138,258;352,041;366,047;370,068;383,063;387,166;447,048;469,146;477,030;487,054;493,030;529,083;648,038;653,034;681,189;792,066;806,241;895,036;939,180;986,059;1061,142;1142,128
010:0,001;26,158;61,061;70,236;77,067;96,272;109,085;115,188;119,048;138,258;162,060;179,095;205,185;214,061;220,076;278,131;281,257;288,028;300,097;334,218;352,041;366,246;407,202;409,110;419,088;432,161;443,156;448,193;474,027;479,042;487,054;495,108;501,142;505,133;521,142;536,192;561,030;562,157;571,040;579,026;604,135;610,045;623,080;626,275;648,038;650,190;654,066;693,107;697,030;725,209;738,029;760,202;768,272;783,056;811,066;818,099;836,031;838,069;848,063;852,144;887,160;896,068;908,032;922,173;936,128;939,180;971,068;980,213;1036,029;1042,122;1082,077;1088,245;1092,181;1118,134;1137,039;1158,174;1173,048;1177,182
011:0,002;53,066;63,045;98,205;114,051;120,237;192,051;231,113;440,068;452,230;617,070;683,093;740,217
012:0,002;70,165;98,205;114,051;138,114;154,195;163,219;169,122;182,044;188,195;192,051;220,201;231,113;255,254;282,157;285,062;371,081;423,054;425,060;447,094;476,041;491,147;529,131;541,047;561,072;572,159;585,041;587,168;594,075;612,179;617,070;671,186;678,072;684,265;719,038;722,049;740,217;790,101;798,036;816,096;832,191;834,255;841,151;860,175;861,143;1013,248;1016,079;1025,086;1058,177;1061,040;1062,120;1077,039;1089,066;1091,158;1107,227;1131,072;1151,228;1166,071;1179,258;1192,056
013:0,002;53,066;63,045;93,043;114,051;134,142;135,031;141,211;257,156;489,036;541,047;556,242;617,070;678,072;719,038;722,049;737,255;842,062;891,108;898,028;956,026;989,136;1011,045;1034,130;1038,219;1148,055;1179,258
014:0,002;53,066;65,263;80,249;82,208;94,027;102,147;106,188;172,175;182,044;184,169;186,224;188,231;192,051;234,134;246,232;255,210;284,155;285,062;352,039;365,263;423,054;429,146;440,068;442,026;447,126;522,135;539,067;541,047;553,132;594,075;607,232;617,070;623,047;644,135;678,072;719,038;724,106;770,095;776,213;795,133;803,200;810,239;816,096;817,162;842,062;877,221;881,027;890,144;898,028;934,272;956,026;978,257;987,202;1011,045;1029,088;1031,034;1046,169;1056,179;1061,040;1081,205;1089,066;1096,105;1131,072;1148,055;1160,110;1166,071;1196,119;1197,105
015:0,002;63,045;93,043;114,051;135,031;141,211;169,041;171,101;425,060;440,068;455,124;476,041;489,036;529,131;881,027;898,028;941,072;956,026;989,136;1013,064;1031,034;1061,040;1077,039;1098,245;1131,072;1155,055;1180,168
016:0,002;14,118;32,193;35,090;36,069;54,098;63,045;99,262;108,128;114,051;128,122;134,142;169,041;173,226;178,202;187,207;191,176;195,257;240,033;272,215;317,096;347,157;375,151;421,222;422,027;423,054;425,060;442,042;445,259;466,079;468,253;476,041;489,111;491,147;530,183;539,067;550,080;566,144;581,210;589,049;605,125;617,070;623,047;684,229;698,085;719,038;728,241;734,055;744,123;761,116;777,271;782,074;793,102;824,217;842,062;869,047;872,187;877,171;890,204;891,108;898,222;956,026;970,177;975,115;1001,082;1013,064;1030,184;1031,034;1061,226;1089,066;1091,158;1118,229;1121,164;1126,103;1131,072;1137,190;1192,056
017:0,002;49,269;85,260;93,043;125,233;166,075;172,175;182,044;188,162;192,051;193,065;195,257;199,057;210,133;231,053;251,033;257,156;311,151;347,176;440,068;445,038;454,151;455,259;489,036;530,183;571,244;575,180;581,256;617,070;623,047;651,145;664,071;684,265;722,049;728,241;772,088;786,065;796,138;815,185;886,157;894,151;898,028;909,218;941,072;956,026;987,202;1006,103;1010,244;1011,045;1034,130;1061,040;1077,039;1098,194;1139,028;1160,110
018:0,002;53,066;63,045;93,043;114,051;120,237;182,044;187,207;285,062;351,255;422,027;425,060;440,068;445,038;454,151;594,075;605,125;623,047;670,090;678,072;722,049;725,198;869,047;881,027;898,028;943,165;1192,056
019:0,002;35,090;36,069;65,263;116,082;163,128;169,041;188,241;192,051;234,091;243,063;255,254;258,054;267,047;317,096;351,255;422,027;423,054;424,215;445,038;455,100;476,041;477,231;489,111;539,067;541,047;561,072;577,154;587,168;612,179;617,070;623,047;651,145;678,072;683,093;719,038;724,254;727,155;737,255;769,043;774,201;793,102;802,248;803,050;811,125;896,095;901,053;943,165;946,171;976,102;1013,064;1029,088;1059,045;1062,227;1067,041;1077,039;1083,164;1089,066;1105,042;1114,212;1123,156;1137,190;1148,055;1170,214;1173,247;1177,218;1180,168;1192,056
020:0,002;64,071;75,164;102,147;106,132;135,031;151,171;169,041;181,036;184,169;188,259;192,051;227,250;234,091;265,248;285,062;330,063;345,198;371,052;375,266;389,127;405,263;422,027;424,204;440,068;445,259;455,124;489,036;523,057;532,158;594,075;607,232;617,070;670,198;678,072;725,198;754,159;769,238;773,203;842,062;869,047;877,171;881,027;891,245;898,028;941,072;946,171;950,118;957,094;981,072;992,122;1004,189;1011,045;1030,184;1061,040;1077,039;1106,127;1111,193;1113,152;1120,130;1144,162;1148,055;1166,071;1185,246
021:0,003;12,178;19,230;22,272;35,065;36,133;37,127;54,070;70,074;76,269;92,161;95,138;114,132;117,247;162,055;199,189;205,191;219,105;223,054;229,270;230,083;282,272;363,205;413,049;414,130;442,026;447,184;491,222;504,058;508,274;521,167;539,060;551,037;567,183;572,059;577,097;578,041;596,140;647,144;692,055;701,061;712,174;717,162;741,221;758,253;859,044;867,239;924,217;926,066;958,209;961,050;979,071;989,141;997,042;1018,243;1019,032;1025,051;1052,212;1056,158;1078,073;1092,128;1137,219;1186,187;1189,106;1191,095;1193,146
022:0,003;6,015;13,264;132,042;135,071;136,174;148,031;160,119;164,244;191,057;202,037;203,218;223,054;238,240;239,229;240,179;245,081;251,233;264,053;293,249;328,272;333,222;339,032;346,252;372,232;390,236;398,199;417,086;433,037;440,237;441,117;501,263;508,274;513,266;537,140;550,071;557,052;596,160;608,128;609,086;616,239;653,092;655,048;668,207;692,055;701,061;712,177;784,038;787,047;788,249;828,142;831,058;866,140;891,245;895,184;915,274;926,066;938,060;950,175;961,050;983,088;1025,051;1028,217;1034,195;1049,062;1067,225;1082,267;1096,259;1124,153;1135,126;1152,180;1161,047;1168,193;1180,051
023:0,003;4,114;23,253;35,065;39,062;56,144;59,127;67,064;83,153;132,042;156,098;178,245;248,072;262,176;328,036;330,028;339,045;348,049;372,232;378,050;391,088;404,076;413,049;430,115;433,159;442,026;456,087;461,229;472,094;504,058;537,140;557,189;578,041;600,128;621,257;655,048;666,212;671,216;692,055;701,061;708,034;731,149;744,122;750,213;756,236;762,181;784,038;787,047;814,263;821,240;823,116;828,135;848,158;850,084;875,088;878,210;961,050;965,236;1035,221;1063,093;1067,225;1078,073;1096,259;1110,132;1120,047;1123,250;1139,170;1151,078;1153,074;1166,102;1167,054;1181,073;1190,190
024:0,003;18,141;35,065;50,257;132,042;139,187;223,054;227,053;248,072;256,051;263,240;539,060;551,037;567,257;572,059;589,084;908,073;926,066;961,050;989,141;997,042;1019,032;1048,269;1107,049;1119,213
025:0,003;18,076;26,219;35,065;45,206;50,257;67,064;99,123;119,195;132,042;133,147;145,110;146,174;148,031;155,201;162,055;164,244;191,057;199,189;202,037;203,218;223,054;230,083;234,044;239,229;247,048;252,258;256,051;263,256;265,044;284,220;287,026;288,115;295,262;297,135;328,036;330,028;332,269;333,271;344,077;367,147;378,050;381,129;413,049;448,247;469,033;486,180;495,237;498,070;507,258;572,059;578,041;616,239;632,096;639,173;644,055;656,084;666,212;667,076;692,055;701,061;702,137;708,034;711,203;784,038;787,047;788,252;815,233;889,043;900,107;908,073;923,080;991,159;996,267;997,042;1020,099;1025,051;1048,168;1049,062;1071,210;1075,190;1107,049;1119,213;1133,186;1138,104
026:0,003;22,272;54,070;56,144;223,054;227,053;247,048;248,072;267,271;353,210;378,050;386,123;442,026;455,159;1007,108;1019,032;1049,062;1078,073;1088,079;1120,047;1134,072;1180,051
027:0,003;23,253;889,043;899,228;926,066;961,050;976,180
028:0,003;18,141;148,031;155,165;162,055;173,221;191,057;202,037;209,192;227,053;247,048;248,072;264,053;328,036;333,222;339,032;346,108;378,050;391,088;504,058;507,258;551,037;567,257;1048,250
029:0,003;26,219;35,065;37,127;67,064;91,150;99,123;117,130;148,031;150,144;155,201;162,055;208,088;229,270;246,133;248,072;256,051;264,053;297,135;328,036;330,028;332,099;339,032;347,271;413,049;425,148;433,037;441,117;442,026;477,231;483,107;486,200;491,109;539,060;559,263;572,059;578,041;590,108;596,140;604,184;625,253;631,138;655,048;667,076;701,061;708,034;717,162;820,137;862,128;889,043;899,228;997,042;1014,203;1049,062;1075,190;1107,049;1109,078;1119,250;1120,047;1131,174;1137,039;1143,160;1167,054;1172,101;1174,152;1180,051
030:0,003;18,076;67,064;95,138;202,037;209,192;223,054;227,053;247,048;248,072;263,240;264,053;293,249;433,037;447,184;701,061;702,137;1107,049;1120,047;1138,104
031:0,004;3,040;11,251;54,070;59,211;67,038;78,143;91,063;98,266;110,239;127,034;145,030;149,248;155,165;169,063;189,181;231,038;259,064;286,059;304,092;341,204;393,057;400,148;422,081;447,097;448,050;453,190;466,051;467,109;499,034;522,243;528,068;558,207;615,119;629,049;658,126;683,069;691,261;711,089;715,194;781,047;785,067;797,036;807,158;867,041;884,034;897,251;902,232;943,244;947,063;948,142;1007,096;1021,241;1026,074;1083,068;1086,222
032:0,004;3,040;17,116;72,041;117,185;247,073;268,221;301,038;310,028;329,063;331,057;376,028;380,055;387,058;398,051;446,037;448,050;467,101;629,049;657,079;785,067;788,113;862,066;901,053;939,074;976,072;1006,056;1026,074;1185,064;1196,028
033:0,004;7,150;12,034;31,136;72,041;108,044;145,231;370,073;376,028;380,055;387,058;398,051;448,050;466,051;506,030;528,068;570,071;594,097;1026,074;1185,064;1196,028;1200,045
034:0,004;7,142;59,034;72,041;108,044;145,176;231,038;255,139;301,038;329,063;331,057;376,028;380,055;387,058;398,051;446,037;448,050;466,051;517,254;919,036;939,074;958,090
035:0,004;3,040;17,116;91,063;108,044;143,224;239,038;262,224;310,028;331,057;375,100;446,037;448,050;466,051;506,030;528,068;568,138;653,157;683,069;689,040;702,213;867,041;901,053;939,074;976,072;1006,056;1026,074;1185,064;1200,045
036:0,004;3,040;20,064;59,034;72,041;110,239;152,245;169,063;189,181;247,073;268,221;506,030;522,243;671,126
037:0,004;1,192;7,150;12,034;20,064;50,227;59,034;67,038;72,041;81,128;83,132;91,063;106,202;108,044;127,034;146,146;231,038;247,073;261,204;273,214;329,063;339,066;342,181;356,094;365,124;370,073;375,100;380,055;382,120;422,027;423,067;443,190;446,037;462,079;463,190;466,051;499,034;510,067;516,186;520,071;533,120;535,179;542,041;544,066;558,207;560,148;570,071;572,218;577,044;578,040;585,033;590,228;643,202;658,201;663,081;674,258;681,122;683,069;689,040;691,261;701,206;705,126;733,045;743,033;750,101;833,094;842,241;862,066;863,124;890,247;901,053;936,190;939,074;943,244;962,179;966,116;976,072;1006,168;1083,182;1118,144;1132,128;1159,275;1199,274
038:0,004;1,192;5,143;12,034;20,064;59,211;67,038;85,253;98,266;127,034;152,245;163,098;181,271;264,086;265,044;281,178;328,077;329,063;342,219;370,073;371,225;376,028;381,274;387,058;393,057;398,051;423,067;434,051;443,146;448,050;474,106;485,215;499,034;517,254;523,262;707,218;717,211;727,271;736,188;757,226;775,259;781,047;785,067;788,113;805,126;812,247;825,048;829,272;864,238;867,041;883,167;889,254;898,144;901,053;904,191;909,199;976,072;1004,114;1006,056;1021,241;1026,074;1083,068;1094,231;1134,067;1152,088;1171,211;1181,216;1196,028;1200,045
039:0,004;2,121;3,040;5,143;12,034;36,128;40,077;50,227;59,034;67,038;79,085;91,063;107,119;111,136;127,034;143,224;149,248;164,118;169,063;194,085;202,125;216,274;231,038;247,073;265,044;269,244;331,057;371,225;398,051;423,067;457,154;466,051;483,181;498,035;504,223;506,030;523,262;553,124;559,033;570,071;586,044;613,199;629,049;653,157;657,079;687,114;693,241;722,049;729,212;781,047;785,067;801,092;804,094;823,175;834,195;862,066;867,041;876,237;895,036;949,179;997,178;1006,168;1013,047;1029,061;1057,136;1062,239;1083,068;1097,220;1122,132;1159,056;1177,119;1179,222;1196,028
040:0,004;9,202;11,251;20,064;83,132;91,273;111,179;117,185;131,230;169,063;213,187;265,044;273,214;301,038;310,028;321,142;325,124;329,063;344,263;370,068;387,105;393,057;400,158;403,182;410,236;423,067;437,123;443,146;466,051;499,034;508,248;520,206;528,068;566,083;568,102;570,071;576,108;689,040;692,055;698,085;702,213;713,116;718,223;750,101;781,047;785,067;795,029;799,137;801,092;862,066;876,237;896,064;901,053;904,191;939,074;954,216;956,154;1006,056;1029,061;1062,202;1075,081;1083,068;1092,174;1116,270;1146,134;1166,192;1169,264;1196,028;1200,045
041:0,005;2,086;10,007;16,143;22,217;30,051;36,069;39,168;67,037;78,052;84,027;93,088;103,154;129,053;133,097;188,034;192,236;201,256;211,055;234,218;248,027;260,026;269,145;319,182;320,075;327,123;382,145;434,100;458,060;463,037;476,162;510,062;514,219;518,027;551,175;560,029;583,060;588,053;621,103;622,256;677,248;679,038;708,034;721,082;729,248;758,053;777,030;784,048;788,252;800,093;826,031;843,224;846,031;848,157;871,111;881,240;900,209;976,072;986,259;995,059;998,227;1016,047;1018,140;1037,113;1063,212;1080,246;1124,239;1142,035;1158,204;1175,181
042:0,005;10,087;84,027;87,047;103,154;167,040;197,033;248,027;319,184;342,060;387,082;393,029;405,063;458,060;463,037;472,035;509,138;583,060;596,215;691,073;720,135;1023,027;1036,029;1052,170
043:0,005;4,083;16,143;26,164;30,051;50,121;58,236;67,037;78,052;106,231;119,251;124,153;129,053;132,066;165,258;167,040;180,255;200,247;239,223;259,064;262,048;265,274;276,270;320,075;322,184;342,060;388,198;458,060;467,242;472,035;486,207;502,047;505,224;511,189;518,027;524,078;559,033;560,029;583,060;585,047;588,053;608,149;702,057;730,085;757,227;784,048;797,036;800,093;814,254;830,134;834,205;843,224;846,061;897,202;905,177;907,132;908,032;912,218;932,200;944,254;995,059;1000,155;1008,200;1014,247;1019,164;1036,029;1037,186;1042,267;1062,137;1071,059;1093,234;1142,103;1153,155;1158,133;1163,123;1178,269
044:0,005;11,236;98,186;106,036;132,066;167,040;197,033;248,027;320,075;337,033;393,029;405,063;458,060;478,251;502,047;518,027;568,119;679,038;707,145;758,053;796,205;908,032;995,059;997,219;1036,029;1057,265
045:0,005;4,083;24,169;67,037;78,052;84,027;87,047;88,073;101,169;102,225;106,036;121,068;134,225;138,122;146,171;148,186;167,040;193,258;197,033;199,129;211,055;245,167;253,211;259,064;282,068;291,209;294,272;303,262;342,060;380,197;387,082;393,029;405,063;463,256;472,035;502,047;509,138;510,062;511,189;560,029;583,060;586,131;588,053;626,084;629,238;661,064;686,216;743,033;770,155;773,049;784,048;803,103;827,072;828,118;846,061;879,075;880,097;895,087;950,055;952,085;981,170;995,059;1026,244;1029,165;1036,029;1047,145;1071,059;1088,264;1093,234;1135,242
046:0,005;18,210;30,051;38,225;42,052;84,027;87,047;109,085;197,032;200,247;211,055;251,273;259,064;276,270;290,264;307,215;320,075;327,123;332,241;333,240;337,033;342,060;382,145;401,190;458,060;463,037;491,267;499,236;502,047;510,062;533,094;603,264;608,149;617,083;621,103;658,184;661,064;670,114;676,243;679,038;702,057;706,034;707,145;721,082;743,270;801,086;804,088;815,248;827,072;828,029;834,268;846,031;871,111;908,032;981,170;982,134;995,059;1057,265;1071,059;1080,246;1171,163;1178,274
047:0,005;10,107;30,051;42,052;63,110;88,073;106,036;129,053;132,066;181,227;248,027;320,075;337,033;402,135;533,094;560,029;588,053;628,128;687,263
048:0,005;10,087;67,037;84,027;88,073;106,036;129,053;132,066;167,040;197,033;248,027;320,075;337,033;375,060;380,197;585,047;596,215;702,057;720,135;743,033;758,053;782,171;784,048;827,072;846,061;900,209;938,032;997,219;1071,059;1097,233
049:0,005;10,107;30,051;42,052;63,110;80,095;84,027;88,073;106,036;129,053;133,097;188,034;197,033;234,218;405,063;463,256;472,035;510,062;518,027;560,029;585,047;588,053;628,128;661,064;670,114;743,033;758,053;784,048;827,072;846,061;908,032;998,227
050:0,005;17,166;18,210;30,051;39,168;42,052;54,222;67,037;80,095;181,227;188,034;192,236;197,033;248,072;252,217;259,064;290,051;295,088;319,184;320,075;329,095;379,178;384,230;389,232;414,147;430,275;446,239;458,060;467,101;472,035;501,129;502,047;510,062;517,126;518,027;551,175;560,091;619,263;624,070;629,238;639,103;691,073;702,057;712,030;716,188;743,033;757,227;758,264;796,205;807,158;815,026;823,094;827,072;828,122;834,268;861,227;874,177;891,143;897,202;969,169;989,254;1047,193;1052,170;1071,210;1078,052;1088,264;1092,065;1097,233;1126,256;1149,163;1163,093;1185,064;1190,110
051:0,006;14,035;47,013;55,179;264,266;315,061;332,074;351,060;353,209;358,001;373,195;380,031;406,036;417,187;431,062;464,044;509,069;560,036;586,031;591,043;602,045;669,240;803,050;825,266
052:0,006;14,035;51,220;135,071;145,026;146,088;306,059;307,191;332,074;344,055;358,001;378,072;380,031;403,185;419,038;431,062;464,044;509,069;560,036;586,031;591,043;604,142;643,063;666,054;676,045;697,102;772,173;800,074;810,207;888,037;906,272;997,248
053:0,006;14,035;47,013;56,245;93,060;104,221;145,026;146,088;193,058;195,041;238,262;315,061;332,074;344,055;358,001;378,072;380,031;406,036;428,031;455,072;464,044;510,246;560,036;586,031;591,043;602,045;621,175;775,240;844,248;867,057;883,156
054:0,006;14,035;47,013;55,204;195,041;234,226;260,026;301,172;344,055;358,001;380,031;406,036;419,038;428,031;455,072;498,044;508,231;643,063;666,054;676,045;689,104;725,043;751,102;773,049;800,074;801,151
055:0,006;36,190;47,013;50,243;51,220;81,111;92,084;93,060;99,049;112,274;114,261;135,071;142,182;145,026;148,202;157,075;158,230;193,058;213,082;267,044;289,059;308,139;315,061;324,054;337,187;344,055;346,143;358,001;385,119;388,039;409,251;415,122;419,038;425,174;431,062;449,116;455,072;464,044;485,091;491,156;492,070;525,274;602,045;617,086;621,090;631,250;653,034;669,240;676,045;680,075;698,230;753,199;769,043;773,049;778,063;789,191;811,040;825,266;846,246;916,186;947,119;967,157;1025,070;1029,156;1066,119;1068,181;1070,174;1103,177;1139,028;1148,214;1166,207
056:0,006;14,035;47,013;56,245;99,049;114,261;157,075;162,269;193,058;195,041;224,143;295,070;306,059;315,061;332,074;344,055;358,001;378,115;509,069;510,246;602,045;614,104;680,075;689,104;769,043;773,049;789,191;843,040;867,057;879,121;1072,078
057:0,006;21,236;47,013;90,139;91,169;93,060;99,049;104,221;107,124;133,130;135,071;140,080;145,026;148,196;157,075;159,030;170,075;172,273;195,041;239,127;245,031;247,197;260,026;264,266;295,070;301,172;315,061;337,233;344,055;353,209;358,001;373,195;419,038;425,174;431,062;478,119;489,051;499,038;508,231;534,203;560,036;578,086;594,248;597,193;604,142;614,104;643,063;645,200;655,089;666,054;684,252;693,106;720,041;721,043;727,271;781,227;800,074;803,257;810,207;811,040;827,206;843,040;862,253;867,057;888,118;903,088;927,189;932,158;970,240;1007,069;1047,145;1069,179;1099,084;1112,261;1127,102;1139,028;1142,117;1157,216;1189,154
058:0,006;78,224;122,081;126,216;135,071;148,129;172,273;175,065;190,197;193,058;224,143;264,053;266,215;277,243;317,142;337,233;344,055;360,101;378,072;388,176;395,122;406,036;417,187;428,031;449,116;455,072;464,044;518,033;529,105;547,250;643,063;667,222;676,045;680,075;689,038;690,155;744,178;803,050;811,040;825,236;843,040;846,246;851,132;862,254;867,057;879,121;893,208;912,090;943,138;1007,069;1018,243;1025,070;1026,236;1089,155;1109,095;1129,259;1135,266;1160,142;1165,197;1178,228;1182,156;1188,072;1190,136
059:0,006;14,035;47,013;55,204;185,230;295,070;306,059;308,139;315,061;332,074;344,055;371,109;388,039;406,036;419,038;428,031;455,072;469,202;597,248;1007,069;1021,141
060:0,006;19,217;29,143;47,013;69,175;81,119;93,060;99,049;122,226;141,128;148,196;157,075;162,269;186,204;193,058;208,133;260,026;267,239;270,212;295,070;307,191;358,001;371,109;378,072;380,106;388,039;406,036;430,128;434,196;481,124;490,220;509,069;573,046;578,105;591,043;597,193;643,063;660,248;674,179;684,252;691,073;697,102;727,034;744,178;768,137;773,049;789,220;797,200;800,074;801,151;803,050;811,040;824,098;827,206;863,172;867,057;883,156;1007,069;1019,217;1025,070;1036,102;1097,145;1139,028;1148,214
061:0,007;11,099;159,061;168,052;313,070;359,147;489,033;490,028;523,261;645,041;650,027;666,251;814,044;834,169
062:0,007;11,188;31,065;32,175;45,058;106,219;159,061;168,052;313,051;320,053;343,194;473,032;490,028;517,073;582,089;592,057;616,046;617,117;862,207;865,083;930,075;943,059;950,057;965,068;987,209
063:0,007;14,114;15,075;21,234;22,062;23,140;37,172;45,058;95,067;101,048;106,219;151,057;167,217;173,229;184,069;247,098;267,178;271,070;277,201;285,061;307,224;314,248;320,053;331,162;334,092;359,075;381,231;384,061;385,245;391,162;479,038;490,211;518,215;592,057;614,226;645,041;647,087;650,027;663,046;691,090;718,041;725,146;730,052;744,123;789,255;795,057;803,130;862,028;878,134;891,263;900,221;913,138;926,044;930,075;932,226;933,147;943,059;964,259;972,269;974,268;979,033;985,221;992,169;997,053;1009,270;1033,272;1034,192;1057,188;1065,232;1083,186;1092,216;1133,245;1193,206;1196,275
064:0,007;24,169;33,249;45,058;98,186;151,057;165,054;173,229;184,069;239,223;243,269;372,163;384,061;391,162;400,230;403,221;404,044;417,079;435,229;448,219;450,153;460,054;462,061;481,145;509,223;513,208;518,054;523,261;547,248;604,155;629,029;645,041;653,033;666,251;667,188;675,095;700,258;704,036;712,110;713,159;730,052;794,062;797,227;825,029;828,257;831,185;837,032;861,224;889,186;895,036;902,157;919,135;926,044;930,075;938,060;950,154;969,226;979,033;991,162;997,053;1020,234;1030,186;1032,148;1034,214;1037,199;1045,244;1108,151;1136,087
065:0,007;11,188;15,075;31,065;33,249;79,058;103,114;168,052;313,070;335,216;460,054;473,032;490,211;592,057;616,046;636,174;663,046;725,146;730,052;795,057;803,130;943,059;950,057;965,068;979,033;987,209
066:0,007;10,124;15,075;20,129;31,065;37,172;45,058;112,082;129,138;131,086;151,057;155,095;157,247;168,052;215,114;254,185;313,051;314,248;331,162;377,207;384,061;395,210;460,054;462,061;473,032;489,033;491,136;563,274;570,083;572,072;582,089;595,207;645,041;658,162;661,227;663,046;704,052;712,110;716,213;728,129;732,153;747,088;755,090;757,071;776,108;781,095;795,057;807,113;810,097;814,044;826,031;834,169;837,032;865,204;881,184;884,253;904,164;907,192;910,053;912,103;930,075;938,060;943,059;945,091;965,068;979,267;981,090;995,086;1004,106;1020,234;1055,127;1076,146;1093,270;1096,186;1183,088
067:0,007;15,075;21,234;151,057;159,061;168,052;184,069;267,178;313,070;343,194;359,075;377,207;473,032;490,028;517,073;581,258;616,046;629,029;661,064;663,046;730,052;797,036;822,103
068:0,007;15,075;31,065;32,175;151,057;159,061;167,217;184,069;243,269;313,051;320,053;335,216;470,061;489,033;490,028;518,215;572,072;592,057;616,046;629,029;663,046;730,052;795,057;814,044;825,029;837,032;859,199;926,044;932,226;979,033;997,053;1022,076
069:0,007;11,099;462,061;513,028;517,073;581,258;650,027;683,238;862,028;894,161;938,060;950,057;965,068;997,053;1016,229
070:0,007;10,124;159,061;168,052;313,070;359,075;384,061;392,085;460,054;462,061;486,168;517,073;572,072;592,057;616,046;629,029;663,046;730,052;795,057;797,036;814,044;825,029;837,032;862,028;926,044;935,212
071:0,008;10,121;52,230;67,055;72,241;73,068;95,128;101,048;111,072;117,270;127,224;137,058;153,140;167,158;187,270;207,225;215,027;233,224;266,058;291,229;301,163;327,029;331,028;339,032;340,104;349,253;359,077;427,191;547,045;559,235;566,143;581,237;674,222;732,032;747,060;756,222;782,075;817,255;822,239;830,263;838,203;852,075;869,043;881,049;920,188;922,036;934,217;944,029;951,178;968,048;969,096;990,122;1003,192;1007,173;1052,152;1064,186;1079,137;1083,256;1092,065;1095,075;1111,187;1139,026;1151,196;1173,052;1181,073;1183,027;1192,140
072:0,008;25,221;52,027;73,068;87,033;113,057;117,270;223,075;236,036;266,058;296,133;413,053;494,040;559,235;884,034;907,084;944,029;950,242;979,071;1004,267;1087,177;1095,075;1111,187
073:0,008;43,258;50,027;64,243;71,262;101,048;120,151;125,227;137,058;183,253;195,129;219,110;223,075;231,210;236,036;275,091;283,108;285,062;291,229;297,143;368,054;370,039;379,275;384,074;419,195;494,040;499,072;525,196;547,045;566,143;587,046;593,084;617,059;643,193;652,235;673,087;686,230;710,225;727,109;732,032;785,243;810,048;829,045;839,245;852,075;863,206;908,046;924,115;944,029;947,267;1011,185;1017,060;1023,250;1035,119;1042,096;1057,028;1064,173;1065,102;1080,180;1085,034;1092,065;1095,075;1110,275;1173,052;1190,133
074:0,008;42,226;236,036;266,058;296,133;370,039;372,241;384,074;392,068;413,053;494,040;526,275;762,177;1124,216;1166,170
075:0,008;22,190;43,195;50,027;73,068;87,033;103,122;215,027;227,239;327,029;334,229;494,040;526,275;617,059;643,193
076:0,008;25,196;87,033;99,215;137,058;183,160;384,074;392,068;407,035;413,053;494,040;525,196;732,032;789,153;800,067;801,157;968,048;979,071;1000,152;1181,073
077:0,008;20,101;25,196;50,027;71,262;73,068;97,035;120,054;125,227;133,168;137,058;193,255;202,160;210,099;223,075;235,164;236,036;258,244;263,154;266,058;285,062;297,143;300,274;327,029;333,126;340,104;368,054;370,039;384,113;392,068;400,108;413,053;433,238;494,040;496,069;513,117;518,065;540,174;547,045;564,104;611,170;617,059;644,164;651,275;680,196;732,032;782,075;810,077;829,045;846,258;852,075;854,259;863,206;864,235;884,034;911,210;916,102;968,048;974,268;990,097;1007,199;1131,236;1151,196;1163,038;1166,250;1181,073;1183,027;1196,216
078:0,008;22,102;27,235;41,198;43,258;73,068;96,235;101,048;111,240;126,067;127,224;137,058;178,129;183,160;199,158;215,027;235,168;301,038;306,163;327,029;334,229;368,054;379,085;384,061;386,154;392,085;407,035;413,036;422,139;486,168;498,207;504,040;518,065;525,051;536,222;540,174;547,045;568,080;595,150;602,197;630,174;679,177;696,083;736,119;758,271;759,109;782,075;800,067;806,265;810,048;829,045;846,061;848,270;852,075;860,163;876,225;884,034;900,126;905,220;941,188;944,029;950,242;972,118;979,071;1011,060;1023,250;1057,028;1060,084;1075,236;1092,065;1095,075;1126,044;1127,214;1134,038;1147,184;1152,081;1173,052;1181,073;1183,027;1194,048
079:0,008;13,192;18,070;42,226;50,027;67,055;86,121;87,033;99,215;120,151;125,241;137,058;167,158;215,027;223,075;231,210;236,036;252,224;255,263;258,244;266,058;299,060;312,066;315,094;327,029;340,242;368,054;370,039;372,193;376,184;379,275;384,074;405,045;427,194;445,220;494,040;499,072;513,117;518,065;531,035;532,139;569,235;615,100;617,059;634,162;691,208;721,183;726,157;732,032;736,119;770,046;782,071;785,243;793,150;801,157;806,115;810,048;827,081;829,045;839,245;884,034;902,067;905,220;908,046;916,102;936,190;951,194;956,080;968,048;969,096;970,076;1030,259;1044,216;1048,236;1054,126;1057,028;1065,211;1093,223;1109,238;1110,275;1126,084;1150,146;1155,229;1165,122;1173,052;1183,027;1191,194
080:0,008;27,235;67,055;72,241;392,068;407,035;413,053;499,072;518,065;532,139;782,075;810,077;829,045;845,131;867,099;1057,028;1065,211
081:0,009;1,002;3,275;15,030;19,213;111,163;169,040;176,274;182,039;198,187;203,110;234,094;238,042;244,152;303,035;306,114;347,152;360,046;366,240;373,272;389,060;404,251;425,103;427,265;434,225;472,240;474,152;616,223;632,142;726,188;735,060;777,119;778,179;781,134;798,274;826,073;861,202;864,102;874,261;901,063;922,042;924,269;965,122;992,081;1006,163;1029,061;1057,045;1068,176;1081,074;1133,029;1134,038;1159,056;1171,118
082:0,009;7,142;14,139;15,030;32,181;42,231;91,053;95,033;111,163;191,028;217,224;218,084;238,042;252,040;257,071;258,054;263,233;270,064;273,122;275,127;303,035;310,028;322,223;341,146;359,254;360,046;361,272;389,060;405,218;409,075;426,240;435,204;450,085;476,079;554,184;586,233;592,173;608,254;631,136;637,140;748,215;751,258;771,059;773,043;798,274;854,150;863,049;901,063;922,042;960,128;965,038;984,154;991,117;996,108;998,084;1003,159;1016,192;1018,103;1025,097;1029,061;1056,105;1097,056;1108,144;1150,165;1159,056
083:0,009;15,030;20,166;191,028;217,252;441,188;724,175;863,049;922,042;965,038;996,108;1200,142
084:0,009;15,030;173,197;182,039;203,110;205,028;226,170;512,226;762,060;771,059;797,163;912,081
085:0,009;19,213;38,062;52,233;129,030;165,090;773,043;811,066;822,047;826,073;865,113;912,049;922,042;965,038;977,261
086:0,009;31,212;32,181;38,062;42,231;52,233;79,209;142,239;167,079;182,039;191,028;218,084;238,042;264,076;322,223;409,075;414,196;439,152;480,188;517,217;583,056;592,173;682,128;722,238;735,060;771,059;773,043;792,059;797,163;819,088;845,190;846,177;863,267;901,063;922,042;944,182;970,121;977,261;1006,257;1029,061;1056,105;1068,176;1081,202;1097,056;1108,063;1112,207;1134,038;1169,188;1194,049
087:0,009;15,030;165,090;252,040;264,107;670,226;735,060;773,043;811,066;826,073;863,049;922,042;965,038;1002,142
088:0,009;15,030;165,275;271,210;389,060;401,106;773,043;820,119;942,204;1134,038;1169,188
089:0,009;15,030;165,275;238,042;264,107;303,035;306,114;317,170;360,046;361,097;364,222;669,140;735,060;771,059;773,043;826,073;868,204;1171,118
090:0,009;15,030;20,166;38,062;55,179;60,169;110,207;142,083;160,224;169,176;182,039;191,028;217,252;238,042;252,040;263,208;289,076;298,177;341,045;347,155;360,046;364,222;367,237;379,198;389,060;394,232;396,107;409,075;425,103;571,131;583,181;587,083;602,047;622,135;630,179;631,083;670,174;743,139;771,059;778,264;810,252;820,119;826,164;832,220;837,210;863,049;912,081;922,042;946,122;965,038;997,137;1029,061;1040,241;1051,062;1070,174;1085,123;1087,217;1096,262;1097,056;1104,153;1159,056;1166,156;1179,219
091:0,010;8,062;34,125;350,071;368,226;527,095;573,046;579,115;864,066;927,247
092:0,010;8,062;21,042;34,243;197,200;1099,058;1173,034;1198,207
093:0,010;14,139;301,033;305,250;501,075;526,168;556,049;565,117;786,065;788,239;871,150;967,049;980,173
094:0,010;8,062;21,042;40,199;106,064;136,189;144,035;154,139;236,044;250,148
095:0,010;8,062;21,042;32,043;34,125;181,036;197,200;301,033;305,250;556,049;560,221;649,032;665,179;819,072;848,052;864,066;909,093;1173,034;1197,105
096:0,010;3,258;8,062;28,206;122,036;136,072;143,115;144,035;145,140;154,141;181,036;191,224;205,157;214,237;216,096;221,235;234,044;244,123;262,105;282,026;289,166;313,219;319,087;350,071;365,161;382,049;397,078;455,210;498,081;501,075;513,220;517,210;556,049;557,136;649,032;660,087;673,067;682,208;708,210;715,248;724,142;769,079;782,152;786,065;788,239;793,229;819,072;823,151;830,113;842,056;854,219;864,066;872,262;883,248;909,093;929,127;959,155;967,049;970,129;976,131;984,179;1073,035;1099,058;1154,205
097:0,010;14,223;21,042;29,112;84,066;89,269;109,036;113,202;214,036;221,235;239,170;243,099;261,167;301,033;309,124;312,263;350,071;358,242;363,178;397,078;429,113;431,211;477,030;486,221;501,115;542,046;543,033;560,221;758,132;786,065;790,078;800,067;817,202;848,052;857,214;864,050;872,262;879,144;967,049;981,065;994,193;1032,167;1038,141;1073,035;1089,117;1124,245;1140,203;1173,034;1191,236;1192,056;1193,270
098:0,010;3,258;32,043;38,028;77,121;106,064;134,148;143,115;202,057;224,164;244,123;287,134;301,033;309,041;312,263;330,071;336,190;364,035;369,139;382,049;387,158;405,045;419,265;424,220;468,033;472,038;515,267;522,035;537,224;540,101;546,226;573,046;576,249;599,051;605,233;649,032;665,179;670,254;700,122;724,257;737,126;746,032;792,133;815,227;842,056;848,052;882,112;891,266;901,063;927,247;967,049;976,131;1010,144;1054,115;1073,035;1076,269;1089,117;1099,058;1144,144
099:0,010;8,062;32,043;56,274;234,044;250,148;373,095
100:0,010;1,163;5,224;8,062;32,043;36,133;40,199;58,139;70,199;101,253;106,064;131,230;136,189;144,035;154,141;181,036;191,057;202,037;205,192;206,162;224,164;229,110;234,044;262,105;277,237;283,136;289,166;304,038;309,255;323,245;329,244;382,049;410,188;419,265;501,075;515,267;516,069;556,049;565,117;573,046;579,115;599,233;624,183;628,106;644,080;647,161;649,032;660,123;689,040;708,210;754,211;761,104;780,227;781,127;786,065;788,110;797,186;812,189;813,179;819,072;841,239;842,056;846,061;857,214;864,066;882,112;970,129;996,093;1009,075;1042,078;1043,148;1073,035;1099,058;1134,074;1166,071;1173,034;1198,220
101:0,011;5,135;106,032;160,075;192,134;201,048;219,105;248,047;324,027;340,237;350,029;374,267;383,047;476,205;746,048;787,033;793,031;835,066;864,050;893,163
102:0,011;1,223;23,140;38,028;46,046;70,267;78,044;87,047;94,184;101,056;111,240;113,206;124,199;126,148;165,054;171,129;198,232;201,048;209,061;215,267;219,215;248,047;326,106;345,049;368,026;393,029;402,163;425,042;430,040;433,215;439,154;446,208;478,179;484,195;548,059;563,108;582,044;616,176;632,233;667,131;675,141;683,069;688,079;689,194;698,157;718,079;725,073;742,224;746,048;789,184;824,127;835,066;847,148;864,050;888,158;895,064;900,103;904,097;965,201;976,058;977,164;1005,259;1012,263;1019,216;1068,112;1074,074;1088,275;1100,250;1117,193;1134,130
103:0,011;11,128;160,075;165,054;188,087;322,045;345,049;368,026;383,047;473,245;576,071;587,046;602,166;614,055;665,031;698,157;787,033;793,031;835,066;856,116
104:0,011;5,260;13,046;25,098;78,044;106,032;160,075;165,054;188,259;192,134;228,057;248,047;324,027;350,029;368,026;379,069;387,205;420,047;482,224;548,059;576,071;599,051;607,089;725,073;742,224;793,031;835,066;860,160;864,050;896,117;996,064;1012,123
105:0,011;5,260;13,046;21,100;26,035;27,163;31,101;38,028;39,202;78,044;93,171;150,035;168,143;201,048;209,061;224,230;230,111;245,203;259,253;270,274;315,222;322,045;350,029;363,169;368,026;372,122;377,135;379,069;383,047;469,202;473,245;482,224;498,241;520,274;526,086;548,059;556,242;576,084;583,060;587,046;628,205;671,155;696,244;704,081;735,137;737,205;746,048;764,171;811,066;816,251;835,066;840,162;868,103;884,094;888,086;896,117;945,072;960,087;976,058;978,225;992,103;996,064;1007,255;1013,047;1020,141;1029,274;1061,258;1103,053;1115,248;1122,152;1152,141;1156,114;1160,038;1163,198
106:0,011;5,135;45,154;46,046;69,268;150,035;160,075;193,237;209,061;228,057;248,047;322,045;345,049;368,026;379,069;402,163;425,042;456,102;614,055;661,132;1151,234;1160,038;1163,198
107:0,011;2,256;13,046;21,077;116,089;150,035;164,239;213,129;240,154;248,047;255,263;262,189;287,208;313,051;315,222;322,045;350,029;368,129;383,047;389,116;425,042;437,062;460,218;468,071;476,205;501,075;515,172;557,170;586,031;587,046;601,048;607,089;633,097;665,031;689,194;722,222;908,073;954,216;1042,053;1057,198;1061,134;1079,265;1103,053;1138,136;1143,038;1167,080
108:0,011;2,256;13,046;21,100;24,165;38,028;46,046;73,187;106,032;150,035;156,087;209,061;225,099;228,057;245,203;290,211;324,027;337,063;341,221;363,149;370,073;374,267;379,069;389,116;425,042;427,212;501,075;503,185;541,055;544,188;551,130;585,231;597,161;614,055;616,176;645,041;652,271;661,132;668,184;683,274;694,115;725,073;742,145;746,048;770,063;828,041;848,052;860,113;864,050;896,137;948,161;971,257;976,058;982,082;996,064;1012,123;1025,051;1034,245;1103,053;1131,236
109:0,011;13,046;25,098;38,028;52,150;78,249;106,032;160,075;192,251;193,237;599,051;614,055;665,031;696,244;787,033;793,031;847,232;922,192;976,058;982,082
110:0,011;2,096;13,046;38,062;45,154;70,267;78,044;90,251;102,264;106,032;156,087;165,054;190,089;201,048;217,222;228,057;258,241;272,155;276,236;295,086;302,027;310,162;324,027;349,257;363,169;379,069;383,047;456,102;503,185;548,059;551,130;576,071;614,055;652,271;665,031;684,151;738,230;746,048;778,143;787,033;803,171;812,259;823,091;830,241;835,066;841,185;847,232;860,160;923,083;955,124;978,225;1015,096;1018,244;1025,070;1029,274;1041,247;1052,119;1057,198;1079,225;1103,053;1125,099;1160,038;1166,099;1170,134;1185,263
111:0,012;9,174;113,050;132,096;216,042;232,219;321,042;332,091;401,044;409,128;422,026;438,186;458,049;504,031;509,124;518,033;577,044;587,199;762,067;777,030;791,094
112:0,012;9,091;15,048;87,071;106,132;113,050;134,026;145,157;266,070;287,068;298,115;379,045;401,044;410,030;438,186;838,047;839,189;1105,042;1118,129
113:0,012;5,164;87,071;90,180;113,050;127,131;134,026;136,109;185,068;199,099;202,031;204,215;216,042;260,220;266,070;282,068;283,049;287,068;290,051;307,144;319,042;324,100;329,062;348,078;353,129;362,162;379,045;394,251;405,154;410,030;422,026;439,172;458,049;471,158;482,257;492,094;495,133;518,033;561,154;589,222;602,050;608,100;615,026;616,120;637,135;644,236;742,037;753,027;760,179;762,067;777,030;795,268;802,058;829,272;838,047;849,077;854,068;863,137;882,072;908,073;943,240;977,038;978,224;1003,043;1022,231;1040,180;1041,243;1045,095;1062,262;1076,192;1105,042;1118,129;1149,042;1153,043;1161,116;1199,078
114:0,012;9,174;15,048;77,183;113,050;116,063;127,187;130,153;185,068;192,251;236,195;241,149;251,114;266,070;283,149;285,099;287,068;290,051;296,174;298,115;313,194;325,177;330,028;339,103;342,219;348,078;352,039;364,231;395,046;405,045;410,030;420,085;422,026;427,075;432,130;448,147;456,112;461,159;476,181;479,042;482,257;495,232;504,031;509,124;542,224;557,052;573,112;577,197;602,050;613,092;621,160;633,253;639,159;656,243;741,129;742,037;753,027;766,246;787,047;790,103;795,268;802,058;814,091;815,026;821,106;825,070;832,220;838,047;856,170;911,273;971,060;1000,080;1003,043;1013,143;1073,162;1104,152;1106,220;1111,081;1120,044;1141,174;1142,237;1149,042;1153,043;1154,179
115:0,012;27,113;47,088;107,120;112,077;113,050;132,096;145,157;150,035;151,062;188,034;224,113;228,251;257,218;260,220;266,070;275,108;283,049;287,068;290,051;299,142;310,134;312,266;314,235;324,100;345,223;352,039;370,212;373,236;379,045;396,125;401,044;409,128;458,049;477,097;514,122;532,266;599,198;608,100;613,092;777,030;785,244;807,222;816,049;824,098;825,070;831,245;838,047;839,189;859,190;896,068;897,094;943,228;945,167;987,212;1003,043;1013,047;1032,113;1043,274;1074,223;1102,228;1113,097
116:0,012;3,221;43,183;45,177;79,031;83,120;113,050;116,063;117,269;137,153;143,252;185,068;191,187;196,027;198,230;203,193;204,215;229,055;237,080;239,082;241,157;260,101;266,070;289,193;290,051;296,174;326,224;339,103;351,063;353,129;370,212;439,172;458,049;474,265;515,172;518,033;550,071;556,156;616,120;623,115;628,231;682,080;742,037;755,272;765,245;766,164;768,244;772,111;791,094;802,058;814,194;821,106;825,070;834,045;835,101;854,219;855,225;856,170;911,204;912,084;928,220;1006,062;1013,064;1022,231;1057,070;1076,173;1093,188;1105,042;1113,097;1120,044;1136,222;1144,124;1168,154;1189,228;1199,193
117:0,012;15,048;82,217;116,063;127,131;282,068;308,174;319,042;332,091;523,033;577,044;644,236;971,060;1041,243
118:0,012;3,221;5,164;10,121;11,117;40,048;45,177;57,141;82,217;87,071;96,072;98,207;100,241;116,063;119,176;127,187;145,096;201,154;216,042;222,165;249,219;252,217;283,049;299,142;319,042;339,201;352,039;372,163;379,045;394,251;395,059;422,139;447,168;463,037;476,181;504,058;507,210;532,194;577,039;587,199;602,050;614,146;647,186;662,090;663,110;685,167;721,043;753,238;762,067;777,030;794,062;805,206;809,249;815,026;816,049;830,190;835,101;889,111;908,077;929,148;971,060;992,147;1000,080;1020,157;1024,223;1048,269;1058,076;1071,188;1153,043;1163,165
119:0,012;11,117;15,048;83,120;87,071;98,207;134,026;141,108;185,068;201,154;550,071;556,156;577,044;618,081;721,043;753,027;762,067;790,103;816,049;838,047;849,077;1013,047;1026,237;1149,042;1168,154
120:0,012;28,214;65,179;82,124;90,180;94,188;113,050;116,063;117,269;134,026;143,252;151,242;168,153;169,084;171,188;211,111;216,042;222,165;224,113;230,068;236,132;245,275;251,063;263,212;271,168;279,259;281,217;282,068;283,049;290,051;314,235;319,042;326,224;384,160;422,026;447,168;457,084;459,117;467,085;497,091;504,031;520,223;537,200;550,071;557,227;566,244;569,179;577,044;599,198;602,050;612,243;614,146;622,177;624,204;629,049;661,066;682,080;731,243;753,027;794,122;799,173;802,058;806,265;815,026;816,049;834,071;840,087;847,065;854,068;859,190;869,202;879,075;883,167;968,135;978,224;988,106;992,147;1003,043;1019,032;1024,223;1046,241;1130,046;1144,124;1149,042;1153,043;1161,101;1168,246
121:0,013;7,091;18,070;51,212;64,071;70,074;73,259;136,138;137,100;152,118;154,225;177,105;178,109;199,029;202,213;229,248;243,215;249,055;262,189;264,170;265,041;271,065;274,273;324,068;364,049;368,062;369,119;370,123;397,192;456,240;468,226;470,048;477,037;479,121;486,070;499,072;542,046;543,091;557,038;562,040;565,129;574,175;602,130;614,026;623,043;629,174;631,050;657,177;661,091;734,186;737,114;782,074;789,189;807,107;829,143;863,094;874,190;880,194;980,074;982,073;993,185;1006,228;1029,183;1054,045;1063,123;1077,057;1101,031;1105,052;1123,080;1132,123;1150,148;1199,111
122:0,013;13,075;14,184;78,189;89,056;109,116;120,055;129,183;132,041;133,168;135,031;137,100;151,062;177,105;188,034;192,250;198,208;202,213;217,115;249,055;280,030;292,163;297,258;304,041;312,066;318,078;324,068;333,203;337,208;350,037;361,108;368,062;382,097;462,040;478,251;479,121;486,070;518,209;535,061;536,268;554,210;584,063;591,158;616,214;618,081;623,043;631,050;634,248;642,131;662,169;675,116;679,244;681,111;685,216;686,124;702,158;800,129;822,047;829,186;894,158;915,115;923,225;954,070;957,078;982,073;1006,228;1039,158;1070,067;1090,176;1095,157;1101,031;1110,098;1120,035;1170,218;1195,058
123:0,013;5,246;14,184;33,195;38,002;46,221;87,246;91,179;92,268;106,032;111,129;116,061;132,206;162,060;169,261;199,029;259,215;265,240;271,065;284,248;286,059;293,236;295,060;310,259;312,066;323,121;346,191;350,037;373,208;448,264;462,040;478,220;484,251;535,061;556,237;569,074;574,037;613,113;623,043;664,111;782,074;800,067;803,028;811,063;814,157;817,113;822,047;830,237;858,245;864,087;866,169;871,126;883,193;888,171;906,124;923,177;946,230;972,040;1009,224;1015,206;1021,035;1051,201;1054,045;1061,157;1066,177;1070,067;1082,098;1090,176;1101,031;1115,203;1120,035;1134,173;1139,028;1169,264;1174,071;1195,058
124:0,013;15,048;21,147;38,069;47,088;51,212;67,055;73,259;86,116;105,039;109,116;116,061;122,119;132,041;144,037;145,235;146,232;150,194;151,062;152,118;195,261;245,125;246,227;249,055;264,252;266,088;275,052;276,236;286,059;289,153;295,060;318,221;324,068;328,248;350,037;366,194;368,062;371,170;430,068;443,158;464,147;470,048;477,037;486,070;496,069;513,127;543,266;547,075;552,195;557,038;562,040;571,073;574,175;580,166;584,063;590,111;614,026;619,206;623,043;661,091;668,064;684,245;691,073;702,158;731,091;752,201;760,114;772,210;791,083;804,117;822,047;829,143;848,203;898,072;913,138;948,126;961,095;966,211;982,073;993,185;1026,054;1039,158;1052,132;1054,045;1061,027;1063,154;1070,067;1073,220;1088,123;1089,241;1101,031;1104,165;1118,199;1123,080;1171,236;1174,071;1187,266;1195,058;1199,111
125:0,013;5,246;70,074;81,258;89,056;105,039;116,061;119,038;132,041;151,062;185,127;942,084;1169,076
126:0,013;5,129;18,070;64,071;81,258;89,056;105,039;116,061;119,038;132,041;146,232;295,060;304,041;316,230;368,105;535,061;543,091;557,038;568,260;584,063;614,026;624,096;631,050;652,166;668,064;686,124;972,040;982,073;1015,206
127:0,013;7,156;132,041;140,079;271,065;286,059;292,163;304,041;316,230;462,040;477,037;496,069;502,119;561,072;562,040;574,037;613,113;623,043;625,258;1070,067;1077,057;1105,052;1120,035;1156,149;1174,071
128:0,013;7,156;116,061;119,038;132,041;145,235;185,127;212,079;496,069;518,209;562,040;574,037;612,107;984,127;997,121;1077,057;1105,052;1120,035;1167,255
129:0,013;5,129;21,147;39,246;92,243;101,229;105,039;117,223;119,038;129,183;132,041;140,079;151,062;192,250;199,029;217,115;223,146;295,060;304,041;311,212;318,092;324,068;337,172;365,072;368,105;384,074;397,192;420,127;430,068;453,232;460,148;470,048;475,189;477,037;501,129;536,268;545,159;557,038;561,072;564,243;565,129;574,037;608,043;616,214;619,206;624,096;660,207;668,064;679,244;684,245;785,266;825,210;830,237;839,207;857,122;877,205;941,037;946,230;972,040;979,123;981,158;990,148;999,180;1006,225;1026,054;1034,245;1054,045;1062,112;1073,220;1082,153;1119,189;1120,035;1156,149;1174,071;1183,177
130:0,013;22,035;36,069;46,046;64,071;70,074;85,225;89,056;106,064;109,081;139,194;169,214;199,029;207,193;295,060;298,122;303,132;304,041;312,066;337,208;350,037;371,119;373,208;393,039;409,194;415,160;430,068;433,037;460,107;462,040;470,048;475,189;486,070;513,199;535,061;547,170;557,038;568,260;570,167;574,037;577,097;578,150;584,063;590,066;602,130;614,026;628,179;631,050;655,048;658,033;662,169;668,064;679,097;685,223;721,043;751,229;781,047;800,129;819,072;830,172;872,157;880,087;921,202;937,267;954,269;1013,232;1020,122;1026,054;1029,183;1045,234;1050,143;1051,165;1054,045;1061,157;1101,031;1105,052;1115,203;1159,124;1167,255;1174,071;1191,194;1195,058
131:0,014;13,075;22,102;70,050;79,087;129,029;168,086;174,190;184,115;205,192;207,195;215,063;227,151;246,034;271,220;281,240;294,232;300,071;314,211;317,070;330,268;379,090;399,028;412,052;419,153;424,033;443,178;451,033;476,214;493,046;499,259;503,054;536,118;544,148;550,153;569,038;577,133;583,056;599,256;607,073;627,101;653,034;665,139;670,198;694,041;696,270;736,223;741,235;755,124;776,208;786,161;797,028;828,165;848,062;852,184;902,067;917,236;933,211;970,127;977,244;1051,214;1062,206;1068,132;1077,057;1100,184;1145,232;1150,227;1171,063;1182,244
132:0,014;32,017;44,218;55,062;59,091;70,050;102,148;129,029;140,170;153,059;155,071;173,062;174,190;216,096;249,226;286,079;298,208;300,071;312,253;330,268;362,049;378,086;399,028;405,095;412,075;430,145;434,042;469,105;483,042;492,263;552,253;556,209;569,038;571,110;590,211;602,050;607,151;632,033;639,263;648,183;686,191;688,240;694,041;707,250;766,096;770,152;771,065;776,208;852,184;860,152;902,169;911,078;924,159;960,027;967,182;1000,138;1009,075;1028,082;1035,067;1051,270;1083,195;1130,133;1136,158;1157,151;1171,063;1182,244
133:0,014;20,179;44,218;120,054;129,029;132,037;146,046;158,045;246,034;269,121;309,202;399,028;412,075;424,033;434,042;437,242;442,041;444,108;569,074;580,164;607,073;632,033;692,071;694,041;763,210;889,066;920,027;954,232
134:0,014;20,179;55,062;68,136;120,054;129,029;132,037;153,059;166,248;269,121;434,042;437,242;484,033;499,259;1009,075;1048,256
135:0,014;21,096;129,029;132,037;146,046;158,045;246,034;268,122;493,046;503,054;520,041;569,074;583,056;607,073;632,033;692,071;694,041;770,152;899,164
136:0,014;21,109;158,045;251,033;257,205;300,071;312,199;583,056;607,073;632,033;694,041;771,065;785,212;797,028;833,106
137:0,014;27,111;55,062;73,203;146,046;156,246;201,179;220,202;222,050;239,184;245,178;251,033;257,211;300,071;307,117;345,049;354,234;374,065;399,191;442,041;444,108;476,214;485,203;493,046;509,245;521,154;569,074;571,196;572,233;603,213;607,151;648,202;664,077;690,138;692,071;706,195;719,151;723,111;728,093;740,164;757,063;760,096;770,157;786,169;797,028;814,194;847,065;867,104;871,241;902,067;906,272;916,029;931,205;944,188;959,178;1009,075;1034,257;1048,188;1049,067;1056,143;1100,184;1192,108
138:0,014;21,096;38,111;55,062;70,050;89,102;153,059;166,248;215,063;220,202;412,075;424,033;434,042;443,178;451,033;503,054;520,041;569,074;580,164;902,067;910,049;923,181
139:0,014;5,224;13,075;31,240;44,253;48,064;58,162;73,203;104,149;120,054;139,194;140,170;146,046;215,063;220,201;229,231;239,184;246,034;268,122;271,220;288,146;354,234;371,264;412,075;429,211;434,042;442,041;447,162;451,033;486,207;492,263;498,154;507,240;520,041;560,029;572,233;577,133;583,056;586,243;588,107;601,087;639,141;692,071;700,253;707,250;746,114;756,254;763,210;769,043;771,065;786,169;832,254;833,106;847,065;859,155;869,047;879,066;902,067;911,078;923,181;961,209;964,050;965,144;1001,216;1005,175;1026,237;1029,074;1051,270;1121,192;1127,212;1153,256;1163,143;1164,173;1170,218;1171,063
140:0,014;21,109;70,050;89,102;132,037;153,059;158,045;245,178;251,033;257,205;369,033;399,028;424,033;442,041;446,264;451,033;493,046;503,054;520,041;569,038;571,110;632,033;692,071;694,041;771,065;797,028;828,165;847,065;859,155;1171,063
141:0,015;25,225;232,063;269,056;315,059;329,189;425,041;458,039;483,074;493,067;514,055;562,123;589,122;918,027;1063,030;1075,048;1101,045;1139,026;1162,215
142:0,015;26,162;214,036;232,063;269,056;315,059;318,106;448,189;458,039;486,266;493,067;514,055;562,123;617,062;631,054;640,052;667,088;904,027;1071,160;1101,045;1145,153
143:0,015;25,122;28,067;38,083;146,203;184,049;185,057;188,104;214,036;227,102;232,063;236,132;249,237;255,150;278,264;315,059;318,106;320,053;330,236;349,057;371,081;390,249;400,100;401,044;408,149;425,041;433,199;437,081;493,067;526,256;573,088;640,052;649,246;650,027;672,026;677,211;686,222;694,174;703,036;710,200;719,147;724,034;728,130;792,249;793,083;877,072;889,043;910,118;915,164;922,258;940,071;949,175;1022,128;1033,079;1042,031;1053,223;1080,175;1141,093;1157,106;1169,028;1187,119
144:0,015;28,067;43,084;197,151;315,059;332,179;574,160;631,054;640,052;677,211;877,072;904,027;1063,030;1071,160;1169,028;1176,237
145:0,015;26,195;28,067;46,150;134,054;136,112;214,036;232,063;269,056;315,059;329,189;458,039;483,074;493,067;514,122;601,048;608,043;665,061;703,036;743,071;877,072;904,027;1063,030;1075,048;1097,028;1101,045;1139,026;1151,120
146:0,015;8,086;13,075;25,225;28,067;56,173;96,235;100,087;104,249;134,054;143,138;152,080;184,049;211,055;236,188;243,246;253,219;256,167;262,095;269,056;278,264;287,220;323,182;410,030;427,226;447,198;458,039;483,074;491,232;496,044;499,126;504,165;514,055;555,160;595,134;601,048;614,101;617,062;628,184;631,054;642,077;667,088;697,084;703,036;728,130;736,060;782,074;786,052;805,028;818,044;826,261;856,158;867,101;882,258;898,175;902,241;941,072;972,196;1039,098;1042,031;1061,165;1064,126;1082,167;1085,229;1089,045;1094,138;1115,175;1139,026;1140,051;1151,120;1169,028;1184,140;1194,211
147:0,015;26,195;188,074;196,086;640,052;665,061;703,036;743,071;867,211;940,071;947,229;1075,048;1097,028;1101,045;1140,051;1169,028;1193,120
148:0,015;28,214;184,049;188,074;197,114;223,036;232,063;275,091;307,056;315,059;330,236;493,067;514,055;601,048;608,043;617,062;640,052;665,061;703,036;743,071;877,072;904,027;1022,128;1042,031;1063,030;1075,048;1094,138;1097,028;1101,045;1140,051;1162,215
149:0,015;3,275;7,014;25,190;26,162;38,083;43,084;56,173;79,031;81,260;129,072;136,112;184,049;188,074;196,086;206,122;211,257;216,041;232,241;242,043;265,165;315,059;336,151;391,264;396,084;458,039;486,266;526,256;587,047;594,262;601,048;608,043;617,062;631,054;634,162;640,202;645,136;665,061;680,075;683,183;826,261;877,072;908,046;925,141;940,071;941,033;956,127;1024,196;1042,031;1048,162;1054,130;1120,044;1136,176;1139,026;1140,051;1172,271;1185,213
150:0,015;20,101;82,045;83,153;93,060;96,229;134,054;152,080;185,179;188,074;191,045;197,151;214,036;227,102;232,063;236,188;250,072;256,167;257,034;262,095;269,056;332,179;353,203;382,049;396,084;406,097;420,226;425,041;430,042;451,095;458,237;475,272;483,074;503,054;504,165;559,033;573,088;601,048;604,169;608,043;658,219;659,238;675,231;703,036;738,199;743,071;867,148;874,164;883,119;896,068;898,175;904,027;919,248;938,212;940,071;946,107;949,099;972,196;1004,220;1051,189;1057,074;1080,175;1089,134;1097,028;1098,099;1101,045;1123,211;1156,074;1176,237;1195,062
151:0,016;21,042;26,091;61,078;63,158;66,065;69,166;73,184;97,064;113,110;142,233;154,166;175,065;207,142;211,089;255,151;258,054;265,041;279,124;280,030;282,035;303,203;308,052;315,089;323,178;351,063;364,188;374,062;378,225;382,071;407,165;429,146;436,066;451,109;476,243;508,234;525,051;529,026;538,039;562,087;595,052;597,119;601,175;623,080;655,149;664,071;697,129;700,038;704,052;705,171;750,146;752,054;759,257;766,046;815,185;825,070;831,245;833,070;840,240;856,035;860,231;869,043;897,251;914,049;920,116;935,162;939,256;950,055;951,117;962,065;975,089;1007,178;1047,061;1048,133;1069,145;1133,029;1139,273;1200,217
152:0,016;15,089;97,064;105,158;148,041;164,081;265,041;280,030;296,245;351,063;357,038;382,071;436,066;451,109;464,081;595,052;620,109;639,051;650,040;664,071;684,065;704,052;717,069;752,054;757,029;766,046;792,059;843,110;864,070;878,146
153:0,016;15,089;24,026;61,176;148,041;164,081;212,043;258,054;259,066;282,035;303,188;448,070;480,133;501,029;525,051;538,039;540,135;650,040;664,071;695,054;713,078;792,059;843,110;950,055;994,060;995,224
154:0,016;15,082;19,237;61,061;63,208;88,183;97,064;98,174;146,085;148,041;151,255;156,128;175,065;207,149;212,043;262,176;265,041;277,201;278,179;282,035;299,210;303,188;351,063;357,038;363,183;402,100;407,165;436,066;442,176;447,078;468,038;485,156;525,051;529,026;538,039;540,135;595,052;604,169;650,040;654,197;664,071;677,269;684,065;702,107;704,052;719,252;757,029;766,246;782,245;792,059;833,070;834,188;856,035;865,258;867,133;871,205;872,187;896,064;899,185;909,049;939,256;950,055;962,065;975,174;985,217;994,060;1034,214;1102,126;1129,192;1167,099
155:0,016;12,201;24,026;38,121;45,126;123,229;127,132;194,034;208,112;212,043;258,054;269,145;280,030;296,245;315,089;351,063;364,035;365,198;382,071;445,273;448,208;458,222;462,239;467,163;480,133;495,111;501,029;535,189;538,039;554,219;650,040;664,241;677,269;684,065;701,228;705,175;717,069;725,073;735,112;742,037;751,275;835,157;841,200;856,035;864,070;867,133;891,076;962,065;974,150;979,080;990,269;994,060;1026,054;1035,106;1094,200;1129,232;1133,029;1151,246;1160,084
156:0,016;17,108;66,065;83,089;258,054;259,066;280,030;303,203;374,062;375,103;382,071;434,060;436,066;448,070;467,163;501,029;525,051;538,039;583,181;657,043;664,071;684,065;695,054;705,171;752,054;757,029;766,046;792,059;833,070;837,267;863,188;869,043;902,158;994,060;1048,133
157:0,016;9,202;24,026;63,158;66,065;89,250;104,209;107,137;280,030;286,182;326,141;357,038;374,062;375,103;382,071;418,230;424,101;432,222;442,176;526,168;537,195;620,109;650,167;664,241;697,129;717,069;739,081;751,240;757,029;771,176;796,162;804,169;812,183;856,035;859,168;869,043;891,076;975,174;1050,094;1059,164;1072,274;1120,044;1131,174
158:0,016;3,115;12,201;24,026;45,126;61,176;66,065;78,224;89,250;97,064;107,137;151,255;182,226;194,034;195,228;224,094;231,239;235,160;242,204;259,066;300,232;313,121;317,117;357,038;380,065;473,039;476,243;483,230;501,029;539,067;557,210;569,107;579,153;595,052;620,191;639,051;654,197;681,240;684,065;707,218;717,069;734,132;735,112;810,195;834,071;836,190;846,117;856,035;864,070;869,043;887,044;899,185;950,055;962,065;965,229;972,040;975,142;979,167;1085,034;1106,127;1115,067;1136,238;1139,273;1176,234;1185,099;1189,221
159:0,016;19,237;24,026;87,049;105,158;113,110;148,041;169,261;175,065;186,184;187,269;201,190;207,142;212,043;244,054;278,179;282,035;286,182;311,208;333,076;357,038;374,062;393,057;403,249;424,100;429,252;448,070;458,186;459,084;486,180;504,058;508,234;529,026;545,223;608,259;612,231;620,191;639,051;650,167;695,054;701,228;757,071;767,212;795,210;812,200;833,070;841,274;975,089;988,144;1014,059;1046,103;1085,034;1108,141;1123,160;1133,029;1137,234
160:0,016;17,108;194,034;195,228;259,066;282,035;303,076;448,070;468,268;529,026;545,223;695,054;707,030;713,078;717,069;752,054;766,046;792,059;833,070;834,188;1085,034;1121,117
161:0,017;83,191;202,071;209,194;289,141;335,034;345,046;360,126;364,035;383,054;407,117;425,048;430,040;435,030;468,038;512,057;527,059;537,042;553,064;596,047;606,074;631,045;677,274;733,045;743,064;748,173;794,062;823,041;862,064;909,123;974,044;993,066;1023,136
162:0,017;86,057;97,035;102,057;139,117;276,038;291,138;337,034;345,046;360,126;415,028;418,275;500,032;512,057;527,059;539,066;557,213;596,047;606,074;631,045;632,026;701,071;718,054;737,059;784,267;935,037;974,044;993,066;1004,087;1115,067;1141,171
163:0,017;82,188;97,035;102,057;141,038;170,256;202,071;209,194;324,054;333,061;335,034;350,059;415,028;425,048;430,040;449,272;500,032;512,057;539,066;557,213;631,045;632,026;701,071;704,233;823,041;862,064;901,041;916,029;974,044;987,152;1009,239
164:0,017;83,191;230,068;239,031;267,061;276,038;286,108;299,043;324,054;335,034;345,046;367,155;374,065;383,054;413,197;461,194;537,042;553,064;580,116;858,048;888,118;990,077;1090,026;1102,228
165:0,017;86,057;103,271;204,147;239,031;267,061;276,038;287,126;299,043;324,054;333,061;335,034;350,059;415,028;430,040;435,030;468,038;512,057;527,059;537,042;580,166;701,071;718,054;737,059;752,063;835,213;845,041;862,064;916,029;935,037;974,044;993,066;1023,136;1042,053;1060,041;1090,026;1108,088;1187,072
166:0,017;36,069;43,187;91,053;111,129;137,214;141,038;167,193;172,103;202,071;222,206;223,101;230,068;238,204;239,031;262,048;306,059;314,176;347,103;348,264;374,065;387,210;407,117;419,254;425,048;450,243;456,139;464,247;503,101;512,057;526,072;529,026;544,236;550,128;598,152;606,074;632,026;692,121;701,071;719,269;724,078;733,045;742,086;743,064;752,188;820,190;823,041;858,048;870,245;871,272;901,041;930,147;935,037;971,143;974,044;980,239;1027,100;1060,041;1084,084;1090,026;1097,056;1098,146;1113,243;1127,170;1134,270;1186,078;1187,072;1191,273
167:0,017;7,252;86,057;103,271;134,212;141,038;170,256;179,031;189,234;223,216;239,031;278,272;286,108;315,141;324,054;333,061;348,094;349,090;364,035;381,203;403,185;415,028;433,105;435,030;464,223;540,105;553,064;590,066;604,123;631,045;673,145;679,038;690,135;701,071;718,054;733,045;737,059;752,063;820,190;842,194;887,203;894,096;958,138;969,119;984,268;1024,059;1027,100;1042,053;1051,113;1060,041;1082,114;1167,054;1178,269;1181,082;1187,072;1196,194
168:0,017;78,052;95,067;102,057;134,212;179,031;186,084;202,164;224,127;230,068;237,080;251,204;262,048;267,061;272,141;275,040;287,126;292,273;299,043;321,199;324,054;333,061;354,191;383,054;409,075;411,275;425,048;440,122;446,119;450,243;464,223;498,202;503,207;539,066;553,073;556,066;557,212;567,250;576,253;596,047;603,211;606,074;631,045;663,046;667,251;677,274;679,127;692,121;699,212;718,054;739,081;743,064;748,173;752,063;781,046;796,138;801,164;807,084;815,152;823,041;851,128;858,048;871,272;901,041;909,123;935,037;966,088;972,263;992,099;993,066;1004,087;1021,232;1023,127;1060,041;1070,182;1090,026;1108,088;1115,067;1141,171;1180,142;1187,072;1193,270;1199,269
169:0,017;86,057;97,035;102,057;139,117;141,038;172,103;202,031;222,206;267,061;276,038;291,138;333,061;335,034;348,264;350,059;415,028;425,048;430,040;435,030;468,038;500,032;512,057;532,158;539,066;566,144;632,026;699,212;752,063;845,104;907,041;923,119;1192,171
170:0,017;84,274;95,119;97,035;116,141;118,086;124,220;134,247;141,038;146,115;179,031;188,136;202,071;204,147;239,031;262,048;272,141;298,161;299,043;337,241;345,046;350,059;398,119;411,275;415,028;425,048;437,045;445,063;449,272;460,248;482,236;500,032;516,222;526,228;527,059;533,133;537,042;553,064;580,116;591,144;596,047;603,211;627,144;661,181;691,148;704,233;718,054;733,045;737,059;768,119;787,047;794,062;802,178;823,041;858,048;862,064;901,041;924,178;954,135;966,088;974,044;987,152;993,066;1011,259;1036,248;1042,053;1053,096;1060,041;1063,216;1115,067;1136,238;1180,051;1187,248;1195,247
171:0,018;2,121;3,182;57,049;81,101;106,068;138,205;151,157;153,152;238,204;245,129;252,030;257,071;263,256;301,027;319,151;322,048;323,037;331,140;334,077;343,178;374,156;376,155;402,066;424,117;437,045;453,268;474,208;505,108;507,265;513,039;533,184;537,034;556,180;562,040;570,043;572,072;573,099;575,186;581,037;586,186;589,049;613,229;642,207;667,073;709,181;721,132;733,252;735,146;736,264;748,055;755,272;761,196;788,181;841,091;908,041;909,218;912,142;921,106;922,222;932,254;936,141;941,034;958,058;974,260;1021,035;1055,054;1057,070;1067,089;1096,193;1100,116;1130,046;1148,242;1157,063;1168,078;1171,221;1181,051;1183,086;1188,243;1200,027
172:0,018;10,273;57,049;75,240;79,053;96,242;155,071;166,208;230,048;244,054;257,071;275,040;278,159;294,026;301,136;323,037;329,027;330,071;337,139;373,167;402,066;411,225;553,046;562,182;589,049;613,229;940,070;953,055;999,098;1120,262
173:0,018;11,128;19,118;27,033;31,212;46,055;55,187;57,049;71,275;79,053;93,067;117,223;134,075;144,035;148,101;155,071;173,197;174,063;192,032;200,222;254,241;257,071;263,228;282,068;283,040;285,129;291,245;294,026;307,131;343,072;390,237;404,026;411,225;414,130;418,136;423,221;437,045;447,215;450,128;513,039;522,090;528,054;537,034;551,037;561,030;589,177;604,230;667,073;671,147;724,253;734,055;735,095;741,104;748,055;761,196;765,027;766,264;775,265;785,074;798,189;814,091;888,037;906,155;925,194;932,130;940,070;941,034;950,057;975,113;1027,146;1057,070;1067,238;1120,074;1144,181;1150,053;1163,143;1175,103;1200,027
174:0,018;34,243;40,191;46,055;49,078;70,246;73,214;79,053;93,067;96,242;106,068;161,214;167,111;230,048;245,129;252,030;257,071;267,163;271,065;278,159;283,040;296,056;300,110;322,048;328,132;331,140;343,072;413,052;416,166;425,041;430,068;443,158;528,054;531,212;605,119;612,095;629,123;645,081;651,181;667,073;671,147;679,253;680,220;686,038;703,220;706,034;734,055;736,247;742,111;748,055;786,258;794,251;820,096;900,090;908,046;912,142;935,178;940,116;953,055;995,124;1067,089;1109,167;1161,047;1186,162;1195,197;1200,027
175:0,018;3,182;10,198;23,209;27,033;51,168;52,189;57,049;58,253;63,251;64,088;72,231;93,244;107,221;111,217;155,071;157,046;166,208;172,245;174,150;206,195;244,054;252,030;266,259;308,079;322,048;323,037;325,044;337,033;399,097;404,026;418,053;425,239;516,131;528,054;531,212;538,254;552,168;556,180;589,177;728,274;748,055;765,027;787,235;807,036;825,162;828,161;842,056;851,128;864,221;911,083;914,267;941,034;976,262;1150,053;1161,047;1171,153;1197,163
176:0,018;10,261;46,055;49,078;57,049;93,244;106,068;117,050;126,221;137,037;138,205;155,071;157,046;165,177;178,066;183,243;230,048;244,054;263,228;268,227;275,040;278,111;283,040;291,245;294,026;295,129;300,110;307,131;314,272;321,107;322,048;323,037;325,044;330,071;341,258;343,072;373,167;402,066;404,026;411,030;418,136;513,039;516,131;528,054;542,231;553,046;555,261;559,173;570,043;589,049;592,126;599,051;603,264;614,122;627,230;676,193;691,073;704,052;711,274;716,114;733,159;734,055;736,264;765,027;787,033;788,181;888,037;900,090;915,032;941,143;949,222;953,055;999,098;1021,035;1103,053;1109,167;1150,053;1157,063;1161,047;1183,086
177:0,018;8,062;10,273;27,033;54,070;56,231;71,275;79,053;93,171;106,068;148,101;155,071;157,046;176,117;200,146;211,177;230,048;268,227;275,040;291,185;294,026;295,077;301,136;322,048;325,044;335,034;337,139;343,072;376,028;388,039;400,071;425,239;437,045;447,215;493,106;495,214;497,272;513,039;522,103;528,054;553,046;554,026;564,104;570,043;589,049;619,263;706,034;734,055;735,146;765,027;775,265;781,047;797,192;856,092;864,070;881,127;888,037;906,099;940,070;956,189;972,148;975,113;995,124;1057,070;1062,202;1091,108;1105,170;1124,265;1130,046;1131,094;1157,063;1161,047;1179,206;1191,094
178:0,018;16,034;23,209;93,067;106,068;165,177;252,030;267,163;283,040;285,129;343,072;396,070;402,066;410,142;487,225;941,034;947,164;953,055;976,262;1021,035;1130,046;1157,063;1200,027
179:0,018;10,198;46,055;52,189;106,068;153,152;252,030;266,259;275,040;278,111;322,048;330,071;343,274;465,128;528,054;537,034;553,046;559,173;570,043;592,126;667,073;680,220;765,027;797,192;1130,046;1150,053;1175,262
180:0,018;10,261;27,033;40,191;46,055;63,251;157,046;174,150;325,044;335,155;404,026;410,142;537,034;562,182;706,034;748,055;772,195
181:0,019;7,079;17,044;31,136;50,148;79,031;83,167;84,175;107,162;120,055;126,067;181,036;186,039;208,208;255,223;290,033;310,187;324,157;343,036;346,063;368,194;371,052;378,235;389,070;407,035;408,152;443,035;455,226;459,211;460,103;461,063;469,038;470,206;521,035;545,230;546,047;547,054;549,113;560,192;575,035;576,084;581,170;643,039;666,105;678,191;688,044;689,269;693,247;705,055;733,143;793,029;810,078;822,038;831,058;838,146;859,044;862,028;873,046;895,240;964,164;965,165;972,220;981,191;1003,058;1006,062;1023,075;1025,199;1037,151;1075,214;1078,052;1098,076;1102,206;1103,137;1105,197;1107,161;1166,094;1170,233;1173,229;1180,049;1184,217;1194,169;1198,054
182:0,019;13,186;17,044;50,148;120,055;134,075;152,094;427,075;432,219;521,035;542,046;546,269;552,026;575,035;586,201;793,029;829,047;831,058;873,046;901,162
183:0,019;15,119;126,067;173,221;185,027;206,169;290,033;299,074;304,254;452,056;459,236;475,087;805,029;829,047;835,115;1180,049
184:0,019;17,044;39,115;84,029;94,027;120,055;131,222;134,075;139,111;185,027;206,169;343,036;352,257;389,070;418,094;454,034;461,063;462,217;519,071;547,054;552,026;575,035;583,202;643,039;673,067;684,083;793,029;831,058;873,046;893,056;932,029;949,079
185:0,019;7,079;17,178;84,029;89,111;94,027;134,054;139,111;152,094;164,136;180,167;185,027;200,118;207,205;216,029;238,240;256,051;263,157;351,195;371,052;383,054;399,238;438,268;454,034;463,153;468,071;473,187;486,216;519,071;538,039;560,081;575,035;576,141;608,205;620,170;666,105;705,055;718,089;722,256;728,138;733,143;738,233;739,200;745,140;760,186;768,083;782,122;786,052;789,144;822,038;831,058;882,208;901,162;920,160;926,231;932,029;933,066;943,089;948,260;980,074;981,191;1006,062;1022,233;1033,067;1064,267;1074,241;1079,258;1097,101;1124,207;1172,271;1180,049;1198,054
186:0,019;41,163;49,273;83,167;149,171;157,219;175,089;185,027;189,065;200,118;216,029;255,243;290,033;304,127;310,187;346,063;376,184;391,060;396,190;406,198;427,075;430,126;442,200;452,056;454,034;467,104;519,071;521,035;526,133;547,054;550,128;552,026;562,073;577,039;579,216;659,233;677,197;690,103;705,055;721,118;829,252;859,044;861,202;882,208;893,056;926,086;940,070;941,033;948,260;957,221;980,074;991,182;1003,058;1006,062;1009,251;1033,067;1054,054;1074,161;1076,221;1132,115;1180,049;1198,054
187:0,019;17,044;39,115;94,027;120,055;131,222;189,065;209,155;343,036;347,145;371,052;384,247;401,159;443,035;452,056;461,063;468,071;486,216;673,067;688,044;693,247;893,056;932,029;957,221
188:0,019;26,143;81,239;84,029;93,231;120,055;126,067;164,136;189,065;194,034;211,245;216,029;224,227;238,042;241,246;299,074;304,205;309,210;325,231;341,272;343,036;346,063;351,195;371,052;378,235;389,070;401,159;408,152;427,075;438,268;443,035;449,148;452,056;462,097;490,238;542,046;558,134;560,204;639,051;643,039;666,054;668,266;673,067;677,064;678,191;680,105;681,174;688,044;690,195;789,144;793,029;822,038;829,047;843,102;859,044;869,188;873,046;889,094;893,056;926,231;941,033;949,079;1003,058;1009,251;1022,233;1031,034;1037,258;1053,081;1066,124;1078,052;1105,197;1199,188
189:0,019;15,119;38,205;52,179;54,222;84,029;98,084;101,202;126,067;180,167;185,027;189,065;190,197;272,204;299,074;310,108;346,063;349,258;388,253;389,070;397,244;431,031;432,219;442,147;443,035;449,087;501,134;519,071;546,269;552,026;560,204;565,094;575,035;586,201;643,039;668,266;693,200;705,055;722,256;727,118;761,077;793,029;822,038;825,029;826,221;869,256;932,029;941,033;943,082;980,107;1003,058;1008,207;1028,220;1033,067;1073,224;1111,274;1180,049;1198,054
190:0,019;13,186;17,044;33,035;38,205;79,031;80,273;94,027;125,044;134,075;185,027;207,205;209,155;216,029;270,218;290,145;299,074;300,219;304,254;313,145;371,052;383,047;384,247;397,244;409,129;428,150;430,126;443,035;449,087;452,240;454,034;457,238;461,063;462,217;466,047;467,104;468,071;473,187;521,035;539,060;547,054;552,026;569,151;576,141;607,074;626,110;675,230;688,044;689,269;743,064;757,263;759,060;761,077;792,171;793,029;822,038;829,252;855,247;859,044;869,256;903,211;918,259;932,029;943,089;947,087;956,026;961,102;980,074;1001,059;1033,067;1065,099;1078,052;1097,101
191:0,020;10,067;15,065;23,239;88,072;149,070;190,124;412,052;419,150;879,075;947,063;961,244;981,065;1011,037;1057,063;1141,062
192:0,020;4,193;139,210;149,070;190,124;248,038;252,119;339,066;347,152;357,065;370,153;834,038;858,166;886,073;901,201;1054,054;1087,087;1141,062
193:0,020;10,067;15,086;43,043;45,188;93,193;219,050;237,059;251,209;265,026;266,161
194:0,020;2,134;15,065;27,142;43,043;74,210;149,070;171,101;174,235;186,245;196,216;233,187;237,059;248,038;251,209;254,216;260,132;265,026;295,077;339,201;344,176;353,190;357,065;367,086;370,153;412,052;419,150;427,074;436,241;446,166;497,208;517,105;521,043;548,263;553,132;563,209;571,042;578,098;598,063;602,133;649,150;685,171;691,081;696,215;735,225;762,084;773,266;786,260;801,193;818,078;859,044;861,227;879,075;901,201;948,090;969,199;1011,037;1054,054;1057,063;1120,044;1125,242;1126,079;1136,077;1167,243;1171,265
195:0,020;10,165;15,065;23,239;60,039;83,149;427,074;440,248;557,052;571,042;581,208;598,063;628,086;1057,063
196:0,020;10,067;15,086;149,070;196,216;219,050;237,059;252,119;571,042;584,155;675,134;733,215;834,038;886,073;894,229;947,063;954,070;981,065;1011,037;1057,063;1141,062
197:0,020;12,164;15,065;27,163;60,039;74,210;76,165;81,083;83,149;88,072;129,080;144,154;185,057;213,142;219,050;235,125;237,059;248,038;254,216;265,026;284,212;348,112;489,033;494,210;510,081;514,191;521,043;526,124;557,052;566,244;571,042;592,240;598,063;620,141;660,026;678,202;714,072;736,263;741,210;760,071;786,260;843,040;859,168;879,075;886,073;888,115;891,234;911,254;954,070;971,060;979,123;996,064;1017,122;1024,169;1039,217;1043,078;1048,256;1053,078;1062,167;1073,243;1103,244;1114,158;1141,062
198:0,020;10,165;43,043;55,096;60,039;86,029;88,072;149,070;208,134
199:0,020;11,236;15,065;32,089;43,043;45,188;49,193;72,206;88,072;168,143;179,166;181,185;185,057;207,267;221,160;222,205;235,087;241,253;248,038;255,210;265,026;266,161;290,033;294,204;357,065;361,097;391,095;401,121;415,186;427,074;436,241;508,095;518,091;521,043;528,107;554,151;557,052;581,208;598,063;624,227;670,070;685,171;703,150;786,109;834,038;861,238;872,199;879,075;891,234;907,208;944,081;947,110;954,070;966,150;1020,189;1048,144;1112,115;1125,242;1141,062;1155,078;1168,169;1180,186;1184,218;1185,151
200:0,020;4,193;10,067;19,230;60,039;85,167;88,072;159,142;181,197;185,057;186,195;207,267;213,142;219,050;222,205;237,059;260,132;339,066;348,112;357,065;373,135;412,052;415,186;427,074;430,076;521,043;532,167;571,042;578,098;584,155;598,063;608,169;617,136;620,188;642,151;707,085;761,036;773,266;779,109;834,038;853,164;858,166;886,073;895,136;943,082;947,063;948,090;956,115;963,171;967,188;981,065;992,114;1011,037;1054,054;1057,063;1136,077
