001:0,001;21,054;23,074;125,063;178,028;197,043;271,156;321,063;330,070;344,068;364,051;377,093;494,037;504,069;530,063;615,132;681,068;704,203
002:0,001;23,074;125,063;178,028;197,043;203,040;221,046;271,156;321,063;330,070;344,068;395,056;401,027;436,123;530,063;597,029;619,184;684,038;696,232
003:0,001;30,087;50,121;53,074;55,162;125,199;179,031;181,151;197,043;203,040;233,070;236,187;239,031;254,258;275,257;283,120;301,111;303,090;330,070;351,269;364,051;373,186;377,093;387,053;395,190;400,047;417,123;422,231;424,093;438,105;450,064;479,045;484,178;498,117;501,187;502,137;508,113;514,090;597,029;632,129;670,185;681,068;699,249;704,205;719,240;737,257;790,159;819,078;823,113;828,105;854,039;869,046;872,044;880,242;887,254;909,189;932,267;943,231;971,044;986,270;1046,075;1058,129;1060,262;1074,234;1079,084;1123,089
004:0,001;21,054;23,074;26,153;125,063;203,040;221,046;277,219;278,043;344,068;395,056;400,047;422,231;450,064;486,034;487,063;511,133;625,029;643,045;684,038;699,249;854,039;879,066;1043,175
005:0,001;21,054;23,074;125,063;152,191;178,028;197,043;344,068;365,273;387,053;395,056;400,047;401,027;417,041;471,079;504,069;530,063;619,184;681,068;704,205;1005,210
006:0,001;21,054;23,074;55,162;69,074;125,063;178,028;197,043;360,049;364,051;387,053;395,056;400,047;401,027;417,041;470,189;852,055;872,044;879,066;1046,094
007:0,001;4,254;21,054;26,153;179,031;197,043;341,202;344,068;395,056;400,047;431,205;487,063;514,090;643,045;681,068;704,203;854,039;872,044;879,066;1043,175;1182,089
008:0,001;17,241;179,031;194,258;197,043;203,040;221,046;277,219;400,047;401,027;417,041;470,189;486,034;494,037;504,069;530,063;600,130;974,080;1046,075;1060,262
009:0,001;17,241;125,063;182,257;187,199;213,032;218,157;221,068;260,114;268,208;276,074;281,265;330,070;341,202;364,051;372,177;395,056;417,123;427,094;431,205;450,064;471,079;487,063;507,102;514,238;530,063;541,052;555,093;597,029;637,032;640,210;651,134;668,054;670,207;681,068;684,038;696,232;716,053;737,257;748,188;764,263;769,086;843,055;854,039;908,240;921,102;929,132;997,048;1030,052;1044,041;1046,269;1102,072;1128,206;1180,050;1184,140
010:0,001;4,254;28,074;78,210;80,223;174,106;178,028;179,031;190,157;195,098;203,040;221,046;285,169;299,189;316,148;321,063;331,129;364,051;365,273;387,053;401,027;412,026;413,255;415,112;417,041;474,248;486,034;487,063;504,069;527,137;564,067;568,254;615,252;626,126;631,254;643,045;681,068;684,038;715,146;731,027;733,244;841,231;845,226;879,066;1038,126;1046,075;1062,164;1128,206
011:0,002;11,225;21,213;27,035;33,064;55,142;101,071;113,170;128,187;139,162;146,081;155,236;169,217;171,194;172,032;227,028;259,170;267,196;324,151;339,136;341,055;352,248;370,269;412,026;424,096;465,056;469,143;471,064;476,059;491,103;500,050;513,211;517,086;582,167;585,155;613,102;633,209;646,042;666,142;691,200;702,241;714,249;762,112;768,039;771,176;776,098;802,059;823,226;829,036;839,069;844,126;845,101;851,143;889,197;893,118;902,231;923,176;934,065;935,136;939,079;944,102;950,055;974,173;979,043;1005,260;1016,269;1059,217;1094,054;1160,100;1171,125;1180,071;1182,044;1200,247
012:0,002;9,142;27,035;54,259;150,046;171,047;185,268;215,067;237,151;443,034;445,055;448,100;783,065;784,120;829,036;839,069;861,075;896,087;934,065;943,182
013:0,002;36,143;55,027;60,140;66,174;118,061;138,098;148,163;171,047;172,085;201,257;202,256;223,194;232,067;236,263;243,058;244,200;256,241;266,167;309,028;315,205;403,133;412,026;420,092;424,096;442,206;443,034;449,253;522,134;547,030;567,249;582,043;592,084;622,127;626,117;627,037;633,270;646,042;648,066;680,130;687,056;702,241;723,061;781,089;787,085;792,250;802,059;806,079;817,233;849,111;896,087;903,031;917,103;934,065;936,061;938,074;944,149;973,127;976,035;999,031;1016,081;1025,049;1048,253;1076,275;1081,267;1083,118;1094,054;1156,199;1182,044;1186,035;1187,260
014:0,002;9,142;33,064;55,027;67,039;72,215;232,067;236,263;365,112;500,050;512,031;522,134;591,211;768,039;783,065;802,059;829,036;839,069;851,143;1111,125
015:0,002;12,138;47,189;50,242;55,027;81,151;101,071;118,061;135,249;138,098;215,067;227,268;232,067;254,136;281,093;315,193;445,239;476,059;482,132;512,031;528,133;582,043;607,076;613,120;614,228;616,039;633,209;638,108;648,066;691,200;723,061;768,120;779,134;787,037;795,148;800,234;802,059;804,038;819,143;828,232;829,036;845,101;865,119;917,054;935,110;936,061;944,149;950,055;969,044;993,100;999,031;1005,260;1039,220;1108,054;1146,218;1190,198
016:0,002;21,213;27,035;33,064;49,271;54,259;60,140;67,039;74,035;83,078;118,061;132,047;154,058;156,202;203,107;278,050;282,220;289,193;309,028;322,254;345,240;352,248;412,026;415,173;435,166;439,119;443,034;445,239;447,084;471,064;488,133;494,037;499,244;512,031;519,200;547,030;567,249;574,233;582,043;600,242;616,039;633,234;648,066;655,191;666,142;680,098;687,056;708,081;723,061;757,177;768,039;769,199;781,089;802,059;823,226;839,069;845,227;853,275;861,075;873,193;891,165;896,208;903,031;922,263;925,170;926,194;932,188;934,065;936,061;939,275;950,055;969,044;976,035;1002,027;1014,167;1025,049;1043,218;1094,054;1140,165;1146,218;1154,232;1168,059;1180,071;1181,105
017:0,002;20,210;25,251;27,035;49,271;67,039;72,215;101,071;118,061;132,047;139,253;147,176;204,251;215,067;225,038;237,151;244,200;321,228;346,048;356,076;402,240;408,174;412,026;414,240;415,173;445,055;461,273;469,143;472,090;476,059;492,184;512,031;517,086;525,222;546,251;547,030;585,155;619,026;622,127;646,042;667,261;687,056;710,212;725,262;735,259;741,175;747,247;754,128;759,081;768,039;776,173;783,065;803,242;804,085;808,232;819,109;829,036;847,202;868,055;870,231;882,128;891,235;976,035;996,127;1000,048;1039,220;1043,218;1055,078;1068,172;1079,133;1082,210;1090,148;1094,054;1112,138;1133,159;1138,133;1140,131;1144,230;1162,079;1180,071;1182,044;1185,182
018:0,002;9,100;27,035;33,064;81,235;160,196;169,178;171,047;183,108;193,152;204,178;215,067;223,194;232,067;246,264;309,028;356,076;387,120;390,073;401,248;445,055;447,084;492,184;549,254;582,043;600,102;620,064;639,125;646,042;667,121;737,157;757,177;768,039;769,199;809,141;934,065;936,061;967,127;969,044;982,109;993,100;999,031;1019,118;1025,049;1061,101;1090,245;1095,092;1102,202;1112,213;1180,071;1186,035;1187,260;1193,084;1194,126;1200,247
019:0,002;9,100;55,027;66,174;132,047;148,163;471,064;476,059;500,050;513,211;616,039;633,234;648,066;687,056;709,100;723,061;762,112;783,065;802,059;839,069;861,075;893,118;903,031;927,089;950,055;976,035;999,031;1008,088;1025,049;1048,253
020:0,002;13,132;27,035;46,211;55,142;67,039;74,232;165,252;180,077;189,257;193,053;212,115;215,067;221,171;226,032;259,275;269,026;285,155;294,067;305,026;326,091;420,092;443,034;448,100;462,230;465,056;472,090;482,132;491,103;510,039;516,159;547,030;574,233;616,039;634,113;681,131;741,241;749,253;829,096;839,069;845,227;861,075;890,158;902,112;903,031;923,176;936,061;943,182;995,112;999,031;1007,099;1016,081;1032,093;1042,051;1059,238;1095,160;1149,262;1160,100;1165,207;1182,044;1186,035;1191,213
021:0,003;17,065;23,149;30,087;36,122;55,035;87,123;110,053;116,206;122,043;138,054;149,097;151,070;152,090;161,044;174,107;180,038;184,227;194,044;195,030;199,115;238,054;246,202;271,059;293,130;303,048;310,254;315,194;356,055;365,032;381,073;385,087;393,113;399,073;416,269;426,271;448,026;456,197;462,101;475,045;492,153;551,070;561,214;563,248;616,196;638,074;648,133;664,035;673,029;685,271;703,027;704,069;710,157;715,239;733,234;739,192;781,194;783,039;804,106;808,054;816,139;837,072;849,070;863,030;882,218;915,035;939,028;944,258;1025,112;1053,127;1075,210;1079,057;1082,125;1122,148;1144,166;1159,067
022:0,003;9,052;22,139;34,053;44,230;93,123;110,053;140,190;223,133;225,038;234,198;381,073;417,204;448,026;462,101;589,069;591,137;783,039;808,054;816,139;887,062;894,082;915,035;944,167;1057,045;1075,209
023:0,003;9,052;30,211;55,035;86,275;264,034;271,059;290,214;664,035;673,029;687,074;703,027;722,179;837,072;849,070;866,263
024:0,003;9,240;32,026;36,122;64,264;81,177;123,068;124,174;157,145;203,052;233,040;234,159;281,153;286,184;294,234;303,048;331,162;345,233;365,079;381,073;411,040;423,216;432,231;448,026;452,117;463,105;464,118;475,045;487,149;488,233;513,085;589,069;616,039;618,129;637,032;638,074;641,067;654,183;656,049;664,035;682,171;687,074;689,183;697,075;720,263;778,137;783,039;802,043;804,106;821,187;826,224;837,039;838,119;861,164;893,248;898,080;939,028;944,167;960,069;969,026;984,145;1005,196;1034,242;1057,045;1073,208;1159,067;1165,084;1169,184;1170,248;1175,251
025:0,003;2,139;9,052;23,149;30,211;34,053;55,035;79,049;80,026;81,177;95,040;110,053;123,068;157,132;203,052;209,046;210,257;219,133;221,162;225,038;231,072;234,031;242,195;244,133;264,034;273,261;280,274;303,048;315,194;370,200;381,073;404,159;442,207;448,026;452,117;454,161;471,263;475,045;492,086;494,037;504,036;508,255;517,131;551,070;567,169;589,069;591,137;608,212;637,032;638,074;641,067;663,054;674,150;687,074;704,069;731,186;783,039;804,045;834,113;849,070;859,077;880,027;887,062;888,183;927,216;941,115;976,218;1005,109;1009,243;1057,045;1083,103;1110,041;1120,139;1122,074;1151,266;1153,201;1158,234;1159,067;1194,135;1199,130
026:0,003;4,156;9,052;22,139;32,026;44,230;49,052;55,035;81,258;95,040;97,147;110,053;122,043;143,261;152,090;194,044;195,030;207,205;223,120;231,072;242,195;250,181;264,034;267,239;283,043;290,214;303,048;314,147;361,061;363,074;370,200;381,073;404,028;410,038;414,260;416,035;426,271;448,026;457,117;589,069;596,228;599,154;605,263;638,074;644,159;673,029;678,040;686,265;703,027;739,192;778,256;783,039;786,192;808,054;817,247;818,158;822,157;837,072;866,263;880,027;887,062;894,082;939,028;941,115;987,064;1009,243;1028,263;1124,232;1132,109;1141,138;1156,199;1174,181;1181,223;1198,250
027:0,003;2,139;9,240;32,026;34,053;55,035;81,258;95,040;110,053;122,043;154,214;194,044;200,079;203,052;214,031;219,133;404,159;418,164;483,221;488,157;497,123;519,184;542,193;544,033;547,178;604,070;608,212;637,032;638,074;641,067;644,159;646,229;648,133;658,210;664,035;669,188;687,074;703,070;709,102;778,061;786,192;803,095;808,054;812,181;833,262;837,072;842,235;851,091;855,051;873,192;876,158;894,113;896,200;900,132;915,035;939,028;965,136;1058,062;1065,173;1075,058;1086,213;1105,164;1114,089;1150,274;1159,067;1172,034;1174,181
028:0,003;9,052;27,107;32,026;34,053;64,264;95,040;116,206;195,030;203,052;223,120;1122,074;1144,252
029:0,003;9,052;27,107;122,043;123,068;140,190;231,072;246,202;271,059;287,244;551,070;571,156;664,035;673,029;687,074;703,027;729,105;837,072;880,027;888,183
030:0,003;22,093;45,210;74,271;95,040;110,053;123,068;134,157;143,261;154,214;174,107;194,044;195,030;199,115;203,052;223,170;225,038;231,072;247,183;259,226;264,034;267,239;273,261;274,057;281,153;287,244;310,254;323,220;352,233;476,033;488,233;526,086;541,189;551,070;567,164;597,029;637,138;704,069;715,239;754,065;778,256;817,247;886,123;887,062;893,248;915,035;968,091;993,055;995,140;1081,228;1095,051;1122,074;1128,264;1144,252;1171,202;1181,183
031:0,004;12,138;25,029;67,245;139,253;193,029;220,098;256,163;259,245;278,110;290,264;291,051;305,154;321,035;332,201;357,053;395,059;397,134;416,126;459,073;470,223;473,122;486,048;512,154;516,052;528,027;533,034;557,045;562,161;621,097;634,056;636,149;666,059;678,040;691,119;725,056;728,033;740,031;741,131;742,096;756,110;768,159;799,051;810,157;815,091;824,048;828,172;837,028;847,089;872,044;880,199;923,052;924,121;938,057;946,064;957,065;985,199;1075,209;1078,052;1091,209;1105,063;1122,259;1125,052;1174,215;1179,255;1185,045
032:0,004;5,274;20,055;24,034;32,095;40,152;63,219;67,245;95,222;158,031;173,111;177,178;194,044;196,197;198,248;216,042;222,210;223,081;247,048;286,257;291,051;308,067;321,035;339,101;356,186;366,162;381,169;453,068;482,260;485,065;493,043;497,249;525,043;536,260;566,047;568,235;570,069;577,176;621,030;630,261;634,056;655,202;704,170;713,244;722,026;735,156;737,038;745,272;749,028;755,204;766,098;773,111;802,062;814,125;819,238;828,206;834,226;847,129;849,087;868,091;893,117;923,052;928,030;952,186;991,233;1003,080;1015,027;1017,114;1052,074;1069,127;1085,056;1115,269;1118,214;1179,123
033:0,004;8,181;20,055;25,029;44,178;247,048;294,065;298,090;315,165;432,169;485,065;486,048;493,220;602,061;630,261;722,026;725,056;735,156;737,038;756,265;799,051;814,125;1078,052;1109,241
034:0,004;8,181;24,034;40,152;294,065;304,198;666,059;678,040;688,078
035:0,004;3,220;18,041;22,178;24,034;25,029;59,143;89,139;128,093;129,099;134,105;152,183;180,252;193,029;203,085;204,275;240,257;247,048;291,051;294,065;305,154;308,067;315,165;321,035;329,110;332,201;339,101;345,031;354,209;379,193;395,059;397,134;410,087;411,111;417,172;421,058;438,115;439,211;441,147;453,068;459,073;466,203;471,064;474,149;485,065;497,249;513,216;533,034;542,144;544,269;558,073;560,235;602,061;629,211;634,056;640,122;675,227;737,064;757,100;824,048;828,172;880,232;890,181;892,199;902,232;905,134;919,240;932,083;1002,027;1003,135;1013,127;1058,214;1078,052;1105,063;1115,246;1121,067;1122,259;1125,052;1173,220
036:0,004;5,274;288,110;321,035;334,087;453,068;485,065;486,048;509,229;516,052;537,171;725,056;731,028;799,051;837,028;847,129;938,057;952,186;1026,125;1105,063;1121,067;1125,052;1173,220;1185,045
037:0,004;10,076;25,029;43,164;345,031;353,104;357,053;381,169;395,059;408,275;1002,027;1003,135
038:0,004;1,200;24,034;43,164;65,199;111,079;161,053;166,171;173,111;243,274;247,048;291,051;308,067;318,130;357,053;395,059;400,275;401,027;426,151;438,115;481,230;484,250;486,048;509,229;516,052;525,043;528,064;546,160;549,224;570,069;584,057;590,188;602,061;621,030;636,179;678,040;688,078;692,197;722,026;734,221;737,064;742,096;790,178;823,040;824,048;834,204;847,089;923,052;932,083;938,057;955,140;1001,263;1002,027;1011,145;1017,114;1037,138;1043,217;1051,133;1052,074;1058,214;1069,234;1073,157;1074,087;1085,056;1105,063;1110,213;1121,067;1125,052;1138,270;1145,237;1170,136;1185,045
039:0,004;2,169;3,220;10,076;20,055;24,034;32,095;85,060;89,139;127,081;134,202;159,158;193,029;198,238;206,268;257,080;277,208;278,063;279,210;294,065;298,090;303,267;308,067;322,154;345,031;353,104;400,275;452,093;453,068;459,073;465,131;472,069;474,149;486,048;493,220;516,052;525,043;543,159;570,069;576,209;577,176;602,061;621,030;644,087;678,050;688,178;691,119;722,026;725,056;735,140;737,038;752,042;774,066;784,137;799,051;823,152;837,028;866,161;868,258;872,110;889,089;900,207;981,191;1014,120;1052,074;1065,200;1078,052;1114,168;1125,052;1142,202
040:0,004;2,169;14,219;20,055;22,178;79,142;172,275;179,070;198,248;230,193;234,031;240,257;291,051;308,067;349,147;357,053;366,162;395,059;399,103;407,127;533,034;542,112;572,217;602,061;617,243;621,030;634,056;654,075;656,203;696,129;769,157;773,262;784,137;789,042;790,178;795,255;815,170;824,048;833,192;922,092;923,052;930,160;938,057;956,105;961,149;1023,128;1040,255;1043,202;1044,080;1052,074;1072,058;1074,087;1085,056;1109,241;1115,126;1118,031;1121,067;1125,052;1165,207;1170,074;1174,215;1181,199;1198,096
041:0,005;47,246;70,047;79,040;81,064;102,249;117,043;127,149;156,135;182,054;189,256;190,181;210,042;220,187;223,070;244,243;260,068;271,059;280,118;294,037;301,187;309,039;322,088;340,219;341,049;378,254;381,047;392,161;416,052;419,059;430,032;438,072;462,200;473,127;479,033;489,149;505,235;512,060;517,139;528,027;539,036;540,123;552,047;590,272;615,262;621,094;631,075;634,259;655,051;672,112;685,026;699,222;714,130;719,075;728,176;732,107;745,034;780,110;783,065;796,206;802,052;814,206;896,107;919,071;932,111;937,097;940,043;952,085;959,134;979,042;990,259;1053,057;1074,259;1092,138;1097,028;1118,038;1122,045;1133,035;1164,238;1174,045;1190,044;1199,168
042:0,005;24,193;47,206;70,047;79,040;81,064;85,145;100,038;117,043;119,048;128,227;155,053;159,263;167,274;173,123;211,242;214,075;220,271;271,041;277,241;294,037;323,099;348,087;353,226;365,056;397,222;419,059;430,032;443,062;446,273;485,107;512,060;520,267;528,027;541,106;619,117;672,112;720,055;733,267;838,200;841,148;846,247;856,165;861,189;864,034;877,242;944,235;946,073;973,039;981,222;989,162;997,131;1024,047;1034,168;1053,057;1092,268;1097,028;1122,210;1131,074;1133,035;1138,044;1144,224;1154,050;1156,105;1169,033;1172,192;1198,114
043:0,005;46,238;70,047;81,064;100,038;123,045;136,183;155,053;161,077;223,070;248,187;260,068;294,037;309,039;324,184;365,056;416,052;419,059;433,182;740,069;754,065;790,090;973,234;1030,052;1041,063;1053,057;1097,028;1133,035;1159,058;1169,033;1182,107
044:0,005;46,238;70,047;81,064;100,038;127,149;210,042;223,070;248,187;540,073;551,119;633,069;646,123;720,055;745,034;776,135;919,071;921,187;1097,028;1123,171;1169,033;1180,050;1199,168
045:0,005;43,234;123,045;146,257;214,075;230,085;260,068;285,259;341,049;365,056;397,222;438,072;457,166;539,126;655,051;659,176;685,026;719,075;720,055;721,272;802,052;814,257;919,071;925,093;1106,102;1159,058;1169,033;1180,050;1189,199;1190,044
046:0,005;24,193;46,192;70,047;74,255;177,135;210,042;214,075;230,085;251,227;277,241;294,037;307,074;346,245;367,264;381,047;416,052;425,161;430,032;438,072;452,250;462,200;502,092;540,073;549,264;572,178;577,120;602,219;618,198;619,026;622,033;627,095;633,069;649,048;656,088;668,135;703,225;740,069;750,151;754,065;776,135;810,026;821,030;824,145;829,134;833,132;845,130;848,139;864,034;882,091;946,138;966,162;967,055;968,227;979,042;988,043;1004,242;1038,097;1041,063;1055,228;1118,038;1135,200;1138,044;1139,241;1142,134;1151,136;1154,050;1155,072;1162,061;1164,238;1172,072;1174,045;1190,044
047:0,005;43,234;146,255;207,135;307,074;321,187;381,047;399,182;512,060;528,027;539,126;622,033;634,259;719,075;720,055;728,176;754,065;783,258;979,042;1004,242;1024,047;1030,052;1041,063;1053,057;1118,038;1133,035;1159,058;1174,045
048:0,005;46,192;117,043;123,045;128,227;419,059;433,222;438,072;457,166;619,026;622,033;633,069;655,051;671,167;810,026;824,145;1154,050;1161,229
049:0,005;47,206;70,047;79,040;82,184;125,181;155,053;170,094;173,147;187,149;206,199;210,042;211,242;214,075;216,079;223,070;235,190;239,114;244,243;279,218;283,223;289,039;291,164;294,037;301,085;307,074;316,076;341,049;365,056;392,161;416,052;420,081;438,072;454,033;464,146;505,094;520,267;540,073;547,051;561,263;611,154;619,221;621,222;633,069;659,176;674,259;685,026;694,096;719,075;723,149;728,157;731,205;733,267;740,069;745,034;791,137;795,175;796,206;802,052;810,026;819,246;840,216;864,034;893,120;901,048;915,063;925,093;933,258;941,073;976,037;979,042;1016,269;1022,153;1024,047;1039,267;1076,220;1080,054;1087,257;1096,048;1104,210;1106,145;1133,035;1138,044;1144,224;1166,262;1174,045;1183,257;1186,077;1190,044
050:0,005;8,018;14,219;52,109;64,271;79,040;85,145;93,086;100,038;116,134;179,121;189,256;210,042;214,075;215,067;216,079;223,070;244,263;260,068;280,118;294,037;314,100;316,076;341,049;353,226;381,047;416,052;423,226;425,161;430,032;467,094;518,102;540,123;549,264;559,079;561,263;562,119;578,168;579,055;593,117;619,026;645,214;655,051;668,135;680,202;685,026;712,030;721,272;733,232;736,044;740,069;745,034;783,086;790,090;802,052;819,246;840,194;863,052;864,034;881,168;890,092;917,267;921,187;932,196;941,232;968,227;990,259;998,093;1016,094;1030,052;1034,168;1053,096;1072,146;1087,257;1098,267;1109,186;1118,038;1128,160;1133,035;1154,050;1159,058;1172,192;1174,134;1179,205;1180,050;1182,107;1185,246;1191,047
051:0,006;33,040;38,026;47,096;59,069;89,131;104,069;110,217;124,059;138,188;153,060;164,205;238,072;241,073;266,074;294,046;297,045;401,102;439,066;488,043;495,164;581,156;584,057;598,139;604,047;611,274;805,072;822,236;1069,063;1098,227;1106,037;1114,161
052:0,006;23,104;65,032;124,059;138,132;167,043;182,229;218,048;238,072;241,073;266,074;297,045;397,033;409,122;533,072;578,196;675,075;694,054;717,083;722,058;741,138
053:0,006;25,117;33,040;40,048;65,032;124,059;139,262;141,045;142,036;150,033;157,147;218,048;237,076;241,073;266,074;292,031;297,045;401,102;520,028;528,191;533,072;561,091;650,053;675,075;692,053;722,058;746,054;805,072;822,236;823,050;825,088;947,236;1014,073;1052,061;1069,063;1080,201
054:0,006;33,040;36,050;47,096;65,032;130,177;177,027;183,231;273,060;287,166;449,068;487,112;650,053;675,075;692,053;722,058;741,138;761,257;839,041;915,110;918,065;958,254
055:0,006;6,110;33,040;36,050;40,048;59,069;65,032;120,183;124,059;139,215;141,045;144,124;167,043;180,254;183,231;218,048;237,076;241,073;252,129;262,045;277,236;289,137;294,046;303,199;309,155;315,131;370,113;397,033;407,263;436,181;437,098;488,043;500,073;520,028;533,034;537,205;554,211;562,159;584,057;595,132;616,163;650,066;668,133;675,075;681,266;685,124;692,053;725,212;736,036;746,054;793,162;805,073;813,152;823,050;825,088;844,047;849,082;853,200;864,079;869,046;876,131;912,254;918,065;972,039;993,180;1014,073;1052,061;1071,274;1112,159
056:0,006;26,143;36,050;40,048;63,190;81,254;104,069;105,246;110,217;142,189;149,234;153,060;171,081;177,027;193,029;203,046;207,271;222,129;245,029;246,265;287,166;292,031;293,160;323,094;351,245;422,129;428,215;439,066;449,068;493,200;520,028;537,205;584,057;590,272;595,132;604,047;620,061;622,183;692,053;716,159;771,275;774,054;793,162;805,072;822,155;839,041;844,047;863,030;887,210;900,264;924,090;978,189;984,232;994,150;1052,061;1058,261;1066,205;1069,063;1075,028;1082,085;1117,054;1137,049;1147,114
057:0,006;25,117;33,040;38,026;40,048;59,069;81,254;141,045;142,036;150,033;157,147;167,043;182,229;266,074;292,031;297,045;397,033;409,122;425,033;439,066;453,107;488,043;500,073;524,163;869,046;876,131
058:0,006;6,110;36,050;38,026;58,126;65,032;89,131;121,133;124,059;125,063;126,128;131,162;139,262;163,226;164,205;167,043;177,027;178,210;192,159;241,073;256,193;258,136;266,074;273,060;289,137;294,046;356,186;393,272;397,033;402,108;425,033;434,161;435,036;436,181;517,258;523,155;533,072;546,100;551,252;561,091;584,057;596,228;620,080;692,053;694,054;711,178;716,262;722,058;725,212;736,036;752,076;773,112;779,249;789,214;805,072;815,273;823,050;824,216;831,265;839,041;844,047;872,233;873,274;908,122;918,065;921,121;930,162;997,128;1014,073;1062,193;1066,138;1071,274;1085,220;1094,048;1101,223;1106,037;1114,161;1148,142
059:0,006;27,005;37,189;40,048;59,069;63,190;96,212;104,069;123,045;130,177;141,045;142,189;150,033;153,060;159,160;167,031;178,210;186,171;238,072;241,097;243,078;246,073;265,263;266,074;273,060;277,236;292,031;294,046;297,045;323,094;334,160;361,081;373,208;389,217;394,177;397,033;402,108;425,033;430,032;433,206;437,113;439,066;449,068;456,121;457,219;488,043;495,164;500,073;520,028;524,163;533,072;563,248;584,230;619,092;642,188;650,053;676,198;686,081;694,054;717,083;722,058;736,036;746,054;807,253;808,163;823,050;829,187;830,078;844,047;863,030;871,046;881,230;907,262;918,065;930,162;950,063;953,059;958,254;1014,073;1052,061;1080,106;1084,183;1091,096;1096,187;1106,037;1115,242;1168,259;1194,134
060:0,006;13,159;36,050;38,026;52,135;104,069;120,183;138,132;142,036;192,159;207,271;218,048;222,129;238,072;244,175;249,120;252,129;266,074;273,060;293,160;443,269;449,068;453,107;455,147;500,073;516,088;520,028;523,155;533,072;556,275;565,031;578,196;582,086;594,056;598,139;624,040;633,187;637,169;650,053;668,133;681,247;692,053;694,054;716,159;722,058;736,036;746,054;799,155;802,128;805,072;815,273;839,041;844,047;860,264;863,030;907,262;915,110;951,116;960,080;999,275;1080,201;1091,253;1098,227;1172,223;1179,264
061:0,007;46,218;70,054;91,166;133,029;143,234;257,064;274,071;290,067;316,073;333,039;353,157;367,031;374,080;399,052;425,228;448,027;471,083;620,027;641,155;663,054;679,071;726,057;735,041;805,071;817,034;826,060;839,051;890,255;1108,172
062:0,007;55,031;65,089;70,049;99,247;126,057;138,035;149,072;164,114;316,073;339,236;399,052;418,034;431,128;509,030;544,060;558,061;564,067;568,049;599,108;679,071;707,051;726,057;735,041;805,071;817,034;826,060;839,051;893,172
063:0,007;42,098;55,031;60,163;70,054;92,253;113,073;126,057;133,029;138,035;163,245;164,114;169,141;221,254;257,064;271,120;278,050;284,117;285,199;296,215;303,038;321,063;332,175;338,259;347,055;353,119;365,045;370,188;399,052;419,099;448,027;475,045;486,195;513,181;526,258;544,060;550,157;558,061;560,057;575,237;679,071;707,051;724,208;726,057;731,027;742,191;746,242;760,225;768,119;778,158;805,071;811,275;817,034;819,143;826,060;835,114;847,208;915,035;919,071;923,239;936,051;942,042;951,155;994,056;1023,084;1045,048;1048,243;1073,065;1086,250;1158,146;1160,145;1185,029;1194,260
064:0,007;35,138;42,098;54,222;70,049;91,166;117,120;126,057;133,029;143,208;145,048;146,027;149,072;155,063;159,092;165,192;199,071;242,210;257,064;267,204;269,148;352,036;358,256;362,046;368,085;386,071;419,099;448,027;461,186;476,213;486,195;499,219;509,030;523,215;578,053;600,261;606,194;615,071;632,119;679,071;707,051;723,174;725,141;730,274;731,027;737,038;746,242;802,033;820,200;826,060;839,233;850,076;879,029;883,151;893,172;917,054;918,226;920,047;940,242;994,056;996,114;1011,032;1012,066;1020,181;1026,133;1029,141;1065,246;1073,065;1074,042;1092,256;1095,189;1114,256;1121,045;1133,072;1138,217;1145,214;1153,094;1175,234;1185,029;1187,258
065:0,007;53,048;58,126;60,163;70,049;88,072;99,247;135,118;138,035;146,027;155,123;159,092;199,071;246,051;267,204;274,071;278,050;285,199;303,038;312,082;320,154;324,073;345,130;358,256;362,046;363,218;367,031;375,204;411,147;418,034;425,033;446,083;459,073;461,152;471,083;484,175;509,030;516,127;528,181;564,067;570,182;600,261;615,071;620,027;641,155;663,054;668,244;670,117;673,077;753,267;772,194;805,071;818,202;879,029;887,270;897,135;917,054;931,212;938,074;942,094;949,194;962,242;969,265;1121,045;1133,072
066:0,007;9,248;79,162;97,240;113,073;117,120;138,035;146,027;149,072;163,223;230,221;236,266;237,198;246,051;267,043;278,050;288,096;290,067;303,038;309,129;322,057;333,141;339,236;353,157;367,031;368,085;386,071;431,128;448,027;461,152;492,224;502,183;547,188;558,061;560,057;564,067;565,268;568,049;593,118;597,112;620,027;633,187;638,243;646,236;648,254;696,171;705,076;726,057;731,027;745,185;748,103;833,165;906,236;920,047;921,097;924,213;936,051;967,224;975,128;994,056;1020,145;1023,084;1088,134;1121,045;1127,078;1133,072;1177,131;1182,203;1185,029;1195,274
067:0,007;46,170;113,073;122,228;133,029;145,048;149,072;160,095;206,071;246,051;274,071;299,162;303,038;316,073;333,039;347,055;362,046;367,031;386,071;418,034;425,228;560,057;568,049;596,233;615,071;627,128;726,057;735,041;810,263;839,051;917,054;920,047;927,109
068:0,007;46,218;55,031;65,089;145,048;160,095;264,048;274,071;290,067;309,129;333,039;347,055;362,046;363,174;386,071;418,034;434,210;735,041;810,263;817,034;827,128;839,051;917,054;918,226;920,047;931,212;936,051;949,194;994,056;1029,141;1073,065;1086,250
069:0,007;55,031;70,054;85,027;92,253;138,035;146,027;155,123;199,071;246,051;274,071;290,067;316,073;333,039;347,055;362,046;363,174;544,060;558,061;565,268;568,049;615,071;627,128
070:0,007;54,222;70,049;97,240;113,073;122,228;126,057;169,141;186,091;197,208;199,071;216,259;242,210;249,135;257,064;277,159;316,073;324,265;360,104;368,192;403,164;405,218;418,034;434,210;441,109;448,027;457,248;461,049;484,175;509,030;528,181;544,060;555,261;558,061;560,057;575,237;599,108;607,210;620,027;628,225;648,107;707,051;718,145;800,091;801,272;823,221;833,192;835,114;849,102;859,148;865,130;879,029;884,049;890,255;922,196;927,109;936,051;944,270;946,216;951,155;1039,216;1049,195;1052,143;1060,254;1073,065;1087,254;1121,045;1133,072;1182,180;1185,029;1192,113
071:0,008;35,160;44,071;61,171;105,246;129,077;133,169;146,217;212,034;221,166;273,187;280,099;306,184;314,162;320,067;333,050;338,206;340,046;342,254;391,057;397,064;410,142;461,169;472,143;474,116;494,154;495,198;524,049;529,109;540,124;541,052;561,182;564,034;585,117;599,252;603,070;621,041;629,160;637,032;641,202;662,058;663,244;736,044;755,204;804,038;814,206;819,097;830,161;836,194;849,222;850,157;868,068;891,164;977,200;988,032;1027,185;1112,248;1164,126
072:0,008;23,269;30,055;36,239;94,193;115,037;119,068;129,077;157,061;167,086;196,073;200,036;205,110;277,086;307,074;321,063;326,267;335,034;344,159;346,048;363,126;386,129;391,057;405,272;408,095;429,059;431,122;440,216;459,128;476,033;482,145;492,093;508,096;524,049;567,175;603,070;620,047;624,164;641,202;650,141;653,263;656,219;662,058;669,106;713,212;722,210;890,203;942,089;988,032;1029,089;1043,158;1047,220;1059,112;1075,028;1095,065;1124,223;1186,218
073:0,008;17,115;21,056;23,104;30,055;36,239;37,043;72,132;85,031;87,143;128,065;146,217;154,178;159,263;196,073;210,095;212,034;223,103;246,269;251,081;346,048;362,263;391,057;404,229;410,142;418,154;476,033;498,083;516,189;524,049;540,245;541,052;570,101;603,070;621,264;636,136;641,067;649,171;653,108;654,222;662,058;687,122;691,106;715,110;734,082;736,044;750,183;752,163;755,071;762,214;784,047;785,157;792,094;827,263;829,163;831,036;836,194;837,028;841,270;988,032;1029,089;1040,157;1060,231;1075,028;1080,106;1095,065;1112,159;1114,146;1136,184;1154,217;1170,074;1188,147
074:0,008;21,056;37,043;44,071;74,250;100,047;119,068;125,054;200,036;209,084;320,067;322,057;335,034;340,046;365,032;402,168;624,154;755,071;770,200
075:0,008;22,088;30,055;36,079;115,037;125,054;196,073;209,084;221,068;259,069;320,067;337,124;1084,231
076:0,008;21,056;30,055;37,043;44,071;76,051;100,047;125,054;167,086;212,034;221,068;259,069;326,267;335,034;340,046;365,032;386,129;624,164;868,068;899,164;1075,028;1095,065;1112,248
077:0,008;21,056;30,055;37,043;44,071;76,051;85,031;92,144;119,068;125,054;196,073;204,087;212,034;221,068;259,069;320,067;337,124;346,048;364,199;409,040;440,216;503,191;868,068;903,142;988,032;1075,028;1095,065;1115,126;1170,074;1188,147
078:0,008;21,056;36,079;44,071;74,250;200,036;212,034;223,103;259,069;330,103;397,064;418,154;784,047;806,124
079:0,008;21,056;34,242;76,051;85,031;93,075;100,047;115,037;125,054;200,036;212,034;221,166;259,069;320,067;322,057;338,206;365,032;390,068;391,057;397,064;402,168;476,033;503,191;524,049;541,052;567,175;736,044;755,071;784,047;804,191
080:0,008;21,056;30,055;34,242;37,043;44,071;76,051;85,031;94,193;320,067;322,057;335,034;340,046;391,057;397,064;408,095;603,070;627,102;736,044;755,071;784,047;785,157
081:0,009;15,037;16,249;28,161;49,058;50,029;69,086;72,044;107,252;125,075;128,259;135,152;143,086;145,067;156,234;161,094;167,235;170,057;173,137;178,061;184,047;185,268;187,099;201,220;212,225;229,157;255,037;265,049;267,172;274,030;290,269;297,035;309,028;310,233;311,081;317,059;329,274;335,061;340,074;345,239;349,114;377,104;381,043;401,138;414,187;421,235;455,063;471,152;473,105;476,033;493,098;494,079;506,062;514,178;545,203;568,098;583,105;588,068;592,082;608,058;627,219;648,119;657,159;660,211;662,164;699,211;723,083;728,188;737,214;748,053;754,033;768,068;787,268;792,256;801,069;810,035;835,034;849,105;860,110;862,056;882,067;900,133;927,054;947,176;959,142;972,114;1015,027;1017,251;1065,069;1073,090;1105,063;1108,230;1150,031;1153,209;1164,148;1181,118;1191,125;1196,248
082:0,009;4,180;16,249;50,054;58,254;72,044;80,222;86,042;91,127;125,075;145,067;154,262;167,203;170,057;178,061;179,076;184,047;195,061;196,127;205,039;212,225;227,048;228,251;255,037;271,055;297,209;299,128;306,095;317,059;335,061;345,075;351,204;369,153;387,172;399,061;414,214;418,118;455,063;478,058;496,055;535,273;585,129;588,068;629,112;639,085;700,226;705,081;706,245;713,230;734,058;737,214;754,033;760,136;768,068;788,050;789,274;792,130;801,069;833,097;843,063;862,056;878,216;909,090;916,038;919,218;927,054;947,153;1015,027;1053,051;1054,167;1065,069;1071,268;1099,091;1108,230;1116,169;1129,048;1141,271;1188,170
083:0,009;16,166;72,044;86,042;106,044;107,028;125,075;154,106;255,037;271,055;310,233;337,207;371,202;381,043;415,113;506,070;527,077;563,058;588,068;631,103;754,033;771,197;1147,256
084:0,009;1,105;17,065;38,177;47,166;50,029;52,123;61,213;106,044;108,048;126,170;133,200;145,067;167,203;170,057;175,109;203,195;209,241;227,048;228,271;248,206;271,055;305,132;351,204;380,094;455,063;478,058;486,034;498,252;506,070;530,241;549,245;598,243;608,058;610,037;617,191;623,247;738,230;748,053;754,033;766,055;768,068;782,037;806,059;808,109;814,265;843,063;862,056;878,216;880,164;882,067;897,146;930,091;954,121;976,222;1059,106;1065,069;1070,155;1150,031;1162,201;1177,146;1190,200;1197,171
085:0,009;1,077;4,180;80,222;107,028;120,190;135,193;148,099;170,057;178,061;203,111;208,197;265,049;272,100;273,082;287,111;297,035;299,128;373,227;381,043;409,118;415,113;418,048;421,235;429,233;430,161;433,034;437,133;486,048;501,269;554,035;557,195;559,075;563,058;583,165;586,194;588,068;634,251;760,136;768,068;782,037;785,167;810,035;824,216;843,063;848,167;849,082;859,179;984,064;993,220;996,143;1015,027;1020,181;1041,071;1070,079;1071,111;1089,105;1111,182;1124,130;1128,230;1134,114;1150,031;1160,255;1166,098;1171,273;1172,216
086:0,009;17,209;22,144;49,058;50,029;71,104;72,044;77,076;87,140;107,028;120,190;125,075;146,133;151,180;154,106;162,103;170,057;185,144;190,078;244,157;271,207;274,030;287,111;341,055;345,239;371,124;380,215;381,043;411,111;468,052;478,058;489,092;504,036;506,084;542,055;545,203;559,075;562,170;571,275;583,165;601,222;608,058;646,229;674,150;680,191;705,075;722,186;728,263;731,026;733,236;739,274;754,033;771,197;782,037;807,100;814,138;825,110;840,137;843,063;849,254;882,067;891,132;898,048;903,129;908,074;927,105;930,210;945,111;947,153;1028,077;1039,092;1046,050;1049,226;1054,116;1059,090;1105,031;1124,137;1129,048;1141,266;1142,160;1150,031;1155,115;1160,061;1169,109;1191,199
087:0,009;61,213;86,042;87,140;125,075;145,048;148,266;170,057;181,151;184,047;255,037;267,172;271,055;306,095;310,219;317,059;341,231;380,232;403,192;412,046;430,161;455,063;481,247;498,252;506,070;527,077;559,075;563,058;588,068;654,208;661,129;694,123;738,226;740,031;748,053;754,033;768,068;782,037;801,069;820,222;829,087;835,034;840,137;843,063;862,056;885,119;922,077;925,101;947,176;975,183;977,157;998,264;1015,027;1026,150;1041,071;1046,050;1068,100;1088,120;1100,169;1124,137;1129,048;1149,128;1150,031;1153,203;1167,058;1171,071;1176,151;1193,241
088:0,009;9,229;16,166;27,248;38,177;58,254;74,259;91,194;106,044;124,087;145,067;148,266;178,061;184,047;196,127;227,048;228,214;240,172;244,129;249,155;263,258;265,049;267,192;274,030;294,065;329,274;335,061;340,074;341,045;371,202;401,138;407,215;422,131;430,147;437,133;447,124;452,265;456,227;458,186;494,098;530,241;559,075;563,058;585,234;607,171;608,058;625,041;633,168;680,275;710,165;715,236;783,154;786,127;843,063;866,107;897,146;904,086;927,054;930,210;1017,251;1046,050;1049,226;1102,108;1109,193;1124,151;1129,048;1142,202;1143,130;1150,031;1180,191
089:0,009;9,248;17,065;31,077;49,058;52,123;86,042;106,044;107,028;125,075;162,103;170,057;187,099;227,048;233,047;255,037;273,082;297,035;305,132;317,059;340,074;341,055;369,153;473,113;588,068;592,082;782,037;801,069;810,035;835,034;843,063;849,254;900,216
090:0,009;9,229;17,065;28,161;70,054;72,044;86,042;106,044;107,252;170,057;184,047;209,241;265,049;267,192;274,030;297,035;305,159;335,061;341,055;369,232;458,063;478,058;493,098;782,037;801,069;810,035;835,034;848,167;862,056;882,067;900,133;927,105;1041,071;1055,061;1065,069;1099,091;1122,219
091:0,010;7,261;14,047;22,059;49,107;85,060;101,266;142,194;143,061;149,181;200,208;203,060;216,240;239,207;241,056;246,265;260,164;286,196;309,052;319,125;343,033;353,134;386,131;389,263;496,147;534,154;541,068;552,122;575,041;594,128;601,069;605,072;608,128;615,065;618,064;625,170;640,040;659,214;669,062;696,215;714,096;728,033;744,251;747,094;753,206;755,233;796,184;811,030;813,239;859,038;860,243;876,071;890,034;911,250;996,110;1002,273;1011,034;1012,231;1018,050;1038,030;1040,056;1046,075;1051,040;1061,180;1062,073;1102,219;1132,068;1134,166;1161,173;1185,116
092:0,010;21,187;241,056;259,033;287,271;309,052;322,041;333,050;351,059;364,211;476,054;482,235;562,064;570,088;575,041;584,255;599,036;601,069;615,065;618,064;642,141;664,045;686,168;723,053;731,026;767,126;956,027;993,223;1018,050;1062,073;1085,030;1092,118
093:0,010;7,144;145,113;203,060;215,058;259,033;284,258;576,054;599,036;605,072;618,064;640,040;664,045;669,062;690,165;844,037;872,233;941,062;960,234;1178,057
094:0,010;7,261;22,059;33,210;143,061;172,067;200,176;215,058;259,033;284,258;440,069;460,092;498,036;509,145;576,054;599,036;605,072;625,082;640,040;669,062;709,104;731,026;763,255;811,030;813,239;1018,050;1051,040;1062,142
095:0,010;7,144;9,118;22,059;24,136;41,133;101,266;143,061;171,197;172,067;182,150;198,250;201,064;211,217;215,058;241,056;251,093;283,115;351,098;438,230;454,223;460,092;471,258;476,054;488,253;489,172;498,036;509,133;514,044;518,268;531,120;541,068;542,055;553,096;615,065;624,107;626,140;643,075;655,234;659,076;664,045;710,179;724,105;726,045;728,033;731,129;735,127;740,262;811,030;828,156;834,256;839,264;884,129;891,256;927,085;939,185;941,062;956,027;972,030;984,077;989,148;1028,183;1040,056;1045,117;1063,101;1067,195;1073,057;1085,030;1087,223;1098,146;1106,208;1107,113;1136,070;1137,104;1158,115;1182,084
096:0,010;11,251;17,266;23,168;58,187;72,242;126,226;143,061;185,107;203,060;207,206;210,196;215,058;241,056;245,029;246,150;248,275;249,254;275,223;277,041;283,231;309,052;333,050;339,209;351,059;366,164;424,087;440,069;454,223;476,054;506,225;513,214;514,044;537,078;541,247;573,145;576,054;601,085;608,128;615,065;625,263;723,053;728,033;740,035;752,041;763,255;789,042;794,132;844,037;859,038;865,075;871,078;884,125;887,094;890,034;900,122;911,250;977,160;1040,056;1059,120;1062,073;1073,215;1129,066;1132,068;1140,165
097:0,010;9,118;22,059;30,121;33,176;172,067;200,108;204,106;207,206;226,269;241,056;253,095;279,264;283,231;333,050;352,217;450,064;474,116;476,054;482,235;497,107;505,171;506,225;520,103;527,122;541,068;555,093;562,064;570,088;576,054;589,069;595,205;615,065;618,064;625,170;630,214;640,040;642,141;649,236;653,127;726,045;731,026;754,260;789,042;809,103;811,030;832,230;844,037;859,038;871,068;875,092;876,071;890,034;899,191;941,062;964,128;967,110;992,027;993,223;1003,134;1038,030;1045,164;1051,040;1056,247;1073,215;1077,164;1081,202;1085,030;1098,135;1122,074;1136,070;1140,212;1152,257;1178,057
098:0,010;17,209;21,187;22,059;23,168;36,007;41,133;203,060;205,061;213,169;215,058;245,262;252,208;257,162;259,033;297,209;309,039;314,044;319,125;323,204;326,189;331,259;333,050;345,126;351,059;363,194;390,091;402,198;440,069;453,247;500,046;505,171;514,044;518,268;562,064;564,184;578,205;599,036;601,069;605,072;620,113;640,040;653,127;665,186;674,119;690,165;696,215;704,088;721,124;726,045;731,026;733,060;735,127;789,042;795,251;819,126;824,048;851,240;876,071;903,199;941,062;962,113;985,138;992,219;995,271;1018,050;1038,030;1041,234;1048,105;1056,247;1062,073;1084,229;1104,196;1121,077;1136,070;1147,106;1150,244;1176,099;1178,057
099:0,010;17,266;22,059;24,136;88,138;172,067;190,085;203,060;210,196;259,026;287,271;304,078;317,259;322,052;323,270;334,233;351,059;358,117;443,211;476,054;495,228;498,036;510,148;529,110;553,113;561,117;575,041;576,054;582,151;601,069;604,047;626,140;651,218;661,113;664,045;669,062;686,168;709,104;731,026;755,233;761,102;767,126;778,248;792,031;794,132;803,262;879,029;881,097;890,034;891,256;909,157;939,141;944,120;956,027;960,234;968,130;999,031;1004,159;1007,141;1018,050;1021,080;1029,099;1038,030;1051,040;1062,142;1088,052;1112,137;1118,072;1125,155;1132,068;1136,070;1150,244;1160,224;1186,035;1191,213
100:0,010;32,026;33,176;57,053;79,027;89,093;134,142;143,061;172,032;182,150;265,026;293,130;308,099;309,052;321,058;323,204;333,050;339,209;364,211;377,231;408,088;486,255;495,214;498,036;507,210;514,044;529,110;545,099;562,064;564,184;575,041;582,151;601,069;605,072;613,035;636,149;640,207;666,088;720,189;723,053;726,045;743,157;783,222;789,042;796,184;811,030;839,264;844,037;859,038;869,148;876,071;892,051;903,120;915,076;922,264;935,057;939,110;1001,239;1077,031;1085,030;1087,223;1109,216;1112,037;1113,121;1118,120;1125,074;1149,158;1158,219;1167,191;1178,057
101:0,011;20,053;41,105;137,026;162,251;335,069;358,205;361,061;465,243;477,055;546,042;564,034;589,136;723,032;731,265;752,042;761,186;782,059;797,179;872,049;898,273
102:0,011;37,219;40,134;50,051;53,064;59,136;76,246;79,212;111,055;140,168;180,048;202,079;207,137;210,176;234,031;246,146;274,057;296,216;297,026;313,044;317,176;361,061;410,085;437,059;456,173;464,073;481,268;499,068;500,212;540,073;546,042;550,049;558,272;564,034;584,255;589,136;594,254;597,042;600,234;621,041;624,107;655,252;677,125;721,180;736,067;760,033;773,082;782,059;812,181;834,033;844,047;845,232;847,117;852,071;866,161;1036,033;1046,050;1053,208;1087,106;1108,111;1109,059;1127,207;1141,034
103:0,011;35,228;40,048;41,105;58,043;74,054;79,212;95,057;98,197;196,032;228,218;234,031;259,085;269,041;287,071;300,069;326,136;340,140;361,061;362,103;366,137;422,067;434,107;437,059;450,116;455,109;456,173;472,065;477,055;478,088;491,165;499,068;541,247;546,172;558,272;578,053;586,028;591,259;607,038;615,165;621,041;634,033;658,220;662,060;671,182;688,238;711,135;723,053;742,124;752,042;756,214;829,249;834,033;839,123;844,096;852,071;856,274;867,159;868,238;872,049;898,273;922,140;945,056;962,073;975,121;997,169;1092,212;1141,034;1174,092;1180,115
104:0,011;27,165;50,051;53,064;95,057;106,151;111,055;123,165;126,190;129,161;137,026;161,144;180,048;213,026;231,125;269,041;297,110;302,226;339,268;358,058;366,137;374,074;377,143;437,059;463,148;472,065;487,275;499,068;502,096;546,042;547,232;550,049;551,194;578,053;591,074;593,247;596,156;605,119;607,038;608,207;612,148;621,041;654,130;658,220;662,060;664,072;708,112;711,168;723,032;730,236;731,132;736,067;737,170;782,059;789,196;872,049;886,194;931,141;1019,118;1085,056;1108,214;1122,166;1134,125;1137,242;1140,125;1141,034;1178,122
105:0,011;20,053;33,233;50,051;54,236;61,127;84,274;95,057;111,071;128,040;129,161;137,026;155,158;183,028;203,051;207,137;215,039;218,184;269,041;273,184;331,159;358,091;369,143;373,098;394,137;437,059;445,055;448,193;458,103;472,065;475,232;481,268;499,068;528,209;599,200;607,038;614,156;634,033;642,173;736,067;738,158;743,247;747,077;834,033;841,156;849,258;852,071;872,177;916,061;922,140;954,187;979,169;1036,033;1039,085;1043,196;1053,208;1056,144;1109,059;1122,166;1132,180;1180,272;1192,209
106:0,011;20,053;53,064;55,195;180,048;196,032;232,054;269,041;274,057;277,081;297,026;328,038;340,140;378,055;399,147;464,073;475,232;477,055;551,194;607,038;612,148
107:0,011;24,109;53,064;54,236;232,054;264,108;269,041;274,057;297,026;328,038;335,069;361,061;464,073;477,055;499,068;539,217;662,060;675,240;852,071;872,049;897,108
108:0,011;20,053;50,051;55,195;196,032;198,221;232,054;264,108;335,069;361,061;464,073;477,055;553,097;564,034;591,259;621,041;635,246;662,060;664,072;713,218;723,032;728,226;736,067;739,086;782,059;789,196
109:0,011;36,037;40,134;50,051;60,109;123,165;137,026;140,168;148,088;156,227;177,087;180,048;198,221;215,147;232,054;237,190;251,086;253,196;269,041;279,206;326,136;335,069;339,268;440,190;500,212;517,060;521,225;526,211;539,217;546,250;550,049;566,166;567,118;578,053;581,092;593,247;634,033;645,219;662,060;664,072;704,167;706,084;739,086;742,240;782,059;787,205;791,078;807,151;852,071;856,274;886,194;901,161;920,230;928,125;945,215;1007,203;1009,133;1024,255;1036,033;1043,261;1120,139;1136,070;1146,227;1196,148
110:0,011;20,053;21,159;50,051;61,127;95,057;111,055;137,026;162,251;196,032;232,054;269,041;273,184;284,057;297,026;328,038;335,069;361,061;464,073;465,243;472,065;491,165;499,068;546,042;553,097;615,165;634,033;635,246;664,072;714,153;752,042;767,231;1141,034;1178,122
111:0,012;14,131;17,132;66,138;110,184;112,066;144,194;157,036;169,134;202,205;203,051;220,124;252,268;311,148;312,028;319,078;359,074;408,179;410,053;429,272;440,227;447,121;451,122;458,060;477,103;485,110;517,060;520,167;588,110;673,028;693,038;698,246;714,031;728,130;741,128;747,208;858,119;867,141;877,154;942,042;956,214;1001,231;1011,034;1036,160;1105,069;1113,121;1126,186;1133,162;1166,068
112:0,012;4,041;112,066;141,041;162,058;197,066;207,211;312,028;316,058;445,158;882,180
113:0,012;4,041;112,066;141,041;170,182;410,053;438,105;818,054;898,043;945,056;980,241;1011,034;1012,041;1066,054;1092,262;1109,212;1121,158
114:0,012;4,041;112,066;118,052;159,170;359,074;408,179;458,060;467,062;468,052;485,039;565,056;591,027;622,238;1066,054;1105,069;1130,038;1166,068
115:0,012;4,041;112,066;118,052;157,036;158,192;170,182;359,074;410,150;431,148;468,052;485,039;565,056;591,027;596,075;668,054;673,028;804,045;818,054;896,048;898,043;945,056;1012,041;1066,054;1105,069;1130,038;1166,068
116:0,012;4,041;112,066;141,041;162,058;197,066;203,051;205,112;312,028;316,058;447,121;591,027;596,075;668,054;673,028;804,045;818,054;899,116
117:0,012;4,041;118,052;157,036;158,192;162,058;197,066;207,211;312,028;316,058;431,148;458,060;463,161;565,056;591,027;594,201;596,075;668,054;673,028;804,045;818,054;898,043;945,056;1011,034;1012,041;1085,158;1105,069;1118,116;1166,068
118:0,012;15,198;112,066;115,267;124,140;141,041;162,058;176,108;203,051;208,274;221,140;228,058;254,234;301,064;319,078;359,074;402,244;410,053;440,227;458,060;466,202;467,062;475,192;500,119;504,157;520,167;542,166;559,122;565,056;594,201;638,209;647,075;670,254;673,028;760,037;771,176;798,157;804,045;823,224;845,158;857,205;858,125;883,241;890,076;892,051;898,043;933,198;942,042;945,056;950,271;997,083;1105,143;1120,159;1130,038;1156,143
119:0,012;9,143;76,198;112,066;157,036;162,058;205,112;354,203;467,062;468,052;485,039;588,110;892,051;894,099;918,043;945,056;994,105;1188,252
120:0,012;4,041;118,052;157,036;159,170;197,066;203,051;221,140;316,058;445,158;485,039;565,056;591,027;596,075;689,180;945,056;980,241;1012,041;1066,054;1085,158;1130,038;1166,068
121:0,013;15,051;28,273;45,049;56,219;90,065;103,052;119,067;128,154;216,044;231,267;315,066;331,264;455,043;468,221;527,037;548,198;597,160;624,040;634,048;648,194;774,066;785,107;799,033;817,058;821,055;836,062;867,045;892,036;902,070;922,088;1023,030;1038,130;1039,052;1069,067;1094,048;1117,251;1160,061;1182,177
122:0,013;13,095;15,051;32,151;90,065;119,067;133,169;263,070;275,143;392,028;412,062;415,035;420,054;430,047;455,043;459,160;634,048;686,081;867,045;892,036;902,070;922,077;1094,048;1117,251
123:0,013;23,255;32,151;45,049;51,037;61,263;131,180;143,071;154,059;178,266;208,144;216,044;254,117;289,261;344,196;357,060;399,129;412,062;413,140;415,083;430,047;448,026;451,076;455,043;496,137;512,033;528,209;536,042;548,243;557,046;558,258;638,111;648,173;653,217;689,244;698,072;700,162;718,047;721,133;774,066;788,082;809,069;810,096;817,058;821,055;826,200;836,062;847,209;850,179;854,231;867,045;887,066;896,101;908,054;911,195;928,080;961,088;971,030;980,159;985,199;989,249;1006,097;1023,030;1038,080;1039,052;1041,219;1107,177;1130,162;1144,040;1161,108;1188,047
124:0,013;11,158;56,219;61,263;98,035;103,052;122,055;181,069;183,232;216,044;239,185;263,070;274,047;289,261;294,064;330,100;334,089;355,087;357,060;365,079;367,155;392,028;408,156;430,047;486,153;493,063;498,266;512,033;547,095;604,205;634,048;665,275;667,234;694,269;698,078;742,041;744,173;747,119;778,051;785,133;788,065;799,033;810,043;813,256;853,230;867,045;882,204;892,036;896,101;902,070;908,054;918,270;930,238;933,169;946,064;948,063;956,027;968,026;969,265;971,030;979,264;980,265;985,173;990,188;1023,030;1031,032;1038,130;1050,085;1076,031;1129,257;1138,072;1151,077;1165,274;1188,047
125:0,013;15,051;28,273;119,067;128,154;274,047;275,143;294,064;315,066;347,042;357,060;392,028;412,062;415,035;420,054;428,248;512,033;548,243;660,048;681,117;813,159;1076,031;1129,257
126:0,013;7,086;143,071;172,032;194,046;221,126;357,060;392,028;412,062;415,035;420,054;422,067;435,120;494,265;817,058;825,035;836,062;847,181;892,036;908,054;946,064;965,133;1144,040;1160,061;1182,177
127:0,013;19,112;34,129;45,049;56,170;88,220;90,065;98,035;126,057;131,180;137,197;143,071;154,059;160,178;169,097;186,138;194,046;216,044;222,178;223,071;228,106;259,193;263,070;274,047;292,187;294,064;338,275;347,042;351,077;357,060;403,257;414,124;415,035;417,091;420,054;422,067;446,273;451,076;455,043;459,160;543,195;603,123;660,122;690,251;697,131;700,162;704,069;713,125;742,038;744,173;817,142;821,055;825,035;850,233;860,078;862,141;867,045;869,198;899,258;902,070;908,054;919,188;926,087;946,064;948,063;961,219;1044,236;1055,242;1063,133;1069,067;1094,048;1110,041;1130,162;1131,254;1144,040;1156,034;1167,218;1174,133;1187,203;1189,186;1200,107
128:0,013;13,095;21,185;29,066;34,129;45,049;59,069;77,185;98,035;103,052;129,212;140,174;143,071;154,059;158,160;172,032;194,046;216,044;231,267;239,185;263,070;274,047;286,190;294,064;324,116;326,057;329,038;333,170;337,039;351,077;357,060;372,189;384,134;392,028;399,052;415,083;434,046;436,104;443,102;455,043;465,056;468,254;475,192;482,197;527,037;550,081;557,046;571,171;573,122;624,040;627,086;634,048;675,197;681,117;701,234;744,076;750,082;772,092;774,066;778,051;787,118;799,033;817,233;821,055;825,035;839,094;847,209;880,199;883,215;901,086;902,070;911,195;938,074;941,233;953,257;961,219;971,030;979,034;992,146;1028,273;1035,230;1040,162;1069,067;1094,048;1131,194;1188,047;1195,262;1198,115
129:0,013;13,159;15,051;23,255;89,164;90,065;103,052;113,226;119,067;124,087;129,212;194,046;216,044;221,126;263,070;274,047;280,186;294,185;315,066;328,038;331,264;343,129;347,042;395,190;442,095;444,235;450,185;455,043;462,041;485,101;491,152;512,033;527,037;551,052;557,168;559,206;593,122;613,161;623,132;627,086;631,064;648,194;675,197;720,241;778,051;785,107;799,033;808,161;836,062;840,265;843,135;859,051;861,075;883,215;948,063;965,133;979,034;989,249;1023,030;1031,210;1039,052;1040,162;1069,067;1076,031;1120,098;1131,194;1148,200;1157,092;1161,222;1188,047
130:0,013;7,086;20,260;85,105;90,065;98,035;109,202;121,055;149,165;150,175;154,059;155,267;161,077;172,032;186,138;194,046;216,044;241,132;262,148;263,070;274,047;277,139;315,066;334,089;336,261;347,042;357,139;415,035;420,208;422,067;430,047;450,185;474,223;512,197;527,037;541,068;543,195;548,072;549,254;557,046;559,206;634,048;667,234;721,133;725,179;735,220;747,232;749,130;778,051;785,133;812,081;821,055;825,035;837,270;844,141;850,192;856,258;867,045;882,204;946,064;948,063;953,257;971,030;979,034;1030,080;1032,195;1039,052;1049,090;1060,245;1062,256;1069,067;1107,177;1110,041;1124,035;1131,168;1141,133;1144,040;1160,061;1170,084;1188,047
131:0,014;2,260;50,054;51,061;52,091;57,053;59,226;85,060;106,151;144,079;145,275;158,031;175,240;178,040;183,199;189,193;208,189;220,078;224,100;244,040;260,099;274,140;314,199;323,196;374,040;387,236;418,112;429,186;439,250;453,113;461,049;463,226;493,045;498,260;544,242;603,097;624,265;631,226;639,077;650,098;651,113;655,051;662,058;665,173;683,102;696,137;703,257;725,100;726,067;729,111;735,175;753,251;805,073;834,033;849,070;886,155;894,065;914,220;982,216;1004,111;1022,109;1055,029;1057,045;1069,038;1081,198;1112,228
132:0,014;22,150;57,053;59,226;324,071;336,172;425,028;461,049;488,035;489,058;493,046;510,076;1178,263
133:0,014;22,093;26,034;38,251;59,069;60,132;100,047;112,257;119,138;120,257;153,094;158,031;175,240;184,032;194,093;198,238;290,106;324,071;336,172;374,040;429,186;461,049;468,254;489,058;506,099;510,076;524,220;527,253;538,157;547,273;558,073;571,069;585,128;598,195;721,045;726,067;735,140;738,205;745,211;749,046;762,200;800,170;804,038;817,058;826,085;857,063;862,233;871,205;886,155;894,065;910,253;915,148;931,242;935,054;942,076;976,035;984,158;1035,173;1051,134;1055,029;1068,100;1069,038;1082,130;1108,077;1110,041;1125,104;1141,271;1147,145;1166,271;1195,227
134:0,014;26,220;472,074;489,188;1055,029;1067,171
135:0,014;24,183;51,061;57,053;58,100;374,040;425,028;463,226;489,058;493,046;516,236;721,045;736,092;749,046;774,187;805,073;826,085;1055,029;1067,171;1069,038;1082,130
136:0,014;22,150;85,060;113,155;461,049;493,046;504,186;749,046;774,187;894,065;910,233;1047,076
137:0,014;19,113;26,220;38,126;50,054;51,061;54,139;57,053;60,104;81,219;85,060;139,097;171,047;183,135;191,192;208,064;221,248;315,203;324,071;326,091;330,081;374,040;422,203;425,028;471,094;472,074;494,261;558,073;562,080;570,177;588,121;590,225;703,070;718,145;721,045;726,067;736,085;777,272;787,225;805,073;808,109;821,117;828,236;832,268;914,220;1032,232;1045,146;1047,131;1055,029;1061,202;1069,038;1079,168;1138,044;1158,174;1161,161;1190,254
138:0,014;19,113;374,040;425,028;461,049;489,188;493,046;516,236;558,073;570,177;703,070;721,045;736,085;749,046;800,170
139:0,014;24,183;50,054;58,100;158,031;183,240;698,188;726,067;736,092
140:0,014;33,055;38,126;51,061;52,091;71,049;98,192;117,177;119,068;120,257;131,063;143,218;158,031;172,263;187,133;188,274;194,093;206,181;260,099;324,071;325,183;344,087;347,259;365,196;374,040;383,126;425,028;466,202;472,074;485,256;489,167;493,045;504,186;532,252;541,064;544,242;550,260;558,268;562,080;624,207;646,140;655,049;671,167;673,177;703,070;715,122;786,164;798,232;804,038;812,253;862,233;871,239;881,126;890,253;894,065;905,143;968,089;984,158;1079,168;1081,198;1195,062
141:0,015;30,038;79,027;108,048;124,040;138,038;148,046;178,040;197,162;345,040;355,063;393,051;422,110;489,053;512,058;522,262;535,047;573,230;581,037;639,193;747,029;778,128;784,193
142:0,015;34,145;37,189;73,066;89,084;161,202;178,225;185,091;187,264;194,133;197,039;209,184;222,214;226,061;232,171;245,065;247,161;251,030;264,051;273,248;286,039;296,222;388,250;393,051;423,226;452,031;482,260;518,064;523,105;532,238;535,047;567,058;602,088;624,064;642,084;660,125;703,132;740,035;747,029;771,234;843,055;874,207;903,144;916,038;923,081;928,031;954,271;959,157;971,049;979,125;985,107;1049,062;1066,161;1083,114;1120,266;1138,217;1154,202;1162,186;1169,133;1171,071;1191,185
143:0,015;28,088;50,029;52,128;79,027;82,272;109,160;153,046;162,038;204,255;213,121;225,226;226,061;245,217;249,066;251,030;257,191;286,039;299,159;300,255;307,044;328,273;334,272;344,099;345,094;393,051;406,246;408,199;445,198;452,031;504,120;518,064;535,047;556,087;562,032;575,159;581,037;634,152;665,082;675,208;678,050;694,269;740,035;745,250;794,204;803,119;808,097;831,138;840,197;843,055;874,207;883,048;923,081;928,031;953,059;957,111;964,026;971,049;978,176;1049,062;1062,066;1070,058;1109,059;1139,239;1170,074;1183,067;1189,231
144:0,015;29,207;30,038;79,027;80,122;148,046;178,040;197,039;226,061;249,066;254,132;290,039;294,217;307,044;334,272;454,031;486,047;489,053;512,058;518,064;562,032;581,037;639,193;852,055;897,088;916,038;964,026;1062,066;1080,255
145:0,015;30,038;82,272;138,038;148,046;178,040;197,162;220,150;226,061;245,065;251,030;271,141;489,053;512,058;518,064;553,226;562,032;573,230;964,026;1049,062;1070,058;1082,149
146:0,015;2,188;29,035;59,078;90,042;103,071;122,225;124,040;169,140;173,241;197,039;221,046;222,214;245,065;254,072;280,238;286,039;294,217;307,044;342,219;353,176;355,063;406,103;423,216;439,066;467,062;472,065;484,178;486,047;528,111;535,047;553,238;562,032;567,227;573,142;581,037;641,177;642,084;666,059;680,111;694,202;725,134;745,081;756,274;771,234;778,061;795,096;800,113;819,130;843,055;877,256;883,048;903,144;916,038;920,047;921,078;928,031;942,042;944,230;964,026;971,049;974,026;1037,275;1048,079;1062,066;1070,058;1086,170;1089,265;1099,187;1149,131;1164,239;1171,071;1179,264;1190,124;1195,157;1200,068
147:0,015;30,038;79,027;80,122;108,048;124,040;138,038;148,046;187,264;249,066;276,215;355,063;393,051;422,110;452,031;487,215;528,111
148:0,015;2,188;30,038;33,233;105,121;226,061;242,155;245,065;249,066;273,060;276,215;296,222;300,119;307,044;322,088;325,132;328,273;355,063;388,250;448,193;452,031;454,155;486,047;487,224;489,053;497,084;518,064;535,047;573,142;583,186;603,133;606,189;634,152;659,108;662,198;740,035;745,250;747,029;766,085;778,061;803,119;841,206;851,134;877,256;883,048;909,136;971,049;985,107;1028,078;1046,106;1049,062;1062,066;1066,161;1070,058;1083,114;1139,239;1150,123;1171,071;1176,256;1190,202
149:0,015;30,038;79,027;108,048;124,040;138,038;154,235;178,040;197,039;226,061;247,161;307,044;335,215;512,058;522,262;747,029;778,061;795,096;883,048;916,038;928,031;964,026;1049,062;1070,058;1082,149
150:0,015;29,207;79,027;124,040;148,046;178,040;197,039;226,061;251,030;257,191;286,039;300,119;486,047;489,053;512,058;518,064;553,226;740,035;747,029;800,113;971,049;978,176
151:0,016;18,126;22,066;62,203;80,050;83,123;88,047;103,274;109,231;115,088;136,164;144,153;146,249;152,268;154,058;161,053;169,070;213,173;233,040;238,072;251,198;254,160;270,053;289,114;365,262;367,263;368,058;371,114;386,080;389,127;390,273;410,038;418,048;430,047;431,253;436,081;462,240;468,265;506,062;514,178;521,071;557,045;559,231;572,064;578,045;581,258;586,028;590,094;660,043;666,054;670,160;678,050;693,053;703,220;707,247;727,082;731,189;736,135;744,039;766,142;810,140;816,168;863,052;874,213;925,205;937,041;953,059;957,065;971,235;979,203;1001,037;1006,183;1009,126;1014,230;1023,238;1045,048;1058,113;1115,123;1124,035;1129,066;1132,098;1195,159;1200,050
152:0,016;22,066;80,050;88,072;89,075;100,065;156,087;210,069;238,091;250,026;279,185;410,038;418,048;425,209;432,266
153:0,016;24,005;46,043;55,085;88,047;95,057;107,027;110,175;113,249;169,070;201,064;251,154;264,255;305,041;331,118;336,208;345,075;368,079;373,087;374,266;433,034;447,224;464,190;468,153;488,035;494,263;522,240;528,161;535,178;566,262;572,064;578,045;590,094;616,105;627,095;643,039;644,170;740,174;748,257;750,175;799,051;810,140;816,164;839,044;843,043;850,154;882,067;883,049;887,261;892,051;895,275;928,215;929,236;933,036;946,064;956,094;957,117;980,051;988,174;993,246;1001,037;1014,230;1106,037;1108,084;1128,267;1152,254;1173,098
154:0,016;19,172;80,050;89,230;97,042;104,267;125,075;130,122;132,047;152,268;154,058;160,144;161,053;173,177;233,040;250,026;259,069;264,255;269,067;279,185;287,216;294,145;381,043;390,273;410,038;412,112;414,177;418,048;435,103;440,069;452,065;462,183;486,269;488,133;506,062;520,101;521,071;567,173;572,064;586,185;603,029;631,076;643,039;666,059;688,257;699,028;711,026;715,202;733,142;752,045;765,222;779,091;784,169;789,242;864,163;880,075;884,167;923,076;933,036;942,135;950,271;953,059;957,065;969,203;979,043;988,174;997,048;1003,202;1014,184;1034,203;1051,137;1058,105;1069,196;1073,266;1078,116;1091,155;1095,051;1124,274;1132,150;1140,087;1200,050
155:0,016;1,077;31,066;83,104;88,072;99,248;100,065;103,275;123,135;160,144;210,069;233,040;250,026;270,097;274,071;290,236;309,039;317,110;345,075;374,266;379,160;387,112;398,268;402,201;406,026;410,038;425,209;433,034;458,136;511,039;516,169;541,087;563,154;565,203;578,045;590,042;607,134;622,033;644,170;660,043;678,129;695,136;703,220;758,047;791,043;826,241;933,036;939,081;953,059;973,264;974,214;979,043;997,048;1018,096;1045,048;1061,243;1070,101;1095,051;1103,144;1107,083;1124,035;1132,098;1143,196;1165,128;1185,196
156:0,016;18,126;22,066;35,082;49,052;62,203;89,075;100,065;156,087;169,070;210,069;213,173;233,040;254,160;270,053;294,145;331,185;418,048;423,188;452,065;462,183;521,071;572,064;586,028;590,042;602,218;1001,037;1014,184
157:0,016;35,082;49,052;70,054;81,235;88,047;89,075;109,231;139,065;154,058;161,053;163,078;169,070;190,051;196,111;201,064;218,236;245,029;263,181;270,053;301,082;324,059;345,151;361,262;399,155;406,026;410,038;414,177;418,048;431,253;458,136;471,115;506,269;513,266;557,045;565,079;566,210;570,203;578,045;590,042;605,138;616,168;639,182;643,039;648,271;660,043;665,108;703,163;706,077;712,136;720,271;752,045;758,047;784,169;818,119;826,241;843,043;849,070;855,108;863,052;872,049;874,213;887,261;893,266;937,041;953,059;957,065;973,264;1001,037;1020,159;1095,051;1107,083;1124,035;1132,150;1191,253;1200,050
158:0,016;46,170;49,052;65,069;90,065;94,141;100,065;104,267;111,055;123,135;138,188;182,260;195,164;220,206;250,026;265,078;274,057;287,216;298,255;299,166;305,041;340,074;341,257;406,026;410,038;418,048;423,188;452,065;463,229;488,035;500,050;506,062;510,221;512,060;521,071;541,087;552,122;559,231;572,064;578,045;596,208;622,205;660,043;670,137;688,142;828,156;843,043;850,154;863,052;872,102;884,167;915,089;919,197;933,036;937,041;953,059;966,244;967,224;979,043;1003,202;1045,048;1051,137;1058,113;1063,236;1124,035;1129,066;1166,133
159:0,016;19,172;88,047;94,141;100,065;154,058;201,064;210,069;245,029;265,078;305,041;331,118;433,034;435,103;488,035;521,071;567,172;586,028;596,208;749,193;752,045;758,047;778,117;1045,048;1095,051;1129,066;1140,087
160:0,016;22,066;80,050;88,072;89,075;100,065;154,058;163,078;201,064;210,069;245,029;250,026;270,053;305,041;333,139;345,075;360,068;400,199;406,026;410,038;418,048;438,230;447,224;557,045;567,173;572,064;586,028;590,042;602,218;643,039;648,271;752,045;758,047;816,168;843,043;855,108;937,041;957,065;979,043;993,246;1200,050
161:0,017;15,037;30,121;107,046;112,026;130,194;135,070;152,191;153,167;160,050;176,108;180,187;183,214;187,053;192,211;205,048;213,105;221,047;234,040;248,258;250,045;267,197;270,110;281,254;289,066;306,116;319,166;344,270;384,151;389,062;413,272;418,116;437,176;457,145;469,027;474,119;538,030;541,246;546,064;552,079;554,035;558,040;563,113;565,031;581,225;591,074;603,053;620,039;644,087;653,043;655,064;674,136;677,058;679,251;685,262;686,030;694,043;697,075;723,151;738,222;748,053;778,174;783,194;784,212;788,138;796,176;842,245;905,130;918,107;938,074;948,141;954,215;967,127;1018,186;1030,040;1033,260;1041,071;1052,216;1092,036;1121,204;1135,216;1153,208
162:0,017;23,269;35,160;112,026;119,068;120,243;125,215;135,070;157,250;159,091;160,050;192,230;212,090;250,045;251,086;289,066;306,116;349,098;356,126;374,176;389,062;400,104;469,027;470,215;484,186;490,088;546,064;560,125;565,031;570,046;571,252;574,096;575,040;578,200;603,060;610,135;637,060;673,160;686,030;694,043;695,110;697,075;705,129;712,259;759,173;762,178;778,043;793,095;812,044;864,112;868,068;905,270;909,208;910,049;920,134;942,216;945,199;957,083;962,126;1058,129;1076,123;1077,140;1092,036;1118,269
163:0,017;15,037;63,099;75,059;110,171;187,053;188,225;205,048;223,049;250,045;285,109;389,062;412,073;420,062;495,242;514,059;538,030;539,036;552,079;565,031;575,040;591,074;603,060;620,113;623,073;640,112;655,064;681,054;686,030;713,107;714,031;720,037;778,043;812,044;866,096
164:0,017;24,005;42,119;55,093;103,218;112,026;118,096;122,225;180,189;187,053;188,225;192,230;201,211;205,061;207,060;213,105;221,047;283,085;339,088;420,062;451,270;459,104;469,027;472,074;496,216;514,059;527,144;538,030;548,137;554,035;558,040;570,069;588,183;623,073;637,060;643,045;663,147;677,058;681,079;711,228;728,165;778,043;813,080;818,165;825,086;907,079;910,049;935,121;957,109;978,108;990,092;997,048;1021,254;1044,255;1052,123;1074,050;1083,222;1092,036;1128,264;1132,068;1138,270
165:0,017;54,139;75,059;85,089;106,109;107,046;117,272;150,033;153,167;160,050;180,255;186,106;192,211;200,225;205,061;217,087;223,049;272,274;279,057;290,106;295,082;308,214;389,062;407,236;412,073;419,155;420,062;451,270;514,059;550,049;552,208;558,040;568,270;592,084;603,060;609,169;634,086;653,043;654,225;663,147;677,058;679,153;694,043;696,034;713,107;737,182;778,174;813,080;910,049;917,185;960,235;963,069;979,034;985,086;1016,097;1069,063;1082,085;1083,222;1167,187;1169,217;1186,057
166:0,017;15,037;66,138;75,059;107,046;110,171;160,050;180,189;420,062;453,230;570,046;575,040;590,238;677,058;681,054;686,030;714,031;723,151
167:0,017;17,202;135,070;156,140;205,048;221,047;267,197;289,066;310,127;412,073;420,062;457,145;514,059;538,030;539,036;541,246;546,064;552,068;554,035;560,123;610,135;637,060;655,064;677,058;681,079
168:0,017;15,037;75,059;112,026;120,243;221,047;223,049;250,045;285,109;538,030;546,064;552,208;554,035;560,125;677,058;686,030;720,037;778,043;827,189
169:0,017;15,037;68,128;187,053;205,048;221,047;223,049;250,045;283,085;289,066;310,127;341,049;374,176;469,027;479,232;558,040;570,046;575,040;588,183;603,060;623,073;637,060;653,043;677,058;681,054;686,030;714,031;720,037;778,043;812,044;864,112;1074,050;1092,036;1121,204
170:0,017;15,051;17,202;42,119;46,043;63,099;75,059;103,218;107,046;121,162;135,070;159,091;185,164;187,053;209,245;221,047;223,049;227,223;394,176;412,073;418,116;461,061;494,261;495,242;506,070;524,119;527,144;552,068;560,123;565,031;570,046;583,099;591,074;597,166;603,060;605,088;609,169;623,073;637,060;646,137;653,043;655,064;681,217;686,030;694,043;697,075;711,228;720,037;762,178;778,043;781,126;788,245;812,044;860,206;874,030;904,194;910,049;923,199;969,044;985,086;1011,223;1033,233;1070,212;1074,050;1078,089;1117,094;1134,197;1154,205;1159,246;1181,096;1185,045;1186,086
171:0,018;16,146;62,040;78,045;80,026;99,248;164,199;186,061;201,090;214,031;216,042;226,172;247,148;272,219;274,135;282,165;300,251;309,240;322,052;327,097;362,140;471,147;473,030;486,255;502,074;509,202;514,245;516,169;564,103;577,252;661,077;676,253;761,030;825,080;828,026;854,267;860,068;862,115;875,041;895,247;945,069;972,039;973,199;975,266;1016,051;1058,245;1090,123;1105,051;1130,234;1151,059;1182,031
172:0,018;14,060;62,040;78,045;80,026;88,194;222,062;267,042;274,029;322,052;370,238;505,103;678,034;711,047;733,072;739,039;761,030;806,204;853,072;860,068;875,041;915,063;941,073;981,028;996,205
173:0,018;16,146;159,070;162,038;189,218;214,031;216,042;222,062;269,067;277,029;316,030;322,052;383,157;473,030;486,118;594,056;600,221;761,030;799,062;828,026;853,072;875,041;904,074;928,030;968,097;972,039;981,028;1016,051;1058,044;1082,173;1182,031
174:0,018;14,060;64,116;80,026;87,088;186,061;207,041;213,026;216,042;222,062;267,042;274,029;316,030;322,052;370,238;613,058;632,227;678,034;709,026;711,047;728,201;733,072;739,039;799,062;828,026;853,072;871,030;875,041;904,074;928,030;945,069;972,039;981,028;1016,051;1058,044;1087,157;1151,059;1182,031
175:0,018;14,060;64,116;78,045;98,099;162,038;189,218;502,074;525,222;678,034;711,047;733,072;761,030;799,062;828,026;853,072;864,253;915,063;936,217;941,073;978,204;981,028;1016,051;1058,044;1078,186
176:0,018;4,210;40,165;111,057;131,165;159,070;176,168;186,061;207,226;213,026;214,031;216,042;224,244;248,258;254,072;269,067;272,219;274,029;285,259;305,208;316,030;349,098;350,201;465,056;476,151;502,074;506,099;613,058;616,151;678,034;709,026;728,201;739,039;767,118;799,062;808,189;816,251;860,068;867,229;875,041;904,074;921,063;936,217;1045,204;1058,044;1068,257;1082,173;1088,077;1126,212;1128,237;1151,059;1169,034;1173,067;1182,031
177:0,018;34,185;53,119;62,040;78,045;105,255;109,121;112,094;130,228;159,070;206,127;207,041;215,243;216,042;222,184;224,244;245,068;247,148;249,238;267,042;269,067;282,165;291,275;343,112;381,074;385,260;420,054;433,244;451,081;502,074;514,245;556,240;583,273;600,221;613,058;621,253;706,082;709,026;722,028;723,083;731,247;762,250;786,165;799,062;806,155;813,197;828,026;832,263;850,026;864,253;875,041;912,254;915,215;928,179;940,240;945,069;978,204;1065,093;1109,059;1139,135;1149,106
178:0,018;30,080;62,040;89,271;97,147;111,057;117,043;138,144;145,241;147,105;162,038;181,069;203,141;207,041;241,097;254,072;269,067;289,074;291,275;298,229;468,187;473,030;476,151;502,074;515,193;554,035;559,169;594,056;604,047;606,099;613,058;614,075;630,165;632,227;658,229;663,054;666,169;678,034;688,257;709,026;723,149;733,072;747,119;750,176;767,231;794,086;799,062;823,221;848,092;853,072;860,068;886,123;928,030;941,073;945,069;972,039;986,134;992,079;1003,238;1016,051;1078,186;1089,079;1131,077;1198,255
179:0,018;14,060;62,040;78,045;111,057;112,094;181,069;186,061;207,041;213,026;222,062;267,042;274,029;316,030;322,052;383,157;675,132;709,026;711,047;739,039;806,204;828,026;854,267
180:0,018;21,158;30,080;37,093;62,040;78,045;87,088;92,165;111,057;115,037;141,134;159,070;169,053;174,205;181,069;201,090;207,041;217,087;254,072;277,115;285,048;289,054;298,229;316,030;324,155;328,231;354,184;473,030;489,167;502,074;514,252;585,210;594,056;604,242;616,151;621,158;666,169;777,085;806,155;828,026;867,170;875,041;895,247;904,074;915,063;928,030;941,073;947,205;963,145;981,028;1017,112;1023,157;1031,185;1034,073;1060,229;1094,215;1100,229;1138,198;1140,213;1151,059;1184,185;1198,273
181:0,019;9,081;266,063;307,033;345,036;454,033;469,085;655,049;678,050;680,205;692,055;716,094;1102,072;1184,184
182:0,019;9,223;112,208;492,051;519,253;630,134
183:0,019;4,216;14,047;28,071;30,227;33,040;36,005;61,208;86,051;106,118;121,066;122,101;134,028;144,230;169,053;214,031;230,152;240,084;246,178;266,063;296,203;396,220;410,204;432,199;447,197;492,051;514,221;547,051;571,156;575,236;593,196;598,035;634,251;635,095;643,040;655,181;662,177;667,157;739,225;841,069;847,140;869,046;874,264;908,192;918,116;926,240;960,238;976,037;987,088;1004,112;1016,102;1028,222;1031,032;1032,200;1035,051;1039,269;1040,056;1041,148;1051,176;1052,122;1061,202;1127,136
184:0,019;9,223;60,055;83,072;104,269;502,055;547,051;580,058;598,035;630,052;640,178;760,050;823,040;834,102
185:0,019;9,185;86,051;106,118;169,053;217,207;630,052;642,153;733,060;747,091;823,225;839,099
186:0,019;4,216;101,071;126,254;216,036;246,146;249,043;254,145;266,063;294,064;296,203;300,131;307,033;345,036;447,197;454,033;469,202;550,105;556,101;562,264;571,124;576,135;584,134;634,033;639,077;663,074;680,245;692,055;711,174;747,091;760,050;815,131;823,040;839,099;880,027;913,101;935,057;940,173;1031,032;1041,063;1052,122;1056,092;1087,197;1102,072;1123,126;1158,272;1162,182;1170,267;1192,067
187:0,019;11,251;46,043;47,246;60,055;79,113;83,072;84,092;133,029;136,107;144,230;169,053;175,243;182,157;190,195;216,036;251,093;254,145;276,245;345,036;453,247;454,033;469,085;492,051;512,174;515,117;524,109;526,158;547,051;557,046;562,170;593,037;600,130;614,195;629,208;630,052;633,073;642,153;655,049;663,074;672,222;692,055;716,094;721,222;729,137;733,060;741,206;757,169;760,050;815,131;823,040;833,097;1011,173;1070,243;1102,072;1105,081;1123,203;1128,208;1135,118;1139,273;1145,210
188:0,019;9,185;14,047;30,227;46,043;60,055;82,184;86,051;112,208;134,028;154,120;216,036;254,117;266,063;300,131;688,222;935,057;940,123
189:0,019;9,081;83,072;102,207;122,101;134,028;154,120;216,036;254,210;307,033;345,036;452,207;598,035;630,052;655,181;663,074;680,245;871,222;976,037;992,146
190:0,019;11,158;14,047;46,239;48,198;60,055;70,166;83,072;84,230;86,051;102,207;134,028;154,218;173,206;184,236;194,092;199,134;247,087;268,072;281,197;307,033;352,206;388,103;392,262;455,112;463,095;479,223;492,051;502,251;598,035;640,178;655,049;663,074;683,230;692,055;723,260;733,060;737,178;760,050;834,102;846,125;852,222;856,128;861,235;876,163;885,086;891,132;935,057;936,051;940,173;953,196;976,037;984,121;1031,032;1032,195;1086,213;1102,072;1127,136;1131,274;1180,227;1191,181
191:0,020;4,155;10,130;41,046;62,166;68,246;97,181;137,089;153,060;157,069;169,132;175,078;177,027;184,208;186,253;205,266;241,270;306,151;315,195;332,040;360,202;361,141;365,054;404,265;470,069;494,125;500,081;539,033;566,154;570,072;588,167;603,053;622,233;669,036;678,147;687,074;696,129;697,093;763,096;777,164;782,071;792,097;811,039;840,032;861,235;896,241;911,146;913,154;916,056;917,160;928,114;957,197;980,051;984,064;993,055;1007,154;1014,040;1048,138;1062,065;1067,042;1079,129;1112,037;1137,259
192:0,020;10,071;41,046;49,199;161,044;187,051;204,167;283,163;371,055;394,046;458,213;501,038;517,060;527,042;539,033;575,055;603,053;610,044;620,047;630,185;740,064;766,055;772,166;907,061;936,150;1014,040;1036,170;1045,145;1062,065;1079,129;1112,037;1146,178
193:0,020;10,071;29,068;54,175;332,040;365,054;418,219;644,068;669,036;697,093;740,064;766,055;772,166;840,032;854,057;876,244;916,056;922,256;1169,111
194:0,020;10,071;41,046;61,224;95,027;96,200;130,042;161,044;187,080;265,098;289,054;315,195;394,046;458,256;470,069;501,038;517,060;527,042;539,033;575,055;603,053;616,268;782,071;792,031;811,039;854,057;876,244;993,055;1064,272;1067,042;1087,237;1137,049;1173,067
195:0,020;4,155;10,071;29,068;49,157;117,048;130,042;161,044;187,080;227,028;239,262;365,054;404,265;430,046;458,256;527,042;539,033;570,072;583,026;610,044;644,068;669,036;686,084;720,087;854,057;883,061;928,114;992,027;993,055;1067,042;1137,049;1159,226
196:0,020;10,071;29,068;49,157;232,028;241,270;371,055;394,046;433,172;570,072;583,026;610,044;616,268;854,057;883,061;926,169;980,051;992,027;993,055;1064,272
197:0,020;5,156;10,071;11,257;71,164;75,104;95,027;96,200;143,259;157,069;161,044;182,260;187,051;237,233;273,254;289,054;305,120;320,245;332,040;352,237;395,188;406,206;462,228;470,069;487,149;501,038;523,183;527,042;539,036;556,106;557,209;575,055;583,026;585,234;587,092;622,233;640,217;647,237;656,141;787,110;792,031;804,243;861,172;867,229;883,061;916,056;936,150;975,148;980,051;984,064;993,055;1014,040;1036,106;1074,257;1084,169;1112,037;1146,178;1175,113;1195,062
198:0,020;10,130;41,046;49,058;58,066;84,102;95,027;123,074;124,269;130,042;158,196;176,175;187,051;198,254;218,245;261,240;266,085;268,175;289,054;314,139;365,054;394,046;407,200;410,053;433,172;458,213;470,069;494,125;501,038;513,225;535,161;538,135;582,238;583,026;603,053;608,254;653,261;657,136;669,036;686,030;691,087;697,072;707,121;740,031;745,185;749,046;766,055;767,248;782,071;784,212;791,098;792,031;808,205;811,039;840,032;843,224;855,091;876,161;883,061;916,056;926,169;928,103;933,145;940,247;984,064;993,055;1007,154;1014,040;1047,217;1062,065;1070,212;1100,266;1112,037;1114,091;1123,205;1145,187;1173,067
199:0,020;15,198;29,068;41,046;49,199;54,175;84,102;95,027;97,181;104,187;121,131;136,088;141,180;157,069;163,118;177,091;179,092;187,051;204,167;227,028;239,262;240,098;304,199;371,055;406,206;418,219;450,118;470,069;498,036;512,033;538,135;570,072;575,055;603,264;610,044;613,117;620,047;629,169;644,068;666,149;692,135;740,064;765,129;811,039;839,123;847,181;854,057;895,206;918,135;954,126;969,222;978,239;980,051;984,064;993,055;1060,118;1062,065;1067,042;1076,031;1112,054;1122,170;1143,078;1149,198;1159,226;1195,062
200:0,020;34,145;37,251;38,064;40,043;61,224;95,027;127,234;130,042;155,053;156,155;157,069;161,044;163,245;187,051;192,214;194,197;227,028;237,233;302,268;316,073;326,113;332,040;367,189;371,055;394,046;452,065;457,250;493,046;505,152;525,043;534,250;551,232;552,120;556,158;570,072;575,055;583,026;603,264;620,047;623,157;624,040;630,185;644,068;678,147;686,084;691,087;731,131;740,064;754,230;782,071;784,112;786,141;810,026;817,090;834,240;840,032;851,091;854,057;856,262;858,086;861,101;883,061;916,056;917,160;980,051;984,064;992,027;1024,047;1036,033;1051,144;1067,042;1074,050;1078,196;1087,237;1092,238;1112,037;1137,049;1165,084;1173,067;1175,113;1189,232;1195,062
