001:0,001;11,112;48,064;49,161;84,031;103,158;147,061;156,053;219,035;233,217;248,035;258,199;273,037;285,062;313,045;327,267;417,028;432,050;449,063;464,195;530,057;546,053;592,038;598,048;625,165;663,041;665,053;681,138;748,072;777,074;792,097;800,075;815,183
002:0,001;6,141;11,130;37,043;66,226;120,233;147,061;158,220;205,037;223,086;230,232;240,188;241,061;243,139;248,035;249,236;258,215;269,075;279,058;283,219;329,071;352,270;357,135;382,041;399,075;413,055;415,148;417,028;423,114;432,050;453,170;474,175;477,066;489,120;503,252;526,049;527,214;530,057;554,054;572,229;592,038;610,252;634,029;644,107;663,041;673,098;674,050;680,119;698,222;712,271;748,072;769,145;777,074;784,034;793,054;795,039;810,244;814,031;817,085;841,113;892,152;926,100;940,042;955,228;985,243;987,195;994,075;1001,086;1035,059;1050,113;1066,228;1073,060;1095,266;1107,073;1109,048;1120,210;1127,205;1135,066;1142,110;1146,202;1150,178;1179,075;1196,153
003:0,001;4,268;6,141;21,140;62,230;99,197;114,059;120,233;141,271;151,127;169,055;177,136;194,269;200,028;212,117;273,037;287,228;296,224;312,103;316,171;348,042;351,175;391,040;415,232;438,221;448,037;478,100;480,201;509,073;512,225;530,057;574,257;586,267;592,038;597,131;623,098;629,093;657,268;665,053;676,071;726,173;739,031;750,105;758,128;770,146;774,093;777,074;784,034;789,235;795,039;799,091;800,075;822,068;831,114;860,275;862,039;870,256;879,031;892,152;907,272;927,117;940,042;956,097;976,183;985,262;994,075;1007,117;1018,067;1048,213;1065,053;1081,097;1086,207;1102,081;1109,048;1125,072;1134,221;1179,075
004:0,001;11,130;18,126;38,216;48,064;54,230;73,234;78,204;84,031;88,112;103,151;114,059;148,085;200,028;203,044;209,030;211,112;232,163;239,070;244,269;248,035;258,215;278,218;279,041;283,234;294,116;309,153;329,071;348,042;353,150;372,099;381,262;391,040;398,220;417,028;438,221;460,103;465,207;477,066;480,201;482,260;487,068;509,073;530,057;558,272;568,273;610,252;634,029;644,107;663,041;665,186;688,029;726,208;743,052;748,072;758,128;777,074;784,034;802,188;813,174;817,085;821,034;824,028;836,126;844,233;848,258;861,038;872,149;879,031;891,229;908,043;911,209;940,042;961,231;963,046;971,201;976,110;994,075;1009,214;1012,234;1017,225;1058,255;1060,239;1064,212;1072,099;1080,234;1087,031;1088,075;1102,081;1125,072;1130,136;1135,066;1154,120;1166,099;1177,194;1189,156
005:0,001;18,126;37,043;73,234;104,124;147,061;151,127;156,053;200,028;205,037;211,215;241,061;242,100;278,261;279,041;282,236;285,062;303,042;306,201;348,042;350,043;353,231;398,220;433,168;434,160;449,063;452,091;464,243;465,217;468,110;471,254;546,053;554,054;567,160;598,048;605,270;617,266;634,029;660,208;667,100;674,050;687,265;688,029;753,157;759,241;777,074;780,151;923,042;929,075;934,270;940,042;960,046;990,083;1000,101;1017,186;1030,072;1035,059;1039,076;1059,271;1075,075;1084,235;1109,048;1117,097;1124,052;1126,069;1144,100;1160,174;1173,026;1179,075;1196,153
006:0,001;14,269;37,043;66,226;73,151;84,031;91,125;125,257;156,053;165,033;171,272;177,142;200,028;205,039;219,035;234,181;247,117;272,167;273,037;283,219;313,045;316,147;329,071;348,042;361,187;371,264;391,040;409,173;415,232;453,170;487,068;503,252;529,180;546,053;549,099;655,100;663,041;664,152;665,053;685,110;697,075;698,222;720,239;743,052;744,041;748,072;757,218;761,046;779,098;784,034;793,054;795,039;800,143;848,090;858,180;862,039;876,045;879,031;901,273;923,042;928,134;934,270;940,042;948,143;956,097;1035,059;1039,210;1050,113;1065,053;1073,250;1080,215;1100,180;1109,048;1124,052;1127,133;1135,066;1138,225
007:0,001;13,262;14,269;37,043;48,064;49,068;81,147;84,031;114,174;219,035;223,066;240,188;243,139;273,037;283,234;299,123;316,147;325,161;329,071;337,100;351,175;353,150;357,029;365,177;391,040;406,229;432,050;444,246;449,063;467,153;469,102;477,066;485,115;487,068;555,158;572,229;592,038;597,210;598,089;632,207;634,029;657,268;665,186;674,050;684,247;688,029;720,239;743,052;744,041;748,072;769,145;784,034;789,268;793,054;795,039;800,075;815,183;904,028;912,245;928,134;940,042;967,214;990,161;1006,150;1014,151;1018,067;1039,210;1081,097;1088,075;1105,060;1108,188;1109,048;1124,052;1131,054;1135,066;1144,100;1179,075
008:0,001;13,238;34,050;38,216;48,064;63,124;88,112;114,059;121,269;156,053;181,197;196,201;225,119;244,269;249,236;268,098;273,037;291,061;325,188;350,172;360,197;382,041;391,040;404,142;417,028;419,055;442,046;443,031;471,256;477,066;488,159;500,271;509,073;518,191;526,049;529,180;542,066;546,053;547,141;555,158;559,036;561,178;579,057;597,179;598,048;614,247;621,241;625,165;634,139;647,237;674,050;681,138;744,041;759,241;795,039;805,036;826,176;831,114;862,039;876,045;891,229;973,146;1018,067;1077,237;1087,031;1088,075;1097,159;1122,194;1123,096;1124,052;1131,171;1138,225;1143,253;1179,075
009:0,001;1,231;4,268;100,080;114,059;152,102;158,220;179,196;186,131;189,248;205,037;216,190;219,035;225,119;233,217;241,061;250,159;274,173;282,236;285,062;286,161;287,165;300,178;306,201;313,045;316,171;348,042;353,243;382,041;406,115;464,195;484,160;487,068;512,225;530,057;533,214;546,193;554,054;561,178;568,053;596,114;598,048;613,132;634,029;661,156;663,041;678,218;688,029;737,090;744,041;764,154;777,074;788,213;794,197;798,147;800,075;810,244;911,209;922,085;943,208;955,251;981,089;994,075;1015,240;1035,059;1052,133;1057,055;1059,271;1065,053;1069,158;1095,266;1097,159;1109,133;1112,229;1125,267;1131,183;1135,066;1150,178;1177,224;1180,209
010:0,001;11,112;37,043;73,151;114,059;131,225;156,053;219,035;234,215;241,061;248,035;262,112;279,041;285,062;297,263;313,045;327,267;329,071;352,270;380,235;432,050;449,063;467,100;477,066;487,068;526,049;530,057;546,053;592,038;597,131;667,166;674,050;688,029;743,052;748,072;789,235;923,042;929,106;1018,067;1046,212
011:0,002;21,035;57,051;58,177;240,037;257,061;288,104;373,037;375,035;391,036;393,126;901,037;904,092;1190,052
012:0,002;30,097;57,051;64,139;75,099;101,051;118,221;127,069;153,055;162,110;240,037;246,167;267,161;300,109;310,112;348,063;364,087;375,035;382,084;390,256;405,109;410,208;419,103;439,035;450,268;456,240;482,126;488,048;497,085;522,127;533,028;581,256;592,247;598,145;605,214;614,167;622,139;629,068;641,125;642,163;699,100;705,053;737,272;744,250;751,099;754,057;780,109;784,048;809,145;822,071;849,052;866,206;926,257;933,107;974,111;1031,239;1066,042;1070,052;1115,140;1120,206;1131,068;1178,149;1182,060
013:0,002;21,035;53,214;115,072;133,092;216,054;240,037;257,061;277,127;348,063;373,037;388,176;391,036;403,120;533,028;596,067;629,068;647,116;666,056;683,074;704,275;721,074;732,027;754,057;819,089;989,069;995,128;1185,042
014:0,002;21,035;53,214;144,063;169,207;179,092;203,044;216,054;241,161;257,061;282,043;300,109;330,037;348,063;361,174;439,035;445,073;482,071;494,060;528,103;543,028;596,067;629,068;647,116;732,027;748,216;754,057;812,237
015:0,002;20,119;21,035;58,177;101,051;118,221;268,201;277,127;610,251;705,053;710,219;925,063;971,120;1174,128
016:0,002;11,173;32,185;57,051;75,099;101,051;124,248;127,138;144,063;150,197;154,269;200,088;203,044;213,155;235,086;240,037;262,226;266,198;269,075;278,102;316,058;338,094;348,063;361,174;373,037;378,183;391,036;396,266;401,214;403,120;439,035;443,201;445,073;483,087;494,060;528,103;533,028;586,210;596,067;623,198;645,253;653,078;666,056;674,090;683,074;703,026;705,053;709,139;721,074;724,038;725,181;731,187;751,135;754,057;815,269;822,071;847,108;905,085;925,063;962,056;966,088;988,260;995,134;1069,188;1070,052;1120,206;1131,068;1132,207;1150,267;1171,194;1177,214;1178,262;1185,111;1190,052
017:0,002;20,119;51,149;57,051;98,227;115,072;138,037;142,251;144,063;150,197;157,192;176,161;223,148;240,037;246,167;330,037;349,066;362,272;364,091;445,073;461,045;465,182;503,191;558,146;596,067;637,087;666,056;678,269;681,245;683,074;703,026;705,053;710,219;732,027;733,174;799,082;805,275;809,145;822,071;861,055;886,273;892,223;916,275;920,219;925,063;962,056;969,041;976,242;989,069;995,134;999,165;1012,075;1027,155;1097,224;1119,266;1131,068;1181,256;1185,042
018:0,002;11,173;18,143;57,051;72,155;98,090;101,051;115,072;127,138;144,063;175,056;176,161;189,110;203,070;204,168;206,167;216,054;235,192;274,229;282,043;288,263;300,237;313,161;330,037;345,098;373,037;375,035;410,208;441,077;444,185;445,073;470,122;552,223;645,104;666,056;678,137;703,026;705,053;709,139;721,074;728,159;732,027;748,216;801,093;811,241;817,079;819,089;901,037;918,256;925,063;944,164;957,194;962,056;971,120;995,128;1012,075;1022,243;1048,224;1052,156;1058,102;1132,237;1133,257;1143,130;1166,264;1178,211;1196,128
019:0,002;18,143;21,035;30,097;48,266;55,110;57,051;69,212;142,186;144,063;164,131;168,271;184,047;200,200;203,044;206,167;216,054;235,068;241,161;269,075;281,133;282,043;288,104;327,143;330,037;338,094;348,063;364,091;373,037;378,183;388,176;494,060;515,068;516,203;533,028;536,245;543,066;554,054;570,234;596,067;598,145;669,246;676,188;683,074;704,275;711,156;719,191;732,027;733,174;756,080;805,031;812,237;926,192;930,183;952,131;984,259;989,069;996,270;1000,254;1012,075;1014,104;1027,155;1070,052;1118,239;1131,068;1178,211;1185,042
020:0,002;32,185;64,139;77,191;94,100;111,105;115,072;129,104;133,092;144,063;168,271;269,075;274,229;279,167;282,043;295,054;300,237;321,073;327,146;330,037;375,035;387,133;391,036;393,126;403,194;425,127;433,091;453,098;465,182;472,272;481,146;485,246;490,225;494,060;515,227;516,203;533,028;549,106;570,234;596,067;603,272;608,164;609,181;629,068;658,233;677,196;721,074;725,181;729,116;737,272;761,240;770,172;813,203;822,071;847,108;849,179;866,206;894,145;901,037;904,092;916,249;925,063;962,056;970,251;1012,075;1014,104;1051,260;1057,214;1070,052;1106,118;1115,140;1118,239;1119,110;1131,068;1161,055;1164,083;1185,042
021:0,003;22,015;34,066;59,074;61,069;68,158;92,039;108,165;138,074;148,046;165,056;191,070;270,044;275,135;281,214;814,031;830,234
022:0,003;22,015;27,045;34,066;59,074;61,069;91,042;99,197;135,069;148,046;165,056;191,070;265,034;270,044;283,184;370,056;395,042;398,110
023:0,003;22,015;23,160;27,045;34,066;59,074;68,158;132,026;140,259;376,248;566,050;582,069;593,124
024:0,003;22,015;27,045;34,066;61,069;91,042;103,137;148,046;165,056;191,070;265,034;270,044;283,184;370,056;395,042;398,110;442,046;456,095
025:0,003;68,179;92,039;103,137;121,069;132,026;135,069;143,240;169,055;175,051;201,262;268,041;275,135;303,252;307,102;317,049;330,176;337,057;359,122;370,056;386,271;395,042;400,151;442,046;452,061;467,139;473,095;485,219;486,032;527,084;532,055;559,136;562,181;566,050;572,220;582,069;592,266;603,179;677,098;691,167;710,155;738,191;743,187;814,031;831,220;886,204;887,248;928,151;967,264;981,087;1003,090;1005,107;1199,160
026:0,003;22,015;27,045;40,108;86,069;91,266;138,074;148,046;182,080;191,070;270,157
027:0,003;22,015;27,045;43,206;59,074;61,069;91,266;135,069;138,074;148,046;169,055;179,196;679,046;684,095
028:0,003;40,108;59,074;63,124;76,143;85,150;90,162;91,042;92,039;102,066;116,207;121,069;132,089;135,069;138,074;159,136;165,056;169,055;188,150;242,056;252,099;258,140;265,034;267,270;274,226;331,066;337,057;350,248;370,056;373,208;395,042;398,138;418,188;441,115;442,046;446,061;451,142;456,095;467,139;478,103;484,208;543,180;566,050;569,144;637,262;675,067;684,078;686,166;743,169;814,031;830,234;925,110;964,205;1017,180;1024,267;1033,164;1043,088
029:0,003;23,160;50,066;59,074;61,069;92,039;121,069;132,026;143,240;237,070;265,034;270,044;281,214;370,056;395,042;400,151;582,069;593,124;753,262
030:0,003;22,015;27,045;34,066;59,074;61,069;91,042;108,165;121,069;132,026;140,259;165,056;199,148;265,034;267,270;337,057;350,248
031:0,004;1,120;46,032;54,245;65,187;92,040;97,188;107,040;108,211;162,182;166,138;167,177;175,089;181,173;196,055;226,082;237,060;249,230;276,031;281,255;316,106;343,136;414,108;425,143;432,239;443,226;455,254;458,042;463,123;469,255;477,047;515,231;540,036;550,214;567,129;569,065;602,241;617,110;626,042;643,269;752,035;761,101;790,174;799,110;801,067;822,123;852,028;856,045;868,104;881,256;886,033;933,051;938,218;948,075;953,223;966,045;976,096;1039,073;1050,189;1057,191;1067,038;1077,210;1101,130
032:0,004;11,115;47,191;54,245;107,040;127,055;138,043;186,060;203,064;217,083;264,065;285,099;398,061;443,226;458,042;477,047;511,201;801,067;829,031;831,184;836,050;861,038;878,158;929,033;941,138;946,039;975,171;1084,063;1107,203;1117,051;1136,086
033:0,004;11,274;138,043;186,060;203,064;217,141;237,060;254,103;477,047;511,201;569,065;603,134;760,141;836,050;861,038;886,033;946,039;966,045;977,187;1044,192
034:0,004;18,130;48,039;61,069;65,187;92,040;110,118;115,030;124,038;133,082;161,263;171,101;184,167;186,060;201,122;237,060;264,065;277,089;282,238;302,033;330,142;334,113;343,236;356,201;398,061;439,035;448,100;477,047;505,259;540,036;542,256;626,042;633,196;647,157;668,176;677,220;773,053;791,117;796,078;810,200;819,267;824,078;829,031;831,184;836,227;844,249;852,028;856,045;866,028;869,225;933,051;941,138;946,039;947,264;958,050;962,210;966,045;975,171;994,165;1004,224;1007,063;1029,239;1039,073;1046,046;1059,170;1066,215;1067,038;1089,243;1198,180
035:0,004;11,274;107,040;127,055;144,124;259,073;276,031;281,255;752,035;760,217;886,033;946,039;947,264
036:0,004;11,115;92,040;138,043;186,060;203,064;209,043;230,179;617,137;665,125;1007,063;1028,076;1033,115;1039,073;1067,038;1097,118
037:0,004;11,079;209,043;229,077;259,073;282,238;302,033;317,084;706,040;734,246;852,028;861,038;886,033;946,039;972,160
038:0,004;57,248;98,192;107,040;122,268;127,055;132,032;133,082;138,043;184,167;203,064;209,043;221,273;258,113;259,073;264,065;285,099;290,160;302,033;316,106;330,142;398,061;453,211;458,042;468,080;480,049;483,091;487,274;501,072;519,117;537,041;540,036;549,170;569,065;576,088;599,224;613,255;626,042;637,172;654,261;660,224;678,153;706,040;725,053;727,104;752,035;757,268;768,164;772,140;783,051;785,159;801,067;831,173;836,050;856,045;873,224;878,140;886,125;919,212;930,164;933,198;946,039;966,045;972,160;1007,063;1023,183;1034,149;1039,073;1046,046;1057,191;1065,272;1067,038;1084,063;1112,229;1117,051;1148,196;1164,243;1183,177;1186,107;1192,116
039:0,004;33,190;44,068;65,174;66,091;92,040;110,118;127,055;155,225;165,086;174,077;190,079;203,064;217,174;229,077;237,060;249,230;254,103;259,073;264,065;276,031;277,089;302,082;387,226;398,061;421,099;426,159;433,043;435,174;458,042;463,123;469,103;509,247;521,085;532,224;537,041;540,036;547,242;569,208;615,092;637,055;673,172;727,104;733,059;737,208;743,097;751,272;752,035;760,217;801,067;813,029;816,147;831,173;836,050;868,208;869,225;899,164;916,147;933,051;938,218;947,076;988,234;1007,063;1028,076;1046,046;1048,213;1096,237;1097,247;1107,166;1117,051;1130,145;1136,086;1143,268;1163,147;1173,163;1179,221
040:0,004;1,224;22,075;66,029;87,255;92,040;96,149;97,188;108,211;122,268;135,069;157,026;161,263;162,170;203,064;209,043;217,141;233,114;237,060;255,198;259,073;264,065;276,031;302,033;313,052;328,226;398,061;447,031;448,100;458,042;485,115;537,041;542,256;547,242;549,170;576,178;592,137;606,240;623,250;626,042;630,082;731,146;736,220;757,268;807,187;829,031;838,154;852,028;856,045;871,158;882,028;894,120;933,051;955,084;966,115;1046,046;1053,247;1056,183;1062,164;1084,063;1107,203;1117,051;1143,268;1182,091
041:0,005;32,056;33,075;45,260;101,035;104,257;129,171;153,064;184,065;203,145;283,028;291,061;299,207;480,220;680,061;686,063;706,058;772,041;783,203;805,031;827,034;861,061;869,168;960,030;973,156
042:0,005;32,056;37,170;41,027;119,067;140,168;428,040;471,084;516,058;541,056;558,241;628,026;633,240;866,028;869,168;909,061;916,225;960,030;981,235
043:0,005;5,007;7,150;41,027;89,236;101,035;104,257;115,030;119,166;125,109;140,168;153,064;168,087;196,029;203,145;266,067;273,151;277,060;283,071;284,211;295,112;303,042;313,216;315,135;362,159;374,047;377,146;386,115;388,270;389,197;390,272;396,201;428,040;462,105;469,184;478,141;516,058;521,164;533,165;541,056;549,204;559,177;561,074;563,232;610,138;628,026;633,133;680,032;681,135;703,188;730,077;761,046;770,072;772,041;789,216;841,072;847,172;898,188;904,102;909,061;915,107;933,131;959,272;994,148;1026,112;1061,117;1072,246;1094,034;1105,060;1108,214;1110,256;1113,216;1139,177;1151,273;1164,241;1172,195
044:0,005;27,201;32,056;40,219;54,252;217,042;234,257;250,042;275,123;305,233;320,059;380,219;400,132;436,098;441,229;454,260;541,056;560,194;633,240;674,077;680,032;681,135;686,063;718,109;720,255;761,046;770,072;772,236;778,082;805,031;814,268;835,249;861,061;864,083;872,101;891,106;909,061;911,235;1052,146;1080,236;1100,117;1117,235;1121,143;1133,262;1140,083;1145,259;1167,156;1182,161;1191,106
045:0,005;16,074;21,169;27,201;32,056;49,206;57,229;95,267;101,035;114,167;115,030;119,067;129,171;149,059;153,055;163,249;171,147;184,065;246,213;277,060;285,215;294,194;298,168;303,042;307,236;313,209;320,059;391,040;404,223;409,222;415,045;428,040;465,220;516,058;533,165;541,056;555,121;563,232;568,248;586,121;598,217;618,273;620,096;680,032;693,074;715,093;718,240;742,248;761,046;770,072;772,041;778,082;788,057;806,268;819,048;827,034;829,246;839,155;866,028;872,101;879,224;898,256;900,155;905,256;909,061;925,076;952,092;960,030;973,156;1035,248;1043,208;1058,180;1064,208;1089,161;1091,150;1105,218
046:0,005;37,170;184,065;248,274;651,146;1122,102
047:0,005;33,075;45,260;115,030;133,087;153,064;184,065;250,042;266,067;277,060;283,028;291,061;303,042;315,135;320,059;377,146;686,063;706,058;770,072;779,238;805,031;819,048;827,034;861,061;893,148
048:0,005;32,056;33,075;41,027;119,067;133,087;149,059;153,064;183,053;184,065;248,274;266,067;273,151;303,042;307,236;429,040;478,141;901,037;902,236
049:0,005;63,055;84,161;88,052;94,109;101,035;109,154;152,191;153,055;166,225;177,221;183,053;217,042;239,056;242,087;244,179;250,042;257,016;267,140;291,061;305,233;320,059;388,178;429,153;492,032;497,144;507,110;516,058;544,217;571,042;579,113;628,026;635,156;645,099;676,043;680,061;691,262;706,058;768,040;806,201;819,048;825,154;843,222;847,172;866,028;869,150;893,148;895,199;902,236;909,155;954,243;960,030;1005,248;1030,102;1048,101;1050,122;1082,242;1085,157;1097,255;1104,230;1105,124;1112,253;1151,098;1177,247;1182,248;1191,264
050:0,005;33,075;41,027;119,067;138,123;149,059;153,064;183,053;217,042;234,257;250,042;266,067;277,060;283,028;288,063;291,061;299,207;327,168;516,058;538,251;628,026;633,133;680,032;686,063;706,058;772,041;783,203;819,048;827,034;869,150
051:0,006;46,089;49,068;66,029;79,060;86,199;156,057;178,219;221,067;239,146;292,074;335,054;338,072;363,097;541,075;568,041;605,065;618,056;620,083;701,033;711,100;939,041;960,046;980,043;1052,036;1078,032;1119,204
052:0,006;25,197;29,253;40,215;45,178;49,068;64,131;68,247;79,060;82,045;96,219;151,026;160,207;217,042;246,122;287,114;292,074;299,135;313,056;314,260;319,262;329,057;334,066;339,189;344,128;354,030;361,266;367,054;408,040;418,134;419,180;435,052;452,175;527,245;531,089;541,075;569,176;619,215;639,170;647,045;685,244;745,175;809,050;830,213;841,223;895,054;910,219;914,027;939,041;985,208;991,067;1003,078;1005,133;1007,132;1078,032;1123,096;1145,028;1150,111;1159,059;1161,236;1166,198
053:0,006;44,129;79,060;90,239;165,040;175,051;197,054;212,044;213,067;242,029;264,206;313,056;319,262;541,075;568,041;590,138;628,074;647,045;694,043;755,049;774,051;779,036;809,050;823,049;871,061;888,038;939,041;970,053;991,067;1010,275;1176,039;1179,053
054:0,006;42,210;124,199;131,239;151,026;165,040;178,219;212,044;214,067;240,260;288,036;292,074;329,057;338,072;361,266;647,045;694,043;755,049;790,179;980,043;1052,036;1070,108;1166,050;1176,039;1179,053
055:0,006;40,215;49,068;51,159;52,207;66,029;68,247;79,060;82,045;90,239;95,027;98,190;153,142;165,040;172,032;175,051;191,201;197,054;213,067;239,146;250,150;288,036;293,272;306,151;313,056;321,181;338,072;363,097;367,054;387,027;404,076;416,094;435,052;441,156;448,122;453,274;456,116;479,054;483,091;568,041;580,200;605,270;618,056;632,054;636,270;707,153;727,151;739,031;745,175;774,051;777,230;891,028;894,146;898,108;914,027;925,160;932,150;939,041;978,247;980,043;1015,113;1049,132;1052,036;1068,170;1091,102;1097,146;1111,158;1112,105;1125,171;1145,028;1154,143;1159,059;1172,149;1179,053
056:0,006;42,210;66,029;93,144;156,057;175,051;197,054;212,044;213,067;240,260;288,036;292,074;335,054;342,079;479,054;490,275;569,176;694,043;755,049;774,051;779,036;809,050;823,049;871,061;888,038;932,146;950,179
057:0,006;45,178;66,029;72,092;86,199;107,189;120,055;128,165;151,026;156,057;165,040;181,181;219,095;242,029;257,231;269,047;281,081;285,062;292,074;329,057;344,128;382,079;406,124;435,052;446,061;448,122;479,054;488,163;490,275;541,075;544,091;552,098;568,041;584,079;590,138;605,065;618,056;619,215;628,074;650,055;652,188;664,087;669,167;677,173;685,244;694,043;701,033;702,064;721,112;739,031;748,227;755,049;785,038;790,179;798,166;809,050;845,260;871,061;888,038;927,140;939,041;960,046;970,053;980,043;1051,069;1066,149;1078,032;1119,204;1145,245;1146,191;1159,059;1169,151;1176,039;1178,183
058:0,006;43,121;82,045;93,144;197,054;212,044;213,067;242,029;257,231;329,057;335,054;338,072;367,054;418,134;628,074;647,045;694,043;755,049;774,051;779,036;823,049;888,038;939,041;970,053;991,067;1011,098
059:0,006;22,015;27,068;30,218;79,060;82,045;100,251;151,026;153,229;175,051;181,248;191,201;193,085;197,054;219,095;242,029;259,269;277,252;287,244;288,036;306,151;313,056;355,110;367,054;419,180;435,052;440,217;442,224;452,175;468,029;472,112;479,054;505,074;531,089;541,075;574,273;586,088;613,185;618,196;623,178;628,074;639,170;647,045;693,163;701,033;706,196;739,031;741,264;748,104;766,230;801,067;809,050;826,247;890,214;895,054;913,111;914,027;953,087;991,067;1011,269;1030,229;1052,036;1063,122;1068,083;1078,032;1111,158;1131,047;1137,236;1145,028;1146,191
060:0,006;44,129;242,029;259,269;288,036;292,074;335,054;342,079;367,054;416,094;605,065;618,056;628,074;664,083;779,036;823,049;871,061;895,054;914,027;953,087;960,046;970,053;991,067;1011,105;1159,059;1176,039;1179,053
061:0,007;16,074;35,067;73,122;172,041;182,047;191,048;206,072;211,055;213,051;355,036;374,166;426,060;433,211;447,261;703,038;771,064;904,030;920,088;945,064;957,070;961,036;1035,068;1056,199;1102,041;1119,036;1147,041;1181,045;1185,071
062:0,007;16,239;35,067;98,205;102,184;135,213;139,056;147,072;154,197;175,193;191,048;196,206;219,163;264,039;270,150;344,269;355,036;367,075;404,076;418,073;441,086;478,097;486,243;491,195;500,036;537,079;582,030;600,094;613,030;625,119;632,046;634,175;703,038;766,093;771,064;800,143;815,262;824,143;826,268;841,072;862,078;893,131;904,028;922,193;945,064;961,163;980,037;992,155;996,092;1006,149;1010,193;1022,044;1024,134;1027,126;1064,046;1065,232;1102,041;1126,069;1145,265;1147,041;1178,146;1181,045;1187,046
063:0,007;25,270;35,067;65,236;69,071;73,180;91,173;101,049;102,150;139,056;143,065;149,178;166,033;182,108;191,048;209,200;227,133;243,119;264,039;283,097;289,089;364,200;367,075;383,111;418,073;447,261;452,221;490,176;500,036;522,184;537,079;628,269;632,046;636,060;648,266;704,267;706,159;718,127;730,115;826,157;841,072;848,164;852,171;866,240;871,104;904,030;914,251;922,038;923,042;925,067;961,163;980,037;984,131;998,230;1010,212;1048,182;1063,229;1071,078;1093,034;1105,205;1147,041;1156,110;1177,259;1181,045;1199,217
064:0,007;16,074;33,083;69,071;89,103;191,048;206,072;211,055;213,051;355,036;387,080;597,058;613,030;625,119;771,064;895,026;914,251;963,036;1049,071;1064,046;1093,034;1098,033;1102,041;1119,036;1147,041;1181,045;1185,071
065:0,007;16,074;35,067;73,122;157,026;172,041;191,048;206,072;211,055;213,051;367,075;381,163;582,030;597,058;613,030;624,114;637,212;895,026;909,194
066:0,007;1,197;23,091;33,083;69,071;83,066;102,184;136,252;143,065;146,232;157,026;163,256;172,041;177,265;211,055;213,052;231,126;264,039;269,035;277,156;282,172;322,160;367,075;387,080;418,073;426,060;435,126;440,217;490,097;500,036;515,231;522,184;592,089;597,058;621,181;632,046;636,060;643,178;855,217;862,078;895,026;902,097;905,225;909,194;945,064;952,245;957,070;958,201;961,036;980,037;994,165;997,054;1027,126;1049,071;1050,189;1070,108;1090,154;1093,034;1099,125;1147,041;1178,103;1185,071
067:0,007;16,074;32,102;143,065;149,114;182,047;191,048;213,051;355,036;410,227;632,046;641,088;703,038;771,064;898,219;904,030;923,082;961,036;1049,071;1056,199
068:0,007;16,239;35,067;56,159;69,071;73,180;85,226;89,103;98,039;110,270;163,256;172,041;177,265;182,047;198,109;206,072;231,126;264,039;272,152;300,259;304,209;363,206;367,075;381,163;410,227;418,073;432,268;500,036;524,122;582,030;615,100;636,060;637,212;641,088;667,227;670,165;676,071;720,262;758,201;841,072;845,102;848,054;852,171;904,030;923,082;953,193;957,070;962,133;967,224;980,037;989,069;995,087;1020,146;1021,220;1049,071;1051,110;1064,046;1072,271;1097,232;1098,033;1099,125;1100,052;1112,164;1119,036;1125,157;1135,102;1147,041;1171,054;1181,045;1185,071
069:0,007;23,091;139,056;149,114;676,071;703,038;771,064;902,097;945,064;957,070;961,036;1048,182;1185,071
070:0,007;16,074;32,102;139,056;146,232;374,166;582,030;597,058;613,030;615,100;742,212;844,064;845,102;1064,046;1071,078;1093,034;1098,033;1102,041;1119,036;1146,213
071:0,008;13,253;20,047;42,120;145,105;169,182;183,053;184,192;231,039;241,204;267,206;274,059;287,125;296,183;305,208;313,062;340,051;343,265;367,075;378,147;408,143;414,034;440,260;467,242;498,254;503,121;524,073;536,074;544,127;553,076;567,033;572,242;581,082;594,056;605,261;608,217;644,263;712,169;722,063;749,165;752,074;764,163;769,157;781,044;798,241;801,267;808,069;821,110;828,032;831,196;846,211;861,228;868,208;880,067;888,196;930,090;938,274;948,058;956,041;961,225;1041,183;1043,055;1066,153;1072,142;1102,058;1119,266;1125,072;1145,214;1157,041;1161,055;1173,134;1181,208;1199,256
072:0,008;2,116;13,171;36,060;58,154;122,049;127,246;147,091;212,052;213,034;222,157;228,214;231,039;252,146;256,243;283,049;287,125;290,243;311,157;315,027;317,060;340,233;378,266;381,196;393,135;414,034;432,268;433,235;446,049;488,092;489,029;498,049;511,210;518,050;525,177;535,066;575,241;584,098;594,056;596,240;610,057;643,049;646,274;695,043;705,148;715,264;728,212;732,217;737,094;744,051;762,123;828,032;845,061;852,142;876,247;881,201;1081,149;1098,102;1102,170;1132,055;1155,164;1161,055;1174,263
073:0,008;21,133;27,107;36,060;58,154;62,262;143,065;151,097;168,273;205,236;211,199;216,080;218,090;226,181;231,039;237,106;249,252;257,061;268,097;274,059;283,049;293,032;300,143;315,027;359,244;365,226;376,170;380,219;387,113;401,215;414,034;434,039;478,275;489,029;504,192;527,194;535,066;539,255;556,156;564,062;567,033;572,038;597,216;606,061;610,057;616,275;628,177;633,261;639,224;643,049;648,271;657,177;665,214;670,046;712,169;744,051;752,074;772,041;776,229;781,044;788,032;800,094;820,257;828,032;862,131;867,271;880,050;881,201;886,230;893,267;907,166;916,161;926,179;935,112;936,256;946,205;1005,088;1017,264;1039,211;1077,046;1086,202;1114,099;1120,256;1132,055;1154,170;1161,055;1173,171
074:0,008;7,191;20,047;33,254;36,060;69,212;73,146;212,052;218,120;231,039;240,076;248,204;315,027;366,076;374,044;376,125;414,034;446,049;495,071;498,049;499,270;518,050;524,073;528,183;572,038;587,154;606,061;629,267
075:0,008;14,087;20,047;73,146;105,229;124,038;142,157;184,192;198,047;199,054;205,103;212,052;213,034;218,120;332,057;335,217;343,265;378,147;384,100;392,108;405,206;414,034;436,240;446,049;499,172;500,264;518,050;520,101;524,073;528,183;535,066;560,194;564,062;567,033;585,112;594,056;618,159;629,267;639,273;662,239;710,129;744,051;752,074;753,125;757,188;762,123;781,044;787,228;788,032;789,176;798,241;820,121;840,256;852,142;873,062;880,067;881,143;888,196;1104,240;1110,097;1122,139;1132,055;1148,270;1153,196;1154,170;1186,200;1191,164
076:0,008;13,171;20,047;29,268;33,254;36,060;67,121;127,246;146,103;165,040;169,182;198,047;199,140;209,083;212,052;213,034;232,261;274,059;300,178;366,133;374,044;376,170;401,218;414,034;449,168;468,247;482,026;489,029;498,049;504,192;535,066;540,116;564,062;567,033;594,248;596,240;597,157;610,057;643,049;662,239;670,046;676,084;682,217;688,264;700,144;749,169;752,074;769,186;781,044;788,032;794,236;800,227;801,165;828,032;840,218;880,067;887,111;892,113;948,058;952,129;1056,076;1086,230;1102,058;1142,210;1145,068;1148,270;1160,218;1174,263;1185,182;1190,034;1196,254
077:0,008;1,207;138,130;146,224;151,097;211,117;212,052;236,144;240,076;305,218;312,119;315,027;350,043;365,177;371,218;374,044;375,047;393,135;414,034;420,225;438,251;444,146;446,049;467,242;478,275;485,153;489,029;498,049;500,264;518,050;527,194;535,066;556,156;572,038;582,069;587,154;643,049;653,217;670,046;683,099;697,198;781,044;788,032;792,071;800,094;869,146;874,214;877,059;881,101;882,177;885,258;892,212;932,192;948,058;963,086;996,155;1008,133;1015,187;1022,043;1035,238;1038,242;1043,055;1072,142;1079,118;1087,031;1088,075;1115,089;1189,134
078:0,008;2,116;13,253;124,038;140,131;189,200;198,047;199,238;213,034;235,122;247,188;276,065;277,154;283,049;312,119;315,027;364,269;374,159;400,274;425,080;449,037;456,166;460,114;474,218;482,026;489,029;499,270;516,261;524,073;525,200;535,066;560,231;564,062;567,160;572,038;581,082;595,141;597,058;617,160;640,047;644,263;666,129;670,046;700,144;705,148;722,063;740,273;749,165;760,244;764,163;769,186;786,200;834,044;846,211;852,156;859,110;880,067;890,126;922,152;948,058;957,266;958,050;963,086;1010,208;1024,204;1043,055;1076,048;1079,118;1102,058;1110,097;1115,089;1152,174;1165,213;1169,120
079:0,008;1,224;7,055;25,050;27,107;36,060;45,221;65,261;130,091;161,146;172,197;185,073;200,138;205,103;212,052;237,106;283,049;296,183;354,218;366,076;374,044;376,125;390,153;400,058;410,091;414,034;437,216;441,237;446,049;524,236;525,177;573,038;589,054;598,110;606,061;610,057;632,126;643,272;670,046;683,099;716,214;718,208;722,063;737,094;744,051;757,218;781,044;793,054;800,227;840,218;881,143;900,080;919,272;1012,124;1033,246;1066,153;1102,058;1118,150;1132,055;1137,106;1196,254;1198,090
080:0,008;7,191;198,047;199,140;274,059;300,143;482,026;494,202;520,101;524,073;525,200;565,062;572,242;594,056;606,061;610,057;648,271;964,196;1004,272;1132,055;1173,171
081:0,009;3,212;6,032;18,111;20,197;48,182;60,034;64,179;71,190;76,053;102,260;105,027;114,130;116,079;123,044;173,091;178,213;206,031;215,075;224,226;232,108;237,175;238,223;243,067;251,132;257,016;279,041;298,217;311,196;314,174;340,042;357,048;372,246;373,194;378,244;384,238;406,193;422,179;424,030;437,124;454,179;464,269;515,045;527,247;538,027;552,040;564,200;584,042;593,150;599,261;603,066;609,071;635,072;639,256;673,062;678,059;687,208;705,160;742,140;758,028;765,079;768,092;774,059;792,034;801,250;824,028;828,262;842,066;858,135;863,249;877,059;897,116;912,032;919,130;928,059;932,044;966,115;973,034;987,216;998,074;1008,218;1053,045;1067,207;1121,230;1141,039;1177,133
082:0,009;13,252;56,147;60,034;76,053;92,169;108,028;136,264;138,033;160,096;205,146;206,031;229,252;240,256;257,016;269,200;293,073;299,098;309,031;323,216;340,042;357,048;359,108;365,115;374,047;381,119;407,126;424,030;430,272;538,027;557,185;564,074;569,208;574,089;603,066;609,071;635,072;678,218;684,118;687,208;729,059;743,146;746,080;758,028;784,248;792,034;804,272;817,180;820,139;842,066;860,028;861,094;877,059;881,198;893,033;920,069;939,221;947,032;958,050;965,192;973,034;985,072;990,245;998,074;1006,170;1053,045;1067,240;1076,048;1081,274;1092,214;1094,071;1097,218;1099,253;1120,067;1132,119;1180,267
083:0,009;6,032;12,123;18,111;34,105;41,079;44,048;60,034;76,053;100,080;105,027;111,055;123,044;138,033;165,210;205,242;206,031;221,113;229,252;243,067;252,100;254,108;257,016;266,053;269,267;281,209;307,247;322,047;323,058;339,218;340,042;345,121;352,033;366,145;374,047;410,096;423,238;483,197;511,196;528,109;538,027;555,094;557,185;635,072;680,161;694,271;695,028;701,248;729,059;731,050;741,116;792,034;793,079;800,090;802,052;808,235;817,249;824,028;831,196;842,066;843,222;849,052;854,048;881,198;897,116;928,059;929,172;958,050;961,230;973,034;979,049;982,226;998,074;1002,269;1017,072;1035,059;1037,167;1092,164;1094,071;1097,218;1120,067;1121,180
084:0,009;12,123;30,111;44,048;57,190;60,034;76,053;105,027;113,206;115,080;134,088;138,033;170,083;180,094;203,215;211,100;212,114;215,075;239,107;251,132;257,016;279,227;293,073;314,174;322,047;337,246;343,233;352,033;366,187;374,047;384,238;428,240;462,074;477,066;478,027;489,108;515,131;538,027;552,040;572,245;580,188;597,273;647,255;670,080;685,268;694,253;695,028;718,154;733,115;744,236;758,028;761,068;768,092;774,059;792,034;801,165;802,052;818,182;848,042;849,052;858,135;877,059;912,032;930,205;947,032;964,206;977,260;979,049;1008,218;1017,072;1037,167;1053,045;1073,236;1076,048;1089,227;1119,202;1128,179;1134,099;1141,039;1171,189
085:0,009;6,032;21,196;138,033;170,083;215,075;240,256;538,027;558,137;678,059;695,028;729,059;742,140;854,048;877,059;920,069;928,059;944,161;947,032;961,230
086:0,009;3,212;10,226;17,137;27,189;33,053;34,105;54,166;60,034;76,053;105,027;111,055;123,044;138,033;179,056;180,094;221,137;257,016;266,053;273,166;283,028;284,079;322,047;324,250;352,033;381,119;410,096;423,256;431,125;489,108;552,040;579,099;603,066;605,092;623,153;635,072;670,080;678,059;680,161;729,059;744,236;848,042;849,052;859,259;920,069;925,067;930,205;932,044;939,221;947,032;967,110;973,034;979,049;999,229;1006,170;1008,180;1017,072;1035,127;1043,147;1053,045;1059,221;1063,158;1067,207;1071,052;1074,226;1094,071;1098,085;1111,179;1121,180;1174,199
087:0,009;10,226;44,048;60,034;76,053;120,272;123,044;143,121;243,067;257,016;266,053;273,166;357,048;372,197;603,066;609,071;639,256;842,066;854,048;877,059;920,069;928,059;944,254;1076,048;1081,274
088:0,009;9,016;17,137;24,198;44,048;46,014;48,182;102,086;105,027;124,140;145,199;232,204;243,067;253,029;256,034;269,267;275,090;284,079;340,042;357,048;393,093;428,133;430,272;451,153;462,214;466,224;486,212;538,027;552,040;558,137;574,179;591,272;597,248;603,066;613,093;635,072;673,248;678,059;685,268;695,028;747,111;753,068;765,079;848,042;855,120;912,032;926,255;928,059;942,034;948,143;973,034;980,238;987,216;1022,150;1053,045;1063,158;1074,226;1077,090;1120,067;1127,146;1130,195;1141,039;1163,188;1194,236
089:0,009;6,032;21,196;67,198;76,053;108,028;111,055;120,272;206,031;221,137;293,073;307,247;705,256;774,059;802,052;817,249;842,066;848,042;854,048;877,059;912,032;925,067;932,044;944,254;958,050;967,149;998,074;1017,072;1053,045;1059,221;1141,039;1171,189
090:0,009;6,032;24,198;105,027;108,028;111,055;138,033;160,096;257,016;266,053;273,200;293,073;306,145;317,256;322,047;324,250;352,033;374,047;400,146;414,247;424,030;431,125;695,028;729,059;741,116;758,028;774,059;802,052;824,028;842,066;849,052;863,249;925,067;932,044;951,039;958,050;979,049;980,238;1094,071;1120,067;1132,119
091:0,010;48,141;73,130;101,071;112,053;114,167;146,195;171,172;178,146;200,059;207,099;269,047;328,123;353,261;360,040;370,109;378,036;389,042;393,067;403,265;447,043;484,134;489,079;491,069;501,188;508,261;510,105;519,080;527,172;540,227;551,163;592,085;611,102;622,197;665,082;668,215;720,026;734,059;743,190;759,028;761,161;894,157;895,198;974,136;978,220;1090,148;1105,034;1113,199;1121,260;1133,162;1135,264;1141,207;1154,136;1162,253;1187,046
092:0,010;40,270;43,064;47,050;101,071;115,068;175,194;200,059;216,254;269,047;323,026;360,040;368,033;370,109;589,054;599,078;825,054;843,245
093:0,010;44,264;47,050;49,088;112,053;113,034;115,068;176,045;269,047;320,263;360,040;368,033;384,077;750,214
094:0,010;44,264;47,050;48,038;51,159;81,053;87,095;94,060;111,055;119,213;200,059;221,273;224,162;226,051;233,259;292,240;323,026;353,261;360,040;365,208;368,033;383,251;384,077;389,042;393,222;399,225;415,138;416,064;457,226;459,029;472,153;477,098;489,202;491,069;496,083;589,054;590,148;600,077;663,041;668,215;720,026;743,189;757,213;759,216;761,161;770,153;791,175;822,233;825,054;827,191;843,140;931,089;947,242;953,125;957,202;966,133;1045,170;1081,076;1105,034;1108,129;1187,046;1200,225
095:0,010;43,064;51,201;94,060;112,053;113,034;115,068;176,045;269,047;323,026;360,040;378,036;389,042;399,225;459,029;469,147
096:0,010;40,270;83,120;94,060;110,169;112,053;146,110;168,103;195,108;200,059;213,196;268,146;279,270;286,269;368,033;378,036;389,042;401,169;408,230;416,064;453,256;459,029;478,163;487,254;491,069;505,144;538,121;543,108;557,275;576,268;586,217;589,054;622,197;720,026;738,113;780,211;825,054;827,191;853,036;862,112;1051,194;1065,200;1071,154;1075,177;1090,134;1105,034;1123,200;1129,117;1175,273;1182,116;1187,046;1195,230;1198,117
097:0,010;43,064;47,050;101,071;115,068;176,045;259,087;378,036;392,112;421,229;491,069;501,188
098:0,010;43,064;47,050;49,088;176,045;258,218;416,064;459,029;469,147;720,026;738,113;850,161
099:0,010;43,064;47,050;101,071;113,034;115,068;175,194;416,064;459,029;468,164
100:0,010;43,064;47,050;101,071;115,068;176,045;258,218;269,047;320,263;323,026;362,224
101:0,011;5,133;433,043;476,041;479,071;528,061;571,167;759,117;798,048;802,027;813,029;830,059;852,053;894,068;921,136
102:0,011;5,149;335,060;342,067;359,223;574,050;577,057;589,065;606,225;640,033;689,251;776,066;795,083;852,053;894,068;927,034;948,257
103:0,011;5,133;16,036;35,089;40,065;47,038;73,273;112,045;119,121;122,209;127,169;205,069;208,144;217,191;286,068;305,242;316,058;337,057;343,266;345,123;368,201;375,047;376,191;420,042;421,099;433,043;473,239;476,041;478,143;479,071;522,237;554,053;558,093;562,034;569,065;571,167;577,057;591,084;597,160;625,034;633,112;637,055;640,033;645,245;651,214;652,132;654,269;656,259;664,183;680,027;701,033;711,154;716,073;723,061;731,187;738,066;783,051;787,242;927,034;961,227;968,161;981,109;991,047;1018,211;1029,262;1044,106;1075,075;1076,247;1090,169;1117,146;1171,228;1174,236;1176,205;1187,191
104:0,011;5,063;16,036;40,065;46,073;47,038;73,273;158,069;178,149;306,054;342,067;396,056;402,117;528,061;562,034;574,050;577,057;589,065;614,050;637,055;640,033;645,132;680,027;690,121;716,073;723,061;736,225;738,066;783,051;784,111
105:0,011;32,078;35,089;40,065;63,108;67,065;94,060;101,034;121,075;141,258;158,069;165,056;173,082;205,069;208,144;273,235;342,067;397,230;402,117;415,212;420,042;451,257;485,058;513,187;528,061;577,217;581,202;589,065;606,263;614,050;625,034;636,060;637,055;640,033;647,051;666,189;670,179;680,027;684,068;695,035;699,210;708,220;711,154;716,145;731,250;736,233;758,257;762,206;794,113;802,027;809,257;830,059;858,214;867,221;891,124;894,068;908,182;944,147;950,154
106:0,011;12,188;46,073;47,038;61,045;67,065;113,238;205,069;219,130;286,068;306,054;335,060;336,212;476,041;483,131;528,061;569,198;589,065;605,235;684,068;716,073;731,250;802,027;813,029;830,059;852,053;921,136;927,034;948,257;1075,075;1090,169
107:0,011;5,156;23,219;40,065;54,166;61,045;64,130;67,065;102,143;112,045;153,071;187,272;206,098;211,252;219,130;286,068;330,246;335,223;396,056;432,050;465,225;476,041;483,131;491,035;493,102;520,175;529,120;541,075;563,028;569,198;577,057;579,113;589,065;590,178;625,034;627,247;637,055;645,132;647,051;664,183;680,027;684,068;692,186;710,157;716,073;721,186;725,242;738,066;787,242;802,027;803,080;894,068;928,075;949,195;956,186;986,036;1000,186;1060,247;1075,075;1079,253;1094,188;1108,194;1114,083;1122,154
108:0,011;5,063;16,036;40,065;46,073;47,038;61,045;67,065;112,045;148,257;158,069;173,082;286,068;306,054;335,060;342,067;396,056;397,230;420,042;433,043;476,041;479,071;527,106;562,034;574,050;577,057;606,225;614,050;637,055;640,033;692,186;723,061;738,066;795,083;813,029;821,083
109:0,011;5,063;16,036;45,221;67,065;112,045;122,209;205,069;217,191;316,058;335,060;342,067;396,056;402,142;476,041;479,071;528,061;558,093;577,057;589,065;605,235;625,034;637,055;640,033;690,121;783,051;784,111;871,242
110:0,011;5,063;12,188;46,073;54,273;61,045;67,065;131,225;141,258;158,069;184,151;216,219;217,085;225,172;231,240;306,054;316,058;336,212;340,233;342,067;398,084;413,214;420,042;428,220;433,043;459,102;489,262;493,102;562,034;571,175;574,050;577,057;593,150;614,050;626,235;640,033;647,051;672,122;679,228;684,068;700,082;723,061;736,225;752,074;759,117;783,051;784,048;805,144;818,149;830,059;867,221;927,034;956,186;970,164;1005,043;1024,204;1029,043;1046,242;1064,139
111:0,012;22,221;28,051;51,228;56,046;73,079;76,101;85,212;86,034;91,047;99,262;110,103;139,089;144,075;145,159;167,071;170,254;173,134;183,040;190,035;200,083;201,069;204,113;205,075;212,247;215,260;226,074;231,201;288,066;308,251;312,115;317,049;336,190;343,275;350,043;355,036;357,033;364,128;375,134;384,201;387,027;388,156;432,037;494,223;500,146;512,117;518,062;533,186;594,029;620,194;621,214;625,221;723,238;743,267;750,027;771,124;784,202;802,046;811,030;822,190;847,041;855,259;856,182;914,080;931,046;964,109;970,093;1034,068;1048,070;1088,275;1093,229;1097,140;1105,034;1117,135;1141,179;1144,208;1186,214
112:0,012;38,197;49,080;99,054;104,210;106,177;117,040;120,175;136,136;144,075;146,187;175,037;182,162;205,075;229,069;231,201;240,115;250,265;264,035;286,112;336,190;427,206;432,037;516,239;527,252;532,055;535,053;575,044;581,239;617,154;625,122;671,067;681,047;685,072;698,127;706,040;740,143;750,027;773,244;798,231;811,030;822,265;828,088;835,267;845,061;847,041;848,042;852,164;860,028;874,138;880,050;886,112;891,212;892,039;893,239;919,274;922,201;925,181;926,052;949,094;976,057;986,101;1008,061;1035,059;1039,144;1059,196;1065,099;1066,238;1072,079;1073,060;1084,063;1097,140;1103,266;1104,140;1105,060;1148,260;1153,105;1175,035;1195,195
113:0,012;21,219;28,051;61,146;68,038;75,240;76,189;86,034;102,141;129,042;130,256;145,159;167,071;177,154;182,162;183,040;192,055;203,064;212,247;241,188;249,201;264,035;283,261;331,136;350,043;372,064;375,134;389,055;434,208;485,227;499,131;510,043;511,067;522,176;532,055;545,064;558,272;560,070;565,086;575,044;578,267;601,216;626,248;629,027;650,055;660,227;685,072;695,189;698,127;750,027;770,180;779,116;790,220;798,117;830,098;865,262;874,138;892,039;926,257;948,075;950,178;953,129;956,234;964,094;965,131;976,057;981,077;1048,070;1052,133;1105,060;1146,152;1190,092
114:0,012;9,225;48,039;56,046;58,222;99,248;113,206;115,248;130,256;144,075;166,264;167,071;170,164;183,040;189,166;193,236;210,181;235,081;240,079;264,035;280,188;286,112;288,161;317,049;337,268;357,262;374,120;388,178;389,055;395,086;424,030;425,164;452,129;494,113;569,092;575,044;577,123;590,219;594,029;620,238;637,134;664,031;671,067;681,047;692,084;695,035;699,273;821,034;823,213;829,201;845,061;847,041;856,182;874,212;880,050;887,219;892,039;927,243;937,039;943,102;948,075;957,227;959,119;975,099;976,057;980,037;986,103;1034,068;1039,144;1059,128;1073,060;1088,090;1091,145;1117,135;1169,182;1175,035;1190,149;1193,134;1195,163
115:0,012;28,051;48,039;56,046;64,174;129,042;134,216;144,075;145,242;167,071;175,037;192,055;201,069;203,244;229,069;240,115;389,055;432,037;510,043;516,239;560,070;567,238;892,039;930,259
116:0,012;28,051;48,039;56,046;63,082;91,047;102,141;175,037;192,055;201,222;205,075;225,239;281,054;337,100;387,027;389,055;432,037;510,043;518,062;533,186;535,053;594,029;625,122;1048,070;1105,060;1155,087
117:0,012;17,110;22,221;28,051;49,204;68,038;76,101;86,034;90,180;91,036;99,248;120,175;129,042;130,053;134,216;165,168;167,071;173,134;175,037;189,166;201,069;204,125;229,069;235,081;251,123;281,054;317,049;341,215;396,222;443,031;457,061;477,079;532,055;544,265;560,070;569,092;575,044;588,223;594,029;625,221;629,027;637,119;651,142;664,031;671,067;681,047;685,072;699,273;707,080;750,027;766,066;784,202;802,046;811,030;813,165;817,091;822,265;850,105;874,260;902,192;912,223;948,075;950,178;976,057;992,155;1025,099;1048,070;1087,031;1091,145
118:0,012;44,048;49,080;58,222;61,146;68,038;76,227;83,207;91,047;118,265;140,141;143,091;144,075;145,242;183,040;192,055;201,222;204,125;229,069;251,123;264,035;280,188;281,054;298,226;314,176;317,049;331,136;337,268;338,048;343,275;350,043;363,229;371,124;389,055;428,040;435,266;443,031;450,084;458,115;462,109;479,261;497,092;522,176;532,055;535,053;542,099;552,274;560,070;568,247;575,044;577,123;629,027;639,255;642,074;651,142;664,031;671,067;675,033;681,047;685,072;701,209;740,143;766,207;770,180;811,030;815,191;821,034;828,228;845,061;847,041;851,082;860,028;870,064;874,260;876,053;899,079;917,111;943,260;948,075;952,149;962,220;976,057;986,103;1034,068;1048,070;1074,263;1153,194;1161,161;1175,035;1184,086;1187,243;1196,212
119:0,012;9,225;49,204;91,036;101,134;129,042;136,136;183,040;201,069;203,244;387,027;388,156;443,031;462,105;594,029;631,097;664,031;681,047;701,209;802,046;815,191;821,034;845,061;851,082;860,028;880,050;892,039;943,208;1175,035;1190,149
120:0,012;17,110;68,038;80,223;86,034;91,036;98,192;175,037;193,236;205,075;229,069;240,079;264,035;281,054;308,251;518,062;532,055;535,053;560,070;565,086;629,027;631,097;795,180;1105,060;1155,087
121:0,013;27,189;118,217;128,162;133,175;283,071;302,188;434,039;475,127;511,067;515,027;520,064;537,219;552,036;574,257;785,038;799,139;804,026;821,272;829,055;848,067;863,272;916,026;929,211;977,054;1013,049;1055,051;1084,132;1131,047;1147,273
122:0,013;34,066;38,212;48,213;66,110;89,061;91,047;132,104;237,062;285,221;311,060;357,048;366,027;387,182;391,033;407,261;413,059;432,260;437,078;452,272;453,090;459,113;478,166;490,031;520,064;566,050;568,047;591,113;608,129;610,104;615,216;620,200;627,054;642,209;658,045;659,118;665,038;674,114;686,246;688,248;694,155;722,229;740,211;785,038;786,045;806,167;818,228;823,132;829,055;852,259;863,272;867,207;947,032;948,172;958,267;959,211;977,054;1015,113;1020,147;1029,232;1069,198;1124,036;1142,144;1177,257
123:0,013;36,060;37,169;46,058;101,247;108,042;124,038;138,037;155,064;183,262;195,058;207,109;212,068;237,195;243,243;252,098;259,144;296,199;330,041;345,206;351,267;352,227;359,213;366,027;384,264;388,216;390,269;399,075;413,059;417,184;431,112;434,039;480,137;490,031;517,125;520,064;531,094;551,189;552,036;565,272;627,054;651,041;656,213;715,032;718,154;734,030;736,206;745,141;749,156;754,134;774,125;785,038;786,045;799,139;853,036;862,039;864,204;937,060;953,123;958,146;960,142;967,243;977,054;1000,082;1013,049;1018,211;1049,198;1073,060;1079,085;1095,259;1098,184;1131,047;1139,129;1149,093;1165,122;1173,026;1177,137
124:0,013;22,089;27,068;46,058;89,061;119,156;366,027;387,182;391,033;399,075;417,184;490,031;529,029;539,129;599,047;655,127;665,038;686,132;848,067;881,046;885,037;888,232;916,026;929,211;936,072;956,256;1013,049;1054,252;1176,026
125:0,013;39,150;108,042;109,071;144,133;156,238;158,105;183,035;188,229;195,058;201,197;206,115;212,068;229,160;237,062;261,107;262,265;330,041;353,226;358,044;377,239;388,027;389,170;391,033;396,132;407,261;426,079;434,039;440,143;443,267;515,045;520,064;535,274;544,254;552,036;568,047;623,245;627,054;637,262;639,211;665,038;697,071;722,229;804,026;806,167;816,124;821,034;827,210;846,260;848,067;853,036;861,100;873,244;882,255;885,037;906,220;917,077;921,094;936,072;950,119;1013,049;1054,252;1062,173;1101,116;1131,047;1149,093;1175,235;1180,225;1197,234
126:0,013;27,068;46,058;89,061;119,204;195,058;206,115;212,068;237,062;283,071;298,189;388,027;405,237;515,027;520,064;556,085;627,054;637,198;697,071;715,032;725,193;734,030;750,275;1083,198;1173,026
127:0,013;22,089;27,068;48,213;89,061;99,240;108,042;132,032;138,063;139,151;188,229;212,068;238,110;248,077;258,194;271,199;283,071;298,185;302,188;311,060;325,205;330,041;356,083;358,044;367,175;379,054;383,086;388,027;399,075;413,059;429,207;434,039;456,225;510,227;515,045;520,064;523,170;529,029;551,175;567,238;568,047;655,127;665,038;686,132;697,071;702,151;715,032;725,242;734,030;741,028;749,107;786,045;799,105;804,026;815,115;822,146;829,055;832,099;849,067;864,204;885,037;893,181;899,026;902,255;916,026;921,094;949,227;953,123;973,225;984,230;986,194;1000,082;1010,162;1013,049;1049,198;1055,051;1084,132;1137,124;1142,144;1177,137
128:0,013;3,146;16,088;21,141;38,212;40,065;49,205;108,042;119,156;139,151;182,047;183,086;186,069;208,225;298,185;311,060;321,223;325,229;330,041;338,228;351,179;356,083;391,033;412,109;413,059;418,193;452,219;460,223;476,105;479,104;480,137;490,031;496,218;499,238;510,043;511,067;515,045;523,170;524,258;529,029;547,268;552,036;556,085;568,047;647,051;659,118;716,275;786,045;804,182;821,272;829,055;847,246;848,067;853,036;855,120;881,046;888,093;890,180;897,158;916,026;917,077;923,146;927,122;936,072;960,142;977,054;1029,232;1040,086;1055,051;1079,085;1131,047;1143,085;1171,133;1173,026
129:0,013;16,088;37,169;49,205;89,061;99,240;108,042;118,217;208,225;212,068;243,243;268,041;274,108;298,189;311,060;319,054;325,229;330,041;332,139;356,244;358,044;377,083;388,027;390,269;472,185;511,067;515,027;524,258;529,029;562,181;566,119;578,102;605,126;608,121;623,057;639,211;697,071;715,032;725,193;734,030;740,211;749,107;754,230;757,107;765,220;799,207;804,026;816,167;827,210;881,046;888,232;902,202;904,028;914,108;1052,272;1055,051;1090,174;1105,246;1131,047;1149,122;1173,026;1190,052
130:0,013;3,146;46,058;89,061;119,204;237,062;283,071;293,227;358,044;377,239;494,031;520,064;539,129;556,036;568,047;656,213;885,037;902,202
131:0,014;27,240;78,259;89,027;103,081;104,057;106,218;113,034;115,268;121,075;138,029;146,195;150,172;153,071;156,212;166,122;184,041;208,090;212,072;213,155;225,190;245,241;280,087;301,099;308,206;663,047;676,144;692,207;705,244;713,069;745,068;829,121;842,098;847,193;900,203;903,151;1065,211;1066,042;1074,163;1080,222;1088,213;1134,156;1150,086;1153,250;1162,140;1171,265
132:0,014;59,054;104,057;110,113;498,246;827,030;857,177;874,220;914,177;1058,193
133:0,014;56,173;439,206;783,189;823,029;832,034;857,177
134:0,014;4,270;27,240;55,143;104,057;110,261;115,268;120,173;121,075;138,029;148,085;153,071;165,142;193,047;195,265;196,029;203,215;212,072;242,252;323,120;377,191;391,064;393,219;661,267;663,047;676,144;681,040;697,135;827,030;829,031;835,248;845,200;851,044;858,081;861,061;872,273;934,091;941,136;974,258;1009,056;1010,157;1019,195;1066,042;1074,163;1114,147;1126,181;1130,266;1150,109;1170,179
135:0,014;57,269;104,057;110,200;184,041;212,072;243,249;687,064;713,069;743,243;745,068;823,029;827,030;845,200
136:0,014;59,054;110,113;138,029;148,228
137:0,014;56,173;59,054;110,200;212,072;243,249;663,047;681,040;687,064;713,069;745,068;823,029;827,030;845,256
138:0,014;57,269;138,029;150,172;681,040;687,064;713,069;745,068;823,029;827,030;847,193
139:0,014;57,095;153,071;184,041;208,246;663,047;681,040;687,064;743,243;1094,155
140:0,014;59,054;106,218;121,075;148,228;184,041;208,090;1066,042;1080,167
141:0,015;16,193;55,030;62,105;153,052;186,078;441,057;476,035;494,191;496,030;514,107;530,033;567,255;608,036;629,056;641,195;931,060;953,099
142:0,015;16,193;317,062;319,108;415,045;439,069;445,149;792,071;806,155;925,166;928,075;964,247
143:0,015;21,208;33,053;43,041;51,224;377,038;415,045;432,057;473,196;491,065;496,030;509,251;599,149;1160,032
144:0,015;13,204;24,226;31,006;41,098;43,041;62,105;95,166;109,192;153,052;167,032;175,163;195,058;212,053;229,164;249,226;291,061;300,208;377,038;405,033;445,149;469,211;473,251;476,035;491,065;496,030;497,119;525,050;530,033;558,043;572,046;586,269;617,265;629,056;639,055;659,115;703,026;709,226;732,147;766,142;792,071;803,113;806,197;828,117;873,062;889,172;902,228;928,075;931,060;938,220;980,186;1013,044;1035,130;1045,105;1056,128;1058,134;1103,107;1107,073;1117,166;1156,270;1169,151;1179,102;1190,034;1194,266
145:0,015;7,219;21,208;33,053;45,132;55,030;66,227;138,033;155,182;167,032;180,116;189,262;206,097;317,062;321,223;338,082;349,122;377,038;418,160;432,057;460,191;476,035;491,065;496,030;500,103;523,115;525,050;530,033;572,046;577,155;608,036;635,156;659,115;680,061;688,206;696,118;709,226;714,099;802,046;806,159;828,032;839,173;841,207;852,085;908,266;920,039;922,183;928,075;931,060;957,041;970,188;993,122;1013,044;1029,187;1067,038;1088,242;1095,208;1107,073;1115,159;1126,069;1141,188;1160,032;1180,252;1190,034
146:0,015;20,113;55,030;63,100;123,134;167,032;186,078;432,057;469,211;476,035;496,030;520,169;530,033;564,166
147:0,015;15,117;153,052;180,116;558,043;577,155;608,036;629,056;641,195;1182,060;1190,034
148:0,015;3,264;33,053;39,207;43,041;45,132;51,224;55,030;95,166;122,146;132,214;153,052;167,032;197,038;205,242;293,206;298,246;315,217;317,062;319,108;340,060;349,122;357,103;362,193;370,108;377,038;406,124;415,045;416,048;421,161;460,191;476,035;491,065;494,191;508,079;510,157;525,050;530,033;538,114;558,043;571,175;572,046;589,250;606,263;608,036;637,257;659,196;662,145;723,078;755,109;792,071;793,264;806,159;848,054;850,167;858,077;869,258;871,158;873,062;916,260;928,075;931,060;964,247;969,107;1013,044;1026,143;1160,032;1182,060;1190,034;1198,108
149:0,015;15,117;225,193;415,045;432,057;475,189;572,046;586,269;652,156;873,062;888,253;1107,073;1115,262;1126,069;1160,032;1190,034
150:0,015;13,204;20,113;33,053;43,041;51,090;136,063;144,143;149,173;153,052;167,032;185,210;190,271;201,169;217,107;302,097;317,062;346,221;418,160;489,029;497,119;520,169;525,050;530,033;558,043;576,086;589,250;722,063;734,152;737,198;750,051;766,142;792,071;806,155;836,166;839,173;889,272;905,148;911,231;928,075;931,060;953,099;955,253;1013,044;1026,143;1096,133;1185,071;1190,034;1194,266
151:0,016;29,056;40,047;50,084;150,027;197,038;212,223;304,050;313,052;315,073;370,074;397,265;737,028;739,154;834,044;873,075;891,115;939,046;945,154;946,047;1031,035;1092,163
152:0,016;29,056;46,074;60,232;63,055;88,070;94,247;138,037;142,070;150,027;197,038;212,223;219,074;238,272;294,040;313,052;315,073;370,074;406,028;412,050;422,107;516,039;540,105;1031,035;1099,044;1124,091;1150,050;1184,167
153:0,016;18,229;40,047;46,074;53,152;88,070;89,061;110,152;138,037;139,031;142,070;145,037;150,027;203,085;219,074;243,067;247,209;273,027;290,129;304,050;323,126;383,189;408,040;412,050;425,181;449,037;450,088;455,215;467,262;468,056;475,232;516,039;537,057;552,040;568,151;594,132;606,061;623,216;627,048;657,165;680,061;688,042;700,102;705,064;716,202;725,053;726,029;746,183;751,094;753,055;758,144;795,055;801,053;817,103;821,231;827,057;833,059;848,054;862,167;936,072;945,154;955,168;1016,106;1031,035;1046,184;1104,103;1172,054;1178,260
154:0,016;18,229;73,267;131,062;132,049;133,186;145,037;155,227;273,027;294,040;313,062;315,073;370,074;406,028;409,128;468,056;475,232;478,048;495,152;795,055;801,053;822,255;873,075;907,176;931,046;946,047;1026,101;1031,035;1077,046;1104,103
155:0,016;38,067;46,254;50,119;63,055;81,108;84,100;88,070;103,081;106,080;119,100;125,072;130,153;133,186;138,158;139,031;154,108;155,227;197,038;209,173;239,228;247,209;254,234;273,027;318,231;342,112;367,054;368,112;382,041;391,147;397,265;399,221;406,028;408,040;409,128;466,043;498,185;502,217;536,204;581,157;584,035;594,132;627,048;646,093;677,096;681,047;687,170;688,042;693,155;700,102;739,262;741,164;748,200;806,079;810,266;815,240;827,057;834,044;856,190;895,026;924,129;931,046;943,212;1011,247;1025,191;1031,035;1057,265;1077,046;1097,260;1099,044;1136,196;1138,140;1190,052;1198,090
156:0,016;28,099;46,074;60,232;132,049;139,031;145,037;154,108;313,052;315,073;368,112;627,048;661,093;801,053;822,255
157:0,016;31,238;49,048;75,139;115,084;128,150;132,049;138,037;139,031;142,070;156,089;206,129;207,172;219,074;232,260;238,272;273,027;278,094;294,040;304,050;318,159;323,126;376,122;382,173;386,186;408,040;410,149;412,050;428,216;478,048;495,152;570,204;588,207;627,048;628,202;650,205;678,212;687,170;688,042;706,040;707,105;737,028;748,200;753,055;764,171;795,055;801,053;814,243;827,057;834,044;849,052;856,190;894,083;910,253;923,223;931,046;963,132;1027,113;1032,086;1056,151;1082,248;1088,195;1099,044;1138,140;1150,050;1151,209;1166,085
158:0,016;23,207;29,056;31,147;50,084;63,055;100,162;130,153;163,255;212,052;254,234;273,027;290,129;304,050;311,168;313,062;316,191;339,256;356,188;360,086;370,074;386,186;408,040;412,050;413,059;422,189;468,056;475,271;476,216;478,048;511,106;516,039;533,116;537,041;538,191;548,224;580,198;627,048;650,205;688,042;702,088;716,202;731,160;734,224;737,028;746,183;753,055;764,088;806,156;810,254;830,059;834,044;862,167;873,075;891,115;923,157;931,046;945,160;946,047;1004,061;1025,191;1031,035;1084,265;1089,200;1099,044;1112,222;1123,156;1128,161;1136,196;1151,209;1191,155;1194,232
159:0,016;28,099;29,056;40,047;53,152;142,070;148,101;331,073;389,127;422,189;478,048;502,217;601,112;725,053;737,028;751,094;753,055;764,088;1077,046;1097,260
160:0,016;25,218;40,047;46,074;73,267;88,070;94,212;107,224;129,088;132,049;133,234;138,037;139,031;142,070;145,037;150,027;198,047;199,166;219,074;252,221;294,040;304,050;309,232;313,052;328,261;346,059;386,271;406,028;408,040;412,050;422,107;450,088;456,241;464,117;468,056;470,245;725,053;734,262;737,028;739,154;758,144;795,055;797,262;801,053;810,266;827,057;834,044;871,217;873,075;893,239;946,047;1026,101;1099,044;1117,118;1118,149;1150,050;1176,205
161:0,017;68,246;83,062;89,054;94,131;132,032;158,173;163,062;186,069;200,059;206,273;220,066;279,058;299,210;318,246;328,274;331,263;418,241;452,212;496,232;518,097;538,208;549,070;555,089;557,259;571,042;639,236;643,033;683,074;718,109;775,119;790,147;794,209;813,164;832,093;842,039;847,241;848,054;856,128;869,029;919,130;922,241;928,124;935,182;937,039;946,246;961,225;967,200;974,129;982,052;1035,139;1078,043;1122,183;1125,059;1146,241;1162,108
162:0,017;1,179;7,127;18,202;25,050;43,121;53,056;92,039;96,123;100,109;132,032;146,033;149,059;157,026;162,129;168,133;186,069;199,126;212,259;220,066;224,162;299,173;329,086;400,058;422,190;475,271;501,072;514,104;523,223;527,150;532,078;539,084;549,070;564,077;566,094;578,189;604,201;613,253;626,113;650,055;664,031;682,156;683,080;713,176;721,048;768,197;807,174;808,126;823,229;829,219;835,090;847,241;864,145;874,227;880,249;902,090;906,043;934,184;967,098;985,236;996,077;1000,238;1005,172;1022,231;1051,069;1059,106;1069,234;1070,245;1078,043;1133,134;1192,211;1196,244
163:0,017;20,075;21,140;25,050;45,091;53,056;89,250;94,131;132,032;166,088;217,050;225,174;279,058;316,157;346,062;354,139;355,030;369,247;380,027;400,058;426,060;432,260;441,211;467,243;519,189;549,070;560,052;582,096;606,220;609,199;626,084;629,123;631,255;635,172;636,070;664,112;666,262;703,038;721,048;747,119;788,153;801,053;810,122;833,269;848,054;852,267;863,173;869,029;906,043;922,093;982,052;1029,253;1035,139;1051,069;1067,196;1070,107;1078,043;1096,139;1117,207;1134,192;1151,104;1181,045;1187,099
164:0,017;18,202;25,050;53,056;94,235;186,069;196,030;217,050;220,066;414,074;560,052;571,042;599,063;617,153;775,057;807,174;1035,127;1125,059;1146,241
165:0,017;11,157;132,032;163,062;192,107;196,030;217,050;220,066;414,074;560,052;578,189;869,029;919,153;982,052;1033,090;1078,043;1125,059;1146,175
166:0,017;11,157;220,066;415,263;420,074;571,042;599,063;613,253;906,043;927,236;937,039;946,246
167:0,017;16,078;53,056;83,062;94,235;186,069;196,030;220,066;414,074;560,052;571,042;584,035;620,108;636,070;644,233;842,039;853,227
168:0,017;1,179;64,130;83,062;99,050;110,095;129,154;132,032;168,129;176,098;194,224;204,181;206,273;220,066;232,032;236,235;250,081;257,273;279,030;287,165;300,227;340,201;358,133;362,145;405,066;418,241;462,078;555,089;584,035;600,129;712,119;721,048;729,223;842,039;851,210;856,248;863,245;906,043;919,153;973,202;993,098;1004,043;1041,194;1049,262;1063,187;1078,043;1087,216;1117,169;1121,234;1131,220;1161,191;1169,160;1184,182;1188,213
169:0,017;37,273;41,107;54,230;62,161;83,062;87,151;89,250;96,123;184,272;186,069;192,107;222,192;232,264;235,177;236,235;279,058;281,121;362,272;414,074;462,078;501,072;513,092;549,070;554,046;555,273;571,042;584,035;599,063;609,199;618,144;620,108;636,070;639,188;644,233;650,055;691,265;721,048;758,264;797,229;845,061;848,054;864,145;906,043;925,160;972,124;977,084;982,052;1040,181;1184,129
170:0,017;7,127;16,078;25,050;49,147;135,271;163,062;192,182;196,030;217,050;234,068;260,209;281,121;325,205;339,196;367,103;380,136;388,142;400,058;404,196;407,075;409,125;414,074;501,072;516,039;527,150;530,058;533,187;549,070;557,259;584,035;599,063;600,129;603,127;619,269;625,167;636,070;644,250;650,055;670,046;676,067;678,275;687,063;705,257;718,221;768,197;779,121;823,077;831,192;842,039;853,227;863,213;869,029;906,043;922,241;933,195;937,039;948,184;971,208;984,274;1019,214;1035,224;1040,181;1051,069;1067,079;1073,187;1078,043;1125,108;1129,148;1133,134;1146,175;1184,031;1194,166
171:0,018;2,266;62,193;73,051;79,162;83,082;86,035;104,124;112,129;127,264;128,181;134,189;143,053;147,061;156,057;186,264;191,189;196,029;209,100;213,067;217,083;219,245;229,071;249,066;278,261;287,063;290,164;314,252;346,223;351,274;357,029;393,208;394,027;398,217;405,033;469,143;475,061;491,250;496,044;518,268;536,074;542,126;552,139;607,208;629,056;631,182;673,062;686,133;714,173;722,110;725,228;731,050;737,199;757,189;763,066;770,137;773,053;786,055;819,130;907,073;925,150;926,052;953,233;972,049;973,130;1010,238;1015,228;1030,106;1047,149;1062,127;1073,221;1123,046;1125,072;1132,208;1138,108;1148,189;1163,104;1172,130;1179,031;1193,044;1194,232
172:0,018;7,098;36,061;49,259;73,051;81,038;106,239;116,062;143,053;144,164;183,035;192,159;697,075;723,037;746,040;782,093;926,052;950,240
173:0,018;4,220;23,073;36,061;58,262;73,051;75,218;81,038;103,073;134,189;143,053;144,164;147,043;157,077;181,199;183,035;204,214;217,241;229,071;257,041;274,210;280,206;283,146;287,063;296,203;349,124;367,190;377,026;387,161;427,254;475,061;482,026;486,171;498,215;511,068;514,139;524,266;541,113;549,202;554,096;620,272;652,087;659,185;675,251;680,235;746,040;770,172;773,053;784,164;794,160;856,238;862,117;885,037;897,054;904,073;921,039;925,200;936,167;947,212;972,049;1003,262;1009,202;1013,162;1014,089;1025,265;1033,133;1034,050;1042,035;1054,222;1119,092;1121,051;1132,215;1166,100
174:0,018;2,266;7,055;13,152;23,073;36,061;46,089;49,223;81,038;86,035;99,050;106,190;107,089;116,062;148,046;154,163;160,073;191,239;196,029;219,245;245,036;269,067;290,164;296,203;342,062;363,160;375,098;377,026;383,111;390,240;420,064;427,254;430,067;441,243;472,246;475,061;489,106;545,064;554,096;568,041;571,158;576,088;581,031;592,121;651,041;654,128;677,028;695,263;744,054;770,137;771,231;781,175;786,055;822,077;823,109;852,213;855,160;876,066;898,174;904,073;923,112;926,052;931,175;995,226;1007,056;1012,101;1015,203;1054,222;1066,264;1123,046;1136,132;1153,124;1170,268;1179,031;1182,060;1191,165;1193,044
175:0,018;7,055;16,184;86,035;104,110;116,062;136,063;143,053;149,267;160,073;191,239;239,056;245,036;256,034;257,216;430,067;438,069;473,094;508,268;517,159;545,064;549,192;581,031;588,207;876,045;904,073;938,031;950,098;1120,240
176:0,018;7,098;73,051;81,038;107,089;160,073;194,190;279,030;287,063;302,264;377,026;387,161;405,033;453,203;475,061;489,106;496,044;514,139;677,028;695,211;723,037;737,199;904,073;938,031;943,223;1034,050;1048,215;1145,028;1150,274
177:0,018;8,159;23,073;41,125;103,073;116,062;136,063;143,053;150,147;239,056;245,036;256,034;279,030;287,063;305,158;342,062;357,029;403,202;438,069;465,202;651,041;654,128;673,062;677,028;705,115;731,050;744,054;771,231;972,049;1007,056;1025,265;1179,031;1197,113
178:0,018;1,231;7,055;8,159;23,073;64,131;81,038;104,110;154,163;160,073;163,255;180,234;183,035;207,109;229,071;241,099;245,036;255,198;270,044;277,225;279,030;294,197;302,264;342,062;349,124;353,205;355,247;357,029;370,237;407,216;426,060;429,239;430,067;432,104;438,069;487,164;488,104;491,250;496,044;518,062;526,269;545,064;549,192;581,031;606,095;631,182;651,041;659,185;673,062;677,028;689,090;698,247;729,223;731,050;737,101;773,213;786,055;832,233;852,053;876,066;878,208;899,079;904,038;925,181;938,031;950,098;953,233;972,049;973,130;983,275;1001,120;1007,056;1014,089;1043,055;1072,111;1115,161;1123,046;1148,189;1167,127;1179,031;1193,044
179:0,018;27,068;49,223;62,067;68,246;86,035;93,169;95,259;103,073;114,274;116,062;148,101;149,267;157,077;160,073;191,189;196,029;217,124;229,071;234,121;239,056;257,216;268,223;269,246;274,210;306,217;342,062;357,029;390,240;430,067;432,104;438,069;456,167;486,171;501,060;502,256;511,195;526,269;557,113;564,076;581,031;582,135;588,163;651,041;676,071;697,075;701,084;723,037;737,101;739,153;744,054;746,040;776,128;832,085;868,180;876,066;895,054;901,105;919,027;931,175;1007,056;1015,203;1029,110;1034,050;1039,073;1060,136;1078,182;1095,234;1112,257;1123,046;1132,164;1141,118;1158,135;1166,169;1185,197;1189,203;1193,044;1197,113
180:0,018;4,220;7,055;13,152;23,073;36,061;41,261;71,133;73,051;79,162;103,073;119,267;136,063;150,147;160,073;192,159;194,190;204,214;239,056;250,150;256,034;282,243;294,197;305,158;342,062;348,104;357,029;377,026;390,084;398,217;405,033;446,194;449,197;456,167;482,037;496,044;508,268;589,164;597,200;686,133;697,075;705,115;723,037;731,050;732,213;744,054;746,040;773,053;786,055;794,160;802,233;818,211;822,077;871,156;876,066;882,080;902,227;926,052;938,220;950,240;1007,056;1012,092;1020,234;1021,269;1031,234;1034,050;1048,215;1065,053;1071,262;1080,238;1123,046;1150,050;1179,031
181:0,019;11,075;28,086;347,169;364,049;378,181;416,062;437,032;452,061;471,121;588,039;618,151;787,049;802,258
182:0,019;10,095;72,066;107,036;113,047;114,226;257,086;291,032;338,048;351,030;373,081;554,046;565,102;676,043;690,170;718,042;741,066;774,063;787,049;804,191;808,070;823,101;827,027;837,203;885,074;916,187;995,162
183:0,019;11,075;28,042;71,255;72,066;107,036;113,047;126,111;205,073;222,176;351,030;372,204;407,062;439,185;482,032;502,210;695,035;706,254;813,075;816,106;985,072;995,244;1195,082
184:0,019;14,087;28,042;72,155;73,164;78,056;89,061;93,155;108,028;110,181;190,035;204,163;222,176;291,032;335,235;399,116;407,062;445,204;541,056;548,237;554,046;577,259;676,043;687,159;787,049;801,067;804,191;808,070;809,248;813,075;816,156;821,172;823,101;867,266;936,092;951,258;972,157;985,072;1001,077;1015,162;1072,073;1079,194;1086,170;1113,125;1123,127;1150,252;1171,054;1184,055;1187,152
185:0,019;22,036;23,256;28,042;66,200;72,066;126,126;205,073;224,241;291,032;329,153;334,118;338,048;355,200;373,081;379,213;396,081;407,062;420,201;444,038;461,181;482,032;492,149;494,267;495,076;503,112;523,151;543,134;554,046;576,237;603,239;630,160;718,146;726,244;808,070;813,075;822,190;825,054;837,203;854,207;866,028;867,266;873,135;883,126;885,074;916,187;954,231;960,108;965,231;1035,107;1047,122;1054,181;1056,225;1067,191;1125,059;1141,185;1156,145;1164,105;1167,202;1171,054;1184,055;1196,111
186:0,019;2,236;7,258;44,048;45,259;138,074;140,193;146,143;205,073;226,213;250,101;279,199;301,272;314,251;338,048;347,169;364,049;379,213;414,267;445,204;452,110;461,181;479,202;482,032;487,037;495,076;554,046;560,210;577,109;588,039;597,237;652,200;654,201;695,035;706,040;718,042;723,029;752,167;774,063;775,188;778,132;787,049;795,249;802,258;803,256;808,070;851,076;879,031;906,224;963,129;965,117;983,180;989,231;999,130;1103,091;1110,236;1127,128;1141,185;1146,127;1184,055;1195,130
187:0,019;2,236;72,066;73,164;110,181;113,047;118,234;184,220;190,035;192,246;232,032;248,124;284,225;291,032;334,118;351,030;364,049;370,207;407,062;411,131;444,038;460,104;471,121;482,032;504,109;524,220;525,107;565,102;568,104;581,152;588,039;609,181;618,151;675,141;676,043;690,170;718,042;747,111;750,229;765,083;774,063;793,054;811,247;840,274;881,259;882,231;885,074;911,148;919,267;928,027;939,162;1004,251;1072,073;1087,229;1098,033;1111,182;1125,272;1158,228;1171,054;1181,203
188:0,019;11,075;28,086;72,066;107,036;113,047;126,111;190,035;191,160;329,153;437,032;452,061;460,104;688,210;774,063;787,049;788,182;813,075;827,027;840,274;995,244
189:0,019;10,095;28,042;72,066;80,198;107,036;108,260;190,035;191,160;192,246;197,143;205,073;215,260;222,104;226,213;229,271;232,032;248,264;254,114;259,119;278,113;284,173;291,032;316,242;351,030;359,197;364,049;372,204;378,181;437,032;441,184;444,038;452,061;482,026;488,092;502,210;509,073;526,049;538,196;588,039;609,071;647,248;671,274;718,042;724,186;767,222;775,254;787,049;788,182;795,249;808,070;816,106;819,241;827,057;841,131;939,162;945,107;952,198;961,089;969,154;975,153;980,147;985,072;992,172;1099,213;1152,242;1198,197
190:0,019;7,258;11,075;23,256;66,200;71,255;108,147;126,126;144,234;163,062;205,190;209,157;232,032;237,195;259,087;274,082;306,145;364,049;382,091;404,224;407,062;431,228;437,032;444,038;454,161;458,196;464,238;510,113;526,261;542,061;564,052;575,259;576,237;588,039;597,177;666,056;683,233;695,035;706,254;718,042;734,126;762,058;767,222;774,063;784,126;787,049;788,135;796,157;808,070;821,172;827,027;840,247;841,131;842,262;849,230;851,076;873,174;885,074;899,166;903,214;946,047;955,084;999,229;1072,073;1086,262;1104,174;1155,149;1173,181;1176,117;1181,203;1184,055;1192,082;1199,241
191:0,020;21,199;24,002;34,088;46,032;73,092;75,048;82,052;95,255;101,049;136,185;147,072;153,064;156,108;160,149;161,113;171,047;175,163;205,039;233,087;251,034;254,062;278,094;281,031;331,205;360,040;361,124;378,113;384,096;397,212;412,081;430,235;446,061;452,129;461,045;468,027;485,058;501,244;510,068;584,153;590,075;591,197;599,046;605,066;607,191;667,156;682,104;726,202;743,134;747,069;754,153;765,039;773,138;808,069;814,065;817,103;861,055;881,046;882,028;900,173;1004,061;1011,173;1019,192;1036,247;1043,264;1044,164;1051,219;1068,255;1072,073;1088,220;1143,171;1156,206;1160,215
192:0,020;13,252;20,158;46,032;60,172;75,048;82,052;105,229;135,075;136,185;190,197;205,039;209,072;218,082;224,216;230,128;242,071;249,086;251,034;258,246;262,157;281,031;288,047;289,153;314,055;325,138;337,191;350,118;366,027;384,096;404,219;411,114;416,048;438,227;446,061;447,106;461,045;468,164;479,216;520,045;541,119;584,153;590,075;599,046;613,230;628,089;681,176;744,240;747,069;758,146;767,051;788,152;814,065;819,192;828,263;858,050;878,213;882,028;892,117;900,173;996,157;999,274;1034,068;1051,219;1126,105;1127,239;1128,125;1131,054;1143,198;1151,050;1168,197;1172,041;1194,227;1199,109
193:0,020;24,002;26,052;46,032;82,052;101,049;130,053;131,191;143,043;148,098;836,091
194:0,020;25,190;26,052;42,267;46,032;80,254;257,041;281,031;321,064;400,039;416,048;446,037;461,045;479,216;525,068;575,173;596,075;607,191;765,039;774,091;858,050;861,055;892,117
195:0,020;22,120;24,002;34,141;76,032;86,196;92,130;113,238;117,210;171,047;182,080;257,041;292,101;314,055;321,064;339,142;343,099;348,259;386,067;392,245;407,204;417,202;468,027;480,259;525,068;551,175;561,074;575,274;590,075;599,046;625,131;676,100;688,261;726,196;756,250;765,039;767,051;774,091;784,048;802,046;828,263;858,050;873,167;874,215;879,203;928,209;947,176;1009,170;1011,173;1064,243;1066,161;1082,092;1112,162;1131,054;1144,104;1149,179;1161,032;1163,190;1194,150
196:0,020;24,002;25,190;75,048;92,264;104,130;147,072;164,206;171,047;203,070;205,039;224,216;242,071;244,225;265,050;281,031;321,064;392,245;461,045;480,259;485,058;510,068;520,045;525,068;580,083;590,075;602,264;767,051;784,048;808,069;823,109
197:0,020;24,002;26,052;43,088;46,032;82,052;101,049;130,053;147,072;154,138;205,039;228,206;234,156;242,071;257,041;281,031;321,064;392,054;400,039;416,048;446,061;447,106;468,027;501,244;520,045;525,068;575,173;727,176;1004,061;1031,116
198:0,020;4,270;21,199;24,002;42,267;60,172;75,048;91,261;101,049;154,138;164,206;196,029;211,128;242,071;250,265;251,034;257,041;265,050;291,205;314,055;321,064;330,054;339,149;341,090;349,209;385,147;388,236;400,039;409,237;420,207;425,090;436,173;443,218;461,045;468,027;485,058;534,132;561,074;569,205;590,075;602,264;613,230;767,051;768,257;814,065;815,269;858,050;874,215;917,259;973,248;996,131;1004,061;1031,116;1073,250;1154,204;1158,224;1163,190
199:0,020;20,158;24,002;41,107;46,032;80,254;102,169;130,053;148,095;152,273;171,047;193,255;196,029;215,075;216,143;225,240;228,206;232,227;248,273;251,034;253,139;257,041;262,157;265,050;285,216;287,168;291,205;292,242;314,055;325,213;369,104;372,270;395,215;501,090;510,068;520,045;550,197;564,159;587,090;590,075;599,046;616,275;670,238;702,071;733,201;739,219;747,069;753,255;796,055;814,065;841,122;855,125;858,050;861,055;882,028;901,260;1079,171;1130,224;1139,194;1144,104;1158,256;1168,197
200:0,020;24,002;26,052;40,184;75,048;92,264;265,050;281,031;321,064;400,039;416,048;443,218;510,068;520,045;534,132;561,074;575,093;599,046;630,217;747,069;765,039;773,138;784,048;808,069;819,192;1131,054;1156,206
