001:0,001;18,118;40,222;140,246;439,198;501,165;580,095;613,220;926,087
002:0,001;7,201;153,269;260,165;461,173
003:0,001;37,200;142,120;338,255;359,115;801,177
004:0,001;12,172;17,080;952,227
005:0,001;5,190;66,207
006:0,001;10,118;12,172
007:0,001;7,199;105,106;108,228
008:0,001;5,190;65,172;271,246;513,244
009:0,001;17,080;278,111
010:0,001;10,207;507,223;1017,273
011:0,002;13,108;238,118;679,265
012:0,002;10,110;629,101
013:0,002;18,172;23,265;208,076;214,265;288,095;389,255;492,238;1160,162
014:0,002;6,194;13,108;130,234;184,128;326,178;363,106;367,200;973,255
015:0,002;10,110;58,194
016:0,002;43,185;46,095;213,217;539,220;974,077
017:0,002;12,176;85,256;210,200;255,177;791,259
018:0,002;6,121;123,272;202,081;412,242;1021,262;1158,105
019:0,002;6,194
020:0,002;12,143;62,125;374,178
021:0,003;39,147;1192,238
022:0,003;15,269;127,259;641,110
023:0,003;61,166;299,164
024:0,003;17,095;109,229;138,233;366,105
025:0,003;29,076;70,101;78,085
026:0,003;12,221;24,214;161,156
027:0,003;18,140;23,264;39,147
028:0,003;42,240;61,166;123,206
029:0,003;24,214;45,238;75,116;245,083;352,238;981,200
030:0,003;8,017;53,136;128,162;148,256
031:0,004;2,209;37,164;129,076;717,125;1009,106
032:0,004;4,239;11,162;125,160;442,244;525,125;710,105;1148,149
033:0,004;13,120;80,239;114,076;196,181;989,238
034:0,004;53,171;180,093
035:0,004;37,164;147,217;159,106;271,128;299,093;859,246;1078,160
036:0,004;34,225;158,228
037:0,004;27,223;141,164;173,081;245,256;305,080
038:0,004;9,010;11,162;192,163;231,188;1137,223
039:0,004;8,076;27,223;504,233;513,222
040:0,004;10,158;12,221;13,120;25,121;34,225;879,093
041:0,005;7,148;151,093;169,118;231,223;1130,231
042:0,005;2,171;7,148;100,274;151,222;230,142;259,200;283,164;289,172
043:0,005;2,171;819,198
044:0,005;4,193;49,115;58,228;97,198;111,222;123,095
045:0,005;17,229;24,140;35,159;52,264;59,198;71,079;167,214;244,163
046:0,005;8,246;103,118;1004,115
047:0,005;10,116;74,110;83,175;99,117;158,148;562,182
048:0,005;1,149;4,136;65,159;261,116
049:0,005;10,158;15,269;159,223;227,151;241,259;769,221
050:0,005;4,193;59,158;837,159
051:0,006;36,085;88,110;92,267;686,255;947,148
052:0,006;7,255;210,272
053:0,006;8,252;534,233;714,198;788,225
054:0,006;8,246;21,171;24,177;166,269;251,242;664,259
055:0,006;34,111;192,164
056:0,006;53,273;187,214;243,222;512,163
057:0,006;62,115;508,255
058:0,006;26,083;121,265
059:0,006;12,143;26,083;231,117;385,108;855,204
060:0,006;2,009;8,252;182,077;191,102;1030,177
061:0,007;58,263;114,079;531,244
062:0,007;23,181;30,272;38,224;103,244;227,270
063:0,007;13,200;23,181;149,158
064:0,007;19,260;26,246;31,106;149,141;161,225;173,159;203,160;1154,136
065:0,007;2,230;41,217;58,263;186,234;248,175;347,120;474,142;632,115;981,220
066:0,007;30,272;54,201;60,238;370,106;1001,270
067:0,007;13,200;91,085;137,102;170,177;223,163;510,115;623,199
068:0,007;2,230;221,255;309,234;503,120;1053,203
069:0,007;41,217;118,120;133,111
070:0,007;31,198;34,158;128,134;133,151;217,136
071:0,008;10,102;117,136;192,083;417,173
072:0,008;7,084;85,111;132,175;161,125;168,149;296,265;675,242
073:0,008;15,262;154,274
074:0,008;7,084;94,182
075:0,008;2,106;7,275;73,240;97,230;476,198
076:0,008;24,177;309,128;339,162
077:0,008;2,106;101,110;210,115;287,263
078:0,008;5,076;36,182;70,143;88,197;164,121
079:0,008;24,189;41,165;250,234;298,185;537,079;693,267;913,239;914,267
080:0,008;7,275;15,262;24,189;72,185;224,177;247,134;481,274
081:0,009;51,163;114,244;193,263;200,077;961,080
082:0,009;37,206;113,087;922,239
083:0,009;3,015;6,165
084:0,009;18,270;136,240;501,134
085:0,009;2,119;173,255;192,185;199,244;508,207
086:0,009;7,265;37,206;843,158;1040,102
087:0,009;7,265;13,224;335,148;739,217
088:0,009;3,208;23,117;84,101;187,259;219,079;448,119
089:0,009;13,209;78,189;1157,160
090:0,009;30,221;99,200;185,160;199,156;747,148;891,225
091:0,010;52,204;387,142
092:0,010;31,198;451,079
093:0,010;25,236;857,108
094:0,010;25,172;35,256;38,236;590,166
095:0,010;20,201;52,204;263,267;295,162;1159,262
096:0,010;35,256;135,217;200,164;278,077
097:0,010;51,163;213,101;261,264;303,166
098:0,010;17,156;158,166;577,148
099:0,010;17,156;191,273;199,120;496,095;576,225;783,178
100:0,010;30,262;371,083
101:0,011;10,222;93,259;178,225;254,269
102:0,011;10,207;55,141;78,182;91,121;221,185;540,217;731,085
103:0,011;10,116;80,087;102,188;230,121
104:0,011;3,238;49,140;84,214;89,116;174,233
105:0,011;46,230;75,188;220,134
106:0,011;40,221;730,136;1149,188
107:0,011;16,173;42,120;195,197;1035,242
108:0,011;15,264;29,239;77,238;86,118;166,221;326,270;1000,181
109:0,011;2,136;16,173;90,076;107,246;131,221;163,201;229,088;429,081;1109,222
110:0,011;3,238;39,259;88,217;142,248;153,200;206,240
111:0,012;30,228;36,081;196,162;333,175
112:0,012;6,128;142,229
113:0,012;6,128;183,108
114:0,012;18,188;95,234;113,148;329,273;1013,118;1022,223
115:0,012;31,160;48,229
116:0,012;14,185;180,088;240,239
117:0,012;15,101;25,141;30,228;146,105;209,231;478,239;880,175
118:0,012;25,141;134,267;255,093;295,115;320,149
119:0,012;12,191;18,188;55,199;1025,118
120:0,012;4,239;225,255;385,231;568,252
121:0,013;32,220;606,246;848,206
122:0,013;12,191;24,102;26,233;32,220;53,203;424,083
123:0,013;34,242;148,182;558,101
124:0,013;4,224;34,242;242,119;446,246;527,234
125:0,013;3,146;4,224;13,151;237,159;417,136;724,240
126:0,013;13,151;119,181;189,270;315,177;1026,199;1046,197
127:0,013;26,233;55,272;122,239;473,131
128:0,013;28,197;80,244;92,102
129:0,013;18,118;98,248;139,105;143,085;158,272;372,238;415,117;509,198;710,230
130:0,013;21,182;27,194;28,197;323,256
131:0,014;19,259;102,238;130,121;152,176;213,273;886,239;895,273
132:0,014;21,182;139,198;198,217
133:0,014;17,085;69,181;102,260
134:0,014;6,017;9,178;775,156
135:0,014;7,201;9,178;299,142;445,160;1073,098
136:0,014;30,244;66,189;170,164;198,198;438,149;1132,120
137:0,014;36,234
138:0,014;25,236;34,171;36,234;80,141;165,260
139:0,014;34,111;39,102;42,240;201,136;210,209;812,115
140:0,014;7,199;51,274;66,102;77,246;265,101;335,076
141:0,015;16,115;31,203;50,209;268,142;289,244;430,159;832,171
142:0,015;10,102;16,115;140,136;230,188
143:0,015;21,159;22,079;64,173;119,163;186,171;479,231;1111,158
144:0,015;21,231;49,105;353,101;552,230
145:0,015;17,095;36,125;154,108;173,222;1109,246
146:0,015;10,101;623,236
147:0,015;31,203;34,181;45,149;164,117;214,105;686,118;815,209
148:0,015;12,176;21,159;166,181
149:0,015;11,079;21,231;379,125;520,117
150:0,015;10,274;30,244;107,088;170,248;231,185;291,085;656,175;860,236
151:0,016;36,253;66,220;359,255;679,085;720,227;935,220
152:0,016;22,215;33,267;113,199;176,189
153:0,016;3,146;13,125;31,119;64,188;68,160;118,263;282,209
154:0,016;1,208;32,125;33,264
155:0,016;33,267;83,119;224,117;231,239;239,244;277,269;435,274;479,230;515,246;596,165
156:0,016;13,125;22,215;38,142;228,263;263,162;272,106
157:0,016;49,105;129,106;326,264
158:0,016;38,142;378,227
159:0,016;14,265;20,077;265,159
160:0,016;20,077;149,162;246,248
161:0,017;17,221;32,260;97,176;256,081
162:0,017;8,146;11,134;103,224;278,176;365,220;390,204;532,246
163:0,017;8,259;32,131;467,204;846,118
164:0,017;50,231;92,214;177,140;233,116
165:0,017;32,131
166:0,017;53,273;259,225;573,117
167:0,017;18,270;183,079;196,255;222,274;433,088
168:0,017;1,274;6,007;11,134;222,110
169:0,017;1,274;215,111;270,199;621,095
170:0,017;45,228;49,255;138,160;178,270;224,095;262,088;1114,081
171:0,018;7,248;78,261;225,149;432,203;1048,199
172:0,018;1,149;187,125
173:0,018;19,260;164,134;220,076;320,119
174:0,018;18,140;176,119;239,261;373,272
175:0,018;7,248
176:0,018;26,125;42,272;151,115;197,252
177:0,018;21,261;74,233;167,262
178:0,018;17,085;29,143;44,203
179:0,018;15,264;21,261;373,262;1019,125
180:0,018;47,093;195,200
181:0,019;4,175;63,201;237,140
182:0,019;4,175;301,267
183:0,019;45,265;117,231;200,111;202,199;232,119;307,224;334,197
184:0,019;17,229;65,264;259,108;373,175;380,176
185:0,019;17,275;60,079;106,134;124,140
186:0,019;8,087;66,076;123,176;150,128;268,263
187:0,019;47,093;140,270;161,242;400,095;488,171
188:0,019;36,253;61,256;80,120;102,209;191,088;221,176
189:0,019;15,160;18,081;144,238;347,221;394,175;654,142
190:0,019;8,087;286,200;314,087
191:0,020;23,117;573,231
192:0,020;2,119;10,098;1064,120
193:0,020;15,160;134,083;185,116;223,230;699,079
194:0,020;10,098
195:0,020;37,141;47,171;48,143;96,173;400,220;537,204
196:0,020;10,081;29,149;42,136;46,176;120,173;440,269
197:0,020;95,088;185,085;286,204;448,238;482,120;1119,088
198:0,020;62,227;719,076
199:0,020;3,017;6,165;10,081;11,079;43,173;58,188;62,227;372,233;503,240;716,233
200:0,020;34,158;40,233;127,222;165,175;232,136;398,221
