001:0,001;6,130;15,149;16,217;135,118;562,152
002:0,001;24,209;46,199;72,208;256,231;812,240
003:0,001;19,221;195,121;208,167;586,154
004:0,001;15,204;19,198;49,102;171,159;212,266
005:0,001;16,262;1011,266
006:0,001;16,217;75,161;292,194
007:0,001;1,206;16,262;283,089
008:0,001;30,246;1099,254;1156,217
009:0,001;56,238;90,166;93,270;239,089
010:0,001;1,206;23,204;38,245;86,159;122,109;148,158;229,241;605,186
011:0,002;68,196;170,254;247,188;320,233;654,176
012:0,002;6,130;9,106;14,250;267,153;417,156;439,133;483,148
013:0,002;9,106;17,240;19,261;227,165;238,148;498,208;513,172;913,098;980,206;1008,269
014:0,002;17,240;40,270;497,142;1090,261
015:0,002;14,250;22,118;29,139;108,265;451,246;534,206;590,254
016:0,002;20,194;68,235;88,161;112,159;135,221;396,256;458,240;462,196;516,162
017:0,002;4,139;13,261;672,161;981,098;1092,142
018:0,002;51,178;62,094;96,238;539,109;574,144
019:0,002;68,235
020:0,002;21,102;56,128;417,143;726,210;1200,270
021:0,003;2,118;5,198;31,157;59,127;226,130;366,256;384,108;890,140
022:0,003;14,271;34,269;68,256;359,234;373,128;771,233;1022,213
023:0,003;18,253;71,144
024:0,003;51,148;112,188
025:0,003;36,106
026:0,003;5,198;13,245;164,108;860,153
027:0,003;44,143;51,148;214,133;465,102;752,240
028:0,003;71,144;259,082;335,254;583,199;1056,184
029:0,003;13,245;36,106;476,221;752,211;876,147;1038,192;1143,147
030:0,003;23,012;68,256;490,209;689,241;1167,172
031:0,004;29,178;77,143;139,178;151,194;194,085;204,194;544,215
032:0,004;34,211;205,196
033:0,004;48,156;282,140;1039,172
034:0,004;26,099;79,157;447,240;804,127
035:0,004;30,246;296,260;326,203
036:0,004;17,085;190,265;301,262
037:0,004;42,254;123,157;1049,238;1072,171
038:0,004;8,020;29,178;42,254;48,156;272,109;374,219;848,196;1129,262
039:0,004;13,083;89,245;219,140;878,183;1002,245
040:0,004;4,156;13,083;152,230;375,186;480,231;1104,164
041:0,005;17,162;41,204;104,230;120,177;158,266;313,156
042:0,005;13,185;21,124;101,157;115,166
043:0,005;8,238;13,129;17,188;95,236;148,260;173,210;561,263
044:0,005;15,204;47,162;492,172;990,261;1074,199
045:0,005;21,124;992,149
046:0,005;8,238;119,089;148,171;503,147;840,149;1025,206
047:0,005;11,099;17,162
048:0,005;9,194;116,124;1035,233
049:0,005;17,188;214,243;475,176;639,158;956,142
050:0,005;19,258;70,171;315,254;386,255;579,109;620,168;696,098;881,211
051:0,006;46,117;86,099;119,152;124,266;146,269
052:0,006;6,215;34,243;39,119;467,240;539,168;714,243
053:0,006;27,186;108,233;309,246;447,153;497,178;506,148;542,211;794,176;899,108
054:0,006;10,258;12,147;14,243;26,125;942,178
055:0,006;39,119;266,078
056:0,006;41,230;151,186;213,211;478,133
057:0,006;26,125;217,183;640,181
058:0,006;10,258;26,192
059:0,006;14,156;41,097;59,240;455,109
060:0,006;13,161;70,231;245,158;636,243
061:0,007;2,147;3,149;62,243;210,165;300,178
062:0,007;8,108;89,102;97,165;217,186;261,172;497,256;747,245;1166,254
063:0,007;2,102;6,216;7,084;45,094;53,270;90,217;956,166
064:0,007;10,012;42,206;67,209;122,147;142,084
065:0,007;3,149;8,108;382,109;451,204;475,256;535,178;928,094
066:0,007;31,230;87,084
067:0,007;20,219;365,156;412,203
068:0,007;14,243;711,188
069:0,007;7,084;20,219;284,142;471,238
070:0,007;2,147;117,161;877,175
071:0,008;11,236;57,102;82,166;435,186;517,208;587,167;691,209
072:0,008;17,171;27,097;66,161;86,118;128,084;133,255;154,109;260,215;467,168;599,215
073:0,008;22,117;27,184;394,231;474,206;564,210;679,094
074:0,008;14,271;46,078;70,177;113,139;170,086;339,184;1039,124
075:0,008;1,200;1200,133
076:0,008;46,078;264,144;558,183;944,117
077:0,008;54,250;232,261;529,152
078:0,008;1,200;210,086;600,211;742,176;768,167
079:0,008;7,192;11,236;70,210;110,196;198,185
080:0,008;27,184;239,228;619,206;652,175
081:0,009;21,140;216,188;243,263;557,186;752,098
082:0,009;2,118;144,230;294,161;545,246
083:0,009;30,165;80,211;514,171
084:0,009;39,112;55,084;117,148;186,224;199,139;434,099;1022,262;1117,236
085:0,009;14,156;46,161;54,254;159,258;280,134;1157,270
086:0,009;6,216;19,210;169,140;190,263;618,241;1099,172;1143,099
087:0,009;30,168;458,157;501,153;661,233
088:0,009;19,210;33,215;177,253;901,086;1187,156
089:0,009;42,206;153,204;189,098;694,261;980,208;999,124
090:0,009;7,014;11,134
091:0,010;8,269;14,208;28,241;266,186;285,148;336,083
092:0,010;3,270;49,154;227,240;357,255;919,165
093:0,010;2,129;19,238;32,208;200,158;1179,176
094:0,010;2,253;33,192;70,121;207,215;538,256;1170,245
095:0,010;2,253;7,097;9,098;737,143;799,086
096:0,010;28,241;36,185;92,235;123,210
097:0,010;8,157;91,109;96,269;365,176;472,119;758,186
098:0,010;8,244
099:0,010;5,014;7,097;8,244
100:0,010;2,129;4,139;8,269;78,139;332,260
101:0,011;10,224;51,140;88,117;845,219
102:0,011;10,224;163,089;279,156;308,238;462,149;518,157
103:0,011;23,164;1095,221
104:0,011;22,117;932,172;1092,217
105:0,011;22,175;76,194;80,078;180,186;312,082;316,265
106:0,011;17,171;23,164
107:0,011;48,109;87,192;707,266;925,255
108:0,011;8,128;22,175;125,209;222,125;234,255;354,206;469,215;484,181;624,228
109:0,011;1,002;2,102;48,231;389,234
110:0,011;8,128;48,109;533,261;1034,194
111:0,012;38,215;255,258;266,128;363,082;840,143;911,253
112:0,012;32,121;58,099;272,119
113:0,012;8,199;10,143;258,183;296,219;716,153;725,219;838,083
114:0,012;10,143;14,270;30,168;42,147;494,166;952,266;1008,117
115:0,012;31,130;221,089;234,154;560,194;728,192;1033,235
116:0,012;32,166;78,086;97,149;295,199;457,181;644,085;673,206;974,209
117:0,012;27,097;31,130;799,082
118:0,012;27,176;737,183;838,185
119:0,012;25,089;27,176;353,228
120:0,012;40,167;204,102;458,148;482,211;586,128
121:0,013;17,230;34,094;916,143
122:0,013;7,261;15,167;35,233;95,140;164,147;650,181;1052,157
123:0,013;34,094;41,240;44,171;53,221;134,185;183,078;185,082;246,125
124:0,013;13,165;108,199;152,266;153,118
125:0,013;10,159;69,269;139,165;203,199;259,224;1199,221
126:0,013;16,180;23,128;264,184;320,082;778,118
127:0,013;24,154;173,255;381,143;663,270;1142,196
128:0,013;15,167;111,094;675,153
129:0,013;5,166;90,266;115,102;135,234
130:0,013;8,199;105,083;822,130
131:0,014;33,118;62,082;305,149;828,211
132:0,014;19,260;55,168;133,254;324,186;435,183;546,148;557,149;977,183
133:0,014;16,180;98,089;221,172;490,243;624,263;1101,246
134:0,014;4,086;36,177;93,194;284,143;406,102
135:0,014;4,086;203,208;485,106
136:0,014;28,152;557,161;666,147
137:0,014;62,082;173,236;1193,250
138:0,014;13,165;24,240;150,236;443,230;571,206
139:0,014;26,121;191,140;276,185;826,270;1189,256
140:0,014;15,186;19,260
141:0,015;4,225;24,154;43,253;93,185;125,099
142:0,015;24,171;138,102;402,086;788,236;1061,147;1137,156;1183,139
143:0,015;4,225;21,089;24,020;28,152;93,253;164,142;280,099;429,213;1009,208
144:0,015;3,265;88,253;520,209;545,238;1027,149
145:0,015;8,139;32,180;80,206;524,186;554,235;1025,099;1136,263;1162,192
146:0,015;3,265;186,260;291,156;358,148;450,166;494,215;597,208;972,133;1170,263
147:0,015;8,127;45,149;446,233;674,261;693,254;708,139;1172,241
148:0,015;2,099;26,258;250,250;1187,158
149:0,015;21,089;118,213;279,199;572,148;845,183;873,082;1014,183
150:0,015;7,246;8,127;384,230;441,139
151:0,016;14,208;64,236;166,206;233,127;799,143;830,199
152:0,016;32,228;348,183;374,196;459,265
153:0,016;15,186;32,228;235,245;739,153;848,148
154:0,016;6,142;307,165;903,161
155:0,016;34,211;64,149;78,159;107,204;445,156;1121,161
156:0,016;1,108;6,142;140,108;159,199;175,154
157:0,016;17,085
158:0,016;14,153;710,254;1094,125
159:0,016;8,112;61,143;68,196;95,177;171,102;188,178;279,213;414,184
160:0,016;8,112;14,153;246,165;1158,224
161:0,017;33,199;41,212
162:0,017;30,133;197,168;404,178;495,133;965,221;1083,168
163:0,017;17,230;30,133;430,128;573,118;769,256
164:0,017;7,246;26,234;354,086;395,203;404,221;680,085
165:0,017;31,084;56,224;1137,098
166:0,017;82,203;307,213;983,161;1118,231
167:0,017;24,209;503,270;818,231
168:0,017;11,177;56,172;212,221;466,199;629,109
169:0,017;41,212
170:0,017;26,234;125,238;298,230;316,171;1058,168
171:0,018;4,172;158,152;213,224;254,153;262,206;353,143;376,178;390,183;416,168;533,253
172:0,018;45,158;109,086;153,143;216,085;634,199;800,078
173:0,018;34,231;45,158;191,172;255,254;310,142;492,186;596,078;789,128
174:0,018;30,242
175:0,018;47,266;72,178;134,159;158,175;639,086;869,108;939,176;1178,204
176:0,018;19,233;445,130
177:0,018;21,140;34,231;69,134;81,258;155,178;364,240;446,236;763,119
178:0,018;9,098;180,083;330,266;520,211;533,266;703,210;716,168;1082,238
179:0,018;4,172;47,266;191,139;196,204;224,143;339,139;701,168;1058,181
180:0,018;19,221;30,242
181:0,019;7,192;30,263;189,196;372,167;754,221;959,127
182:0,019;23,181;482,204
183:0,019;8,203;72,236;91,175;152,235;320,230;571,240;744,194;1030,238;1042,261
184:0,019;30,263;223,209;485,142;950,125;1077,140
185:0,019;33,183;240,206;251,270;644,183;706,221;1195,086
186:0,019;8,203;389,127;397,254;691,233;763,209;959,217;1047,140;1070,236;1110,217;1144,172;1162,165
187:0,019;11,177;33,183;197,078;592,209;757,102
188:0,019;16,215;23,181;442,127;951,108
189:0,019;28,134;55,186;144,217;1106,241
190:0,019;20,099;51,204;148,159;192,148;279,204;1173,133;1178,134
191:0,020;39,086;46,139;74,199;290,186;374,269;995,213
192:0,020;42,210;53,241;227,204;271,250;416,213;424,250
193:0,020;19,233;26,213;297,183;329,188;696,167
194:0,020;13,185;217,200
195:0,020;91,178;183,240;221,152;524,196;845,117;962,158
196:0,020;35,140;36,255;117,186;175,245;998,172;1027,082
197:0,020;26,213;98,108;119,167;350,235;551,209;583,255
198:0,020;36,255;226,185;273,241;675,143
199:0,020;9,159;85,134;265,208
200:0,020;78,260;143,175;871,219
