001:0,001;19,237;31,225;52,271;73,262;234,077;479,168;823,175
002:0,001;37,223;47,117;53,224;107,120;239,123;417,111;913,112;936,111;1015,257
003:0,001;9,238;49,257;230,179;343,258;1034,100
004:0,001;53,224;81,154;136,151;237,082;257,177;416,181;541,192;786,110;985,112;1057,157
005:0,001;2,144;19,237;33,194;85,117;152,076;196,190;280,147;310,233;334,076;1059,159;1104,144
006:0,001;4,009;33,194;45,104;76,200;205,085;965,099;1195,171
007:0,001;15,095;37,223;319,201;585,230
008:0,001;6,110;61,166;368,184;560,087;870,144;1065,249
009:0,001;17,166;74,172;158,157;173,258;232,226;344,179;525,077;1200,262
010:0,001;6,110;78,138;321,275;343,110;368,246;1164,132
011:0,002;1,138;3,090;15,248;41,189;55,118;67,109;128,220;318,171;483,182
012:0,002;15,248;60,097;112,250;135,085;496,077
013:0,002;14,249;1049,154
014:0,002;5,174;16,076;149,166;301,104;529,220;893,153;914,111
015:0,002;13,225;78,189;92,102;238,246;277,087
016:0,002;3,090;14,249;246,275;281,184;444,154;462,118
017:0,002;7,236;33,188;197,216;316,224
018:0,002;15,168;31,092;127,118;346,220;512,142;634,166;917,110
019:0,002;16,076;95,194;169,117
020:0,002;51,233;65,104;170,194;307,182
021:0,003;22,207;25,230;142,128;163,215;322,083;330,194;812,271;839,083;1020,145;1156,102
022:0,003;4,011;42,105;68,197;240,099;295,207;304,189;695,274;851,153;880,154;1048,179
023:0,003;31,149;447,182;476,192;635,123;755,160
024:0,003;28,098;31,149;175,141;291,210;420,124;720,181;1123,255
025:0,003;15,164;42,105;56,153;477,101
026:0,003;19,255;22,207;44,203;99,117;998,157;1002,132;1149,274
027:0,003;62,232;119,097;185,157;733,128;933,124
028:0,003;43,190;57,150;62,232;541,230;564,257;574,233;1165,145
029:0,003;10,097;396,113;739,150;1068,112;1090,117
030:0,003;9,250;10,166;51,255;197,152;332,109;383,250;771,267
031:0,004;21,271;30,112;684,115;737,207;823,133;888,176;1041,130;1122,145
032:0,004;9,233;14,018;24,099;84,094;107,220;139,171;306,172;321,130;597,267;649,159;1058,121
033:0,004;3,006;9,233;80,207;274,264;796,113
034:0,004;47,207;66,190;181,084
035:0,004;14,172;100,223;293,151;440,230;891,267;904,144;1088,118
036:0,004;5,095;16,170;70,105;97,076;205,115;483,121;670,257
037:0,004;5,095;8,084;24,099;495,236;608,153;851,207;1137,149
038:0,004;16,170;67,082;262,120;552,232;1018,121;1042,176
039:0,004;22,109;53,162;57,258;325,172;1166,192
040:0,004;8,084;61,118;114,115;225,162;424,097;521,128;727,267;770,164;804,112
041:0,005;46,246;298,099;727,262
042:0,005;32,103;53,242;74,162;193,264;269,102;345,154;348,077;522,152;527,097;560,227
043:0,005;18,138;161,194;532,100;1126,130
044:0,005;3,183;36,156;526,271;620,175;1037,189;1146,207
045:0,005;11,210;78,151;104,172;107,118;209,250;380,242;460,142;487,115;668,102;698,189;962,152
046:0,005;19,019;22,109;32,103;226,150;255,151;392,135
047:0,005;3,132;46,246;225,234
048:0,005;7,215;16,264;243,197;256,215;956,250
049:0,005;36,156;600,130;657,175;706,132;997,130
050:0,005;3,132;14,230;19,262;95,144;819,271
051:0,006;22,258;85,224;110,257;187,168;473,132;655,271;752,194;824,144;884,115;1059,165
052:0,006;14,220;17,139;367,159;669,227
053:0,006;5,017;6,086;16,095;36,109;40,210;126,206;768,144;864,234
054:0,006;9,188;12,275;22,258;55,250;77,164;265,077;341,152;515,188;769,255
055:0,006;52,130;379,139;511,165;1041,175;1126,181
056:0,006;12,275;240,181;350,154;434,188;442,112;541,147;930,267
057:0,006;17,139;452,275;554,112;645,160;774,197;789,250
058:0,006;14,257;42,215;143,177;778,145;829,105
059:0,006;9,188;29,113;32,118;59,132;70,151;75,150;265,175;641,262;701,147
060:0,006;32,118;52,130;114,226;120,141;174,242;257,264;399,151;722,153;1179,216
061:0,007;2,186;6,102;10,098;77,104;312,190
062:0,007;6,102;208,142;982,224;1174,233
063:0,007;17,160;76,100;1029,083
064:0,007;56,274;675,130;974,215;1007,145;1015,138
065:0,007;73,120;144,154;257,263;441,190
066:0,007;14,085;55,132;56,274;434,162;992,243
067:0,007;2,186;34,102;73,120;99,150;138,115;190,077;258,242;583,220;619,275;1117,165
068:0,007;14,172;17,160;57,086;80,191
069:0,007;6,017;10,098;14,085;201,097;289,275;450,164;767,123
070:0,007;27,270;98,153;395,166;500,085;814,121
071:0,008;1,201;19,132;22,164;203,133;235,236;1023,111
072:0,008;9,250;63,145;147,220;182,181;688,150
073:0,008;46,109;98,084;126,258;158,101;386,111;615,236
074:0,008;8,092;145,101;372,271;515,207;577,257;655,112;891,133;956,201
075:0,008;20,270;208,083;244,171;396,101;471,083
076:0,008;2,141;5,210;7,272;52,152;120,224;309,164;928,200
077:0,008;1,201;88,226;100,077;122,128;137,250;400,132;452,258
078:0,008;52,152;194,257;336,215;576,179;727,142
079:0,008;7,236;22,083;103,128;112,124;276,197;693,181;705,102
080:0,008;5,210;28,220;48,248;108,224;388,232;409,145;775,188;1108,132
081:0,009;21,177;154,264;179,230;320,115;385,104;947,115
082:0,009;8,175;197,121;211,105;243,258;447,176
083:0,009;9,019;13,011;18,216;177,113;247,103;590,255;753,201;809,175;814,164;820,162
084:0,009;2,189;7,121;18,216;232,115;251,175;616,113
085:0,009;26,226;70,118;97,242;374,110;570,255;580,215;714,267;724,124;808,264
086:0,009;2,189;106,099;189,210;200,271;361,257;560,153;697,152;961,133
087:0,009;7,215;60,117;97,271;101,201;114,267;595,110;913,274
088:0,009;7,121;190,145;1111,159
089:0,009;9,238;21,177;132,271;643,101
090:0,009;37,181;212,118;1070,150
091:0,010;1,262;11,159;337,258;340,112;425,101;638,142;722,243;984,142
092:0,010;8,092;29,207;75,263;110,226;133,262;634,210;1180,153
093:0,010;11,159;612,201;746,113;787,264;895,230
094:0,010;1,168
095:0,010;4,166;10,128;46,238;51,148;107,203;157,087;269,190;437,234;566,275;936,128;1082,206
096:0,010;1,168;9,017;11,154;29,123;232,257;997,097
097:0,010;10,128;28,133;172,104;271,164;428,138;502,275;614,200;908,103
098:0,010;15,271;195,105
099:0,010;1,262;69,160;90,151;133,191
100:0,010;13,267;17,188;99,233
101:0,011;17,198;33,018;43,204;56,171;156,150;223,172;300,164;306,223;1174,172
102:0,011;23,150;35,132;43,204;531,152
103:0,011;28,101;123,189;132,210;175,112;324,138
104:0,011;15,271;17,198;23,150;71,110;780,206
105:0,011;66,243;416,264;766,189;1035,172
106:0,011;26,226;28,101;158,120;251,262;617,111;744,115;869,274;1141,188
107:0,011;30,112;38,264;63,151;66,243
108:0,011;10,267;138,100;308,207;719,223
109:0,011;59,100;119,145;165,151;201,175;258,255;461,139
110:0,011;18,144;123,270;199,099;219,076;332,249;339,223;562,184;1156,189
111:0,012;20,270;27,165;265,154
112:0,012;17,174;48,194;51,223;87,133;949,097;987,255;1117,115
113:0,012;34,157;258,197;308,121;423,201
114:0,012;8,175;180,210;183,189;302,246;348,275;492,097
115:0,012;29,192;44,168;180,147;262,150;621,220
116:0,012;17,174;52,236;75,250;197,162;248,133;587,130;1033,242
117:0,012;53,225;80,234;179,149;221,147;540,204
118:0,012;43,234;71,085;126,242;164,128;509,099;591,103;712,192;1004,162
119:0,012;27,165;1115,171
120:0,012;1,138;34,157;147,084;216,181;222,206;392,220;576,097;946,125;1099,112
121:0,013;61,124;922,153
122:0,013;19,082;49,227;553,104;1064,115;1110,179
123:0,013;28,234;229,248;254,227;358,113;390,130;570,234;762,197
124:0,013;9,261;31,226;57,204
125:0,013;29,123;61,124;104,105;164,138;385,109
126:0,013;49,227;237,216;330,230;539,156
127:0,013;5,015;11,154;19,082;228,121;315,147;623,150;669,151
128:0,013;10,083;373,181;411,120
129:0,013;27,215;32,257;62,113;153,267;489,153;554,083;831,168
130:0,013;9,261;21,171;45,132;90,166;142,192;538,139
131:0,014;30,275;217,084;262,184;278,154;341,111;403,200
132:0,014;15,086;32,242;49,086;72,257;89,215;202,179;212,102;228,263;404,230;437,123;585,242
133:0,014;10,086;14,192;141,189;744,157;774,270
134:0,014;14,192;20,141;116,087;140,142;205,210;286,270
135:0,014;2,144;5,087;24,186;30,018;32,242;35,153;54,194;160,255;250,121;291,150;548,181;716,215;899,264
136:0,014;33,182;301,141
137:0,014;14,230;67,207;164,145;200,255;558,152;673,121;806,157
138:0,014;18,250;33,182;442,270;727,179;1039,236;1183,210
139:0,014;5,087;555,150;601,123
140:0,014;3,002;20,141
141:0,015;30,162;216,215;251,192;468,274;863,216;1175,171;1185,128
142:0,015;22,111;108,258;125,232;388,138;423,227;651,192;709,181
143:0,015;22,135;347,249
144:0,015;19,255;66,264;132,203;608,099;955,151
145:0,015;24,142;41,133;64,123;111,192;153,103;503,105;822,085
146:0,015;4,203;124,171;136,144;152,172;1025,188;1126,275
147:0,015;13,225;22,111;99,248;247,102;495,267;708,179;853,274;901,262;1193,124
148:0,015;16,264;34,097;59,145;62,226;113,135
149:0,015;10,117;22,135;108,103;152,152;259,249;320,157;993,110
150:0,015;4,203;36,172;63,103;95,171;121,263;210,151;272,150;282,246;626,271;814,194;833,164
151:0,016;2,017;7,272;107,188;230,275;310,197;772,159
152:0,016;20,234;38,271;42,077;171,192;247,184;254,113;347,233;568,223;704,262;723,103;900,215
153:0,016;42,077;61,263;248,083;318,100;526,103;1099,203
154:0,016;3,183;41,098;46,242;116,083;196,207;201,076;355,135;381,123;628,203
155:0,016;10,097;25,084;165,177;217,200;607,207;811,124;948,104;1080,076
156:0,016;10,206;76,236;494,154;796,177
157:0,016;14,220;86,145;102,189;172,112;175,172;206,270;430,210;630,147;675,159;760,151;952,133
158:0,016;15,102;26,236;212,270;271,152;551,179;704,197;756,255;763,271;812,177
159:0,016;10,206;117,151;151,109
160:0,016;30,128;1128,100
161:0,017;17,113;606,133;806,111;934,164
162:0,017;15,184;240,197;267,157;282,124;394,115;939,275
163:0,017;3,152;5,263;15,184;364,227;420,243;686,112;799,154;869,145;1007,157;1049,258
164:0,017;79,206;206,188;510,138;641,246
165:0,017;34,145;47,192;85,230;370,118;462,255;981,085
166:0,017;34,018;42,154;67,220;113,248;194,175;234,234;381,101;413,153;602,156
167:0,017;24,162;42,086;43,112;166,203;1094,128
168:0,017;1,004;5,263;69,150;90,099;98,257;108,109;214,164;279,165;508,084
169:0,017;27,087;103,132;1101,125
170:0,017;50,267;101,111;374,076;396,224;410,263;443,188;461,121;1014,192
171:0,018;48,147;167,171;228,233;306,097;373,102;663,130;667,188;1006,117;1077,166
172:0,018;34,154;39,115;127,130;315,104;377,083;468,184;1124,188;1155,128;1180,120
173:0,018;45,164;48,147;220,207;481,188;658,194;731,216;860,201;918,166;1074,144
174:0,018;21,238;34,154;272,084;504,166;627,262;894,220
175:0,018;41,104;59,100;67,105;208,145;317,121;480,242;1029,232
176:0,018;61,176;84,125;942,112;971,189
177:0,018;37,148;58,201;414,250;857,179;1089,104
178:0,018;10,117;61,176;396,171;1161,271
179:0,018;39,115;94,176;863,250;925,201;952,124;1189,223
180:0,018;84,125;783,160
181:0,019;24,144;77,132;396,206;1073,104
182:0,019;33,197;239,188;430,232
183:0,019;1,153;84,160;753,270;770,234;854,271;1157,188
184:0,019;24,142;433,177;810,138;952,147
185:0,019;37,181;70,084;92,160;610,203;615,150;726,175;804,192;1162,125
186:0,019;25,151;85,121;247,120;400,176;440,151;649,138;803,197;1102,103;1198,236
187:0,019;20,234;25,151;54,142;132,077;231,102;262,105;497,102;1136,184
188:0,019;46,191;127,226;326,145;406,076
189:0,019;28,133;33,197;46,191;76,255;159,144;753,189;761,111;781,157;798,125;1161,184
190:0,019;1,153;34,145;80,250;94,210
191:0,020;26,086;56,128;99,262;123,123;376,216;726,151;751,099
192:0,020;2,004;19,121;84,110;340,083;552,194;652,267;880,087
193:0,020;14,257;27,201;51,179;64,272;125,203;127,152;139,226;226,236;230,149
194:0,020;6,113;10,094;84,179;194,220;385,234;434,121;453,149;1132,175
195:0,020;7,171;61,148;116,111;340,166
196:0,020;34,200;402,124;411,224;977,138;1011,215
197:0,020;51,179;563,120;1177,224
198:0,020;6,113;21,263;34,200;70,233;223,121;225,109;318,216
199:0,020;43,190;266,162;284,115;316,166;330,216;375,097;486,171;1108,197
200:0,020;10,094;121,201;287,157;297,162;814,207
