001:0,001;48,272;1029,178
002:0,001;26,237;42,203;48,272;85,198;128,195;155,167;200,136;391,087;435,239;929,164
003:0,001;21,159;669,266
004:0,001;35,259;241,234;1103,150;1182,144
005:0,001;7,153;80,124;180,193;336,230;501,185
006:0,001;1,083;7,153;21,159;877,104
007:0,001;2,124;66,168;100,244;137,266;160,115;454,232;731,225;824,179
008:0,001;9,149;26,237;35,259;1122,235
009:0,001;54,110;161,195;474,123;722,245
010:0,001;2,124;14,132;81,240;591,181;1039,242;1051,181
011:0,002;9,117;18,235;122,223;191,193;228,179;277,226;873,132;886,134;1012,225
012:0,002;18,235;27,221;115,170;166,121
013:0,002;54,110;101,247;1081,110
014:0,002;1,164;6,192;249,232;446,201;564,110;1034,272
015:0,002;17,102;373,120;436,179;802,121;953,232;985,163
016:0,002;36,247;85,130;96,232;166,197;184,157;190,167;199,218;202,187;960,143;1069,244
017:0,002;9,230;27,179;42,198;79,119;141,219;150,107;162,218;176,213;352,132;376,102;466,157;653,211;802,215
018:0,002;9,230;17,102;1006,122
019:0,002;6,192;173,144;473,126;721,249;1147,259
020:0,002;9,117;983,087;1009,093
021:0,003;2,216;16,095;31,257;1057,134
022:0,003;8,177;59,085;73,197;88,095;123,120;224,216
023:0,003;14,195;31,084;86,185;172,176
024:0,003;26,120;113,149;347,163
025:0,003;16,095;61,257;779,232;823,204;1010,264
026:0,003;31,257;60,219;91,270
027:0,003;56,078;83,151;114,123;154,244;249,264
028:0,003;2,216;221,212;335,203;552,120
029:0,003;8,177;200,266;355,149;376,132;953,102
030:0,003;41,132;120,241;152,136;703,112
031:0,004;46,223;93,120;189,197;307,122;713,104
032:0,004;51,185;98,089;153,153;210,220;246,201;440,087
033:0,004;1,198;16,092;59,267;284,176;317,091;647,245;717,125;741,232;943,198;1027,120
034:0,004;1,198;36,153;67,207;212,165;357,120;541,249;824,232
035:0,004;35,131;49,149;130,163;172,170;227,208
036:0,004;8,202;593,126
037:0,004;67,207;329,126;469,197;703,136;826,208
038:0,004;29,087;382,195;1160,249
039:0,004;54,108;431,168;544,083;903,143;944,247;1013,134;1069,089
040:0,004;34,236;107,110;123,236;136,165;726,126;1078,085
041:0,005;14,204;409,241;638,149;650,091
042:0,005;85,203;330,258;358,156
043:0,005;20,270;108,264;371,215
044:0,005;22,167;143,185;500,244
045:0,005;7,189;22,167;33,091;93,108;169,234;230,170;1084,125
046:0,005;14,204;315,213;360,212;404,121;795,212
047:0,005;33,091;75,095;87,153;317,139
048:0,005;24,006;44,147
049:0,005;23,187;29,130;44,147;786,257
050:0,005;42,168;127,134;1030,247
051:0,006;38,170;131,168;654,242;1002,226;1146,143
052:0,006;29,130;418,181;580,093
053:0,006;8,203;12,131;23,136;31,227;72,266;654,149
054:0,006;16,241;38,170;97,130;309,235;379,149
055:0,006;70,211;157,170;209,110;409,212;884,159;1034,110
056:0,006;36,232;39,241;59,100;511,093;679,123;941,207;977,132
057:0,006;38,240;70,211;100,132;229,143
058:0,006;59,100;166,110;189,218;204,187;218,151;397,225;780,122;827,225;865,100
059:0,006;6,195;16,241;243,146;306,125;334,120;344,236
060:0,006;31,227;38,240;77,120;91,272;488,095;505,230;731,123;732,165;1199,156
061:0,007;20,230;52,084;82,212;653,241
062:0,007;10,264;176,115;210,156;262,236;557,168;671,123;679,168
063:0,007;4,143;6,004;24,242;104,124;226,215;771,195;1060,197
064:0,007;4,143;192,083;263,192;347,207;938,243;991,239
065:0,007;11,179;19,193;131,104;521,235;1096,130
066:0,007;21,249;290,134;588,095;638,102;948,123
067:0,007;3,163;50,143;226,132;386,235;519,202;815,132;867,240
068:0,007;8,203;65,195;106,242;217,119;232,244;301,107;495,091
069:0,007;9,149;11,179;193,185;231,149;336,125;451,249;471,131
070:0,007;19,193;88,085;171,235
071:0,008;47,239;51,136;187,163;278,126;531,187;573,119;597,202
072:0,008;20,236;32,244;231,093;241,119;565,236;719,122;773,198;1036,157;1105,136
073:0,008;24,242;41,269;108,197;150,125;715,197;903,187;921,207
074:0,008;19,108;20,236;249,120;319,208;818,136
075:0,008;2,013;36,157;96,167;187,095;477,144;953,176
076:0,008;41,269;86,087;163,165;200,143;898,212;1070,148
077:0,008;7,006;32,244;95,157;113,193;189,136;198,176;283,179;450,120;685,192
078:0,008;2,091;23,144;30,213;308,219;988,232
079:0,008;22,151;214,170
080:0,008;12,220;207,264;234,193;295,249;431,130
081:0,009;56,078;163,123;619,119
082:0,009;16,148;47,212;209,223;602,134;761,119;914,083
083:0,009;37,119;193,221;199,121;360,165
084:0,009;5,131;10,245;968,132
085:0,009;65,177;182,187;202,108;627,207;916,150;1043,107
086:0,009;5,131
087:0,009;16,136;17,197;25,134;37,119;67,163;94,122;176,108;189,264;197,123;376,264;1008,153
088:0,009;22,151;68,234;163,089;1065,242
089:0,009;10,004;17,197;67,153;135,235;164,202;512,153;998,159
090:0,009;10,245;16,148;19,203;36,157;72,203;787,147
091:0,010;14,144;110,104;844,095;967,130;1091,249
092:0,010;8,202;24,267;356,193;382,123;468,115;847,153;1074,219
093:0,010;24,267;47,245;131,085;490,272;686,095;836,202
094:0,010;40,230;128,122;296,211;648,095;661,233;895,267
095:0,010;46,223;57,189;72,181;252,107;1031,125;1122,157
096:0,010;11,104;40,197;138,249;329,236;336,243;589,100;687,271
097:0,010;49,115;69,223;857,122
098:0,010;72,181;410,156;974,245
099:0,010;25,176;37,239;63,178;151,090;738,163;984,156;1194,259
100:0,010;12,169;14,144;17,089;102,269;474,249;516,201
101:0,011;1,015;4,225;390,245;545,139
102:0,011;9,243;14,083;69,241;115,144;151,198;610,087;976,117
103:0,011;5,266;66,130;81,221;170,087;333,249;712,204;1176,195
104:0,011;7,189;528,268
105:0,011;6,226;55,131;258,132;337,087;596,243;763,134;880,136;1097,220;1139,125
106:0,011;1,221;72,144
107:0,011;6,264;21,195;58,120;76,240;863,115
108:0,011;5,266;94,193;97,213;161,226;189,125;291,078;835,083;1046,198
109:0,011;1,221;4,225;183,122;984,117
110:0,011;9,243;10,182;14,150;903,197
111:0,012;3,151;7,201;510,241
112:0,012;138,121;160,132;220,164
113:0,012;31,125;179,192;661,212;791,203;907,193;1017,204
114:0,012;16,092;30,264;96,157;141,107;145,221;261,163;729,193;901,233
115:0,012;20,126;269,181;573,245;644,108
116:0,012;16,115;20,126;310,232;471,102;616,198;742,090
117:0,012;15,084;28,104;106,107;138,121;194,216
118:0,012;19,006;43,216;191,211;267,157;459,125;1027,193
119:0,012;4,096;31,125;139,197;465,241;500,107
120:0,012;7,201;80,112;306,193;394,132;521,095;697,243;807,089
121:0,013;42,246;889,230
122:0,013;28,083;176,258;327,267;890,226;998,219;1071,143;1142,179
123:0,013;3,191;18,219;51,185;63,107;81,115;166,078;281,163;340,176;936,244;1059,257
124:0,013;92,233;199,119;206,242;255,244;275,083;539,126;577,187;892,246
125:0,013;2,171;42,246
126:0,013;4,085;52,215;361,192
127:0,013;43,089;92,233;279,244;490,230;690,100;846,093;993,151
128:0,013;28,085;120,157;170,232;194,226;268,241;394,193;690,120;744,123
129:0,013;18,219;299,195;375,242;1035,159;1076,179;1133,193
130:0,013;52,215;205,232;225,207;610,223
131:0,014;1,134;10,146
132:0,014;5,150;35,187;140,164;212,091;314,146
133:0,014;63,156;197,120;242,078
134:0,014;13,163;244,093;577,181
135:0,014;10,146;231,120;275,242;629,123;654,157
136:0,014;4,212;63,156;144,157;1032,198
137:0,014;4,212;31,164;415,151
138:0,014;21,258;359,115
139:0,014;14,249;129,151;145,245;383,193;1082,126
140:0,014;6,191;14,249;21,258;167,107;233,230;477,269;687,093;839,078
141:0,015;36,218;154,083;276,220
142:0,015;50,148;882,130;963,187
143:0,015;7,122;86,148;1069,195
144:0,015;24,245;36,218;195,085;344,100;584,259;1181,087
145:0,015;5,115;127,270;513,100
146:0,015;1,239;16,136;45,179;57,230;84,243;691,269
147:0,015;1,239;45,104;119,271;673,159;994,243
148:0,015;7,122;126,110;559,203;733,230
149:0,015;6,226;8,168;34,136;125,201;232,247;941,239
150:0,015;8,168;49,220;1088,170
151:0,016;7,234;60,227;146,187;176,198;928,119;1115,247
152:0,016;12,119;18,124;76,093;86,234
153:0,016;5,178
154:0,016;4,080
155:0,016;13,243;327,197;1048,083
156:0,016;10,182;23,187;95,239;755,151;984,207
157:0,016;4,080
158:0,016;7,234;82,202;154,178;927,187
159:0,016;15,084;46,202;63,235;272,131;461,179;566,201;774,268
160:0,016;2,083;21,216;36,247;231,185
161:0,017;1,164;137,193;158,156;207,157;240,107;291,233;660,168
162:0,017;36,144;53,239;87,078;239,156;341,204;809,130;862,223
163:0,017;24,268;515,083;832,136;874,225;1007,242
164:0,017;14,213;91,226;1145,119
165:0,017;5,178;8,108;11,087;24,143;49,095;178,100;340,149;610,240
166:0,017;11,087;80,091;485,195;766,243
167:0,017;8,108;43,115;49,134;288,083;515,270
168:0,017;70,090;243,095;579,132;812,243;934,178;1019,087;1180,204
169:0,017;26,243;70,090;125,093;216,269;750,151;751,269;960,121
170:0,017;1,134;14,213;24,268;747,120;1010,102
171:0,018;3,119;11,112;27,165;84,201;119,269;212,233;220,187;527,104;703,095
172:0,018;17,089;36,232;303,244;896,132;972,095
173:0,018;14,132;32,271
174:0,018;11,112;701,230;886,148
175:0,018;14,208;204,179;422,164;915,203
176:0,018;14,149;104,187;123,230;226,233
177:0,018;27,165;129,187;146,119;242,259;572,179;1062,150
178:0,018;34,220;36,195;169,149;215,225;729,236
179:0,018;3,119;14,208;309,112;749,203
180:0,018;32,271;101,227;124,221;142,187;201,221;268,090
181:0,019;8,137;13,134;97,219;137,230;327,093;493,085
182:0,019;23,148;56,123;196,168;430,110;1076,212
183:0,019;38,176;124,168;175,236;324,117;968,269
184:0,019;43,242;198,110;203,156;229,242;366,267
185:0,019;36,093;323,130;794,201
186:0,019;56,123;111,089;480,232;761,239;980,144;1147,220
187:0,019;14,121;73,227;100,091;190,241;448,108;784,225
188:0,019;20,270;58,163;63,150;1100,159
189:0,019;4,096;13,195;14,121;65,179;216,115;354,085;1072,134
190:0,019;27,226;155,095;242,119;690,272
191:0,020;54,203;82,107;98,176;183,195;282,120;362,266
192:0,020;5,199;9,139;538,189
193:0,020;17,107;243,153;838,249;1089,193;1105,234
194:0,020;36,093;42,232;71,226;76,239;431,204;692,119;760,112
195:0,020;11,077;17,107;52,117;319,153;499,089;796,108
196:0,020;9,139;271,211
197:0,020;26,120;51,130;57,148;77,083;146,211;292,156;403,136;805,211
198:0,020;15,164;26,153;32,108;88,165;157,151;747,125;1076,153
199:0,020;4,085;5,199;11,077;18,198;170,219
200:0,020;25,176;68,124;93,189
