001:0,001;14,186;27,197
002:0,001;16,139;625,154;680,230;970,217
003:0,001;44,128;50,164;60,141;130,192;154,122;188,167;306,113;413,104;842,145
004:0,001;51,265;97,219;803,266
005:0,001;63,164;115,076;206,098;390,240;502,206;1011,092;1193,136
006:0,001;23,272;470,210;705,129
007:0,001;27,197;206,245;309,147
008:0,001;23,098;51,265;827,232
009:0,001;16,139
010:0,001;7,229;24,181;60,100;61,085;206,215;219,214;228,136;421,113;429,129;666,271;896,116
011:0,002;5,082
012:0,002;18,110;116,210;211,273;271,182;331,258;439,268;500,101
013:0,002;17,227;21,182;93,110;237,095;416,177
014:0,002;11,182;555,175
015:0,002;14,142;138,273;205,099
016:0,002;5,082;11,182;14,142;203,088;530,268;589,215;750,272
017:0,002;84,154;1061,218
018:0,002;31,204;72,241;172,260;380,085;464,113;556,121;1124,230
019:0,002;22,198;25,088;162,206;565,182;616,167;766,090
020:0,002;25,088;84,154;540,272;731,116;887,207
021:0,003;11,174;21,083;740,220
022:0,003;24,250;161,088;359,104
023:0,003;4,220;122,098;212,258;319,220;332,182;546,217;579,113;701,261;758,182;1098,155
024:0,003;23,234
025:0,003;21,083
026:0,003;10,271;22,121;319,245;562,128;1157,158
027:0,003;12,175;94,225;294,234
028:0,003;4,220;10,271;56,101;102,260;166,190;281,143
029:0,003;3,180;7,099;11,174;18,004;22,121;370,241;446,122;472,085;491,108;698,143;1110,182
030:0,003;22,185;23,234;288,190;297,078;602,217
031:0,004;22,198;730,224;905,102;940,232
032:0,004;34,101
033:0,004;1,175;26,190;46,102;332,116;724,081
034:0,004;46,102;254,228;481,272;547,095
035:0,004;27,196;148,266;210,210;369,274
036:0,004;60,145;456,096
037:0,004;31,164;136,082
038:0,004;47,120;544,121;552,272
039:0,004;7,229;31,164;43,094;47,120;507,240
040:0,004;27,206;34,101;54,092
041:0,005;4,266;79,143;690,225
042:0,005;6,012;32,145;50,157;120,165;168,145;267,180
043:0,005;22,096;24,266;142,180;263,165;756,254;761,165
044:0,005;14,100;428,144;596,094
045:0,005;5,261;7,190;11,150;113,170;182,136;224,218;396,076;758,120;970,083
046:0,005;19,076;22,096;447,197;454,261;695,145
047:0,005;12,092;47,159;97,186;140,220;212,240;290,080;518,271;537,181;542,271;699,274
048:0,005;18,152;124,177;395,260;736,085
049:0,005;18,152;228,110;472,273
050:0,005;7,190;200,135;266,237
051:0,006;3,218;7,176;67,237
052:0,006;31,135;213,136;246,254;386,210;524,085;579,174
053:0,006;7,176;166,092;339,142;562,261;923,083;961,223;1046,210
054:0,006;13,225;27,082;47,232;253,177
055:0,006;5,080;288,141;345,122
056:0,006;3,218;55,206;74,145;115,265;267,228;270,218;1048,223
057:0,006;10,219;96,196;238,147;308,197;441,113;587,197;641,148;741,260;837,245
058:0,006;11,148;32,095;143,142;163,088;184,142;331,124;366,158;385,273;413,215
059:0,006;5,080;13,225;249,131;867,136
060:0,006;34,180;223,207;760,174
061:0,007;18,260;92,088;159,179;179,250;855,260;1124,241
062:0,007;21,237;60,207;220,266;277,228;614,088
063:0,007;16,085;135,104;358,258
064:0,007;10,110;16,085;49,097;55,227;62,271;652,224;726,108
065:0,007;4,099;203,150;977,121
066:0,007;33,258;102,128;817,268;1060,142
067:0,007;10,110;46,215;204,190;211,214
068:0,007;9,181;21,237;126,223;364,099;521,095;952,182
069:0,007;21,129;80,165;258,225;605,100
070:0,007;17,135;189,124;297,094;596,113
071:0,008;9,090;361,088
072:0,008;12,013;38,267
073:0,008;27,080;173,081;340,269
074:0,008;4,134;9,204;27,099;38,267;103,272;214,210;460,185;516,152;1183,260
075:0,008;5,148;543,136;1192,210
076:0,008;4,230;384,144;422,218;1057,206
077:0,008;12,273;21,220;85,254;179,261;186,165;639,090;752,094
078:0,008;22,185;87,206;389,158
079:0,008;9,204;43,177;118,129;420,273;464,102
080:0,008;4,134;9,090;117,267
081:0,009;29,216
082:0,009;9,214;211,081;325,192
083:0,009;5,104;308,135
084:0,009;9,181;11,254;242,196
085:0,009;5,104;29,214;174,098;192,207
086:0,009;11,254;29,216;334,192
087:0,009;22,122;95,131;110,159
088:0,009;17,252;402,214;568,092;672,110
089:0,009;3,180;17,252;133,237;253,245;260,155;797,142
090:0,009;12,092;80,159;347,216
091:0,010;1,157;89,082;129,128;312,104;409,252
092:0,010;12,081;72,094;140,181;529,240;642,182;944,102
093:0,010;9,119
094:0,010;17,242;29,131;592,167;612,225;686,154;860,225
095:0,010;21,167;686,092;993,261
096:0,010;37,096;73,196;83,215;182,214;207,085;380,268;527,185
097:0,010;88,228;139,085;356,274;697,167
098:0,010;13,099;27,206;149,218;227,095;234,141;276,265
099:0,010;19,275;217,197;264,192;332,121;574,142;1049,218;1087,080
100:0,010;9,119
101:0,011;6,215;34,238;35,192;105,266;786,165;1015,108
102:0,011;22,180;31,268;433,220;554,090;627,139;1157,128
103:0,011;34,238;57,225;82,129;100,240;516,224;648,197;930,223;957,095
104:0,011;17,240;95,220;240,110
105:0,011;33,258;34,128;38,175;107,273;135,252;436,076;1130,121
106:0,011;34,128;118,175;209,254;268,197;301,240;387,271;512,241
107:0,011;14,192;322,128;368,090;390,230;1120,135
108:0,011;3,173;17,240;211,076;243,241;1121,143
109:0,011;72,241;115,101;225,098;774,254
110:0,011;31,268;216,220;311,170;1131,076
111:0,012;38,260;127,131;237,268;374,152
112:0,012;21,143;27,078;281,258;354,102;452,090
113:0,012;5,261;108,150;192,275
114:0,012;12,210;110,258;144,228;225,275
115:0,012;14,228;80,081;208,185;599,144
116:0,012;6,203;21,143;44,148;703,108;786,076
117:0,012;59,167;185,152;363,167;566,176;612,129;627,182;640,129
118:0,012;6,203;12,210;125,090;153,144
119:0,012;21,167;23,013;27,078;711,271;850,104
120:0,012;14,228;260,102;897,220
121:0,013;12,273;441,245;902,154
122:0,013;68,155;257,094;291,261;451,273
123:0,013;24,144;63,128;100,098;120,241;364,085;724,148
124:0,013;29,185;127,218;218,190
125:0,013;31,174;52,271;65,181;1074,131
126:0,013;1,177;235,218;252,158;290,266
127:0,013;30,232;41,230;156,129;593,094;734,198;778,175
128:0,013;31,174;550,182;754,148
129:0,013;19,274;95,157;318,190
130:0,013;1,177;6,010;7,136;207,147;229,152;504,268;778,207;872,131
131:0,014;21,107;81,219;662,220;735,131;1070,268
132:0,014;22,159;45,170;258,220;423,272;530,223;910,245
133:0,014;17,242;19,095;29,223;125,157
134:0,014;19,095;208,080;1073,154
135:0,014;8,141;22,159;58,143;252,101;403,113;450,145;685,219;807,206
136:0,014;17,181;115,150;128,152;173,275;181,241;205,170;307,223;430,095;475,197;581,085
137:0,014;4,094;40,136;180,094;252,182;270,135;306,224;504,090;549,232;936,261;987,120
138:0,014;8,141;93,124;236,122;432,100;654,165;781,198
139:0,014;29,223;131,217;154,271;374,100;596,220;600,268
140:0,014;52,158;249,136;538,088;559,220;652,240
141:0,015;9,214;27,124;177,113;296,225;718,078
142:0,015;40,076;137,141;229,175;770,261;1141,170
143:0,015;1,131;18,170;35,167;59,190;143,223;159,095;352,159
144:0,015;3,094;587,121;781,098
145:0,015;15,004;18,170;100,096;596,131;724,225;856,250
146:0,015;8,155
147:0,015;6,215;8,155;64,174;132,158;486,095;512,122;958,078
148:0,015;1,131;83,122;322,185;457,258
149:0,015;3,217;113,274;156,217;959,122
150:0,015;14,100;32,198
151:0,016;9,020;33,207;177,210;206,142;783,268;805,155;1095,181
152:0,016;15,180;132,176;821,214
153:0,016;27,196;63,097
154:0,016;36,144;141,261;239,250
155:0,016;28,269;335,180
156:0,016;2,019;6,144;20,097;28,269;343,220;588,214;794,108;981,150
157:0,016;20,097
158:0,016;1,107;79,144;366,223
159:0,016;1,107;6,144;30,273;99,175;398,090;447,223;526,080
160:0,016;9,081;170,223;285,147;315,167;359,141
161:0,017;24,271;52,207;55,099;359,135;951,197
162:0,017;8,158;100,250;235,180;334,081;713,136;860,271
163:0,017;41,116;54,098;162,258;275,230;660,157
164:0,017;27,143;69,224;228,228;242,124;356,095;546,099
165:0,017;19,275;162,274;359,081
166:0,017;69,224;273,170;378,121;535,210;1181,139
167:0,017;5,007;12,173;19,274;354,092;564,154;606,220;884,154;897,271
168:0,017;8,158;13,215;57,219;71,100;371,128;552,181
169:0,017;89,212;118,110;220,135;330,157;647,096
170:0,017;17,227;70,082;89,212;180,254;185,076;428,136;707,113
171:0,018;1,116
172:0,018;60,129;147,185;315,196;1021,165
173:0,018;7,145;63,116;295,090;491,164
174:0,018;65,113;174,186;245,261;550,174;611,254
175:0,018;2,147;202,122;230,215;391,170
176:0,018;2,147;277,145;445,252;475,145;836,265
177:0,018;1,116;2,150;14,013;24,108;99,141
178:0,018;25,163;64,104;133,164
179:0,018;14,192;25,163;29,150;65,113;400,175;552,120;751,215
180:0,018;2,150;7,145;24,108;49,258;211,241;222,272;391,254;752,083;912,224;1097,218
181:0,019;17,232;27,261;134,174;167,192;226,101;236,192;255,232;543,148;630,176
182:0,019;71,271;148,196;307,158;365,269
183:0,019;23,098;95,272;101,182;241,224;606,078;957,135;1103,224
184:0,019;22,122;70,176;117,145;161,230;269,245;433,101;494,228;618,174;759,076;781,167
185:0,019;22,124;91,245;197,261;286,273;331,147
186:0,019;49,085;60,218;134,212
187:0,019;6,250;17,232;822,176
188:0,019;6,250;89,092;136,150
189:0,019;49,163;142,185;195,212
190:0,019;21,129;22,124;23,272;76,163;132,210;172,165;183,186;247,076;391,206;490,158;1151,261
191:0,020;91,245;234,214;393,098
192:0,020;6,207;19,107;20,218;110,108;715,210;1031,196
193:0,020;18,260;24,089;30,179;193,215;574,206;804,120
194:0,020;19,186;179,174;578,245;832,128
195:0,020;6,207;38,217;490,110;666,100
196:0,020;19,076;109,261;160,090;286,254;610,224
197:0,020;24,089;33,157;48,204;135,260
198:0,020;30,179;152,164;487,252
199:0,020;41,165;106,185;142,076;177,176;565,088;609,185
200:0,020;22,230;39,219;41,165;55,108;485,122;508,120;786,121;973,230
