001:0,001;68,185
002:0,001;164,177
003:0,001;403,266
004:0,001;207,126
005:0,001;175,209;507,262;777,248
006:0,001;161,149
007:0,001;207,126
008:0,001;161,149
009:0,001;278,246
010:0,001;164,177
011:0,002;538,155;793,116
012:0,002;530,132
013:0,002;538,155
014:0,002;532,120
015:0,002;549,089
016:0,002;454,138
017:0,002;454,138
018:0,002;665,229
019:0,002;599,116
020:0,002;549,089
021:0,003;124,190
022:0,003;128,111;401,190;682,111
023:0,003;110,214
024:0,003;128,111
025:0,003;182,253
026:0,003;115,158
027:0,003;115,158
028:0,003;110,214
029:0,003;110,258;922,162
030:0,003;113,183;913,210
031:0,004;48,137
032:0,004;38,244
033:0,004;167,238
034:0,004;48,137
035:0,004;38,244
036:0,004;73,179
037:0,004;111,082
038:0,004;39,269
039:0,004;39,269
040:0,004;73,179
041:0,005;579,212
042:0,005;422,142
043:0,005;476,187;605,238;1037,224
044:0,005;456,100
045:0,005;422,142
046:0,005;505,116;527,083
047:0,005;456,100
048:0,005;485,150
049:0,005;485,150
050:0,005;487,083
051:0,006;82,120;265,227
052:0,006;63,092
053:0,006;63,092
054:0,006;82,120;888,156
055:0,006;54,256
056:0,006;63,227
057:0,006;54,256
058:0,006;67,169
059:0,006;67,169;251,115
060:0,006;104,115
061:0,007;110,134
062:0,007;80,265
063:0,007;67,131
064:0,007;67,131
065:0,007;314,076
066:0,007;80,265
067:0,007;75,252
068:0,007;75,252
069:0,007;38,255
070:0,007;38,255;291,246
071:0,008;134,215
072:0,008;255,122
073:0,008;134,132;143,219
074:0,008;143,219
075:0,008;139,239
076:0,008;139,239;227,132;453,197
077:0,008;325,197
078:0,008;204,128
079:0,008;204,128
080:0,008;134,132;613,258
081:0,009;603,172
082:0,009;266,235
083:0,009;500,178
084:0,009;266,235
085:0,009;532,248
086:0,009;883,141
087:0,009;581,254
088:0,009;646,081
089:0,009;613,205
090:0,009;500,178
091:0,010;1104,125
092:0,010;1125,208
093:0,010;1088,243
094:0,010;1098,207
095:0,010;557,212
096:0,010;1098,207
097:0,010
098:0,010;1088,243
099:0,010
100:0,010;1167,101
101:0,011;948,185
102:0,011;814,152
103:0,011;826,218
104:0,011;824,146;1144,107
105:0,011;1035,176
106:0,011;535,079;1040,210
107:0,011;1036,107
108:0,011;814,152
109:0,011;826,218
110:0,011;643,263
111:0,012;192,156;563,157
112:0,012;180,090
113:0,012;172,200;339,148
114:0,012;280,267
115:0,012;192,136
116:0,012;192,136
117:0,012;147,148;180,090
118:0,012;172,200
119:0,012;280,267
120:0,012;147,148
121:0,013;218,102
122:0,013;376,216
123:0,013;177,198;865,102
124:0,013;35,186
125:0,013;35,186
126:0,013;240,238;316,209
127:0,013;183,188
128:0,013;193,172;956,134
129:0,013;177,198
130:0,013;183,188
131:0,014;271,213
132:0,014;99,160
133:0,014;264,236
134:0,014;337,187
135:0,014;99,160
136:0,014;268,216
137:0,014;264,236
138:0,014;271,213
139:0,014;281,228
140:0,014;496,141;963,245
141:0,015;275,162
142:0,015;369,087
143:0,015;197,113;227,015;362,011;557,217
144:0,015;369,087;405,113
145:0,015;197,113
146:0,015;432,097
147:0,015;363,273
148:0,015;400,220
149:0,015;507,146
150:0,015;363,273
151:0,016;115,263;1017,076
152:0,016;58,168
153:0,016;59,270
154:0,016;66,151
155:0,016;89,261
156:0,016;211,157;631,215;919,254
157:0,016;58,168
158:0,016;89,261
159:0,016;90,079
160:0,016;66,151
161:0,017;543,143
162:0,017;121,208
163:0,017;607,224
164:0,017;564,211
165:0,017;121,208;1013,193
166:0,017;542,124
167:0,017;525,245
168:0,017;571,193
169:0,017;527,156
170:0,017;543,143
171:0,018;324,248;589,167
172:0,018;260,174
173:0,018;263,196
174:0,018;315,191
175:0,018;260,174
176:0,018;375,167;815,262
177:0,018;283,262
178:0,018;98,108
179:0,018;315,191
180:0,018;263,196
181:0,019;116,237
182:0,019;50,145
183:0,019;51,161
184:0,019;72,104
185:0,019;72,104
186:0,019;50,145
187:0,019;209,082;803,124;1147,082
188:0,019;145,077;604,237
189:0,019;50,258;286,077
190:0,019;51,161
191:0,020;54,183;80,020;437,084
192:0,020;392,250
193:0,020;384,211
194:0,020;392,250
195:0,020;350,228
196:0,020;408,097
197:0,020;437,084
198:0,020;396,210;986,257
199:0,020;54,183
200:0,020;401,257
