001:0,001;17,126
002:0,001;26,124;893,200
003:0,001;19,081
004:0,001;15,252
005:0,001;15,252
006:0,001;17,126
007:0,001;77,141
008:0,001;24,168
009:0,001;38,076
010:0,001;38,076
011:0,002;530,247
012:0,002;503,206;838,219
013:0,002;411,140
014:0,002;838,219
015:0,002;503,157
016:0,002;503,157
017:0,002;673,183
018:0,002;530,247
019:0,002;620,174;744,253
020:0,002;411,140
021:0,003;410,226
022:0,003;322,205
023:0,003;332,179
024:0,003;407,214
025:0,003;407,214
026:0,003;368,168;410,226
027:0,003;337,095
028:0,003;66,210;702,124
029:0,003;66,210
030:0,003;322,205
031:0,004;273,179;494,129
032:0,004;266,158
033:0,004;364,206
034:0,004;329,141
035:0,004;147,129
036:0,004;309,249
037:0,004;266,158
038:0,004;269,104
039:0,004;277,101
040:0,004;269,104
041:0,005;285,250
042:0,005;277,189
043:0,005;309,268
044:0,005;271,136;902,176
045:0,005;271,136
046:0,005;268,198
047:0,005;309,268
048:0,005;276,098
049:0,005;319,244;785,123
050:0,005;285,250
051:0,006;92,162
052:0,006;92,162
053:0,006;393,109
054:0,006;469,192
055:0,006;691,251
056:0,006;393,109
057:0,006;409,154
058:0,006;427,125
059:0,006;409,154
060:0,006;427,202
061:0,007;557,131
062:0,007;536,153
063:0,007;580,120
064:0,007;552,100;644,262
065:0,007;644,262
066:0,007;287,207
067:0,007;524,271
068:0,007;536,153
069:0,007;524,271
070:0,007;557,131
071:0,008;482,130
072:0,008;427,090
073:0,008;497,150
074:0,008;482,130
075:0,008;497,191
076:0,008;497,150
077:0,008;556,142;828,197
078:0,008;497,191
079:0,008;485,113
080:0,008;485,113
081:0,009;117,100
082:0,009;150,188
083:0,009;124,096
084:0,009;118,246
085:0,009;191,203
086:0,009;191,203
087:0,009;191,227
088:0,009;118,246
089:0,009;124,096
090:0,009;191,227
091:0,010;801,142
092:0,010;779,086
093:0,010;779,086
094:0,010;819,222
095:0,010;1147,111
096:0,010;819,222
097:0,010;785,116
098:0,010;973,207
099:0,010;778,260;1020,179
100:0,010;830,105
101:0,011;129,218
102:0,011;287,173
103:0,011;383,275
104:0,011;124,081
105:0,011;150,178
106:0,011;129,218
107:0,011;121,122
108:0,011;117,232
109:0,011;150,178
110:0,011;117,232
111:0,012;99,172
112:0,012;93,116
113:0,012;134,078
114:0,012;39,077;100,172
115:0,012;39,077
116:0,012;71,201
117:0,012;100,236
118:0,012;66,215
119:0,012;71,201
120:0,012;66,215
121:0,013;34,135
122:0,013;6,237
123:0,013;5,261
124:0,013;34,135
125:0,013;106,004;144,137
126:0,013;5,261
127:0,013;47,245
128:0,013;144,137
129:0,013;157,144
130:0,013;6,237
131:0,014;679,165
132:0,014;150,176;460,014;536,083
133:0,014;728,132
134:0,014;150,176
135:0,014;679,165
136:0,014;600,087
137:0,014;600,087
138:0,014;536,083
139:0,014;669,194
140:0,014;605,240
141:0,015;80,216
142:0,015;80,216
143:0,015;174,105
144:0,015;159,108
145:0,015;202,208
146:0,015;168,164
147:0,015;462,186
148:0,015;174,105;756,208
149:0,015;168,164
150:0,015;159,108
151:0,016;50,175
152:0,016;95,091
153:0,016;78,119
154:0,016;87,147
155:0,016;110,196
156:0,016;89,147
157:0,016;261,197
158:0,016;152,220
159:0,016;95,091
160:0,016;50,175
161:0,017;656,101
162:0,017;348,117
163:0,017;464,238;781,095
164:0,017;464,238
165:0,017;530,274
166:0,017;530,274
167:0,017;825,099
168:0,017;348,117
169:0,017;453,168;729,192
170:0,017;455,079
171:0,018;282,194;793,229
172:0,018;212,253
173:0,018;47,166
174:0,018;193,200
175:0,018;202,266
176:0,018;193,200;556,177
177:0,018;227,177
178:0,018;232,260
179:0,018;202,266
180:0,018;202,174
181:0,019;302,270
182:0,019;419,151
183:0,019;384,090
184:0,019;626,231
185:0,019;487,213
186:0,019;419,151
187:0,019;391,160
188:0,019;391,160
189:0,019;302,270
190:0,019;80,082
191:0,020;7,229;490,106
192:0,020;51,248
193:0,020;199,244
194:0,020;7,093
195:0,020;92,123
196:0,020;67,106
197:0,020;7,229
198:0,020;7,093
199:0,020;67,106;70,170
200:0,020;70,170
