001:0,001;970,206
002:0,001;886,201
003:0,001;969,147
004:0,001;886,201
005:0,001;260,259;632,001;816,262
006:0,001;799,193
007:0,001;816,262
008:0,001;988,242
009:0,001;799,193
010:0,001;260,259
011:0,002;926,107
012:0,002;908,183
013:0,002;995,095
014:0,002;908,183
015:0,002;886,087
016:0,002
017:0,002;909,175
018:0,002;974,089
019:0,002;901,254
020:0,002;886,087
021:0,003;198,152
022:0,003;198,152
023:0,003;208,207
024:0,003;345,157
025:0,003;152,081
026:0,003;194,154
027:0,003;289,138
028:0,003;289,138
029:0,003;152,081
030:0,003;201,200
031:0,004;212,100
032:0,004;221,125
033:0,004;119,103;134,092
034:0,004;121,247
035:0,004;119,103;1180,191
036:0,004;220,191
037:0,004;120,204;490,103
038:0,004;221,125
039:0,004;134,092
040:0,004;165,100;1104,247
041:0,005;377,266
042:0,005;268,076
043:0,005;298,170
044:0,005;268,076
045:0,005;281,114
046:0,005;380,190
047:0,005;380,190
048:0,005;159,226
049:0,005;377,266
050:0,005;159,226
051:0,006;176,010;267,194
052:0,006;215,141
053:0,006;172,109
054:0,006;22,230
055:0,006;202,223
056:0,006;231,198
057:0,006;22,230
058:0,006;166,270
059:0,006;166,270
060:0,006;195,103;384,247;397,214;1189,103
061:0,007;340,108
062:0,007;254,252
063:0,007;239,236
064:0,007;121,160
065:0,007;121,160
066:0,007;222,253
067:0,007;239,236
068:0,007;222,253
069:0,007;254,252
070:0,007;340,108
071:0,008;736,175;786,144
072:0,008;736,175
073:0,008;723,096
074:0,008;707,189
075:0,008;611,085
076:0,008;723,096
077:0,008;707,189
078:0,008;740,121
079:0,008;756,124
080:0,008;786,144
081:0,009;261,098
082:0,009;636,132
083:0,009;261,098
084:0,009;870,110
085:0,009;973,114
086:0,009;716,212
087:0,009;636,132
088:0,009;606,158
089:0,009;630,246
090:0,009;638,109;700,126
091:0,010;128,143
092:0,010;228,120
093:0,010;191,208
094:0,010;193,215
095:0,010;234,260
096:0,010;128,143
097:0,010;203,220;498,120
098:0,010;193,215
099:0,010;191,208
100:0,010;234,260
101:0,011;430,273
102:0,011;423,220
103:0,011;791,258
104:0,011;486,250
105:0,011;98,091
106:0,011;443,136
107:0,011;98,091
108:0,011;538,229;951,170
109:0,011;486,250
110:0,011;491,177
111:0,012;321,122
112:0,012;720,238
113:0,012;306,225
114:0,012;111,218
115:0,012;306,225
116:0,012;395,224
117:0,012;111,218
118:0,012;448,137
119:0,012;321,122
120:0,012;448,137
121:0,013;164,104
122:0,013;186,154;343,221
123:0,013;146,199
124:0,013;143,187
125:0,013;146,274
126:0,013;143,105
127:0,013;143,105
128:0,013;143,187
129:0,013;174,221
130:0,013;164,104
131:0,014;95,197
132:0,014;138,148
133:0,014;127,241
134:0,014;190,176;1022,206
135:0,014;95,197
136:0,014;97,244
137:0,014;97,244
138:0,014;138,148
139:0,014;127,241
140:0,014;127,157
141:0,015;437,216
142:0,015;447,126;719,101
143:0,015;363,205
144:0,015;349,169
145:0,015;365,078
146:0,015;437,216
147:0,015;415,177;1151,180
148:0,015;239,101
149:0,015;363,205
150:0,015;349,169
151:0,016;118,248
152:0,016;206,101;448,204
153:0,016;98,227
154:0,016;48,198
155:0,016;41,151
156:0,016;48,153
157:0,016;48,153;1051,139
158:0,016;39,139
159:0,016;108,174
160:0,016;41,151;237,227
161:0,017;110,238;738,168
162:0,017;43,210
163:0,017;43,179
164:0,017;43,210
165:0,017;10,083;510,261
166:0,017;170,214
167:0,017;43,179
168:0,017;157,168
169:0,017;79,261
170:0,017;10,083
171:0,018;272,111
172:0,018;178,116
173:0,018;366,176
174:0,018;178,116
175:0,018;567,131
176:0,018;284,246;782,229
177:0,018;272,111
178:0,018;362,099
179:0,018;321,182;1135,131
180:0,018;321,182
181:0,019
182:0,019
183:0,019
184:0,019
185:0,019
186:0,019;531,181
187:0,019
188:0,019
189:0,019
190:0,019
191:0,020;228,245
192:0,020;228,245
193:0,020;230,199;238,271
194:0,020;225,249
195:0,020;26,146
196:0,020;318,128
197:0,020;225,249
198:0,020;388,180
199:0,020;238,271
200:0,020;26,146;318,128
