001:0,001;51,217
002:0,001;47,242
003:0,001;84,115
004:0,001;51,217
005:0,001;53,191
006:0,001;130,181
007:0,001;84,115
008:0,001;115,137
009:0,001;53,191
010:0,001;47,242
011:0,002;107,171
012:0,002;35,113
013:0,002;11,234
014:0,002;224,088
015:0,002;30,106
016:0,002;11,234;375,171;684,106
017:0,002;11,198
018:0,002;94,235;1052,181
019:0,002;287,268
020:0,002;132,095
021:0,003;27,196
022:0,003;51,227
023:0,003;13,241
024:0,003;6,114
025:0,003;31,230
026:0,003;103,084
027:0,003;31,230
028:0,003;6,114
029:0,003;13,241
030:0,003;27,196
031:0,004;546,202
032:0,004;447,187
033:0,004;408,206
034:0,004;239,216
035:0,004;218,148
036:0,004;218,148
037:0,004;480,094
038:0,004;447,187;823,185
039:0,004;441,224
040:0,004;481,017;823,185
041:0,005;513,255
042:0,005;492,144
043:0,005;347,135
044:0,005;516,197
045:0,005;358,168;547,162
046:0,005;358,168
047:0,005;347,135
048:0,005;418,228;481,165
049:0,005;547,162
050:0,005;243,165
051:0,006;83,109
052:0,006;35,090
053:0,006;40,151
054:0,006;36,240
055:0,006;36,240
056:0,006;43,140;389,109
057:0,006;40,151
058:0,006;68,207
059:0,006;35,090
060:0,006;66,238
061:0,007;381,186
062:0,007;358,167
063:0,007;385,141
064:0,007;373,161
065:0,007;38,273
066:0,007;362,228
067:0,007;38,273;373,161;488,141
068:0,007;393,219
069:0,007;501,183;923,186
070:0,007;358,167
071:0,008;571,096
072:0,008;620,180
073:0,008;597,188
074:0,008;648,127
075:0,008;575,206
076:0,008;597,188
077:0,008;504,247
078:0,008;581,192;687,207;1092,234
079:0,008;571,096
080:0,008;504,247
081:0,009;560,136
082:0,009;250,105
083:0,009;603,246
084:0,009;759,236
085:0,009;676,153
086:0,009;789,182
087:0,009;676,153;759,236
088:0,009;560,136
089:0,009;491,235
090:0,009;603,246
091:0,010;1095,156
092:0,010;1166,210
093:0,010
094:0,010;380,192;450,010;1107,263
095:0,010;761,248
096:0,010;63,192;315,010
097:0,010;1183,130
098:0,010;63,192
099:0,010;1095,156
100:0,010;1107,263
101:0,011;89,264
102:0,011;259,108
103:0,011;219,102
104:0,011;288,207;402,273
105:0,011;219,102
106:0,011;240,257
107:0,011;259,108
108:0,011;304,110
109:0,011;89,264
110:0,011;240,257
111:0,012;235,004;503,178;687,219
112:0,012;43,005;122,254
113:0,012;264,152
114:0,012;224,088;322,129
115:0,012;264,152
116:0,012;138,097
117:0,012;186,129
118:0,012;232,211
119:0,012;169,098
120:0,012;169,098
121:0,013;152,213
122:0,013;691,192;842,124
123:0,013;575,099
124:0,013;152,213
125:0,013;545,083
126:0,013;575,099
127:0,013;543,121
128:0,013;545,083
129:0,013;627,128
130:0,013;550,168
131:0,014;80,103
132:0,014;55,080
133:0,014;55,080
134:0,014;55,225
135:0,014;95,218
136:0,014;53,214
137:0,014;95,218
138:0,014;80,103
139:0,014;53,214
140:0,014;78,232
141:0,015;330,104;972,209
142:0,015;301,079
143:0,015;303,081
144:0,015;627,124
145:0,015;588,209
146:0,015;330,104
147:0,015;301,079
148:0,015;344,260;388,081
149:0,015;327,194
150:0,015;344,260
151:0,016;177,076
152:0,016;513,112
153:0,016;99,194;173,226
154:0,016;177,076
155:0,016;157,089
156:0,016;173,226
157:0,016;255,125
158:0,016;306,175
159:0,016;157,089;1152,112
160:0,016;99,194;705,268;1180,089
161:0,017
162:0,017
163:0,017
164:0,017;306,082
165:0,017
166:0,017
167:0,017;306,082
168:0,017
169:0,017
170:0,017
171:0,018;507,267
172:0,018;516,101
173:0,018;511,200
174:0,018;43,140
175:0,018;512,122
176:0,018;573,202
177:0,018;512,122
178:0,018;511,200
179:0,018;507,267
180:0,018;516,101
181:0,019;424,269
182:0,019;523,100
183:0,019;370,178
184:0,019;362,244
185:0,019;327,121;362,244
186:0,019;523,100
187:0,019;633,091
188:0,019;444,106;623,183
189:0,019;327,121;552,094
190:0,019;476,248;1144,097
191:0,020;353,087
192:0,020;309,138;443,176;1092,138
193:0,020;343,095;396,234;535,225;1153,104
194:0,020;616,229
195:0,020;129,016;135,176
196:0,020;508,166
197:0,020;128,010;215,105;616,229
198:0,020;353,087
199:0,020;676,133
200:0,020;309,138
