001:0,001;49,210
002:0,001;18,076
003:0,001;77,094;1079,096
004:0,001;109,132
005:0,001;17,155
006:0,001;17,155
007:0,001;29,241;109,132
008:0,001;255,216
009:0,001;18,076
010:0,001;49,210
011:0,002;206,159
012:0,002;100,142
013:0,002;299,081
014:0,002;154,243;643,111
015:0,002;233,111
016:0,002;100,142
017:0,002;154,243
018:0,002;395,224
019:0,002;315,166;1131,224
020:0,002;206,159
021:0,003;119,272;379,118
022:0,003;51,077
023:0,003;98,266;132,114;848,077
024:0,003;119,272
025:0,003;132,114
026:0,003;190,151
027:0,003;190,151
028:0,003;189,118;1001,114
029:0,003;98,266
030:0,003;120,207;785,086
031:0,004;761,176
032:0,004;606,245
033:0,004;703,093
034:0,004;623,120
035:0,004;618,272
036:0,004;616,122
037:0,004;598,233;658,243
038:0,004;610,078
039:0,004;616,122
040:0,004;606,245
041:0,005;979,162
042:0,005;154,186
043:0,005;992,218
044:0,005;1117,147
045:0,005;154,186
046:0,005;1170,226
047:0,005;979,149
048:0,005;992,218
049:0,005;958,233;1107,256
050:0,005;910,129;1157,178
051:0,006;1043,192
052:0,006;1112,181
053:0,006
054:0,006;507,135
055:0,006;1112,181
056:0,006;1018,089
057:0,006;1043,192
058:0,006;1110,146
059:0,006
060:0,006;125,223
061:0,007;315,166
062:0,007;305,110
063:0,007;318,199;457,110
064:0,007;350,125
065:0,007;350,125
066:0,007;318,199
067:0,007;422,267
068:0,007;479,149;840,198;1193,216
069:0,007;12,092
070:0,007;12,092
071:0,008;137,236
072:0,008;159,182
073:0,008;313,229;750,266;791,081
074:0,008;113,203
075:0,008;119,255
076:0,008;113,203
077:0,008;153,173;589,182
078:0,008;146,249
079:0,008;137,236
080:0,008;122,086
081:0,009;81,206;1071,242
082:0,009;70,244
083:0,009;63,107
084:0,009;63,107
085:0,009;54,197
086:0,009;70,244
087:0,009;297,242
088:0,009;213,198
089:0,009;54,197
090:0,009;143,146
091:0,010;154,262
092:0,010;351,229
093:0,010;181,126
094:0,010;154,262
095:0,010;154,177;531,273;1069,207
096:0,010;266,148;1092,249
097:0,010;156,172
098:0,010;159,211
099:0,010;159,211
100:0,010;224,139
101:0,011;140,253
102:0,011;166,183
103:0,011;60,079;393,253
104:0,011;53,221
105:0,011;53,221
106:0,011;56,263
107:0,011;69,169
108:0,011;69,169
109:0,011;56,263
110:0,011;60,079
111:0,012;174,131
112:0,012;365,096
113:0,012;126,150;311,241;370,131;1143,102
114:0,012;99,102;324,150
115:0,012;101,130
116:0,012;102,175
117:0,012;102,175
118:0,012;126,150
119:0,012;114,223
120:0,012;99,102
121:0,013;25,129
122:0,013;47,183;845,100
123:0,013;25,129;391,233;550,177
124:0,013;34,220
125:0,013;32,173
126:0,013;20,260
127:0,013;52,177
128:0,013;79,273
129:0,013;20,260
130:0,013;19,269
131:0,014;653,194
132:0,014;661,213
133:0,014;623,100;936,078
134:0,014;661,213
135:0,014;658,214
136:0,014;95,217
137:0,014;95,217
138:0,014;653,194
139:0,014;622,095;1025,156;1070,212
140:0,014;843,136
141:0,015;426,268
142:0,015;426,268
143:0,015;432,128
144:0,015;428,137
145:0,015;428,137
146:0,015;432,227
147:0,015;472,154;525,086;563,130
148:0,015;431,089;432,128
149:0,015;93,241
150:0,015;432,227
151:0,016;233,134
152:0,016;233,134
153:0,016;323,192;556,239
154:0,016;263,201
155:0,016;307,239
156:0,016;263,201
157:0,016;298,261
158:0,016;94,091
159:0,016;94,091
160:0,016;298,261
161:0,017;1071,269
162:0,017;1046,212
163:0,017;974,229
164:0,017;978,171
165:0,017;1099,188
166:0,017;571,172;1000,206
167:0,017;1045,178
168:0,017;652,085
169:0,017;978,171
170:0,017;980,094
171:0,018;258,149
172:0,018;201,154
173:0,018;146,133
174:0,018;117,089
175:0,018;79,095
176:0,018;79,088;1181,095
177:0,018;165,179
178:0,018;92,148
179:0,018;79,088
180:0,018;192,145
181:0,019;182,116
182:0,019;32,234
183:0,019;243,207
184:0,019;323,214
185:0,019;176,190
186:0,019;174,167
187:0,019;32,234
188:0,019;343,256;1122,093
189:0,019;187,196
190:0,019;172,224;187,196
191:0,020;576,191
192:0,020;319,123;424,208
193:0,020;411,216;929,154;971,167
194:0,020;373,233
195:0,020;372,247
196:0,020;319,123
197:0,020;304,014;457,238
198:0,020;346,156
199:0,020;372,247
200:0,020;391,208;799,191
