001:0,001;233,224
002:0,001;316,110
003:0,001;196,273
004:0,001;316,110
005:0,001;270,154
006:0,001;35,186
007:0,001;194,273
008:0,001;430,156;786,165;860,082
009:0,001;169,087
010:0,001;169,087
011:0,002;750,141
012:0,002;103,163
013:0,002;739,250
014:0,002;830,125
015:0,002;781,113
016:0,002;103,163
017:0,002;739,250
018:0,002;743,165
019:0,002;750,141
020:0,002;910,270
021:0,003;298,152
022:0,003;298,152
023:0,003;360,144
024:0,003;301,260
025:0,003;369,149
026:0,003;360,144
027:0,003;369,149
028:0,003;457,223;498,263
029:0,003;392,242
030:0,003;301,260
031:0,004
032:0,004
033:0,004
034:0,004;431,182
035:0,004
036:0,004
037:0,004
038:0,004
039:0,004;253,263
040:0,004
041:0,005;1132,267
042:0,005;1150,227
043:0,005;1076,185
044:0,005;1126,268
045:0,005;1084,197
046:0,005;1150,227
047:0,005;740,120
048:0,005;1076,185
049:0,005;1132,154
050:0,005
051:0,006;239,223
052:0,006;174,157
053:0,006;246,155
054:0,006;372,180
055:0,006;174,157
056:0,006;396,237
057:0,006;217,078
058:0,006;217,078;1068,155
059:0,006;281,265
060:0,006;368,109
061:0,007;86,094;295,124
062:0,007;173,140
063:0,007;86,160
064:0,007;84,178
065:0,007;31,095
066:0,007;167,124
067:0,007;31,095;272,094
068:0,007;103,220
069:0,007;84,178;397,095
070:0,007;86,160
071:0,008;541,222
072:0,008;540,187
073:0,008;567,108
074:0,008;91,098
075:0,008;541,222
076:0,008;574,096
077:0,008;527,266
078:0,008;91,098
079:0,008;877,256
080:0,008;527,266
081:0,009;323,158;945,207
082:0,009;41,205
083:0,009;41,205
084:0,009;257,271
085:0,009;198,207
086:0,009;194,179
087:0,009;198,224;341,203
088:0,009;285,097
089:0,009;341,203
090:0,009;194,179
091:0,010;325,133
092:0,010;191,136
093:0,010;191,136
094:0,010;39,122
095:0,010;194,217
096:0,010;8,096
097:0,010;196,269
098:0,010;231,108;1114,186
099:0,010;196,269
100:0,010;194,217
101:0,011;241,142
102:0,011;580,158
103:0,011;467,257;524,202
104:0,011;496,123
105:0,011;241,142
106:0,011;584,231
107:0,011;496,123
108:0,011;565,230
109:0,011;538,107;739,156
110:0,011;555,116
111:0,012;222,202;314,012;690,150
112:0,012;562,172
113:0,012;222,202
114:0,012;562,172
115:0,012;540,133
116:0,012;552,107
117:0,012;541,193
118:0,012;749,196
119:0,012;541,193
120:0,012;581,120
121:0,013;676,264
122:0,013;685,077
123:0,013;702,229
124:0,013;676,264
125:0,013;1010,079
126:0,013;821,081
127:0,013;234,114
128:0,013;234,114
129:0,013;787,236
130:0,013;685,077
131:0,014;1122,080
132:0,014;1035,129
133:0,014;1122,080
134:0,014;1035,129
135:0,014;1029,132
136:0,014
137:0,014;745,167;832,014;1029,132
138:0,014;1041,206
139:0,014;1058,178
140:0,014;745,167
141:0,015;78,243
142:0,015;189,213
143:0,015;78,243;1158,153
144:0,015;279,219
145:0,015;183,190;269,249
146:0,015;183,190
147:0,015;189,213
148:0,015;143,249
149:0,015;279,219
150:0,015;329,153
151:0,016;563,094
152:0,016;431,111
153:0,016;435,085
154:0,016;429,118
155:0,016;224,082
156:0,016;535,161
157:0,016;435,085
158:0,016;431,111
159:0,016;472,191
160:0,016;429,118
161:0,017;125,244
162:0,017;119,089
163:0,017;98,232
164:0,017;95,090
165:0,017;194,082;266,084;1010,232
166:0,017;120,210
167:0,017;119,089
168:0,017;120,210
169:0,017;95,090
170:0,017;168,084
171:0,018;168,209
172:0,018;239,246
173:0,018;180,257
174:0,018;145,272
175:0,018;168,209
176:0,018;78,137
177:0,018;164,253
178:0,018;145,272
179:0,018;78,137
180:0,018;239,246
181:0,019;113,239
182:0,019;50,106
183:0,019;94,143;103,100
184:0,019;234,135
185:0,019;100,221
186:0,019;100,221
187:0,019;102,100
188:0,019;50,106
189:0,019;85,138
190:0,019;94,143
191:0,020;193,257;346,140
192:0,020;191,130
193:0,020;209,212
194:0,020;209,212
195:0,020;109,175
196:0,020;109,175
197:0,020;201,261
198:0,020;201,261
199:0,020;262,164
200:0,020;191,130
