001:0,001;485,272
002:0,001;32,197
003:0,001;498,184
004:0,001;478,229
005:0,001;551,246;866,264
006:0,001;32,197
007:0,001;478,229
008:0,001;468,107
009:0,001;493,113
010:0,001;485,272
011:0,002;340,235
012:0,002;336,201
013:0,002;336,124
014:0,002;76,134
015:0,002;325,264
016:0,002;321,119
017:0,002;321,119
018:0,002;76,134
019:0,002;336,201
020:0,002;336,124
021:0,003;763,076
022:0,003;734,109
023:0,003;536,236
024:0,003;670,205
025:0,003;595,215;642,211
026:0,003;536,236
027:0,003;700,248
028:0,003;710,143
029:0,003;605,182;619,183
030:0,003;670,205
031:0,004;181,233
032:0,004;162,147
033:0,004;142,092;968,184
034:0,004;142,092
035:0,004;181,233
036:0,004;117,098
037:0,004;117,098;413,255;1149,169
038:0,004;37,171
039:0,004;37,171
040:0,004;192,255;749,098
041:0,005;367,144
042:0,005;230,186
043:0,005;252,266
044:0,005;298,143;1183,144
045:0,005;247,267
046:0,005;70,150
047:0,005;230,186
048:0,005;273,174;571,155
049:0,005;70,150
050:0,005;247,267
051:0,006;113,174
052:0,006;58,151
053:0,006;32,260
054:0,006;84,202
055:0,006;313,182
056:0,006;263,168;855,261
057:0,006;69,177
058:0,006;69,177
059:0,006;84,202
060:0,006;58,151
061:0,007;554,207
062:0,007;576,242
063:0,007;139,152
064:0,007;576,242
065:0,007;633,178
066:0,007;633,178
067:0,007;587,261
068:0,007;581,273
069:0,007;139,152
070:0,007;554,207
071:0,008;673,162
072:0,008;52,090
073:0,008;533,085
074:0,008;557,268
075:0,008;557,268
076:0,008;533,085
077:0,008;553,153
078:0,008;52,090
079:0,008;734,106
080:0,008;548,156
081:0,009;1172,136
082:0,009;29,224
083:0,009
084:0,009;29,224
085:0,009;1163,080
086:0,009
087:0,009;1172,136
088:0,009;1157,094
089:0,009
090:0,009;1156,174
091:0,010;827,252
092:0,010;776,127
093:0,010;806,176
094:0,010;773,234;1023,274;1179,222
095:0,010;773,234
096:0,010;78,190
097:0,010;776,127
098:0,010;806,176
099:0,010;78,190
100:0,010;838,193
101:0,011;613,241
102:0,011;470,095
103:0,011;470,095;983,241
104:0,011;155,169
105:0,011;448,246
106:0,011;488,003;520,198
107:0,011;155,169;1117,095
108:0,011;458,105
109:0,011;560,105;754,198
110:0,011;429,083
111:0,012;82,167
112:0,012;220,225
113:0,012;83,188
114:0,012;83,232
115:0,012;157,183;198,097
116:0,012;82,167;157,183
117:0,012;357,091
118:0,012;198,097
119:0,012;83,232
120:0,012;89,077
121:0,013;506,137
122:0,013;496,210
123:0,013;490,215
124:0,013;496,210
125:0,013;506,137
126:0,013;501,009;562,145
127:0,013;173,078
128:0,013;173,078
129:0,013;670,274
130:0,013;618,160
131:0,014;539,086
132:0,014;501,155;602,087
133:0,014;470,123
134:0,014;557,120
135:0,014;239,141
136:0,014;478,116
137:0,014;478,116
138:0,014;470,123
139:0,014;239,141;539,086
140:0,014;548,164
141:0,015;458,199
142:0,015;246,170
143:0,015;183,258
144:0,015;337,199
145:0,015;541,211
146:0,015;246,170
147:0,015;309,221
148:0,015;419,192
149:0,015;221,203
150:0,015;183,258;833,192
151:0,016;286,140
152:0,016;430,157
153:0,016;17,180
154:0,016;17,180
155:0,016;287,219
156:0,016;287,219
157:0,016;657,146
158:0,016;309,103
159:0,016;286,140
160:0,016;309,103
161:0,017;116,087
162:0,017;228,244
163:0,017;156,221
164:0,017;134,239
165:0,017;116,087;210,084
166:0,017;113,230
167:0,017;172,265
168:0,017;210,084
169:0,017;134,239
170:0,017;113,230
171:0,018;419,192;519,077;634,149
172:0,018;321,156;370,096
173:0,018;401,165
174:0,018;333,154
175:0,018;321,156;940,215
176:0,018;313,261;650,019;718,080
177:0,018;324,149
178:0,018;370,096
179:0,018;69,247;804,168
180:0,018;69,247
181:0,019;282,217
182:0,019;947,222
183:0,019;874,189
184:0,019;947,223
185:0,019;874,189
186:0,019;892,115
187:0,019;1176,179
188:0,019;282,217
189:0,019;947,223
190:0,019;929,212
191:0,020;662,108
192:0,020;293,100
193:0,020;512,155;568,093
194:0,020;535,188
195:0,020;293,100
196:0,020;505,191
197:0,020;568,093
198:0,020;540,204
199:0,020;540,204
200:0,020;560,266;986,113;1005,273;1107,255
