001:0,001;45,068;59,130;97,066;112,026;117,039;153,101;236,041;251,155;419,035;421,038;432,076;481,219;777,038;812,248
002:0,001;32,032;45,068;61,171;67,034;85,042;97,066;112,026;117,039;157,053;171,057;172,181;192,056;199,232;279,037;321,075;361,064;385,068;403,003;421,038;468,060;497,144
003:0,001;32,032;45,068;62,045;74,275;85,042;95,213;157,053;171,057;192,056;202,167;214,039;221,255;419,271;421,038;434,163
004:0,001;32,032;45,068;62,045;67,034;85,152;279,037;321,075;361,064;385,068;403,003;419,035;421,095
005:0,001;32,032;45,068;61,186;157,053;171,057;185,217;192,056;199,232;236,041;251,155;304,255;325,155;340,176;385,068;403,003;421,038;434,163;777,038;812,248
006:0,001;32,267;62,045;67,034;85,152;112,026;117,039;153,101;171,057;202,167;214,039;219,168;279,037;321,075;360,089;396,068;403,003;419,035;421,038;429,241
007:0,001;32,032;45,068;61,171;214,039;219,168
008:0,001;1,254;67,034;83,267;85,042;95,213;97,066;107,215;112,026;125,084;157,053;180,062;185,217;192,056;221,255;236,041;255,146;278,221;279,037;324,114;338,251;354,105;361,064;363,172;379,123;385,068;387,267;398,145;403,003;416,272;419,035;421,095;468,060;487,170;496,123;521,069;544,164;599,092;614,275;636,178;651,243;662,273;674,095;777,038;817,167;834,240;854,205;1036,192;1132,089;1144,144;1152,146;1165,117;1180,085
009:0,001;32,267;45,068;59,130;85,042;97,066;117,039;149,175;321,075;361,064;385,068;403,003;429,241
010:0,001;32,032;45,068;62,045;74,275;146,039;149,175;355,075;360,089;361,064;385,068;403,003;421,038;432,076;468,060;497,144;724,091;948,205
011:0,002;14,116;17,049;38,123;76,035;94,219;112,220;153,058;160,099;180,205;184,215;187,047;200,273;211,181;227,047;244,071;250,128;320,086;326,177;356,057;371,225;395,035;409,045;435,176;443,044;455,275;462,265;467,044;471,173;476,050;483,203;484,211;533,137;613,039;619,258;636,062;649,103;679,205;732,143;761,057;789,027;831,242;837,222;870,046;874,180;902,122;911,035;915,043;960,089;974,198;1009,217;1013,163;1025,134;1058,268;1060,073;1066,124;1075,211;1122,062;1131,267;1145,051;1150,094;1174,035;1188,199
012:0,002;1,081;19,155;25,188;27,027;30,121;76,035;108,028;130,036;152,165;153,058;180,205;187,047;207,178;212,144;243,263;283,049;295,069;310,237;314,064;316,046;333,073;336,253;355,070;356,057;380,108;387,052;399,179;409,045;414,203;431,051;449,180;455,141;476,050;494,191;503,142;522,235;540,026;544,205;563,055;583,268;589,105;613,039;626,042;635,114;636,062;648,123;667,206;679,050;684,119;688,201;717,187;736,182;739,029;761,057;789,027;838,082;867,030;893,121;915,043;940,044;947,157;956,049;961,081;965,059;974,273;988,171;1000,094;1034,265;1054,192;1060,073;1075,211;1139,191;1143,128;1161,273
013:0,002;17,049;27,027;39,125;165,040;210,268;282,044;288,145;431,051;447,138;453,054;483,270;540,026;544,205;632,035;637,051;642,126;679,050;689,222;911,035;918,057;942,029;956,049;967,193;1174,035;1181,233
014:0,002;18,089;27,027;76,035;108,028;112,220;153,058;161,134;187,047;210,268;238,221;243,124;244,071;282,044;286,097;288,145;295,069;302,173;304,131;310,188;314,064;316,046;337,244;355,070;356,057;395,147;397,046;413,053;414,203;431,051;443,044;450,125;453,054;466,128;476,050;484,211;540,026;557,054;575,187;595,132;613,039;616,262;619,065;625,240;632,035;636,062;644,258;649,103;694,142;712,182;733,191;739,029;761,057;807,170;811,144;817,109;867,030;897,268;915,043;918,057;941,086;942,029;973,170;995,214;1023,116;1060,073;1079,124;1083,157;1146,140;1174,035;1175,218;1184,113
015:0,002;17,049;27,027;95,118;211,200;244,071;283,049;307,148;356,057;391,139;397,046;409,045;431,051;453,054;483,203;613,039;619,065;632,035;637,051;648,167;789,027;867,030;897,268
016:0,002;17,049;27,027;95,118;153,058;165,040;211,200;227,047;250,128;283,049;314,064;316,046;355,070;356,057;391,139;397,046;409,045;438,096;443,044;455,141;476,050;496,077;560,123;579,200;739,029;789,027;838,082;1152,193
017:0,002;1,081;18,089;27,027;39,125;76,035;130,098;190,223;210,109;237,035;238,164;244,071;279,034;281,042;289,236;295,069;298,132;316,046;353,245;356,057;359,075;371,224;395,246;399,179;409,045;432,172;443,044;445,223;453,054;476,050;483,270;563,055;579,200;613,039;621,098;636,062;637,051;649,239;654,112;676,123;679,050;693,168;694,154;739,029;766,145;783,066;811,230;867,030;893,121;918,057;935,166;943,230;956,049;981,222;1041,223;1053,146;1069,122;1100,117;1114,197;1153,071;1174,035;1183,078;1188,199
018:0,002;27,027;119,057;125,151;153,058;160,099;161,053;173,084;187,047;197,270;213,170;218,270;225,221;282,044;283,049;284,188;289,236;295,069;320,086;337,244;402,184;409,045;438,096;456,257;466,124;474,271;476,050;487,234;501,058;503,142;587,243;595,274;603,187;613,039;615,235;619,065;647,205;679,050;694,142;816,263;825,119;829,035;847,185;867,030;897,099;910,153;911,035;915,043;943,230;956,049;958,197;1053,183;1060,073;1076,060;1087,109;1171,103;1179,172;1188,097;1192,255;1198,240
019:0,002;14,116;76,035;108,028;116,245;153,058;165,040;227,047;244,071;283,049;309,233;355,070;380,108;476,050;496,077;563,055;577,247;637,051;648,167;915,043;935,166;942,029;956,049;974,273
020:0,002;27,027;94,219;285,049;307,148;314,064;326,177;563,055;613,039;619,065;632,035;637,051;642,126;918,057;942,029;973,170
021:0,003;136,224;146,063;193,215;220,187;451,057;486,051;553,107;623,128;897,070;910,063;941,058;948,030;965,059;1074,110
022:0,003;130,098;150,127;293,063;301,071;316,172;329,100;343,063;366,263;367,186;391,180;399,216;419,135;451,057;464,049;486,226;498,236;514,029;516,173;540,199;555,258;564,066;567,073;570,036;589,043;599,035;619,186;629,172;647,213;661,263;691,129;699,239;703,189;706,205;723,184;731,004;743,192;767,109;776,250;781,124;786,109;790,086;795,230;802,101;807,059;841,062;853,164;860,055;866,040;869,211;900,233;910,063;944,110;948,030;957,223;991,260;1007,189;1013,251;1022,192;1026,051;1032,231;1186,041;1200,171
023:0,003;134,158;202,035;293,063;306,127;414,071;451,057;486,051;542,059;564,066;574,057;589,043;596,034;613,036;714,049;731,004;743,156;807,059;860,055;874,049;894,070;922,222;965,059;1061,092;1186,041
024:0,003;134,158;139,027;146,063;202,035;299,059;301,071;306,058;326,216;486,051;542,059;564,066;570,036;596,034;613,036;714,049;731,004;748,026;863,078;866,040;874,049;894,070;910,063;941,058;957,223;1026,051;1040,205
025:0,003;139,027;146,063;189,043;202,035;293,063;306,127;323,202;564,066;573,205;589,043;596,034;613,036;714,049;748,026;860,055;869,211;894,070;924,143;941,058;948,030;965,059;1061,092
026:0,003;1,078;33,090;42,247;82,155;112,119;116,122;135,048;140,145;181,189;188,121;189,043;256,158;283,099;343,063;352,199;359,170;391,164;395,147;409,117;414,071;444,164;454,207;464,049;473,223;479,150;486,051;498,236;538,141;549,243;557,054;561,190;564,066;567,073;572,153;574,057;576,220;594,147;596,034;608,260;613,036;619,186;644,258;711,143;715,232;731,004;746,274;760,219;768,266;807,059;866,221;874,049;896,143;902,156;906,251;910,063;949,212;1006,143;1015,184;1026,051;1047,141;1152,149;1173,130;1176,268;1186,041;1199,258
027:0,003;139,027;146,063;193,215;306,058;331,257;414,071;451,057;486,051;542,059;567,073;570,036;596,034;613,036;714,049;731,004;748,026;860,055;872,165
028:0,003;134,271;146,063;189,043;202,035;293,063;306,058;329,100;542,059;564,066;574,057;589,043;596,034;623,128;714,049;731,004;743,133;860,055;866,040;874,049;901,222
029:0,003;33,090;141,213;179,218;189,043;220,187;264,198;291,093;295,113;301,071;316,044;334,260;343,063;359,144;361,074;371,225;373,226;383,084;386,121;399,060;419,135;422,199;434,268;451,057;486,051;489,186;499,150;564,066;567,073;574,057;591,197;596,034;608,260;613,036;640,116;645,161;683,123;698,251;704,148;714,049;731,004;738,105;753,191;783,270;807,059;849,148;858,083;866,221;874,049;900,233;910,063;959,105;1010,165;1032,231;1053,263;1064,197;1072,117;1074,110;1096,140;1126,227;1133,225;1161,124;1170,195;1186,041;1200,119
030:0,003;139,027;146,063;189,043;202,035;301,071;306,058;326,216;343,063;367,186;414,071;449,202;499,051;542,059;564,066;567,073;570,036;594,147;613,036;713,084;731,004;748,026;860,055;866,040;874,049;894,070;910,063;941,058;948,030;965,059;1059,100
031:0,004;32,046;51,048;60,031;80,217;92,073;151,057;167,072;181,032;217,045;218,225;235,057;254,042;295,165;531,056;570,041;647,252;1008,048;1019,138
032:0,004;33,122;60,031;72,052;115,224;125,215;150,159;157,218;167,072;168,199;177,144;217,045;223,056;246,114;250,104;390,072;398,092;438,200;446,190;453,057;477,089;484,262;488,104;501,056;511,214;519,174;523,265;531,056;567,071;590,063;596,077;606,270;611,206;691,072;737,051;744,185;851,059;923,181;1008,048;1014,057;1019,138;1027,275;1041,155;1065,030;1085,196;1099,275;1106,066;1122,148;1175,245;1193,263
033:0,004;4,127;32,046;55,160;92,073;151,057;167,072;168,199;222,123;744,165;824,046;836,087;1014,057;1027,140;1170,148
034:0,004;32,046;55,160;130,036;165,136;180,199;531,056;570,041;649,239;851,059;924,075;939,225;1000,053;1008,048;1027,140;1085,196
035:0,004;34,174;49,037;60,031;80,217;151,057;181,032;220,190;223,056;235,057;254,042;283,189;531,056;570,041;645,249;691,072;737,051;749,032;801,272;1001,149
036:0,004;25,179;32,046;40,253;49,037;70,112;71,095;92,073;130,036;149,103;165,136;167,072;173,107;176,145;184,256;196,188;570,041;639,175;689,170;691,072;735,164;737,051;739,240;742,155;749,032;753,259;777,038;801,272;851,059;907,173;931,265;938,088;939,225;960,165;975,134;984,177;991,099;1000,053;1002,164;1065,030;1085,268;1106,066;1131,202;1167,266;1183,206
037:0,004;4,127;32,046;43,262;49,037;71,095;92,073;104,056;117,121;130,036;161,025;165,166;192,155;201,128;217,045;218,225;223,056;235,057;283,189;295,165;299,067;306,143;356,223;367,246;387,155;390,072;396,205;409,123;441,199;511,214;540,026;541,161;570,041;591,092;596,077;630,214;635,094;639,211;685,206;691,072;744,165;749,032;798,131;803,223;804,134;810,041;836,087;866,113;871,263;875,267;882,250;890,148;907,173;963,187;1000,053;1001,149;1014,057;1033,125;1065,170;1091,125;1102,187;1104,143;1106,066;1140,146;1149,203;1166,269;1169,214;1183,239
038:0,004;32,046;57,241;87,102;217,045;223,056;235,057;254,042;281,245;390,072;409,104;737,051;749,032;804,134;851,059;933,155;1014,057;1025,084;1106,066;1131,202
039:0,004;32,046;40,253;49,037;60,031;87,102;92,073;142,272;151,057;167,072;181,032;217,045;220,190;254,042;297,105;749,032;798,131
040:0,004;34,174;60,031;71,136;155,162;165,166;167,072;177,144;181,032;222,123;223,056;243,163;253,071;281,245;297,105;336,227;374,138;390,072;396,205;399,105;449,266;554,087;570,041;639,211;645,249;647,252;691,072;715,148;717,245;719,243;737,051;761,057;763,255;798,043;804,177;824,230;835,242;846,046;849,123;854,116;865,075;867,180;881,182;910,181;920,263;947,203;960,156;962,240;981,097;1000,053;1005,242;1008,048;1021,187;1065,030;1093,095;1104,101;1129,177;1133,081;1140,141;1190,218;1194,269
041:0,005;6,089;14,064;107,074;139,120;162,026;205,057;225,034;294,223;680,153;751,174;852,031;884,056;915,039;968,044;993,245;1016,049;1037,264
042:0,005;3,204;14,064;19,123;25,004;36,225;105,115;107,074;129,179;132,061;137,218;139,120;148,209;153,069;158,040;171,260;341,238;348,164;353,204;365,200;375,052;415,121;502,026;518,221;524,053;547,119;549,047;571,141;573,226;582,104;590,066;605,176;626,138;630,077;677,272;691,035;696,126;705,078;709,174;763,040;771,244;784,230;819,108;827,146;838,189;843,255;846,054;857,249;871,032;876,099;884,056;905,161;1016,049;1037,264;1050,158
043:0,005;7,017;14,064;118,188;205,057;225,034;294,223;326,141;375,052;406,063;458,061;486,125;763,040;790,148;846,054;861,214
044:0,005;20,110;21,262;132,061;136,153;153,069;158,040;162,026;214,039;215,169;295,271;321,040;324,217;367,197;374,160;375,052;395,032;396,054;417,094;439,210;516,218;538,082;547,232;720,270;788,057;794,089;803,108;804,177;812,089;843,174;852,031;871,032;887,239;889,272;894,213;903,224;905,161;968,044;980,114;1016,049;1042,081;1054,227;1172,211;1180,213
045:0,005;6,089;14,064;107,074;132,061;153,069;162,026;223,099;225,034;297,115;375,052;406,063;458,061;486,125;877,270;884,056;915,039;955,235;968,044;1016,049;1042,081
046:0,005;14,064;113,141;375,052;406,063;458,061;502,026;518,221;524,053;549,047;582,153;590,066;604,090;763,040;774,214;949,158
047:0,005;8,113;524,053;549,047;578,174;582,153
048:0,005;8,113;107,074;136,153;158,040;205,057;225,034;297,115
049:0,005;11,158;14,064;58,019;62,107;111,094;113,141;132,061;137,134;158,040;162,026;189,038;191,165;205,057;243,271;280,242;353,161;375,052;383,270;406,063;457,124;458,061;480,175;502,026;513,129;520,087;524,053;544,087;549,047;573,226;588,232;604,090;763,040;774,214;792,191;794,089;846,054;852,031;867,148;871,032;877,270;884,056;914,269;915,039;947,239;1037,119;1043,168;1046,262;1086,214;1112,227;1114,085;1126,155;1135,187;1143,149;1151,275;1169,250;1192,203;1195,172
050:0,005;19,123;55,262;132,061;153,069;162,026;208,141;228,226;243,271;549,047;590,066;605,114;846,054;852,031;871,032;890,192;915,039;968,044;993,245
051:0,006;19,182;551,064;563,031;566,083
052:0,006;18,183;125,057;126,149;365,030;396,054;400,166;464,039;480,031;487,072;516,065;543,170;563,031;569,150;836,033;841,073;856,027;857,075;936,031;979,219;1189,056
053:0,006;22,257;125,057;129,079;396,054;397,176;487,072;516,065;546,274
054:0,006;5,258;43,249;65,230;189,138;190,154;201,191;215,029;260,153;261,226;317,081;354,036;356,187;361,035;365,030;400,166;440,132;480,031;482,221;487,072;510,132;549,115;551,064;562,045;592,220;646,033;656,109;659,266;674,156;681,190;764,274;816,177;828,033;846,125;982,109;985,077;1051,251;1099,054;1112,138;1185,126;1189,056;1198,254
055:0,006;18,183;857,075;936,031;982,109;1099,054;1125,132
056:0,006;19,182;175,265;329,027;365,030;391,194;396,054;440,132;646,033;656,109;828,033;841,073;856,027;857,075;953,124;969,026;979,219
057:0,006;17,179;129,079;316,044;329,027;361,035;372,128;456,062;464,039;480,031;487,072;516,065;551,064;563,031;572,257;841,073;856,027;857,075;936,031;976,225
058:0,006;5,258;86,049;98,217;119,150;121,186;125,057;175,265;284,191;316,044;329,027;361,035;377,274;395,032;406,116;414,003;423,200;432,100;440,037;452,196;464,039;489,066;493,137;503,052;516,065;540,083;563,031;572,257;646,033;654,115;655,272;658,245;817,191;834,262;847,169;859,046;869,188;878,210;909,218;925,177;930,148;936,031;969,026;985,038;987,059;1008,192;1019,049;1024,124;1034,172;1040,193;1045,275;1049,144;1059,203;1065,266;1070,045;1079,119;1093,168;1099,054;1107,088;1109,175;1159,055;1174,113;1189,056
059:0,006;17,179;22,257;117,240;125,057;138,225;160,140;230,169;253,190;316,044;329,027;361,035;365,030;391,194;396,054;397,176;413,224;415,212;464,039;472,131;480,031;487,115;493,137;540,083;551,064;566,083;646,033;649,057;659,266;793,119;821,154;828,033;845,106;856,027;866,113;936,031;969,026;985,077;1034,212;1038,225;1110,062;1143,057;1169,103;1189,056
060:0,006;19,155;198,140;239,182;329,027;363,268;678,183
061:0,007;26,104;229,107;575,059;657,227;1062,086
062:0,007;21,107;26,104;36,119;45,040;51,169;138,173;188,055;189,183;208,068;254,185;335,240;454,138;494,117;496,164;513,137;517,075;539,151;542,177;575,059;637,156;646,092;789,168;802,097;806,187;810,129;825,175;915,251;918,101;923,065;935,254;941,074;948,240;956,255;979,192;1038,214;1054,264;1133,140;1145,237;1155,273;1160,192
063:0,007;25,074;98,033;101,156;517,075;531,031;554,178;570,037;575,059;657,227;996,156;1169,251
064:0,007;25,074;101,240;565,112
065:0,007;25,074;101,240;107,178;509,189;811,209;923,065;935,254;941,074;991,246
066:0,007;36,119;98,033;107,035;157,248;193,236;228,215;251,226;254,185;305,037;308,270;309,183;317,110;378,220;381,233;385,113;389,178;456,161;476,076;489,066;502,268;517,075;531,031;549,143;570,037;573,183;575,059;606,197;626,168;646,248;682,055;686,221;763,040;768,175;884,145;910,097;923,065;930,257;941,074;973,102;992,212;1098,121;1106,144;1117,104;1147,255;1168,084;1193,116
067:0,007;25,074;47,124;1182,066
068:0,007;21,107;531,031;559,238;570,037;575,059;649,105;659,218;923,065;941,074;991,246
069:0,007;25,074;98,033;101,156;531,031;559,238;1024,086
070:0,007;25,074;98,033;107,178;156,173;570,037;575,059;637,156
071:0,008;11,026;34,036;60,195;177,039;211,121;451,064;489,066;494,048;514,085;709,040;730,249;811,061;875,195
072:0,008;19,188;65,115;69,218;80,068;92,269;105,228;138,240;146,157;150,224;151,050;162,124;168,110;174,039;200,159;255,075;289,197;291,036;350,103;352,201;388,150;395,035;438,106;446,257;451,064;463,219;483,189;489,066;494,048;499,261;576,086;582,031;591,063;601,089;690,275;701,234;709,040;726,088;773,068;780,233;792,182;795,116;811,061;881,049;883,234;885,180;918,158;951,072;963,103;973,055;985,035;988,054;1025,076;1073,143;1076,060;1088,208;1132,048;1160,192;1178,218
073:0,008;11,026;34,036;51,050;56,229;161,050;174,039;206,117;291,036;316,210;451,064;489,066;496,052;514,085;839,061;875,195;1132,048;1161,066
074:0,008;21,262;34,036;43,087;51,050;56,229;70,243;80,068;92,269;102,114;151,050;173,240;174,039;195,171;212,189;226,127;230,068;234,254;255,075;281,164;290,237;291,036;319,130;363,268;379,102;395,035;419,055;434,158;437,266;451,064;491,128;494,048;496,052;504,213;541,148;568,116;582,031;599,095;625,176;707,094;709,040;721,141;736,092;744,115;754,185;773,068;795,107;811,061;867,240;895,205;907,170;934,167;945,074;975,229;985,038;988,054;1008,275;1014,262;1023,146;1033,106;1058,076;1111,077;1132,211;1180,163
075:0,008;12,132;38,036;60,121;255,075;286,218;496,052;541,148;1161,066
076:0,008;11,026;34,036;60,195;151,050;174,039;206,117;395,035;451,064;489,066;496,052;539,127;582,031;599,270;725,193;773,068;796,257;951,072;973,055;985,038;1022,182
077:0,008;11,026;33,145;51,050;69,218;709,040;726,088
078:0,008;11,224;34,036;51,050;71,115;80,068;147,104;151,050;157,030;191,165;281,087;284,243;350,103;356,074;379,102;397,224;400,188;444,115;450,134;461,270;465,229;476,160;491,192;494,048;500,220;514,104;546,152;582,031;601,176;609,089;636,059;643,229;651,193;659,219;664,077;805,214;811,061;875,267;913,243;951,072;969,026;973,055;975,229;985,213;988,054;1033,106;1047,143;1055,114;1065,247;1079,193;1088,208;1132,048;1150,227;1161,066;1190,234
079:0,008;11,026;33,145;80,068;105,228;151,050;185,138;666,223;773,068;785,224;988,054;1023,146
080:0,008;11,224;34,036;70,243;80,068;102,114;338,243;951,072;973,055;985,038;1008,108;1161,066
081:0,009;4,028;35,070;58,065;68,040;103,050;122,070;153,025;176,065;216,195;289,061;308,060;419,074;470,055;484,232;555,061;589,053;593,160;910,037;922,033;961,198
082:0,009;4,028;38,141;101,040;103,050;122,070;153,025;176,065;216,195;274,038;289,061;308,060;419,074;470,055;478,056;521,145;922,033;962,062;1034,085
083:0,009;4,028;38,141;68,040;112,159;204,048;207,077;289,061;308,060;433,275
084:0,009;4,028;39,094;153,025;174,243;289,061;308,060;426,206;478,056;555,061;589,151;1153,071;1186,215
085:0,009;43,050;50,251;103,050;130,169;133,087;152,165;153,025;168,076;176,065;244,101;274,038;295,253;300,093;302,114;307,229;308,060;390,084;420,268;426,206;470,055;478,056;516,131;531,237;539,151;555,061;563,133;602,183;626,258;631,170;655,251;662,205;678,182;706,105;737,154;833,205;871,170;910,037;930,185;1029,269;1030,203;1034,085;1100,108;1101,071;1120,238;1129,165;1153,071;1178,267;1186,215;1187,165
086:0,009;4,028;19,236;35,070;58,065;68,040;112,159;122,070;153,025;183,266;442,204
087:0,009;4,028;35,070;58,065;68,040;103,050;122,070;153,025;173,226;176,065;183,266;419,074;470,055;481,239;510,204;733,100;779,094;844,237;910,037;922,033;962,062;1046,266
088:0,009;4,028;19,236;58,065;79,172;103,050;122,070;153,025;174,243;274,038;285,081;429,074;477,088;585,061;589,151
089:0,009;4,028;35,070;58,065;73,145;153,025;173,226;274,038;289,061;315,236;382,234;419,074;470,055;481,239;555,061;589,053;593,160;910,037;922,033;962,062;1028,206
090:0,009;5,122;35,070;45,192;76,149;79,172;103,050;108,028;116,245;152,242;153,025;160,177;173,263;176,065;207,077;274,038;285,081;289,061;307,229;308,060;316,124;327,092;365,045;382,078;400,127;470,055;477,088;478,056;523,065;535,201;555,061;587,255;589,053;591,127;593,066;597,147;611,214;622,264;692,274;707,189;712,069;735,247;749,270;754,127;774,101;787,223;855,153;856,167;868,268;880,094;884,103;910,037;922,165;925,095;945,238;959,031;961,198;962,062;1020,274;1026,051;1028,206;1153,071;1181,233
091:0,010;9,166;34,247;47,271;135,032;150,034;159,223;161,266;165,061;192,180;227,164;232,122;236,064;245,101;299,067;319,128;352,054;359,257;460,227;559,053;572,270;589,070;605,162;626,042;651,175;654,168;657,209;663,190;674,143;677,203;686,075;694,071;770,225;803,212;808,222;813,048;833,266;841,062;877,265;881,043;892,134;940,063;946,185;948,274;971,071;1033,089;1035,157;1091,116;1100,080;1139,062;1149,256;1160,170;1178,258;1180,247
092:0,010;34,247;36,225;38,044;39,233;82,064;94,085;96,119;130,219;138,151;187,158;194,063;224,027;227,201;236,064;251,094;253,248;261,246;288,238;431,216;439,270;451,257;455,200;458,048;473,237;564,089;570,135;571,264;626,042;648,045;655,132;694,071;705,176;712,026;716,073;735,123;813,048;826,132;837,275;843,097;881,043;882,133;895,056;903,114;926,027;932,228;949,250;971,071;1014,217;1027,177;1033,089
093:0,010;38,044;165,061;194,063;236,064;261,246;559,053;570,135;682,061;694,071;770,225;803,041;841,213;881,043;892,134
094:0,010;38,044;180,202;324,122;678,069;682,061;694,071;769,171
095:0,010;38,044;71,161;236,064;253,248;626,042;678,069;682,061;686,075;712,026;725,043;803,041;841,213
096:0,010;39,233;294,248;694,071;769,171;971,071;1070,030;1100,080
097:0,010;38,044;71,161;686,075;716,073;725,043;813,048;832,234;841,062;881,043;894,191
098:0,010;38,044;165,061;192,180;194,063;232,122;589,070;599,035;626,042;678,069;682,061;687,075;716,073;725,043;803,041;813,114
099:0,010;9,166;44,041;47,271;57,241;161,236;165,061;195,058;227,047;264,232;280,042;294,144;383,161;395,032;413,228;487,266;491,229;499,210;554,168;557,054;559,053;571,264;589,070;599,035;625,130;626,042;688,146;694,184;712,026;716,073;744,230;790,247;801,125;813,048;855,139;906,118;928,101;932,228;942,114;949,251;971,071;1012,171;1050,175;1114,245;1123,062;1149,256;1177,110;1198,092
100:0,010;38,044;165,061;194,063;227,164;557,054;564,089;599,035;626,042;678,069;682,061;686,075;712,026;725,043;803,041;841,062;878,252
101:0,011;35,051;125,045;131,013;149,055;200,150;342,066;399,258;615,029;668,240
102:0,011;35,051;125,045;131,013;149,055;195,045;217,125;228,061;286,212;942,116;1022,239;1110,062;1153,253
103:0,011;35,051;48,110;342,066;400,043;474,190;690,035;707,152;1025,240;1110,062;1176,212
104:0,011;40,112;125,045;131,013;150,196;387,047;400,043;445,047;479,042;493,178;592,029;670,048;690,035;707,152
105:0,011;35,051;131,013;149,055;195,045;228,061;286,196;342,066;400,043;445,047;479,042;490,069;590,063;592,029;670,048;694,249
106:0,011;35,051;125,045;131,013;149,055;195,045;229,131;400,043;445,047;479,042;490,069;592,029;666,265;670,048;690,035;711,118
107:0,011;35,051;125,045;131,013;149,055;200,150;490,069;590,063;605,127;1025,118
108:0,011;35,051;125,045;131,013;149,055;195,045;217,125;228,061;286,212;342,066;399,258;445,047;479,042;490,069;592,029;666,265
109:0,011;8,146;35,166;38,122;122,073;125,160;147,060;163,213;195,045;215,110;228,190;234,056;237,074;242,242;250,199;282,044;284,238;299,265;308,245;326,119;342,066;357,232;387,047;402,106;408,186;479,042;502,247;536,214;675,234;690,035;694,249;723,212;753,074;773,219;867,262;888,256;904,099;1002,185;1038,197;1044,077;1110,062;1174,035;1176,212;1196,162;1199,167
110:0,011;12,264;131,013;144,173;150,196;195,045;205,078;210,197;213,154;228,061;281,087;342,066;357,232;361,060;371,230;387,047;407,147;449,270;482,268;484,232;489,150;492,198;502,026;507,266;508,088;512,271;590,063;592,100;598,189;614,229;635,132;670,048;694,156;710,094;711,118;738,164;750,066;763,040;768,193;783,192;867,030;869,188;876,099;902,139;924,250;933,237;971,217;981,153;982,105;1045,152;1056,109;1068,268;1070,152;1096,155;1099,054;1109,134;1140,234;1153,253;1172,249
111:0,012;28,154;150,034;171,135;191,084;250,060;275,272;295,190;490,062;584,040;587,047;588,250
112:0,012;28,137;440,037;457,048;469,062;587,047;591,092;657,155;713,257;739,066;854,207;1101,071;1124,121
113:0,012;29,198;193,058;213,041;224,027;230,207;250,060;261,154;464,182
114:0,012;31,010;36,127;157,084;213,041;224,027;250,060;263,158;377,272;739,066;849,044;875,221
115:0,012;29,001;36,127;135,032;150,034;165,040;171,135;196,260;203,134;213,041;224,153;236,037;239,259;245,154;250,060;268,180;276,152;295,253;347,272;401,124;440,037;454,121;457,048;482,141;491,243;515,177;541,268;552,150;584,040;590,066;604,213;608,045;614,268;720,254;731,268;739,066;755,205;835,119;849,044;852,130;928,189;939,124;948,224;1013,109;1051,149;1072,189;1101,071;1125,132;1164,177
116:0,012;28,137;469,062;584,040;587,047;588,250;761,066;852,130;1101,071;1124,121
117:0,012;28,154;440,037;457,048;469,062;584,040;589,237
118:0,012;29,198;480,060;520,102;584,040;587,047;589,237;824,066;849,044;889,122
119:0,012;29,149;135,032;153,230;193,058;213,041;224,027;230,207;460,048;478,102;638,157;739,066;854,207
120:0,012;29,140;135,032;150,034;193,058;213,041;224,153;457,048;469,062;590,107;796,066;849,044;875,221
121:0,013;38,050;48,030;66,083;140,046;155,170;881,037;926,027;933,061;941,035;964,045;973,183;1048,123;1097,167
122:0,013;38,050;48,115;180,062;184,106;552,071;587,103;617,063;640,256;933,061;944,085;985,035;995,070;1042,066;1089,245;1099,046;1113,105
123:0,013;38,050;60,242;295,180;342,026;354,036;375,242;407,143;507,141;634,027;640,100;757,102;1043,239
124:0,013;8,264;17,144;72,072;95,189;101,072;144,157;180,062;191,171;193,058;221,196;241,037;244,229;259,219;271,229;279,092;282,270;296,078;354,036;374,220;382,232;436,039;466,128;512,061;524,266;525,139;542,192;551,270;552,071;598,202;617,063;634,027;646,198;666,145;733,117;738,144;744,084;752,238;761,169;765,083;780,275;806,046;815,120;822,046;823,080;835,150;872,265;873,222;881,037;912,226;916,256;933,061;936,110;941,035;944,085;995,070;1048,123;1075,125;1085,262;1125,082;1159,055;1183,200
125:0,013;38,050;48,030;66,083;85,063;101,072;140,046;162,259;180,038;185,143;876,078
126:0,013;38,050;48,030;65,219;72,072;85,063;110,189;225,180;512,061;528,098;626,063;640,256;812,143
127:0,013;38,230;72,072;85,063;101,072;140,046;158,130;649,057;656,078;926,027;933,061;941,035;948,260;964,045;985,035;995,070;1042,066;1099,046;1119,163;1159,055
128:0,013;48,115;65,219;72,072;84,168;110,189;123,209;140,046;168,229;175,191;180,038;181,032;194,143;296,070;298,108;315,037;319,198;342,026;344,080;354,036;369,193;375,242;436,039;442,167;446,130;502,128;512,061;517,075;519,119;541,145;544,180;552,071;587,103;625,155;629,273;634,027;643,169;649,057;656,078;666,081;670,078;685,048;691,102;815,120;829,154;881,037;911,035;912,226;933,061;938,251;940,044;941,035;945,257;964,045;969,120;995,070;1044,177;1064,223;1069,184;1082,252;1086,141;1092,076;1099,046;1101,122;1107,222;1114,127;1118,187;1131,252;1141,198;1145,051;1151,252;1154,077;1156,186;1183,200
129:0,013;17,144;38,230;48,030;60,242;72,072;88,168;95,189;101,072;175,136;180,038;184,106;236,254;260,089;279,057;294,235;298,108;342,026;344,080;350,180;354,036;369,193;376,158;436,039;442,167;531,112;544,255;552,071;575,069;605,162;610,168;617,063;634,228;795,157;805,270;818,035;831,274;843,112;874,239;881,037;883,158;926,027;927,120;940,044;941,035;946,173;951,119;957,131;961,189;964,045;969,120;985,035;991,243;1042,066;1082,167;1099,046;1113,105;1159,055;1171,124
130:0,013;50,251;61,129;63,027;84,168;85,063;101,072;104,227;153,063;155,170;174,233;180,038;189,193;258,072;260,089;335,197;342,026;352,235;354,036;380,227;465,028;482,141;512,061;525,139;565,137;574,152;589,053;596,148;598,202;617,063;634,027;645,187;649,057;666,081;868,056;874,231;881,037;904,163;908,139;936,110;940,044;941,035;948,260;955,257;964,081;1042,066;1075,125;1102,068;1144,108;1166,187;1175,198
131:0,014;21,151;131,073;137,043;182,064;191,201;775,189
132:0,014;17,197;476,269
133:0,014;18,029;135,229;233,065;267,040;436,086;441,061;469,043;476,269;490,086;562,045;571,245;707,209;962,067;999,065;1016,191;1021,247
134:0,014;18,029;131,073;137,043;182,064;225,075;233,065;267,040;436,086;1055,230
135:0,014;21,151;103,171;119,039;128,130;131,073;137,109;182,064;210,252;236,041;246,081;267,040;291,160;388,079;403,003;435,234;441,061;452,219;453,100;469,043;485,044;487,116;527,262;531,105;556,145;562,045;571,168;606,100;616,206;620,234;627,220;699,223;708,100;732,127;742,203;774,133;790,153;806,109;807,196;848,223;885,212;903,217;938,249;962,067;992,230;1129,189
136:0,014;17,197;18,029;128,130;137,043;182,064;225,075;233,065;267,040;441,061;460,255
137:0,014;28,244;137,109;151,030;168,072;169,225;182,064;191,201;217,045;227,058;229,256;287,053;290,258;312,162;375,196;378,223;403,052;450,134;477,206;526,199;556,270;562,045;577,089;609,251;636,141;648,224;649,255;685,124;686,209;698,212;712,069;742,129;753,165;780,078;787,118;843,154;926,235;927,187;942,143;947,163;962,067;975,156;979,130;981,101;985,161;986,269;999,065;1016,049;1035,100;1041,153;1053,126;1061,273;1073,134;1080,274;1114,153;1135,114;1149,116;1164,227;1196,192
138:0,014;17,208;225,075;233,065;267,040;435,155;441,061;469,043;470,209;712,069;742,203;940,209;1139,084
139:0,014;17,208;182,064;225,075;233,200;469,043;470,209;519,240;712,069;758,239;962,067;999,065;1035,100
140:0,014;18,029;131,073;137,043;182,064;225,075;233,065;270,084;418,040;435,155
141:0,015;39,243;44,069;73,191;96,057;123,060;156,029;169,033;185,093;367,071;392,034;454,091;670,135
142:0,015;44,069;66,028;71,052;74,060;96,057;123,060;156,029;173,109;220,129
143:0,015;42,256;156,029;169,033;186,234;322,056;367,071;389,078;460,217;498,091
144:0,015;45,162;123,060;165,204;322,056;367,071;392,034;460,217
145:0,015;45,162;322,056;367,071;392,034;434,116;449,070;453,062;465,044;486,101
146:0,015;42,256;221,233;449,070;453,062;465,044;492,074;507,127;645,217;844,129
147:0,015;44,069;66,028;71,052;74,060;96,057;123,060;165,204;449,070;453,062;465,044;492,074;498,100;695,135
148:0,015;39,243;66,028;71,052;74,060;96,057;123,060;156,029;169,033;186,234;453,062;484,262;1084,078;1117,217
149:0,015;44,069;71,052;73,191;956,091
150:0,015;11,158;74,060;98,235;130,083;167,127;169,033;182,071;185,093;199,040;207,129;316,145;322,056;374,146;392,034;430,141;437,261;439,104;449,070;454,091;465,044;486,101;492,074;514,206;520,246;547,098;558,129;588,082;595,124;603,178;610,244;693,266;700,269;730,263;736,148;738,204;742,243;743,107;793,037;804,178;818,256;834,192;841,073;850,231;856,156;859,219;882,238;895,168;913,183;961,260;993,272;1004,081;1008,168;1016,223;1106,189;1121,097;1179,068;1185,156
151:0,016;11,026;14,207;71,052;74,120;115,032;135,186;169,034;194,221;195,072;234,194;237,074;247,186;272,043;281,186;287,244;296,070;311,043;323,087;329,168;338,223;344,245;350,064;360,124;361,065;390,138;397,059;446,232;461,189;464,028;488,186;496,060;505,259;554,214;562,168;569,188;582,203;587,047;591,164;695,254;732,265;749,218;753,074;767,098;792,218;830,095;901,192;993,182;1005,224;1076,114;1105,119;1121,192;1128,152;1140,207
152:0,016;6,272;361,065;374,044;397,059;448,119;464,028;481,058;496,060;497,067;578,273;668,172
153:0,016;7,263;104,056;112,095;115,032;132,146;237,074;243,163;246,102;272,043;290,227;350,064;361,065;374,044;397,059;464,028;481,058;496,060;497,067;520,235
154:0,016;6,272;104,056;112,095;115,032;132,146;460,177;464,028;481,058;496,060;497,067;579,097
155:0,016;6,232;123,032;167,099;287,213;497,067;579,097;753,074;767,098
156:0,016;6,232;115,032;133,174;195,072;237,074;247,186;349,173;374,044;403,116
157:0,016;20,110;76,094;77,120;104,056;106,153;115,032;133,174;134,044;148,147;167,177;169,034;195,072;197,231;215,029;240,144;272,043;291,114;294,240;296,070;299,126;350,064;367,105;374,044;380,168;383,196;455,145;461,261;464,028;468,060;481,058;491,183;497,067;561,175;578,273;588,133;753,074;765,129;774,092;819,165;877,088;894,267;903,234;931,075;934,193;1004,095;1091,255;1120,124;1130,077;1178,267
158:0,016;7,263;249,213;652,220;694,235;921,098
159:0,016;6,193;169,034;195,072;249,213;272,043;287,244;296,070;316,172;980,235
160:0,016;6,193;195,072;237,074;246,102;350,064;361,065;374,044;397,059;448,119
161:0,017;8,146;92,063;119,233;153,197;172,215;184,110;192,141;208,078;213,041;214,165;263,131;266,114;290,186;291,052;292,102;300,057;306,263;342,202;356,074;357,265;367,069;391,098;397,194;404,037;405,082;415,028;419,270;426,049;432,160;442,229;456,008;469,252;559,053;564,162;572,040;576,217;578,052;579,206;615,041;620,203;648,082;673,154;702,043;716,268;817,086;827,074;849,044;871,146;977,250;1001,087;1007,126;1040,243;1057,245;1062,045;1071,053;1097,121;1101,089;1107,077;1120,112;1140,051;1179,088;1186,048;1191,162;1199,062
162:0,017;67,019;89,042;94,224;100,048;178,066;291,052;300,057;304,047;356,074;367,069;397,194;404,037;415,028;424,080;572,040;578,052;596,141;723,057;761,196;793,042;797,146;804,169;853,258;1102,068;1140,051;1171,125
163:0,017;67,019;86,043;94,224;291,052;300,057;304,047;356,074;367,069;404,037;420,138;426,049;442,229;702,043;714,223;793,042;809,203;1199,062
164:0,017;67,019;83,266;178,066;187,235;291,052;300,057;304,047;361,112;415,028;424,080;426,049;437,261;496,080;572,040;578,052;597,045;695,254;705,169;723,057;761,196;827,074;853,202;1074,053;1140,051;1186,048;1199,062
165:0,017;67,019;83,270;92,071;100,048;179,118;304,047;356,074;373,226;404,037;415,028;424,160;578,052;597,045;682,243;702,043;723,057;793,042;827,074;853,202;1062,045;1071,053;1102,068;1159,216
166:0,017;60,275;67,019;83,266;86,043;89,215;171,037;172,215;178,066;187,235;396,192;404,037;411,153;421,182;424,160;426,049;452,154;477,198;496,101;511,202;513,269;541,235;548,067;557,138;564,162;572,040;594,145;597,045;673,154;682,104;702,043;709,191;723,057;755,205;758,265;793,042;797,146;880,269;906,167;936,115;943,146;997,118;1007,204;1011,213;1057,119;1062,045;1071,053;1074,273;1120,149;1131,130;1140,051;1171,125;1176,080;1180,144;1186,048
167:0,017;86,043;92,071;100,048;178,066;291,052;300,057;304,047;361,094;367,069;396,192;793,042;802,247;1062,045;1074,130
168:0,017;67,019;83,270;300,057;304,047;361,112;597,045;643,169;827,074;853,258
169:0,017;67,019;86,043;92,071;100,048;178,066;291,052;300,057;304,047;357,265;597,045;697,157;1071,053;1102,068;1140,051;1186,048;1199,062
170:0,017;67,019;86,043;92,071;100,048;178,066;291,052;300,057;306,263
171:0,018;21,015;24,117;51,048;74,120;75,056;86,049;90,134;92,074;93,082;101,136;123,060;131,183;136,037;194,221;231,140;284,187;287,053;290,184;297,031;325,211;332,053;334,272;337,042;356,149;413,060;425,150;429,036;433,207;439,034;442,255;443,153;449,046;452,237;471,187;476,259;502,240;510,152;518,084;560,071;566,253;677,084;693,086;698,036;714,252;717,184;722,101;731,043;748,126;760,084;793,037;798,040;839,181;959,074;983,244;1013,101;1019,081;1031,112;1076,060;1097,269;1114,050;1115,104;1125,263;1160,078;1181,081;1200,058
172:0,018;33,214;75,056;86,049;93,150;128,107;136,037;172,097;182,071;190,048;223,118;225,066;236,230;238,273;261,078;297,031;311,043;325,211;347,145;352,048;433,191;439,034;442,145;449,046;476,259;501,058;510,152;551,210;584,223;589,070;596,244;603,195;606,148;633,219;638,182;651,122;735,104;775,252;790,026;796,078;797,269;798,040;818,035;829,177;842,066;843,062;868,056;876,081;919,144;931,212;954,134;962,262;983,244;1013,238;1048,197;1076,060;1084,224;1100,085;1102,112;1114,050;1121,239;1152,242;1160,168;1178,230
173:0,018;8,040;63,173;136,037;182,071;190,048;227,058;241,054;290,184;429,036;442,108;1039,209
174:0,018;12,063;29,102;75,056;90,134;215,029;227,058;236,230;241,054;286,125;395,032;411,054;429,036;442,255;491,108;586,234;612,108;746,234;798,040;823,126
175:0,018;8,040;59,128;136,037;189,038;190,048;227,058;241,054;286,125;352,048;439,034;471,187;1200,058
176:0,018;8,040;12,063;24,117;51,048;75,056;91,209;337,042;345,058;352,048;449,046;456,234;1200,058
177:0,018;8,040;59,128;215,029;227,058;241,054;286,224;297,031;318,176;345,058;352,048;439,034;442,145;501,058;518,084;1158,131
178:0,018;8,040;12,063;22,103;29,102;51,048;70,140;75,056;86,049;94,181;161,178;172,097;182,071;215,256;227,058;261,078;281,041;287,053;308,187;311,043;327,238;332,053;338,206;345,058;378,236;389,207;395,032;413,228;429,036;436,039;439,034;452,237;475,087;501,058;508,172;525,141;531,175;566,253;584,138;596,244;617,087;626,102;716,073;736,150;762,124;772,175;776,108;793,037;798,040;828,033;847,255;868,056;883,103;984,126;999,065;1005,242;1075,165;1076,060;1110,197;1114,050;1124,272;1152,249;1167,225;1187,203;1192,153;1195,216;1200,058
179:0,018;8,040;63,173;144,225;182,071;189,038;190,048;227,058;241,054;287,053;297,031;318,176;332,053;337,042;345,058;352,048;448,166;449,046;475,087;793,037;818,035;832,144;868,056;876,081;908,127;1114,050;1124,272
180:0,018;8,040;12,063;22,103;189,038;200,273;311,043;332,053;337,042;345,058;361,082;818,035;829,177;1195,275
181:0,019;60,223;258,072;334,163;354,053;425,033;436,031;453,008;466,013;483,047;512,224;541,055;560,096
182:0,019;31,250;32,046;35,129;62,238;69,091;165,058;173,257;196,049;200,070;211,149;229,037;262,273;264,066;269,085;286,195;329,093;337,053;365,045;397,046;410,204;413,242;419,055;436,039;456,078;477,029;483,047;504,051;510,227;514,020;571,184;578,219;613,137;746,046;748,138;752,117;757,262;767,114;773,068;780,117;808,268;895,128;930,043;935,089;964,067;982,216;996,263;1022,237;1036,070;1057,267;1132,048;1163,220;1165,062;1174,186
183:0,019;60,267;165,058;179,054;196,049;206,092;333,073;337,053;425,033;436,031;453,008;466,013;477,029;514,020;541,055;560,096
184:0,019;59,236;200,070;203,098;229,037;258,072;333,073;337,053;365,045;398,088;420,098;436,031;453,008;466,013;477,029;514,020;546,100;591,184
185:0,019;18,207;30,237;31,250;54,225;66,028;69,091;100,264;102,030;169,034;179,270;182,159;196,049;200,070;206,092;258,072;318,119;331,257;333,073;347,236;365,045;387,047;398,088;425,033;433,275;435,219;441,198;442,170;453,008;457,072;464,049;469,080;474,155;483,047;490,150;514,020;531,180;549,265;571,184;656,137;735,184;919,108;935,089;951,265;975,126;982,216;1065,030;1076,242;1112,152;1122,222
186:0,019;62,238;179,054;196,049;203,098;365,045;402,046;419,055;435,219;464,049;466,013;477,029;524,247;912,128
187:0,019;60,223;102,030;165,058;179,054;196,049;203,237;419,055;436,031;453,008;466,013;483,047;488,029;514,020;540,093
188:0,019;60,255;200,070;207,251;242,098;439,031;453,008;466,013;477,029;514,020;540,093
189:0,019;60,255;102,030;154,181;229,037;258,072;334,163;337,053;425,033;436,031;453,008;466,013;477,029;514,020;541,055;549,111
190:0,019;59,236;102,030;165,058;179,054;196,049;203,237;229,037;258,072;333,073;337,053;436,031;453,008;466,013;477,029;514,020;541,055;549,111
191:0,020;31,246;38,107;43,041;61,186;64,204;67,082;84,059;130,259;131,179;137,043;153,269;178,051;200,087;203,082;217,104;274,144;279,057;287,059;291,036;307,122;310,224;334,190;352,168;354,222;381,180;384,270;444,234;457,072;472,197;487,119;500,251;524,087;526,195;548,183;564,247;567,132;580,178;649,150;656,104;669,212;673,168;682,055;688,146;700,262;709,060;726,186;732,046;872,210;894,068;934,175;968,084;1006,130;1049,224;1096,203;1101,234;1117,250;1143,057;1159,234;1165,062;1166,068
192:0,020;37,126;279,057;281,041;287,059;327,045;330,070;352,054;496,193;732,046;872,048;899,236
193:0,020;39,076;84,059;130,259;178,051;206,068;231,219;258,094;287,059;323,251
194:0,020;43,041;66,147;153,269;178,051;227,241;279,057;295,103;330,070;354,222;457,072;469,174;732,046;872,048;899,236
195:0,020;37,126;281,041;287,059;327,045;330,070;352,054;451,157;682,055;700,116;709,060;726,186;1165,062;1166,068
196:0,020;3,237;31,246;43,041;64,204;66,147;84,059;122,140;162,171;164,128;175,057;177,275;204,197;206,068;239,274;255,075;274,144;299,067;304,047;323,251;330,070;344,224;352,054;395,226;414,210;419,175;451,157;456,177;457,072;471,261;476,094;492,074;496,193;514,020;526,195;617,116;626,235;647,203;682,055;692,255;709,060;725,071;735,164;777,123;780,119;787,204;803,245;894,068;934,175;1079,128;1107,242;1166,068
197:0,020;39,076;178,051;206,068;227,241;327,045;334,175;546,117
198:0,020;43,041;67,082;279,057;281,041;287,059;327,045;330,070;344,224;872,048;894,068;942,190;1143,057;1166,068
199:0,020;43,087;206,068;244,229;279,057;295,103;299,067;310,224;330,070;352,054;393,117;709,060;732,046;872,048;894,068;942,190;1143,057;1165,062;1166,068
200:0,020;43,249;84,059;139,094
