001:0,001;13,197;36,057;38,272;49,037;63,247;117,152;130,076;141,195;147,027;170,215;199,190;202,038;212,110;236,180;241,186;255,102;259,188;275,063;296,244;311,077;321,058;322,092;325,181;330,251;340,217;359,034;376,095;384,205;396,061;411,095;432,045;439,085;444,206;452,046;454,060;468,178;473,206;475,200;491,081;506,039;529,185;559,257;560,044;613,149;623,051;626,159;636,076;639,070;672,234;678,070;691,237;692,254;694,230;697,213;717,135;721,071;736,131;758,259;851,035;855,236;859,114;870,161;883,058;888,252;889,212;907,143;932,160;934,063;959,041;961,201;996,076;997,067;1014,103;1058,065;1062,201;1160,209;1168,045;1196,211
002:0,001;4,208;57,202;62,061;67,088;85,149;90,197;127,039;129,161;134,171;158,065;182,122;201,246;207,060;227,109;229,220;244,054;267,211;268,216;359,034;371,036;400,076;420,200;429,072;441,113;483,108;518,161;526,228;560,044;610,273;623,051;627,147;637,143;669,028;721,071;751,118;754,101;767,268;781,031;795,147;804,170;810,245;885,113;895,222;903,079;905,194;934,063;959,034;965,106;997,067;1015,215;1040,032;1058,244;1078,174;1194,240;1199,100
003:0,001;5,253;10,101;62,061;63,247;67,229;74,054;77,143;94,190;115,143;127,039;128,270;156,260;158,065;171,198;175,054;201,246;207,060;236,223;244,054;263,174;278,269;316,230;320,071;355,213;359,034;367,147;371,036;397,272;429,072;444,206;473,026;481,033;483,108;498,161;515,219;525,236;528,104;560,044;598,273;606,045;610,050;646,185;651,244;657,236;678,070;707,199;710,258;715,158;721,071;736,170;750,036;756,109;781,031;791,045;808,243;810,140;819,118;828,061;840,249;851,035;873,162;923,168;925,252;934,063;961,065;997,067;1007,102;1011,186;1015,215;1026,145;1031,116;1038,114;1040,032;1062,201;1111,217;1116,269;1121,252;1138,199;1143,052;1154,196;1168,045
004:0,001;5,253;13,201;58,057;59,226;62,061;91,126;107,130;128,270;130,258;175,088;191,172;192,052;199,190;227,109;263,174;267,127;275,063;294,051;298,150;321,058;322,040;324,174;343,127;348,258;356,039;365,145;369,173;371,036;400,176;441,113;442,194;448,264;452,046;468,256;476,267;486,213;582,269;597,163;669,028;715,158;721,071;758,259;762,227;766,100;781,031;791,045;803,179;818,194;828,061;842,053;857,031;858,231;879,045;885,113;915,058;924,164;947,050;954,144;959,041;973,150;997,067;1009,041;1018,213;1040,032;1044,119;1050,125;1058,065;1069,240;1076,229;1088,208;1097,256;1102,129;1105,229;1113,242;1135,149;1151,217;1169,232;1189,115
005:0,001;13,139;23,005;29,146;38,272;49,037;57,202;127,039;129,161;158,065;166,205;167,213;170,215;171,272;175,054;191,172;207,060;229,220;244,054;259,188;275,063;278,269;283,270;290,080;298,150;321,058;322,114;324,174;326,053;341,112;356,107;382,207;392,223;396,061;400,076;448,248;452,046;469,082;480,270;486,198;505,260;508,122;574,067;576,112;581,249;604,173;623,051;630,077;669,028;721,071;729,203;764,051;789,106;815,267;822,077;828,061;842,053;851,035;889,212;934,269;956,161;1009,041;1025,079;1096,138;1101,047;1119,186;1133,181;1154,196;1168,045;1195,184
006:0,001;11,130;49,037;62,061;74,054;85,149;175,054;190,120;359,034;384,205;452,046;476,267;560,044;597,114;639,070;669,028;678,070;697,213;721,071;764,080;842,053;888,252;952,231;959,041;970,183;1040,032;1058,065;1069,236;1168,045
007:0,001;12,184;62,061;67,088;202,038;207,060;236,180;321,058;322,092;396,061;411,143;858,231
008:0,001;13,201;29,146;53,101;74,054;77,143;207,060;241,186;244,054;268,216;275,063;283,270;371,036;391,154;396,061;411,143;623,051;627,147;781,031;803,179
009:0,001;10,101;12,184;49,037;54,144;59,226;62,061;67,229;74,054;94,190;158,065;171,272;202,038;204,235;261,125;296,244;326,053;348,258;429,072;459,030;473,156;512,087;529,185;639,070;657,272;669,028;721,071;756,109;764,080;778,093;781,031;791,045;810,245;817,070;822,077;842,053;883,182;928,212;934,063;956,161;973,150;988,168;1009,041;1013,234;1057,109;1058,065;1069,236;1087,221;1096,216;1117,193;1123,051;1132,258
010:0,001;11,130;127,039;134,171;639,070;669,028;678,070;721,071;729,203;791,045;810,201;828,061;851,035;860,185;934,063;959,041;984,116;1009,041;1018,213
011:0,002;41,036;55,164;114,070;207,051;226,037;285,059;316,067;322,146;477,063;516,073;690,075;736,041;743,054;764,051;812,045;955,157
012:0,002;44,263;207,051;226,037;285,059;316,067;322,261;341,239;588,073;690,075;736,041;743,054;764,051;812,045;916,042;934,273;956,037;1143,033
013:0,002;41,036;63,032;75,184;316,067;325,087;516,073;690,075;742,040;743,054;764,051;791,125;812,045;916,042;941,184;956,037;1143,033
014:0,002;45,156;107,070;207,051;226,037;292,059;322,197;477,063;516,073;690,075;736,041;743,054;764,051;812,045;945,211
015:0,002;41,219;63,032;70,070;206,239;285,059;316,067;322,261;743,054;764,051;812,045;956,037;1143,033
016:0,002;41,036;55,164;70,070;206,239;428,261;690,075;736,041;764,051;812,045;956,037;1176,160
017:0,002;41,036;63,032;75,184
018:0,002;41,036;63,032;70,070;207,051;226,037;285,059;316,067;329,200;736,041;755,141;1096,157
019:0,002;25,161;63,032;70,070;136,253;150,175;207,051;223,032;232,167;240,027;253,178;285,059;293,271;358,181;371,209;403,056;442,086;457,247;474,219;477,063;509,089;528,275;536,172;558,253;569,151;574,126;639,200;668,117;681,232;684,050;691,100;721,274;739,036;803,255;813,151;850,235;866,045;908,206;916,042;921,204;928,038;934,190;948,072;955,157;1028,160;1030,272;1038,222;1042,055;1048,181;1068,226;1105,172;1123,126;1131,239;1143,033;1170,097
020:0,002;41,219;226,037;285,059;316,067;322,146;477,063;516,073;690,075;736,041;743,054;791,125
021:0,003;3,223;27,046;33,197;35,078;41,198;51,104;122,070;125,236;165,071;179,015;183,261;286,043;290,055;296,108;393,114;404,158;439,085;493,066;509,031;579,206;584,272;586,057;599,138;608,117;622,225;646,028;664,177;665,162;669,074;690,183;713,052;739,036;812,134;813,040;851,195;857,093;877,191;884,122;892,059;908,209;921,149;959,082;962,175;974,155;1001,059;1011,121;1079,148;1094,119;1108,171;1110,072;1111,196;1144,242;1147,053;1162,026;1185,123
022:0,003;17,030;28,038;92,251;286,043;296,108;455,067;471,268;480,085;746,220
023:0,003;24,127;124,096;493,066;509,031;584,272;814,199
024:0,003;17,030;27,046;35,078;124,045;156,230;748,036;809,216
025:0,003;51,104;124,045;156,230;262,158;277,222;286,043;295,189;394,037;412,151;448,149;455,067;461,234;493,066;514,076;594,226;695,185;725,161;733,200;858,228;912,211;984,095;1011,121;1022,269;1130,134;1139,082;1150,200;1172,191
026:0,003;41,154;103,069;109,121;264,137;274,245;295,189;370,223;402,162;406,220;434,251;455,067;464,147;479,113;485,139;494,202;542,063;581,033;585,107;608,199;627,050;630,259;646,028;666,256;674,245;696,149;713,052;739,036;757,165;776,116;835,175;851,112;874,077;892,059;912,211;924,181;972,169;980,252;1013,223;1015,228;1036,149;1045,130;1064,167;1071,269;1087,160;1095,139;1099,270;1127,231;1156,270;1157,138;1160,272;1182,122;1186,208;1197,152
027:0,003;17,030;27,046;28,038;86,252;90,260;93,258;124,045;149,099;165,129;196,036;211,271;286,043;297,120;306,253;372,127;411,222;416,116;455,067;482,235;542,063;565,148;572,219;615,097;619,233;633,201;685,165;690,183;713,052;739,036;809,216;830,199;835,149;850,057;858,228;887,116;914,193;935,222;945,263;1017,047;1064,167;1066,121;1116,191;1119,112;1134,178;1168,127;1172,182;1191,224
028:0,003;17,030;27,046;41,198;493,066;509,031;586,057;608,199;818,200
029:0,003;17,030;24,127;28,038;93,258;124,045;160,236;509,031;586,057;633,201;646,028;660,207
030:0,003;17,030;28,038;92,251;542,063;572,219;586,057;619,233;713,052;776,116;892,059;920,100
031:0,004;22,085;112,063;161,033;196,066;214,268;489,054;497,064;508,067;625,035;633,075;649,074;676,100;915,073;962,047;1037,062;1042,069;1063,237
032:0,004;21,150;161,033;196,066;202,059;213,171;218,044;360,029;435,057;497,064;515,200;616,036;622,042;625,035;632,136;649,074;700,122;1042,069;1063,237
033:0,004;21,168;33,068;112,063;161,033;202,059;218,044;360,029;435,057;489,054;506,157;622,042;639,122;719,085;758,035;765,067;865,058;915,073;962,047;1037,062;1042,069;1077,093
034:0,004;24,107;33,068;112,063;161,033;202,059;214,268;221,027;315,069;357,254;435,057;497,064;508,067;625,035;632,136;1037,062;1045,171
035:0,004;26,159;161,033;196,066;208,050;221,027;315,069;357,254;385,029;445,168;616,036;622,042;625,035;633,193;765,067;865,058;915,073;962,047;1035,127
036:0,004;21,170;33,068;112,063;161,033;196,066;208,050;221,027;315,069;355,247;864,066;865,058;915,186
037:0,004;24,107;33,068;112,063;161,078;196,066;208,050;221,027;315,069;354,201;360,029;449,188;470,057;489,054;508,067;616,036;625,035;633,075;657,274;758,035;765,067;864,066;865,058;915,073;962,047;1037,062;1042,069;1077,141
038:0,004;21,170;154,063;161,078;218,044;377,211;415,029;445,168;765,067;864,066;865,058;915,186;962,047;1033,220
039:0,004;21,168;315,069;354,201;360,029;435,057;489,054;506,157;508,067;622,042;629,068;633,075;649,074;674,153
040:0,004;22,085;208,050;218,044;360,029;435,057;497,064;508,067;616,036;622,042;633,075;649,074;674,153;758,035;765,067;864,066;873,145
041:0,005;83,176;232,143;237,039;239,066;280,118
042:0,005;85,042;91,160;239,066;289,235;487,075;513,156
043:0,005;83,176;237,039;239,066;280,118;487,075;515,078
044:0,005;6,150;102,072;108,125;163,071;164,202;178,168;201,143;237,039;241,077;267,261;281,044;289,235;301,076;321,120;326,053;351,255;382,171;403,104;471,192;487,075;515,078;579,273;583,157;604,149;611,249;628,050;637,134;688,139;723,254;779,238;825,099;863,046;870,030;881,101;1040,122;1200,245
045:0,005;94,090
046:0,005;82,112
047:0,005;85,042;94,090
048:0,005;91,160
049:0,005;82,112;326,053;336,119
050:0,005;85,042;94,169
051:0,006;16,062;36,034;42,035;55,249;61,048;119,056;127,037;155,048;198,146;221,047;237,255;914,272;972,104;1060,074;1129,205
052:0,006;31,091;36,034;55,028;63,172;103,088;124,222;127,037;167,171;198,146;201,045;213,250;221,047;241,173;249,186;363,156;371,103;401,046;412,211;448,056;456,186;464,149;477,258;524,231;574,239;609,050;620,108;635,260;680,246;697,165;698,243;704,201;713,261;719,260;733,198;757,147;974,250;1012,179;1051,217;1060,074;1108,083;1128,077
053:0,006;15,114;42,035;52,029;61,048;119,056;127,037;155,048;172,081;620,108
054:0,006;16,062;36,034;52,029;61,048;119,056;127,037;155,048;171,104;201,045;219,106;401,046;439,238;663,173;1060,074;1175,248
055:0,006;15,114;119,056;135,142;155,048;171,104;1176,248
056:0,006;14,241;201,045;219,106;380,241
057:0,006;18,266;55,249;61,048;63,172;101,048;114,197;155,048;202,059;211,108;213,250;221,047;232,149;237,255;290,171;298,223;318,063;330,222;333,064;363,262;373,166;401,046;417,171;436,243;447,216;480,084;500,197;501,185;524,031;536,187;547,067;556,218;609,050;635,260;840,168;865,191;872,093;924,274;946,170;966,191;973,184;986,193;990,108;1055,200;1060,074;1128,077
058:0,006;14,137;16,062;36,034;42,035;52,029;61,048;127,037;155,048;173,093;371,238
059:0,006;16,062;36,034;49,142;201,045;221,047;241,173
060:0,006;14,241
061:0,007;13,167;41,077;57,063;67,152;200,053;240,207;378,149;389,084;390,109;551,224;590,240;612,072;646,185;701,162;712,230;721,244;749,218;816,275;823,047;834,172;846,166;852,184;870,236;882,030;889,269;950,108;973,232;975,125;995,143;1076,193;1144,160;1156,254;1183,092;1185,184;1193,217;1199,071
062:0,007;11,033;37,182;42,028;73,046;109,027;179,015;186,149;230,163;599,160;612,072;630,092;1150,053;1199,071
063:0,007;11,033;44,136;57,063;72,274;109,027;179,015;180,061;181,193;322,152;1199,071
064:0,007;11,033;21,054;42,028;44,136;73,046;109,027;179,015;180,061;186,152;612,072;630,092;807,254;858,059;882,030;883,130
065:0,007;11,033;42,028;73,046;109,027;179,015;180,061;182,229;840,106;858,059;880,128
066:0,007;11,033;41,077;57,063;84,248;139,190;155,038;170,210;179,015;185,124;200,053;249,010;274,068;293,180;318,262;331,235;340,241;359,200;364,132;372,135;422,069;433,076;436,115;513,044;526,209;550,042;551,224;565,192;612,072;623,093;633,193;643,075;646,192;752,100;761,101;791,078;828,184;849,191;858,059;873,189;882,030;883,130;910,093;941,235;1035,130;1037,037;1041,180;1080,125;1094,249;1141,054;1145,094;1199,071
067:0,007;14,113;21,054;42,028;73,046;109,027;179,015;180,061;181,193;200,053;254,099;858,059;882,030;888,253
068:0,007;11,033;21,054;42,028;73,046;115,147;180,061;182,229
069:0,007;11,033;37,182;179,015;180,061;186,149
070:0,007;11,033;21,054;57,063;72,274;200,053;274,245;358,207;594,240
071:0,008;27,031;53,050;56,023;79,163;193,044;202,093;230,089;274,068;296,249;434,075;440,056;487,254
072:0,008;27,031;53,050;56,023;80,238;380,249;454,060;473,197;573,056;585,054;603,089;849,054;856,098
073:0,008;27,031;56,023;79,163;89,074;146,058;147,038;167,066;192,052;193,044;199,264;313,066;422,069;434,075;440,056;499,131;849,054;855,181;950,052;958,116;1080,050;1130,250
074:0,008;27,031;61,193;79,031;81,123;89,074;152,216;156,040;162,187;167,066;170,210;185,037;187,195;192,027;221,047;227,223;267,153;274,068;296,249;313,066;317,165;322,163;333,180;336,138;403,098;409,125;506,039;527,181;530,221;532,027;553,155;571,254;577,073;582,269;585,054;588,181;766,194;779,118;792,065;798,197;849,054;856,098;892,156;906,175;950,052;958,116;967,254;994,047;995,214;1019,257;1044,109;1052,224;1058,115;1062,256;1080,050;1094,185;1109,257;1115,067;1123,100;1130,250;1168,246
075:0,008;27,031;56,023;78,108;88,035;89,074;147,038;162,187;206,069;244,253;313,066;433,126;585,054;603,089;950,052;957,115
076:0,008;47,221;53,050;76,183;80,238;88,035;105,068;121,034;134,269;142,124;146,058;156,159;192,027;193,044;197,089;207,240;313,066;336,138;419,160;434,075;443,256;454,060;457,270;499,131;532,027;553,155;610,087;616,175;681,085;708,118;747,234;778,156;786,108;798,197;849,054;855,181;857,199;871,188;909,255;915,100;924,263;950,052;957,115;1022,238;1066,170;1112,262;1160,140
077:0,008;27,031;56,023;81,123;88,035;89,074;146,058;147,038;167,066;192,027;206,069;241,098;440,056;506,039;532,027;556,051;573,076
078:0,008;27,031;53,050;56,023;78,108;146,058;147,038;167,066;192,052;193,044;199,264;556,051;573,056;585,054;616,175
079:0,008;27,031;53,050;56,023;78,081;192,052;206,069;241,098;274,068;313,066;422,069;434,075;440,056;492,042;506,039;532,027;556,051;573,056;585,054;599,264;1047,116
080:0,008;31,246;53,050;56,023;78,081;167,066;192,027;197,089;313,066;422,069;433,126;532,027;556,051;573,056;585,054;599,264
081:0,009;15,195;28,042;46,054;48,153;187,040;203,206;220,133;223,032;254,131;304,058;329,176;473,051;522,253;546,056;559,058;611,155;889,268;968,181
082:0,009;24,147;28,042;46,054;78,242;145,068;154,152;155,061;177,048;193,245;217,107;223,032;237,169;248,092;254,077;290,055;293,052;299,036;312,040;328,180;372,097;385,128;391,076;395,064;407,084;414,123;421,267;426,178;428,034;437,170;473,051;509,037;522,184;542,136;546,056;554,250;557,162;559,058;577,198;604,170;630,037;648,214;651,112;652,087;657,274;660,052;665,239;679,069;689,160;717,076;731,199;739,135;755,169;758,035;761,213;878,138;883,104;919,270;930,129;1007,272;1010,135;1015,125;1020,078;1039,174;1051,141;1059,128;1076,185;1139,150;1172,205;1187,094
083:0,009;9,227;21,196;52,029;59,195;70,023;85,042;86,252;108,062;121,190;125,182;126,271;145,068;147,107;155,061;177,048;182,202;193,245;206,218;218,202;223,032;238,048;262,274;290,055;293,082;299,036;337,272;338,074;346,192;350,067;351,105;356,039;369,154;377,126;390,038;391,076;395,064;405,257;411,049;416,052;421,267;444,200;446,031;449,186;466,091;509,037;515,163;524,082;559,058;595,129;611,155;656,246;660,052;674,185;679,069;686,258;721,222;725,218;761,213;774,170;776,030;797,027;804,268;807,097;840,216;843,201;923,076;933,228;1084,190;1096,077;1111,150;1121,221;1126,261;1135,246;1146,236;1183,135;1191,082
084:0,009;17,103;145,068;147,107;356,039;377,126;390,038;395,064;411,049;416,052;428,034;437,170;509,037;524,272;546,056;559,058;601,045;630,037;660,052;679,069;712,208
085:0,009;15,260;62,053;81,133;293,052;303,113;312,040;335,098;390,038;395,064;411,049;428,034;452,135;473,051;515,236;756,168
086:0,009;1,158;48,153;62,053;82,210;145,068;156,076;173,093;177,048;200,101;205,227;257,110;262,274;290,055;293,052;297,255;299,036;346,083;351,105;356,039;376,258;390,038;392,092;395,064;414,123;428,034;454,060;463,105;464,244;473,051;515,236;524,272;529,070;542,136;558,193;571,205;598,236;630,037;646,028;652,087;660,052;679,185;682,055;700,224;727,234;742,208;803,152;838,227;842,152;843,233;844,159;871,082;1071,081;1095,127;1145,095
087:0,009;9,227;17,103;28,042;70,080;81,133;155,061;177,048;187,040;199,141;254,131;290,055;293,052;303,190;328,154;330,061;364,259;411,049;416,052;424,093;428,034;458,082;463,105;499,077;509,037;516,135;546,056;558,193;563,065;571,205;605,172;610,081;633,160;642,263;651,152;657,087;672,250;674,255;679,069;682,259;683,222;692,226;712,208;718,112;728,034;763,047;766,093;770,275;772,214;796,028;826,266;973,162;1028,177;1031,055;1047,251;1050,122;1060,223;1065,097;1085,186;1102,160;1113,200;1119,115;1137,261;1168,028;1185,262
088:0,009;21,196;46,054;62,053;70,080;304,058;312,040;336,202;416,052;436,275;509,037;522,253;630,037;648,214
089:0,009;15,260;304,058;312,040;337,272;395,064;407,112;411,049;416,052;428,034;436,275
090:0,009;15,195;28,042;46,054;62,053;82,210;155,061;182,202;299,036;336,202;567,058;604,170;1075,275
091:0,010;42,062;111,084;776,032;779,232;1099,072;1165,028
092:0,010;20,071;71,126;123,068;167,202;173,170;184,153;189,064;196,054;207,196;221,198;222,083;240,058;268,186;277,174;285,113;317,064;338,232;350,145;351,161;398,137;406,154;441,077;508,216;534,239;543,096;555,156;566,128;574,184;610,067;629,162;647,095;690,110;776,032;789,031;795,210;879,071;945,179;948,191;951,068;953,159;958,143;967,139;970,183;974,269;1021,254;1045,060;1053,229;1060,095;1082,077;1088,253;1100,265;1108,261;1113,057;1137,186;1165,028;1187,197
093:0,010;20,071;42,062;123,068;139,056;187,031;194,166;776,032;787,233;923,071;951,068;966,227;989,261;1073,072;1155,064
094:0,010;20,071;42,062;111,084;139,056;187,031;189,064;197,065;317,064;351,161;707,166;1045,060;1073,072;1155,064
095:0,010;20,071;42,062;123,068;139,056;187,031;196,054;197,065;317,064;353,216;450,232;879,071;951,068;974,269;1045,060;1073,072;1155,064
096:0,010;20,071;45,275;197,065;325,134
097:0,010;20,071;42,062;123,068;139,056;189,064;196,054;197,065;317,064;338,232;539,161;879,071;951,068;989,261;1142,072;1155,064
098:0,010;20,071;42,062;126,087;189,064;229,095;1155,064;1165,028;1193,238
099:0,010;28,100;42,062;45,275;71,126;87,075;96,096;135,274;139,056;166,205;168,249;183,206;186,236;187,031;189,064;194,166;198,075;200,197;207,196;222,197;258,214;261,133;312,089;452,137;461,058;498,256;501,206;604,104;623,151;642,255;662,114;687,110;694,148;776,032;777,070;787,233;795,210;802,166;826,112;834,119;841,153;850,194;862,229;865,116;879,071;934,273;1008,250;1038,177;1039,079;1045,060;1069,051;1073,072;1140,098;1160,122;1165,028;1198,101
100:0,010;20,071;28,100;42,062;126,087;187,031;196,054;200,197;406,127;1073,072;1155,064
101:0,011;30,026;40,227;213,039;248,043;271,074;277,172;291,039;297,181;493,228;501,191;509,061;518,246;614,138
102:0,011;4,191;37,043;91,170;108,263;131,196;155,069;187,040;206,086;211,260;238,139;252,076;271,074;277,089;291,039;294,167;314,075;319,196;320,071;356,083;358,256;362,027;382,129;432,193;446,114;449,177;509,061;523,116;559,141;633,068;636,166;647,028;655,217;686,068;708,238;713,078;716,035;739,261;814,244;817,213;820,136;896,073;926,205;958,182;989,275;995,082;1004,033;1013,039;1019,251;1038,194;1047,226;1072,078;1073,152;1084,034;1095,051;1113,057;1140,054;1144,088;1162,190;1165,054;1166,139;1174,227;1190,256
103:0,011;30,026;50,220;73,035;96,040;98,034;142,224;155,069;176,182;213,039;248,043;271,074;291,039;297,181;320,071;350,067;360,071;362,027;380,067;449,177;1165,054
104:0,011;42,035;66,120;73,035;85,156;96,040;98,034;141,033;142,224;155,069;176,151;177,030;182,265;193,142;284,256;291,039;293,217;294,267;300,131;314,075;326,187;350,067;355,130;360,071;362,027;384,106;400,259;473,095;481,066;493,228;535,132;561,087;622,091;686,068;694,181;698,200;710,233;720,258;728,129;763,047;776,235;896,073;908,043;913,218;916,042;927,235;935,148;1013,039;1020,065;1021,142;1024,154;1043,144;1084,034;1091,092;1113,057;1149,203;1155,168;1165,054;1174,227;1175,194;1181,179
105:0,011;30,221;37,043;82,102;320,071;350,067;360,071;362,027;382,129;896,073;915,174;1085,104
106:0,011;4,191
107:0,011;30,026;40,227;98,034;124,240;213,039;248,043;271,074;277,172;314,075;326,187;350,067;362,027;380,067;445,138;686,068;716,035;763,047;765,263;928,138;1004,033;1024,154
108:0,011;24,257;30,026;37,043;73,035;81,202;88,198;93,168;96,040;98,034;131,196;155,069;171,120;177,030;178,206;182,265;192,205;201,222;203,243;213,039;234,214;248,043;267,102;294,167;314,075;339,171;357,271;380,067;456,091;470,058;492,236;509,061;515,176;523,192;540,150;559,252;716,035;726,245;763,047;765,263;779,209;812,223;832,162;847,119;858,175;866,245;896,073;915,174;980,129;998,112;1004,033;1013,039;1024,252;1146,048;1152,093;1164,216;1178,159;1189,091;1194,229
109:0,011;24,257;30,026;37,043;73,035;99,256;128,119;133,219;137,165;155,069;168,249;177,030;178,206;213,039;221,217;227,140;264,214;271,074;277,151;293,125;349,109;355,130;380,067;432,193;440,199;444,213;445,138;496,166;513,250;541,194;542,063;559,252;594,257;599,256;623,154;627,220;633,234;649,149;655,217;678,199;682,108;686,068;700,275;716,035;731,208;739,207;744,274;762,108;763,047;768,040;779,209;838,080;853,089;878,095;884,175;896,073;908,223;912,096;913,218;950,101;968,169;971,186;994,092;1004,033;1013,039;1047,226;1055,172;1061,112;1113,057;1138,164;1157,092;1165,054;1190,256;1195,140
110:0,011;30,221;96,040;124,240;165,151;171,120;177,030;199,158;213,039;221,217;493,051;509,061;518,246;1004,033;1039,171;1084,034;1113,057;1138,164
111:0,012;27,133;68,053;75,255;105,235;144,066;153,049;163,235;184,085;187,040;214,033;216,113;227,027;235,051;254,241;264,206;304,058;308,196;336,079;345,058;400,272;407,045;450,156;451,172;455,054;475,088;479,048;529,070;537,042;565,259;599,099;611,257;634,035;691,245;697,047;762,102;775,109;783,093;796,028;830,109;837,219;843,275;864,181;870,030;881,155;946,079;955,177;972,223;980,061;1004,194;1011,053;1041,212;1042,063;1069,167;1088,184;1098,182;1104,222;1139,078;1149,240;1162,038;1165,135;1174,052
112:0,012;24,057;67,222;455,054;478,273;529,070;546,267;823,047;830,109;969,208;1052,052;1162,038;1181,030
113:0,012;42,028;44,146;61,052;105,102;115,250;137,227;140,242;153,049;186,252;205,038;221,242;235,051;252,062;278,215;299,061;336,079;407,045;452,236;456,112;479,048;485,231;529,070;537,042;559,257;617,165;621,253;696,257;706,143;719,101;759,032;764,188;776,030;822,092;823,047;844,214;860,100;870,030;911,112;928,250;987,191;999,067;1012,165;1082,199;1112,118;1114,160;1129,174;1136,116;1149,171;1162,038;1168,074;1169,125;1177,171;1181,030
114:0,012;24,057;61,052;141,054;144,066;160,158;345,058;478,273;697,047;759,032;768,161;796,028;833,077;1011,053;1042,063;1052,052;1158,270;1181,030
115:0,012;24,057;61,052;144,066;153,049;205,038;207,048;260,162;335,038;345,058;479,048;548,160;556,033;634,035;697,047;759,032;776,030;808,126;980,061;1011,053;1042,063;1052,052;1162,038;1174,052
116:0,012;24,057;61,052;141,054;144,066;163,235;207,048;252,062;299,061;335,038;346,109;407,045;455,054;479,048;537,042;556,033;634,035;697,047;762,102
117:0,012;24,057;61,052;141,054;144,066;153,049;207,048;221,242;228,048;252,062;299,061;335,038;345,058;479,048;537,042;556,033;634,035;696,257;940,077;1011,053;1052,052;1162,038;1174,052
118:0,012;24,036;33,261;67,222;75,255;141,054;146,147;160,158;169,159;186,252;207,048;223,186;235,051;252,062;264,206;267,110;278,215;295,098;298,132;299,061;349,252;355,140;359,218;363,245;372,218;378,158;407,045;441,226;449,194;455,054;476,216;514,260;520,228;526,267;529,070;537,042;550,056;551,128;558,169;565,259;657,156;663,086;670,230;690,099;692,136;697,047;763,110;769,134;783,129;796,028;823,047;837,219;891,250;896,227;906,148;907,073;914,162;978,172;980,061;1021,139;1032,270;1034,144;1039,181;1040,143;1042,063;1063,242;1162,038;1174,076;1181,030
119:0,012;24,057;61,052;144,066;153,049;205,038;207,048;260,162;759,032;776,030;808,126;870,030;895,262;923,253;980,061;1004,194
120:0,012;28,042;33,261;61,052;141,054;144,066;153,049;205,038;207,048;252,062;299,061;335,038;345,058;479,048;537,042;556,033;649,097;1162,038;1174,052
121:0,013;13,049;81,199;87,075;97,186;191,035;222,156;486,080;502,059;503,270;609,050;642,198;741,272
122:0,013;13,049;70,194;356,110;659,037;661,179;670,026;676,268;875,272;885,049;913,066;940,135
123:0,013;31,239;50,159;62,243;81,199;87,075;97,186;141,033;165,129;182,028;192,236;208,214;280,044;283,212;289,156;307,193;322,064;330,149;347,245;374,156;448,070;463,080;479,194;492,127;502,059;514,148;517,204;556,081;568,193;601,226;609,050;642,198;670,026;680,101;722,243;825,100;840,179;844,188;885,049;898,072;908,190;911,074;913,066;954,140;958,172;963,065;965,085;1001,059;1015,265;1092,252;1097,217;1101,047;1105,132;1115,067;1136,109;1141,211;1152,190;1156,026;1162,184;1177,140;1186,035
124:0,013;13,049;67,152;70,194;913,066;958,172;1156,026;1186,035
125:0,013;13,167;31,239;35,044;41,154;81,076;87,075;90,110;93,089;146,204;182,028;185,037;218,114;222,156;240,058;249,192;298,252;302,074;305,213;502,059;518,249;555,031;557,121;626,119;633,135;652,191;659,037;664,259;667,136;670,135;682,240;684,050;694,106;717,150;730,108;737,052;745,150;812,084;823,104;849,160;854,233;863,127;885,049;897,269;907,233;995,127;1002,211;1005,134;1007,117;1105,132;1112,102;1135,224;1156,026;1185,190;1186,035
126:0,013;11,273;185,037;191,035;208,100;240,058;249,192;694,106;974,084
127:0,013;11,110;684,050;714,244
128:0,013;13,049;62,243;141,033;146,204;518,249;1101,047;1109,135;1115,067;1140,097;1186,035
129:0,013;11,110;87,075;89,271;141,033;146,198;158,150;182,028;185,037;190,120;191,035;208,214;213,206;240,058;252,227;283,212;290,206;330,110;332,064;343,178;370,033;408,178;413,099;463,080;500,093;502,059;515,165;518,243;528,204;572,095;609,050;620,232;627,230;637,150;639,240;649,150;659,037;661,179;670,026;675,170;682,245;684,050;694,243;738,052;744,162;885,049;888,265;913,066;933,072;940,135;965,085;1001,059;1009,142;1013,194;1036,119;1041,190;1060,126;1093,200;1101,047;1104,109;1115,067;1124,215;1156,026;1186,035
130:0,013;11,273;182,028;191,035;218,114;502,059;503,270;659,037;670,026;676,268;683,084
131:0,014;15,128;203,033;226,139;863,046;947,050;950,034;1022,055;1046,209;1073,036;1083,063;1116,089
132:0,014;16,210;21,039;24,147;86,041;89,071;93,089;94,263;100,092;141,170;229,035;243,155;252,113;259,180;262,082;272,209;283,271;310,044;339,169;346,219;357,236;385,192;390,244;397,160;403,056;431,134;445,163;450,107;453,206;538,209;549,050;552,087;556,178;582,139;614,226;621,268;675,150;750,119;752,096;770,267;784,049;786,155;793,050;862,170;877,210;1000,161;1028,037;1046,209;1049,207;1057,092;1083,063;1103,099;1126,216;1131,054;1143,033;1149,135;1155,216;1162,231
133:0,014;2,117;18,256;76,181;85,130;86,041;121,213;192,027;194,101;203,033;239,066;273,258;319,102;382,093;391,123;396,084;403,056;423,039;449,186;451,173;452,135;522,099;536,234;540,217;558,120;566,060;591,207;611,037;621,268;628,054;638,263;678,252;684,091;744,236;788,222;794,102;863,046;943,066;950,034;997,066;1027,118;1060,129;1065,193;1069,211;1073,036;1078,262;1080,050;1083,063;1103,139;1127,109;1131,054;1151,223;1158,251;1194,134;1197,197
134:0,014;18,256;566,060;611,037;628,054;649,222
135:0,014;14,113;21,039;35,195;191,132;549,118;566,060;611,037;628,054;643,224;699,128;997,066;1022,055;1060,129;1131,054;1152,109
136:0,014;21,039;32,257;423,039;450,107;606,083;611,037;628,054;643,224;943,066;950,034;1010,166;1133,054;1158,251
137:0,014;16,210;21,039;32,257;370,139;403,056;429,172;793,050;863,046;947,050;961,065;997,066;1030,076;1054,166;1083,063;1116,089
138:0,014;15,128;784,254;793,050;863,046;943,066;961,065;997,066;1022,055;1050,091
139:0,014;2,117;86,041;97,132;203,033;235,051;252,113;296,260;341,125;411,049;418,144;423,039;460,055;465,107;516,073;520,085;532,065;558,120;566,060;607,123;611,037;634,073;651,259;729,078;730,172;845,096;860,179;863,046;877,235;943,066;947,050;950,034;1001,059;1003,169;1022,055;1047,060;1050,234;1056,249;1067,272;1069,115;1073,036;1084,265;1111,129;1165,033
140:0,014;40,239;45,042;75,031;76,181;85,159;86,041;100,092;104,078;113,198;115,106;175,054;181,100;186,260;193,064;203,033;220,134;222,069;232,267;307,175;422,084;423,039;455,258;481,077;486,181;535,119;542,126;552,087;566,060;607,123;679,254;690,253;784,199;793,050;853,094;892,059;907,228;947,050;950,034;954,246;961,065;993,231;997,066;1022,200;1035,221;1050,091;1061,119;1077,181;1079,191;1098,239;1103,099;1104,170;1113,134;1118,119;1131,054;1142,221;1160,158;1169,123;1180,169;1183,100;1191,108;1192,138;1197,214
141:0,015;14,137;107,275;109,002;122,058;123,202;144,233;176,036;178,199;197,071;202,038;203,108;229,169;237,039;240,153;318,063;348,270;351,114;373,031;400,101;410,163;427,059;433,039;434,227;456,155;481,066;483,227;506,071;552,119;560,163;570,169;582,068;622,177;654,193;670,148;689,033;709,255;711,226;757,236;768,077;774,225;789,082;803,177;808,168;819,156;824,038;839,133;846,066;868,096;870,036;880,109;883,096;889,179;890,031;909,207;924,216;928,166;932,079;959,130;970,147;1022,054;1027,081;1099,159;1124,256;1145,174;1153,125;1159,118;1175,181;1182,082;1183,053
142:0,015;5,027;33,008;58,069;60,235;109,002;141,029;176,036;197,071;249,010;258,030;265,021;294,247;373,107;403,035;435,179;481,066;506,071;541,050;554,219;555,052;582,068;649,040;689,033;695,037;710,066;715,070;824,038;834,068;867,139;886,038;1022,054;1036,060;1042,049;1050,053;1099,159
143:0,015;5,027;33,008;58,069;109,002;141,029;190,100;223,125;282,029;299,074;316,147;506,071;541,050;549,052;584,243;689,033;695,037;715,070;834,068;867,139
144:0,015;5,027;33,008;60,235;102,069;109,002;141,140;176,036;197,071;249,010;258,030;265,021;294,247;338,033;373,031;403,035;427,059;431,254;541,050;549,052;582,068;649,040;689,033;695,037;710,066;715,070;824,038;834,068;870,036;886,038;1022,054;1036,060;1042,049;1050,053
145:0,015;44,204;58,069;69,083;89,175;109,002;144,233;176,036;206,069;223,125;249,010;253,120;265,021;282,029;297,243;338,033;375,272;379,200;389,119;400,101;411,103;427,059;428,034;438,117;446,031;449,150;470,207;481,066;487,075;506,071;539,164;582,068;590,240;591,096;619,121;694,243;695,037;734,175;755,141;757,165;776,032;779,119;785,149;791,194;808,191;824,038;845,251;870,036;890,129;939,095;945,130;953,199;984,220;989,268;1011,037;1023,163;1033,136;1035,177;1036,060;1037,163;1042,049;1050,053;1082,077;1113,232;1138,184;1145,094;1161,112;1172,253;1185,127;1187,112;1193,186
146:0,015;5,027;33,008;58,069;109,002;141,029;180,233;234,071;249,010;258,030;265,021;288,140;373,031;403,035;435,179;541,050;549,052;582,068;649,040;689,033;695,037;715,070;824,038;834,068;870,036;886,038;1022,054;1042,049;1050,053
147:0,015;5,027;33,008;58,069;109,002;141,029;176,036;197,071;249,010;258,030;265,021;282,029;299,074;311,077;446,031;449,150;681,121;695,037;710,066;728,138;824,038;845,251;886,038;1023,163;1042,049;1050,053
148:0,015;5,027;33,008;58,069;111,146;197,071;249,010;258,030;265,021;288,140;299,074;318,063;338,033;373,031;403,035;427,059;434,227;1050,053
149:0,015;5,027;33,008;58,069;109,002;141,029;180,233;245,071;258,030;265,021;282,029;299,074;316,147;318,063;338,033;373,031;403,035;446,031;456,155;549,052;582,068;649,040;689,033;695,037;715,070;720,239;1036,060;1042,049;1062,256;1136,037;1150,239
150:0,015;5,027;33,008;44,204;58,069;109,002;141,140;249,010;258,030;265,021;297,243;649,040;689,033;710,066;720,239
151:0,016;16,190;21,036;27,122;37,043;43,197;75,031;103,156;112,115;146,051;189,192;197,075;215,211;272,072;314,044;317,148;327,034;333,151;341,120;345,175;352,057;386,125;389,068;404,055;406,255;412,166;415,199;429,072;439,149;444,244;455,065;468,058;479,133;509,230;511,138;520,181;521,034;526,165;533,159;563,194;576,191;591,194;641,122;648,159;656,078;662,220;677,259;679,066;704,197;734,160;777,065;794,187;832,054;849,263;878,031;906,139;931,155;993,156;999,232;1011,130;1033,193;1050,073;1063,102;1074,160;1081,037;1085,091;1094,079;1184,199
152:0,016;21,036;35,044;38,041;53,175;156,040;177,243;197,075;225,123;404,055;413,250;939,114;1034,043;1050,073;1066,082
153:0,016;21,036;35,044;38,041;55,134;95,072;112,115;455,065;513,044;519,190;777,065;801,114
154:0,016;9,076;21,036;27,135;35,195;43,197;93,075;103,142;121,099;146,051;156,040;179,086;235,051;254,222;272,072;307,036;327,034;340,163;352,057;365,268;389,068;397,220;411,165;455,065;492,215;521,034;525,167;532,109;533,125;561,031;566,271;606,042;616,212;639,085;679,066;695,078;704,197;726,156;728,185;734,127;740,077;777,065;794,187;832,054;845,133;851,216;855,156;878,031;905,123;910,122;911,129;914,185;1079,052;1095,224;1112,209;1149,177
155:0,016;22,198;38,041;54,246;75,031;93,075;95,072;121,099;336,260;521,034;533,125;614,118;679,066;700,268;755,185;878,031;914,193;1095,224
156:0,016;21,036;27,135;38,041;53,175;75,031;93,075;95,072;105,120;146,051;162,083;389,068;404,055;411,165;679,066;728,185;832,054;865,268;1092,046;1112,209
157:0,016;21,036;27,122;197,075;225,123;327,034;352,057;389,068;404,055;415,199;455,065;492,215;513,044;519,190
158:0,016;21,036;35,044;38,041;54,246;93,075;105,120;156,040;177,243;272,072;317,148;981,246;1174,209
159:0,016;16,190;34,008;55,134;75,031;88,035;94,119;95,072;125,074;132,198;142,110;146,051;162,083;187,051;189,192;197,075;220,134;228,104;235,151;264,083;272,072;313,084;327,034;341,238;352,057;373,079;379,122;389,068;401,046;404,150;413,250;455,065;468,081;479,133;493,042;525,167;552,245;566,271;580,121;588,065;593,083;616,212;662,078;665,151;677,165;718,259;730,197;744,112;767,129;777,065;800,207;823,263;832,054;844,250;878,031;911,201;916,119;942,252;1031,216;1033,043;1050,073;1067,150;1097,221;1103,262;1108,213;1123,203;1138,185
160:0,016;9,076;352,057;379,122;521,034;533,159;977,240;1050,073;1067,150
161:0,017;16,116;389,046;394,037;406,071;460,055;474,114;833,031;872,274;878,251;1050,051;1173,133
162:0,017;18,231;400,097;652,041;671,082;755,027;833,031;859,043;920,040;950,043;1059,148;1077,232
163:0,017;18,185;473,026;476,042;526,065;658,034;755,027;833,031;859,043;920,040;971,203
164:0,017;16,097;406,071;455,217;640,041;658,034;766,093;859,043;940,072;950,043;1058,123;1160,148
165:0,017;18,231;455,059;460,055;473,026;489,234;755,027;833,031;872,274
166:0,017;16,116;389,046;394,037;406,071;455,059;460,055;473,026;476,042;537,245;679,247;862,125;920,040;970,274
167:0,017;18,234;389,046;406,071;455,059;473,026;476,042;526,065;640,041;658,034;781,143;833,031;859,043;920,040;950,043;1058,123
168:0,017;18,234;389,046;394,037;406,071;455,059;465,227;476,042;526,065;640,041;671,082;878,177;933,109
169:0,017;16,097;318,158;394,037;412,221
170:0,017;18,185;526,065;640,041;658,034;755,027;833,031;859,043;934,046;950,043;1059,148
171:0,018;2,151
172:0,018;6,225;385,262;868,225
173:0,018;5,124;122,058;127,094;866,151
174:0,018;7,262;293,124
175:0,018;6,225
176:0,018;6,178;122,058;127,094;792,178;1038,142
177:0,018;5,124
178:0,018;2,151;114,125;121,165;122,058;130,258;136,153;160,191;167,209;376,256;382,204;396,103;426,258;427,231;519,141;532,181;543,135;716,152;759,255;776,235;786,236;885,141;899,252;905,123;954,144;1006,147;1081,246;1087,145;1119,092;1183,125
179:0,018;6,178
180:0,018;7,262
181:0,019;41,072;81,058;97,051;121,034;127,058;141,073;153,047;167,161;255,053;267,143;323,059;325,248;459,030;469,027;516,096;898,072;911,074;918,182
182:0,019;20,171;42,068;62,189;86,127;97,164;101,060;117,035;127,058;145,263;153,047;162,072;163,071;171,043;181,084;187,051;197,140;201,064;215,190;224,158;255,053;267,213;271,033;287,159;294,051;316,270;323,059;330,195;383,272;387,096;411,031;443,076;448,070;458,270;459,030;469,027;477,266;557,049;580,217;598,222;608,141;613,084;626,063;630,196;632,045;645,067;674,110;689,048;696,188;703,159;712,135;757,201;780,175;785,250;787,073;827,189;898,072;911,074;921,240;922,244;925,254;933,072;949,121;955,098;986,117;989,142;998,109;1012,141;1022,168;1050,044;1062,271;1067,190;1082,129;1092,046;1094,205;1116,168;1121,196;1138,048;1157,158;1161,152;1180,092;1195,141
183:0,019;41,072;86,250;127,058;141,073;149,082;538,054;557,049;606,042;626,063;632,045;664,059;671,030;692,201;846,066;858,101;890,126
184:0,019;41,072;86,250;101,060;117,035;132,268;141,073;149,048;157,209;171,043;186,141;187,051;201,064;225,035;267,213;271,033;294,051;315,154;645,067;671,030;689,048;705,169;752,257;1180,061;1198,219
185:0,019;35,113;81,058;94,119;162,072;163,071;183,261;186,218;201,064;221,084;226,152;242,142;246,133;255,053;267,143;277,062;294,051;308,196;315,153;323,059;328,226;411,031;457,054;458,188;459,030;469,027;503,064;520,204;524,171;538,054;562,133;568,084;571,091;630,196;642,129;645,067;664,059;669,218;677,077;688,096;689,048;704,088;786,240;787,073;790,156;794,246;805,131;807,159;808,067;809,085;846,066;853,183;890,096;933,072;968,149;975,257;980,201;997,144;1050,044;1069,179;1092,046;1104,116;1115,207;1137,118;1147,253;1155,246;1161,161;1180,061;1196,133
186:0,019;41,072;81,058;97,051;117,035;121,253;163,071;172,205;201,064;225,035;262,252;469,027;516,096;538,054;557,049;614,220;803,270
187:0,019;42,120;97,051;117,035;131,135;140,058;141,073;149,048;162,072;167,161;249,218;344,093;632,045;664,059;671,030;681,073;689,048;702,028;740,223
188:0,019;35,113;42,120;62,189;81,058;97,051;100,108;101,060;117,035;135,263;140,041;141,268;145,178;149,048;153,047;168,048;172,205;186,141;201,064;225,035;255,053;266,096;271,033;296,128;309,156;323,059;344,087;355,096;382,163;404,232;411,031;451,119;455,258;456,148;459,030;469,027;513,044;514,160;538,054;571,091;578,256;582,151;597,218;605,150;606,042;626,063;639,109;671,030;676,227;689,048;696,188;846,066;850,182;889,078;896,082;900,136;906,249;917,122;921,106;933,072;949,121;980,061;986,117;1018,235;1050,044;1062,271;1067,213;1073,211;1092,046;1128,122;1138,048;1148,245;1180,061;1200,079
189:0,019;48,041;61,121;113,247;117,035;121,253;127,058;149,048;157,209;162,072;163,071;171,043;186,169;187,051;193,263;225,035;262,252;271,033;287,159;294,051;307,175;315,154;323,059;325,248;339,064;342,145;411,031;434,137;448,070;459,030;476,235;481,109;495,099;504,091;538,054;552,203;557,049;598,222;632,045;639,109;647,166;664,059;677,077;746,260;769,118;774,207;785,160;787,073;794,164;829,092;846,066;850,182;858,101;874,092;884,238;898,072;920,142;956,257;968,092;985,038;1028,112;1050,044;1061,222;1087,171;1091,270;1092,046;1118,272;1138,048;1161,161;1180,061
190:0,019;41,072;84,182;101,060;122,126;153,047;171,043;186,218;428,031;448,070;463,088;558,049;606,042;626,063;632,045;645,067;669,218;737,097;787,073;803,270;911,074;920,142;1138,048;1148,245
191:0,020;82,248;89,071;98,041;182,177;310,137;743,049;850,143;1030,051;1168,074
192:0,020;78,135;385,042;398,065;482,059;497,141;574,045;682,055;699,031;742,040;850,057;1005,065;1030,051;1168,074
193:0,020;13,139;60,221;64,076;78,135;89,071;101,127;137,092;316,268;330,081;337,198;338,074;366,169;376,045;385,042;391,041;409,116;417,096;429,033;497,141;506,035;529,173;545,095;554,239;556,173;562,107;574,045;610,086;679,147;697,138;703,172;714,177;717,192;743,049;845,260;850,057;863,046;870,121;888,043;891,079;943,129;947,193;958,262;986,135;1005,065;1027,224;1036,083;1084,034;1099,205;1142,222;1150,087;1178,236
194:0,020;79,111;96,137;376,045;385,042;398,065;429,033;502,257;506,035;539,256;719,194;743,049;850,057;1005,065;1035,267
195:0,020;78,106;128,127;376,045;385,042;398,065;429,033;482,059;506,035;533,226;548,244;574,045;682,055;699,031;742,040;876,131;1005,065;1030,051;1168,074
196:0,020;79,165;98,041;183,103;260,223;376,045;391,041;407,117;682,055;699,031;743,049;850,057;1005,065;1035,267
197:0,020;79,165;164,041;214,219;518,140;1168,074
198:0,020;79,111;89,071;98,041;183,103;391,041;398,065;429,033;482,059;506,035;533,226;599,137;742,040;850,057;1005,065;1030,051;1051,217
199:0,020;27,171;134,163;242,107;260,168;261,177;318,178;331,238;338,074;383,127;385,042;391,041;398,065;407,117;429,166;482,059;491,243;499,266;502,257;506,035;518,140;529,227;533,264;540,114;574,045;676,123;699,031;780,202;834,209;846,190;876,131;1007,222;1013,190;1022,127;1027,224;1053,082;1058,079;1061,074;1066,209;1080,050;1088,256;1091,172;1097,074;1117,249;1129,145;1147,033;1150,087;1159,159;1166,026;1169,264;1171,186;1174,115;1181,178
200:0,020;78,106;98,041;182,177;252,219;338,074;364,244;718,031;742,040;850,057;1005,065;1036,083;1128,051;1168,074
