001:0,001;34,145;158,064;213,052;224,195;228,041;247,098;498,049;508,245;560,102;642,037;688,064;708,028;765,030;798,099;877,060;902,074;956,116;997,029;1012,062;1043,157;1055,027;1075,040;1079,031;1171,058;1186,270
002:0,001;11,131;40,163;189,065;192,193;213,052;219,029;225,041;244,091;298,062;332,057;362,204;409,216;434,044;466,065;468,216;498,049;501,182;508,116;527,261;547,043;564,152;595,058;600,073;601,146;606,041;618,089;623,065;627,110;637,259;640,057;641,066;646,221;663,240;687,039;688,097;692,243;707,220;715,066;736,232;738,188;748,262;755,067;776,154;782,049;843,232;847,246;873,185;902,074;959,266;997,029;1031,101;1041,112;1049,259;1055,027;1068,185;1075,040;1089,191;1147,115;1151,123;1171,058;1180,275
003:0,001;33,045;50,255;114,064;213,052;224,195;225,041;242,248;526,044;547,043;567,248;606,041;615,029;623,065;641,066;642,037;688,064;708,028;715,066;738,188;782,049;848,060;892,188
004:0,001;20,259;33,045;46,223;87,075;88,152;101,135;110,060;122,170;185,219;272,029;304,243;318,051;319,189;351,080;355,269;400,076;425,091;443,216;445,072;459,088;468,216;498,049;509,261;512,028;517,272;522,121;526,044;547,266;584,212;595,058;600,073;612,135;619,173;623,065;637,259;640,057;645,168;685,264;688,064;697,195;708,028;755,107;756,161;761,160;763,225;765,030;779,197;782,049;833,090;848,060;888,260;892,108;902,074;954,130;959,266;1012,062;1033,137;1147,097;1170,143;1192,257;1200,205
005:0,001;33,045;56,177;87,075;110,060;114,064;218,126;219,029;225,041;247,098;298,062;319,189;615,029;623,065;642,037;688,097;1048,203;1055,027;1075,040;1079,031;1171,058;1181,103
006:0,001;29,129;35,131;547,043;563,267;688,064;708,028;755,067;765,030;795,060;847,246;870,169;902,074;956,116;997,029;1028,239;1059,137;1079,031;1173,058;1186,270
007:0,001;31,256;114,064;219,029;229,168;623,065;641,066;642,037;687,039;688,064;708,028;755,067;773,101;782,049;848,060;900,226;997,029;1012,062;1039,097;1075,040;1079,031;1171,058;1180,275
008:0,001;33,045;50,255;85,063;87,075;110,060;114,064;213,052;219,029;233,207;535,245;595,058;606,041;615,029;623,065;627,110;641,066;642,037;687,039;688,064;708,028;715,066;748,089;755,067;765,030;782,049;865,169
009:0,001;40,171;41,015;52,270;56,177;87,075;101,232;110,060;114,104;122,170;126,086;152,186;175,129;193,248;219,029;225,041;242,248;249,180;270,125;288,131;298,062;309,233;334,055;351,080;381,124;424,151;426,089;459,088;526,044;533,102;567,248;595,058;600,073;601,256;606,041;609,094;615,029;625,147;637,202;640,057;641,066;653,104;687,039;692,243;729,194;731,262;765,030;794,198;798,204;810,275;821,086;825,142;833,147;843,091;848,060;884,067;892,188;900,226;902,074;939,188;979,046;984,212;997,167;1009,237;1012,062;1029,202;1039,114;1055,027;1061,249;1075,040;1083,154;1131,264;1148,199;1153,122;1163,081;1178,247;1195,097
010:0,001;31,256;46,223;52,270;213,052;219,029;229,168;298,062;309,233;498,049;508,116;600,073;619,173;708,028;755,107;1061,249
011:0,002;71,046;75,061;84,036;121,029;129,052;143,228;372,042;376,052;413,237;427,028;433,067;462,265;1069,084
012:0,002;75,061;84,036;121,029;137,052;181,037;372,042;374,069;376,052;402,027;430,070;447,228;619,054;638,190
013:0,002;71,046;75,061;94,268
014:0,002;75,061;84,036;94,268;121,029;129,052;143,228;181,037;374,069;402,027;427,028;430,070;433,067;543,190;564,057;584,084
015:0,002;74,228;84,036;129,052;158,086;295,037;372,042;374,069;402,027;430,070;462,265
016:0,002;10,129;71,046;75,259;195,162;202,107;225,026;228,101;310,037;330,181;419,171;424,256;427,028;430,070;447,228;457,269;502,210;522,259;531,258;564,057;571,239;619,054;639,106;679,090;772,070;789,203;810,097;834,167;857,129;990,191;1012,169;1020,255;1025,264;1051,161;1063,050;1068,226;1069,064;1074,265;1177,202
017:0,002;71,046;74,228;75,061;84,036;121,029;129,052;181,037;372,042;374,069;376,052;402,027;433,067;547,041;563,185;569,057;584,084;1063,050;1074,121
018:0,002;10,129;23,263;50,232;104,007;108,222;110,168;118,137;121,029;129,052;185,199;199,161;228,101;250,072;252,119;263,111;274,248;280,183;297,151;305,192;343,030;351,122;355,159;383,111;392,253;413,237;418,253;424,179;427,028;430,070;454,152;456,114;471,078;547,041;562,093;564,057;571,239;582,094;583,081;619,054;633,148;809,037;816,182;822,151;826,093;851,241;854,244;865,067;889,121;899,165;926,207;947,213;973,085;976,086;1010,111;1013,256;1025,103;1031,085;1039,174;1063,050;1068,226;1089,151;1123,115;1134,119;1138,255;1144,061
019:0,002;71,046;75,061;84,036;121,029;129,052;158,086;254,031;280,183;374,069;376,052;402,027;430,070;433,067;547,041;564,057;586,036;619,054;679,090;749,268
020:0,002;75,061;98,215;129,052;181,037;372,042;376,052;402,027;433,067;543,190
021:0,003;7,055;11,024;104,007;109,267;166,055;167,037;174,070;203,043;208,100;280,071;346,213;797,055;979,058;1014,051;1057,039
022:0,003;7,055;11,024;112,079;167,037;174,070;203,043;212,031;265,020;270,055;305,069;365,057;383,028;384,247
023:0,003;7,055;11,024;104,007;112,079;115,055;167,037;183,259;194,250;203,043;208,100;979,058;1006,072;1014,051;1032,052;1060,224
024:0,003;7,055;11,024;104,007;115,055;174,070;203,043;212,031;265,020;270,055;305,069;343,207;365,057;383,028;384,247;786,071;797,055;979,058;999,155;1014,051;1032,052;1060,093
025:0,003;11,024;109,267;265,020;280,071;329,046;372,262;383,028;388,101;784,071;797,055;979,058;1006,072;1032,052;1057,039
026:0,003;7,055;17,257;24,023;40,094;160,041;162,112;167,037;174,060;194,250;203,043;220,083;235,133;249,182;265,020;272,272;305,069;329,046;365,057;388,101;413,226;435,076;440,274;477,092;498,137;503,272;510,123;534,189;538,089;547,207;583,272;631,196;641,166;647,162;657,122;717,167;779,140;784,071;791,102;949,232;997,272;1006,072;1009,105;1014,051;1026,212;1038,118;1057,039;1107,207;1131,205;1139,111;1159,169;1161,194;1174,079;1193,104
027:0,003;11,024;104,007;115,055;174,070;203,043;212,031;265,020;270,055;305,069;329,046;365,057;388,127;784,071;797,055;979,058;999,061;1006,072;1014,051;1032,052;1057,039
028:0,003;11,024;104,007;115,055;174,070;203,043;208,085;212,031;265,020;270,055;305,069;365,057;383,028;388,127;935,100;1069,213
029:0,003;7,055;11,024;104,007;114,097;168,037;174,070;203,043;208,085;265,020;280,071;329,046;372,262;629,070;784,071;797,055;979,058;999,155;1057,039
030:0,003;7,055;11,024;104,007;114,097;265,020;280,071;329,046;346,213
031:0,004;70,042;157,056;158,069;216,050;255,067;270,041;283,061;334,055;388,229
032:0,004;70,042;163,156;216,050;255,067;270,041;275,199
033:0,004;70,147;208,049;245,099
034:0,004;56,180;255,067;267,059;275,076;305,031;313,105
035:0,004;70,193;208,049;245,143;267,059;283,061;305,031;312,254;334,055;387,208;970,076
036:0,004;56,180;198,069;208,049;247,126;263,083;283,061;305,031;310,194;526,199;739,198
037:0,004;70,042;158,069;208,049;245,143;270,041;273,059;283,061;305,031;312,254;990,099
038:0,004;70,147;157,056;158,069;208,049;245,099;267,059;283,061;334,055;387,208
039:0,004;70,042;157,056;158,069;216,050;255,067;267,059;283,061;310,194
040:0,004;70,042;157,056;163,156;216,050;255,067;270,041;275,076
041:0,005;73,082;196,073;207,030;312,051;322,054;346,045;394,053;522,094;545,250;909,147
042:0,005;73,082
043:0,005;73,049;130,050;196,073;208,240;346,045;394,053;518,218
044:0,005;73,237;130,050;196,073;207,030;215,089
045:0,005;73,049;130,050;196,073;207,030;312,051;322,054;342,027;346,045;394,053;530,250
046:0,005;73,237;379,082;394,053;522,094;605,082
047:0,005;73,049;130,050;196,073;207,030;312,051;322,054;342,027;346,045;394,053;518,218;1039,250
048:0,005;73,049;130,050;180,258;322,054;342,027;346,045;401,138
049:0,005;85,086;130,050;196,073;207,030;215,089;312,051;342,027;346,045;401,138
050:0,005;85,086;93,049;130,050;180,258;207,030;312,051;325,147
051:0,006;26,153;38,036;53,046;64,189;79,053;108,155;169,045;251,107;258,065;269,271;431,046;461,121;659,182;680,033;708,037;717,068;757,054;832,157;1001,040;1007,039;1020,069;1139,071;1166,239
052:0,006;14,246;42,266;53,046;68,265;89,193;90,030;99,035;111,209;120,055;123,049;129,187;134,170;152,250;155,044;165,264;169,045;179,152;225,026;266,224;280,074;286,132;294,062;312,128;322,039;324,201;348,121;369,211;382,152;423,159;431,046;455,050;461,121;476,197;565,094;568,116;571,219;603,234;604,141;655,158;669,238;717,068;748,154;757,054;819,240;873,124;912,136;916,105;933,232;964,035;975,126;995,270;1002,109;1020,069;1021,243;1135,153;1139,071;1145,261;1154,066;1165,092;1169,066;1179,197;1187,166;1198,075
053:0,006;32,161;79,053;88,080;129,187;204,033;212,221;217,239;224,178;225,026;252,223;258,065;263,119;304,050;322,113;337,053;344,168;351,198;372,028;390,163;455,050;475,160;497,229;517,055;565,157;576,072;586,157;587,206;592,060;677,158;700,044;727,192;734,140;753,271;767,188;846,196;851,048;892,240;933,037;936,154;938,205;959,028;961,187;964,027;978,226;980,167;983,160;994,040;1007,039;1022,270;1048,239;1118,222;1139,071;1154,066;1157,045;1167,173;1193,046
054:0,006;28,195;53,046;77,242;79,053;101,248;204,033;215,071;218,246;225,026;249,174;258,056;269,271;286,132;298,068;304,050;322,053;327,240;359,065;369,094;372,028;384,172;390,163;428,241;431,046;476,197;486,123;491,143;495,200;507,038;509,094;517,055;537,172;557,055;571,219;575,221;592,060;676,105;697,210;700,044;737,076;792,077;803,051;814,111;823,156;841,051;852,094;862,054;873,124;888,085;903,035;924,213;947,256;959,028;967,142;982,195;1005,078;1007,039;1022,270;1026,130;1028,161;1043,077;1063,078;1069,064;1078,129;1101,088;1139,071;1154,066;1157,045;1169,066;1178,272;1200,264
055:0,006;28,164;38,036;42,266;52,132;53,046;64,189;79,053;125,222;225,026;237,263;251,107;256,258;260,173;298,068;304,050;313,110;322,039;324,201;342,148;366,199;372,028;378,236;431,046;455,050;463,103;516,088;539,238;540,203;548,196;557,055;569,137;571,268;572,242;576,072;590,194;595,094;626,210;643,240;678,221;680,033;700,044;708,037;734,140;836,038;846,214;851,048;899,109;903,035;932,074;934,110;991,215;994,040;1013,242;1075,249;1106,212;1120,185;1139,071;1154,066;1157,045;1169,066;1184,198;1193,046
056:0,006;26,104;38,036;47,231;196,148;204,033;217,239;225,026;258,065;266,224;851,048;906,164;1069,064;1106,212
057:0,006;26,153;38,036;47,231;169,045;249,165;286,071;298,068;304,050;322,039;329,221;359,065;369,094;517,055;542,081;557,055;576,072;592,060;680,033;702,044;738,085;757,054;832,157;836,038;851,048;903,035;933,037;959,028;964,035;982,195;994,040;1007,039;1020,069;1157,045;1178,272
058:0,006;51,037;52,132;204,033;221,183;236,170;249,165;258,065;260,173;272,030;295,268;303,157;304,050;310,148;312,128;322,039;330,121;334,227;359,065;362,151;370,225;372,028;373,079;401,174;431,046;455,050;464,033;476,083;543,215;558,226;565,157;571,126;581,067;587,206;597,135;607,111;647,042;655,158;708,037;710,262;717,068;744,274;749,029;753,271;832,229;836,038;843,155;846,214;851,048;903,035;922,121;933,037;942,273;947,182;964,035;995,270;1013,242;1019,123;1020,069;1049,149;1069,064;1078,129;1084,119;1110,133;1139,071;1145,261;1169,066;1173,049;1194,119
059:0,006;26,104;79,053;107,083;372,028;384,172;557,055;576,072;592,060;680,033;708,037;717,068;757,054;823,156;903,035;933,037;959,028;964,035;994,040;1020,069;1137,106
060:0,006;27,232;69,161;169,045;249,174;304,050;322,039;329,221;624,102;700,044;738,085;1020,069;1139,071;1167,173;1193,046
061:0,007;38,027;82,013;131,018;136,227;417,162;827,003;839,041;855,077;995,166
062:0,007;38,027;82,013;131,018;149,051;153,162;158,074;294,062;295,032;304,074;342,253;359,042;380,026;521,070;537,030;565,046;751,040;752,051;816,035;827,003;839,041;856,098
063:0,007;38,027;82,013;131,018;149,051;158,074;166,171;482,026;521,070;537,030;574,153;752,051;814,047;816,035;827,003;839,041;856,098
064:0,007;38,027;82,013;131,018;153,162;521,070;537,030;583,198;755,051;826,046;830,165
065:0,007;38,027;82,013;131,018;149,051;158,074;166,171;304,074;333,039;349,143;380,026;521,070;537,030;565,046;751,040;752,051;814,047;816,035;826,046;827,003;839,041;877,205
066:0,007;38,027;82,013;131,018;149,051;158,074;295,032;333,039;349,143;537,030;565,046;751,040;761,142
067:0,007;38,027;82,013;131,018;143,028;149,051;158,074;294,062;295,032;304,074;342,253;725,244;814,047;816,035;827,003;839,041;855,077
068:0,007;40,094;45,145;55,032;102,254;107,083;133,148;149,051;157,240;158,074;222,146;226,033;230,194;277,227;295,032;310,034;315,098;333,039;343,097;359,042;368,043;370,133;375,090;472,104;494,167;507,244;565,046;625,069;640,181;645,129;658,093;677,102;706,212;745,253;751,040;759,224;769,162;799,239;806,254;814,047;815,119;822,229;826,046;827,219;853,092;877,205;904,099;920,135;933,272;937,166;1048,100;1053,169;1056,187;1063,050;1070,090;1179,079
069:0,007;38,027;82,013;133,148;359,042;380,026;516,153;565,046;752,051;826,046;827,003;839,041;854,238
070:0,007;47,184;131,018;149,051;158,074;294,062;295,032;304,074;333,039;359,042;380,026;516,153;751,040;752,051;761,142;816,035;826,046;827,003;839,041;854,238
071:0,008;24,023;46,057;123,033;155,044;174,060;193,061;226,033;280,052;287,034;317,065;329,057;335,043;383,073;387,264;445,095
072:0,008;24,023;46,057;123,033;191,027;193,061;226,033;266,252;418,051;423,112
073:0,008;24,023;46,057;119,272;123,033;155,044;171,271;195,060;216,157;280,052;287,034;317,065;329,057;335,043;383,073;409,181
074:0,008;24,023;49,165;123,033;191,027;195,060;226,033;280,052;287,034;322,047;335,043;389,095;697,042;706,219
075:0,008;24,023;46,057;123,033;191,027;193,061;226,033;280,052;287,034;317,065;329,057;366,086;383,073;387,264
076:0,008;24,023;46,057;123,033;195,060;226,033;266,252;288,034;317,065;329,057;343,167
077:0,008;11,077;24,023;38,264;94,223;123,033;161,273;171,271;195,060;204,135;213,223;249,135;322,047;329,057;389,085;418,051;476,083;479,111;482,185;498,221;505,204;512,228;517,032;567,195;627,166;630,032;639,150;695,099;697,042;713,261;719,253;817,137;881,114;887,232;922,099;933,127;1008,074;1015,275;1065,197;1073,153;1151,078;1163,079;1167,185;1176,183
078:0,008;24,023;49,165;174,060;207,094;287,034;322,047;329,057;335,043;380,256;630,032;649,197
079:0,008;29,231;34,274;40,259;46,057;63,131;67,223;123,033;155,044;172,237;174,060;191,027;193,061;213,223;280,052;285,094;317,065;340,100;343,167;383,073;412,111;418,051;419,196;423,112;450,099;466,229;483,101;492,233;493,222;630,032;633,216;649,197;697,042;700,274;706,219;713,261;741,151;905,180;915,157;920,154;956,135;958,099;969,203;1109,219;1163,073;1175,088
080:0,008;11,077;24,023;42,155;106,159;183,147;193,061;207,094;216,157;226,033;285,026;292,208;322,047;329,057;380,256;383,073;389,095;409,026;416,269;418,051;424,141;426,126;433,200;440,259;535,083;564,089;601,189;630,032;641,182;657,112;697,042;704,191;745,235;762,254;785,135;795,126;804,171;820,078;825,117;827,003;841,115;891,207;905,202;912,074;920,154;931,161;938,252;944,060;954,130;991,068;995,185;1001,260;1029,105;1037,194;1062,196;1091,126;1116,079;1120,119;1131,166;1169,219
081:0,009;11,273;26,054;28,259;43,097;108,222;120,134;126,270;131,071;132,194;146,163;172,125;177,263;190,199;202,114;324,049;328,269;344,239;364,072;393,047;425,102;505,203;572,226;591,056;622,192;632,207;661,180;674,262;677,232;687,136;696,222;699,119;718,243;770,031;782,167;783,239;784,272;802,275;824,199;827,117;853,144;875,066;896,153;908,041;932,186;956,057;1016,142;1023,073;1026,212;1069,093;1085,235;1090,059;1099,046;1104,142;1118,151;1150,026;1163,073;1168,219;1169,264;1172,049;1175,075
082:0,009;11,273;97,073;158,072;324,049;335,132;770,031;784,200;854,107
083:0,009;5,113;52,273;64,015;76,252;157,225;158,072;165,079;178,170;249,094;273,238;323,072;335,132;341,228;345,029;356,191;364,072;365,238;467,264;500,028;581,215;605,126;612,221;684,130;707,209;770,031;783,239;834,102;841,093;875,066;883,144;932,186;956,057;1031,101;1087,086;1099,046;1110,133;1114,175;1161,255;1175,075
084:0,009;9,030;97,073;158,072;328,269;489,064;500,028;586,066;591,056;632,207
085:0,009;43,097;70,042;72,083;94,164;96,211;97,061;102,044;104,035;113,142;128,053;143,129;158,069;165,264;250,117;254,178;264,075;273,238;346,092;364,072;387,182;393,047;419,103;466,185;470,267;472,141;489,064;505,203;514,112;549,129;554,264;566,100;574,146;578,184;591,056;631,238;647,132;675,047;696,209;725,078;738,234;788,066;799,123;808,196;824,076;831,239;848,129;852,220;857,222;875,066;895,248;908,041;930,140;956,057;1012,251;1023,073;1081,081;1090,059;1099,046;1127,121;1136,069;1149,182;1170,188;1175,075
086:0,009;19,047;26,054;68,038;69,123;72,083;76,252;87,157;97,073;120,134;142,250;147,270;157,211;158,072;202,114;207,082;219,148;223,152;324,049;327,274;331,138;343,267;365,238;371,162;392,069;399,064;401,236;419,103;440,225;465,222;480,205;490,245;500,028;505,132;547,220;552,270;571,035;578,184;664,162;671,224;675,047;687,151;747,101;752,087;770,031;792,074;797,173;835,144;908,041;935,106;937,099;938,149;955,244;980,111;993,252;998,077;1004,223;1007,143;1012,251;1023,073;1067,085;1074,101;1081,081;1090,059;1100,192;1107,111;1119,068;1143,266;1167,261;1199,263
087:0,009;9,030;97,073;158,072;324,049;331,138;345,029;364,072;392,069;393,047;436,179;494,064;500,028;586,136;1187,207
088:0,009;5,113;9,030;34,274;158,072;340,220;345,029;361,274;364,072;392,069;393,047;442,026;489,064;500,028;591,056;631,238;675,047;690,167;705,181;1023,073;1082,079;1090,059;1099,046;1114,175
089:0,009;9,030;97,073;158,072;345,029;364,072;393,047;443,272;908,041;956,057;1023,073;1082,079;1175,075
090:0,009;9,030;97,073;158,072;344,239;392,069;393,047;431,196
091:0,010;12,250;48,031;75,125;131,059;143,028;167,107;207,164;269,159;1016,122;1078,068;1163,073;1180,201
092:0,010;24,210;34,225;48,031;71,168;130,242;131,059;154,220;178,159;294,180;298,271;306,174;319,268;334,245;343,055;399,256;403,131;422,176;426,221;458,125;493,252;559,274;568,167;586,136;641,234;744,209;748,154;806,047;819,240;839,272;855,256;867,191;946,121;964,229;976,105;997,029;1019,254;1025,109;1063,198;1078,068;1084,252;1108,141;1115,225;1142,112;1164,218;1172,066;1180,196;1189,181
093:0,010;13,075;25,061;48,031;75,125;1078,068;1163,073
094:0,010;12,250;154,096
095:0,010;13,075;26,054;34,225;497,159;1103,118;1163,073;1180,201
096:0,010;18,143;131,059;143,028;154,220;1078,215;1087,208
097:0,010;13,075;25,061;48,191;758,092;808,122
098:0,010;25,061;48,191;131,059;143,028;154,096
099:0,010;13,075;26,054;31,164;477,181;537,252
100:0,010;13,075;25,061;48,031;76,092;929,125
101:0,011;62,176;203,035;244,222;496,063;504,124;517,032;567,078;675,072;693,058;716,091;853,066;861,261;870,049;893,128
102:0,011;60,220;82,035;110,185;130,038;143,102;255,056;280,059;301,030;325,222;374,073;406,243;448,115;517,032;568,066;639,146;693,058;739,114
103:0,011;54,217;58,155;72,184;82,035;109,132;112,038;140,123;146,063;156,125;161,175;203,035;244,222;255,056;275,226;332,111;352,252;374,073;381,209;404,136;413,037;429,057;477,093;486,126;490,261;496,063;502,204;504,124;516,118;522,062;528,118;562,059;564,084;566,046;571,170;584,123;613,206;643,192;656,202;660,070;670,174;675,072;696,248;710,206;730,075;745,161;746,191;870,049;889,269;930,092;979,225;995,208;1008,074;1019,141;1033,254;1051,172;1061,089;1069,242;1081,198;1087,194;1108,104
104:0,011;60,230;82,035;121,247;275,226;429,057;448,115;568,066;675,072;693,058;733,110;941,092
105:0,011;60,230;92,035;110,185;146,063;166,102;320,237;375,176;429,057;469,207;568,066;620,195;853,066;870,049;893,128
106:0,011;62,176;413,037;443,244;517,032;567,078
107:0,011;86,264;93,236;94,024;115,055;124,141;126,028;140,123;146,063;161,175;203,035;240,224;245,129;255,056;281,085;368,204;374,073;386,034;406,243;413,037;429,057;443,070;449,251;580,275;693,058;710,206;733,110;745,161;853,066;870,049;877,166;889,273;988,053;1008,074;1011,151;1099,154;1129,129;1172,223
108:0,011;74,110;413,037;436,123;1008,074;1019,141
109:0,011;23,006;58,209;64,264;82,035;137,088;143,102;146,063;149,051;158,149;203,035;240,224;255,056;281,071;300,228;312,157;325,047;340,046;347,172;366,089;374,073;404,136;413,037;429,057;443,244;449,251;496,063;511,176;568,066;613,206;628,267;636,195;644,232;670,174;675,072;716,091;725,193;822,135;838,210;853,066;865,197;870,049;889,273;907,182;916,055;930,259;979,053;1002,225;1008,074;1011,151;1042,242;1066,100;1133,136
110:0,011;60,220;74,110;116,038;143,129;861,261;903,123
111:0,012;4,063;33,242;137,041;173,054;190,051;212,080;343,030;356,091;446,047;467,081;515,042;532,145;538,027;615,044;656,038;683,225;829,064;839,225
112:0,012;10,163;27,119;33,242;38,070;49,011;57,111;68,059;88,080;101,095;107,160;112,038;126,221;142,219;190,051;223,117;226,060;239,195;378,187;384,062;388,199;399,064;418,199;421,072;466,142;482,060;484,252;499,113;506,256;508,065;512,222;515,042;525,136;537,129;538,027;593,222;611,228;615,044;640,057;657,229;672,051;700,150;797,094;798,064;832,030;845,244;850,071;860,248;884,099;903,248;908,070;953,211;976,165;979,046;987,133;994,237;998,053;1002,114;1032,115;1043,207;1069,109;1079,059;1089,097;1127,107;1129,192;1150,026;1161,248
113:0,012;22,191;33,005;34,273;38,070;42,241;47,071;52,209;56,115;59,066;60,262;64,163;75,251;126,225;137,041;142,219;163,146;164,055;168,160;173,054;190,051;212,080;227,183;268,080;343,030;384,241;399,064;408,080;446,047;464,210;467,033;468,204;482,060;484,080;489,107;508,065;515,042;532,145;538,027;615,029;620,091;627,042;680,193;729,095;742,136;748,199;755,049;764,051;770,210;783,171;792,150;820,210;831,072;836,038;842,187;850,071;865,130;908,070;944,185;953,211;961,157;963,247;971,099;972,225;979,046;989,057;1015,204;1065,264;1070,221;1079,059;1102,109;1104,182;1105,174
114:0,012;4,063;38,070;47,071;52,209;112,038;137,041;171,172;261,038;330,081;384,062;394,272;466,142;482,060;491,238;522,062;538,027;627,042;672,051;713,228;765,100;776,225;845,121;850,071;865,130;908,070;965,228;1079,059;1106,081
115:0,012;4,063;42,241;47,071;56,115;68,059;94,068;112,038;137,041;173,054;190,051;226,060;249,136;285,038;330,081;598,027;620,091;672,051;705,026;713,121;979,046;994,174;1090,256
116:0,012;4,063;36,138;68,059;94,068;107,178;137,041;168,160;173,054;190,051;226,060;244,151;261,038;343,030;362,084;399,064;414,241;421,072;482,060;489,107;522,062;541,234;656,038;683,225;705,026;726,100;755,049;781,115
117:0,012;7,055;18,069;19,038;27,119;47,071;75,251;86,040;94,068;101,095;173,054;215,210;261,038;310,270;365,245;384,062;385,183;399,064;435,266;439,131;446,047;484,252;491,238;508,065;515,227;522,062;541,234;560,220;589,099;593,185;598,193;599,167;601,157;656,038;678,171;688,272;705,026;714,238;755,049;771,144;781,115;798,064;833,119;843,231;849,152;850,071;885,267;901,264;907,164;908,070;939,089;944,196;987,133;1005,100;1015,204;1024,049;1049,233;1077,242;1079,059;1095,090;1097,262;1106,081;1109,202;1149,142;1161,248;1173,157;1185,246;1192,121
118:0,012;14,246;22,191;35,014;36,138;47,071;51,160;57,111;68,059;107,160;112,038;126,221;171,172;181,270;190,051;194,181;337,162;341,141;356,091;362,084;373,179;384,062;385,183;389,147;394,272;399,064;403,216;446,047;453,242;461,139;522,062;547,194;564,177;615,044;637,126;656,038;691,144;713,121;755,049;763,064;770,210;798,064;843,231;848,224;858,155;906,254;923,119;936,115;979,046;994,174;1025,198;1049,233;1058,247;1071,133;1106,093;1137,229
119:0,012;10,163;47,071;48,104;190,051;226,060;244,151;508,065;522,062;538,027;615,044;627,042;672,051;705,026;713,228
120:0,012;6,260;20,063;38,070;47,071;51,160;94,068;107,178;259,119;261,038;337,144;406,272;421,072;468,204;798,064;842,187
121:0,013;16,229;26,146;37,032;82,113;86,040;110,179;116,037;121,057;137,045;150,269;194,211;196,256;206,045;207,111;222,032;225,188;342,147;359,073;370,217;374,214;393,237;412,113;446,033;477,027;486,059;517,055;532,165;574,057;580,135;587,073;613,183;618,166;619,256;629,189;667,116;690,067;705,102;800,219;803,051;820,176;827,220;841,125;874,076;877,172;883,068;894,168;896,261;1031,136;1068,142;1072,069;1075,126;1085,040;1095,106;1169,118;1177,170;1191,222
122:0,013;15,040;37,032;86,040;100,043;116,037;127,182
123:0,013;15,040;34,085;100,043;116,037;127,182;150,196;207,111;618,070;782,066;791,060;831,072;840,075;883,068;997,050;1017,072;1089,061
124:0,013;19,188;25,002;26,146;37,032;44,052;92,107;126,133;213,181;222,032;241,249;259,248;262,180;348,120;359,073;375,116;440,072;470,082;473,146;477,027;480,103;486,059;525,101;538,177;558,209;562,060;566,209;592,053;613,183;620,252;644,209;675,047;684,130;714,029;732,118;750,245;780,119;782,066;791,060;837,160;840,075;877,172;883,068;903,166;949,161;963,222;967,215;974,137;997,050;1013,133;1082,247;1089,061;1100,145;1102,239;1188,115;1197,264;1199,246
125:0,013;15,040;34,085;37,032;86,040;100,043;116,037;126,133;477,027;481,176;486,059;517,033;525,073;562,060;578,073;592,053;618,166;878,135
126:0,013;16,229;222,032;232,121;359,073;374,214;446,033;486,059;517,033;525,073;562,060;578,073;595,244;1031,181;1097,061
127:0,013;15,040;38,130;68,229;446,033;481,176;517,033;538,177;576,232;578,073;592,053;618,070;782,066;791,060;831,072;840,075;883,068;997,050;1017,072;1089,061;1100,145
128:0,013;15,040;34,078;82,113;578,073;592,053;618,070;791,060;831,072;840,075;883,068;997,050;1017,072;1085,040;1089,061
129:0,013;29,231;38,130;100,043;131,059;150,196;210,182;222,032;233,074;234,237;241,249;285,199;292,135;300,169;330,076;338,229;359,073;370,217;376,029;381,177;446,033;465,158;517,033;524,168;525,073;575,224;578,073;595,244;611,254;618,070;644,209;656,038;667,116;782,066;800,264;814,107;830,182;840,075;870,203;894,168;948,197;957,207;980,232;1024,115;1028,149;1042,199;1060,151;1069,087;1076,111;1085,040;1089,061;1091,234;1117,194;1121,228;1169,195;1182,135
130:0,013;15,040;34,078;477,027;486,059;517,033;525,073;562,060;580,135;883,068;1017,072;1085,040;1089,061
131:0,014;54,042;59,071;73,149;91,045;99,198;451,075;510,058;520,046;533,075;552,037;562,068;587,171
132:0,014;54,042;59,071;69,044;98,205;290,044;451,075;472,212;533,075;562,068;571,035;581,144;688,050;705,029;728,036;748,029;757,046;823,067;845,171
133:0,014;54,042;59,071;69,044;91,045;167,242;272,029;290,044;451,075;512,238;562,068;571,035;688,050;700,229;715,066;728,036;739,114;757,046;823,067;930,030;935,065;994,170
134:0,014;54,042;59,071;69,044;91,045;169,103;244,062;298,068;319,245;520,046;533,075;552,037;562,068;571,035;688,050;696,056;705,029;728,036;733,031;748,029;757,046;828,127;841,051;859,149;930,030;935,065;994,170;1137,039;1156,217
135:0,014;54,042;59,071;69,044;91,045;244,062;290,044;451,075;516,175;533,075;552,037;562,068;571,035;696,056;705,029;733,031;748,029;757,046;823,067;933,271
136:0,014;59,071;69,044;91,045;167,242;552,037;571,035;688,050;702,160;769,046;841,051;859,149
137:0,014;56,183;59,071;69,044;99,198;244,062;290,044;451,075;510,058;520,046;533,075;552,037;571,035;581,144;696,056;702,160;728,036;740,263;748,029;767,255;823,067;930,030;935,065;976,087
138:0,014;56,183;69,044;91,045;98,205;272,029;290,044;451,075;510,058;520,046;533,075;552,037;571,035;587,171;589,035;696,056;705,029;733,031;748,029;757,046;823,067;930,030;940,217
139:0,014;54,066;73,149;91,045;101,135;261,263;272,029;292,208;299,179;331,046;340,151;353,160;380,091;382,099;400,144;498,268;508,176;510,058;514,256;520,046;557,197;562,068;580,253;582,054;596,229;602,248;610,194;627,111;687,132;705,029;715,139;728,036;733,031;758,139;805,114;807,213;827,114;834,109;841,051;868,157;872,200;893,139;898,097;903,139;910,041;917,216;935,232;940,217;995,061;1007,039;1022,257;1117,097
140:0,014;54,042;59,071;69,044;91,045;169,103;244,062;284,242;306,044;472,212;824,271
141:0,015;85,063;104,109;830,161;1066,067;1082,068
142:0,015;29,126;40,011;49,135;90,030;92,122;93,141;123,161;200,060;210,097;231,191;237,148;248,108;354,240;454,122;519,120;523,215;537,030;545,264;552,121;564,210;572,245;615,104;629,099;657,119;698,248;801,139;960,065;985,221;1021,144;1027,078;1032,222;1065,130;1082,068;1088,232;1105,135;1126,183;1156,264;1162,083;1166,197;1171,199;1193,265;1200,088
143:0,015;84,257
144:0,015;84,202
145:0,015;83,137;979,053;1066,067;1096,254
146:0,015;85,063;92,122;981,235
147:0,015;29,126;979,053;1066,067;1126,183
148:0,015;84,202;187,257;979,053;1066,067;1082,068;1162,083
149:0,015;84,257;104,109;1082,068;1088,232
150:0,015;83,137;85,063;93,141;388,240;623,215
151:0,016;1,237;9,071;57,254;91,075;93,208;131,029;152,078;156,101;205,264;227,181;240,193;266,129;283,036;291,179;292,152;305,227;318,033;332,263;339,211;349,039;350,251;359,065;368,083;371,197;384,035;395,070;446,261;529,031;540,048;547,041;552,205;588,061;635,214;665,039;692,245;709,207;723,139;730,150;732,246;740,094;767,067;768,081;776,260;805,031;816,052;822,133;838,092;847,136;851,221;874,070;884,172;947,203;964,220;966,205;982,180;992,110;1003,153;1038,243;1047,202;1076,174;1107,136;1122,149;1125,123;1130,081;1139,038;1175,102
152:0,016;18,237;70,042;75,186;91,075;107,218;131,029;148,137;152,157;160,083;168,166;194,268;273,054;288,250;310,062;316,184;320,215;337,187;350,251;356,182;384,035;395,070;402,143;412,099;419,238;428,110;433,267;451,227;522,167;524,152;529,031;539,250;540,048;547,043;563,079;588,061;629,134;645,043;665,039;679,076;683,166;687,061;776,260;816,052;838,085;845,114;846,195;874,070;884,172;892,119;900,072;911,259;922,103;934,102;1043,270;1055,111;1072,095;1082,133;1084,137;1131,103;1175,102
153:0,016;9,071;22,029;51,037;57,033;104,071;273,054;283,036;310,035;318,033;328,124;349,039;370,216;395,070;412,192;417,187;529,031;540,048;570,275;588,061;641,070;645,043;665,039;687,061;767,067;768,081;834,066;851,221;1139,038;1179,133
154:0,016;17,257;22,029;57,033;91,075;104,071;273,054;283,036;310,035;337,187;588,061;635,214;814,047;816,052;834,066;862,176;1017,143;1127,259;1172,049;1179,133
155:0,016;9,071;22,029;51,037;57,033;88,209;91,075;104,071;273,054;283,036;310,035;318,033;330,241;687,061;767,067;805,031;824,143
156:0,016;9,071;22,029;51,037;70,211;273,054;289,144;349,039;371,197;384,035;399,119;1200,143
157:0,016;1,237;9,071;32,233;75,186;104,071;131,168;193,061;235,026;240,193;275,199;283,036;289,144;310,062;316,184;318,033;337,191;348,162;349,039;366,253;370,216;384,035;401,209;506,254;518,078;529,031;540,048;567,160;586,157;617,240;645,043;665,039;682,165;687,061;740,094;816,052;822,133;834,066;892,219;900,072;912,226;921,202;929,203;978,130;1081,126;1101,165;1107,232;1139,038;1172,049;1176,225;1181,273
158:0,016;9,071;39,112;57,254;104,092;107,218;131,029;159,052;168,166;283,036;301,203;310,035;328,124;384,035;395,070;408,227;491,098;498,158;522,224;529,031;540,048;563,082;570,275;579,241;635,076;645,043;671,151;687,061;779,166;793,193;805,031;824,087;834,066;845,076;846,109;858,228;862,176;868,263;874,151;877,165;885,155;887,143;900,072;929,203;938,143;947,142;948,144;956,164;978,273;1008,225;1013,102;1038,220;1046,142;1058,165;1083,226;1109,181;1139,038;1172,049;1181,273
159:0,016;9,071;38,107;104,071;273,054;283,036;310,035;339,211;767,067;768,118;900,072;911,259
160:0,016;9,071;32,233;51,037;57,033;91,075;93,208;131,029;153,169;310,035;339,152;540,048;576,232;805,031;824,143;874,070;900,072;922,103
161:0,017;10,263;39,101;163,179;456,036;467,258;625,069;631,074;829,153;1076,051;1199,091
162:0,017;8,047;48,262;305,120;456,036;477,090;575,036;625,069;652,111
163:0,017;5,272;89,181;204,267;575,036;616,180;1082,089
164:0,017;8,047;45,088;79,026;102,074;138,036;189,065;197,115;296,041;310,147;334,067;399,040;410,185
165:0,017;10,030;21,217;131,172;138,036;162,253;189,065;192,075;198,241;205,058;253,250;296,041;311,152;321,051;323,256;334,067;362,129;378,237;399,040;431,196;446,139;466,233;467,258;486,262;494,129;524,119;532,055;542,027;543,098;575,036;616,180;631,074;817,273;837,185;841,054;849,241;891,225;899,262;924,033;928,188;935,065;975,247;995,061;1011,196;1014,049;1088,129;1168,125;1199,168
166:0,017;35,002;45,088;63,115;68,038;70,221;79,026;89,181;102,074;132,194;138,036;192,081;226,085;238,072;245,159;251,068;272,272;292,258;296,041;313,105;320,078;323,256;334,067;356,188;358,186;450,119;455,202;456,036;461,202;467,027;492,164;519,042;523,182;539,197;543,098;575,036;626,220;631,074;734,219;738,214;746,219;761,108;783,122;796,215;817,273;829,153;841,054;934,199;937,160;953,103;995,061;1008,060;1017,104;1064,217;1076,118;1089,239;1101,112;1119,203;1131,090;1139,145;1156,215;1192,083
167:0,017;8,047;39,101;68,038;79,026;93,179;189,065;192,075;205,058;257,274;631,074;841,054;924,033;939,234;1008,060;1014,049;1076,051;1199,091
168:0,017;2,081;8,047;35,179;79,026;93,179;102,074;131,172;138,036;190,206;192,075;212,221;251,068;263,133;268,192;275,215;296,041;305,120;334,067;356,188;394,256;398,258;399,040;418,200;456,036;477,090;564,057;580,100;588,264;606,220;617,268;625,069;627,262;734,211;745,078;750,182;762,199;776,094;783,228;790,210;841,054;862,133;924,033;935,106;964,223;977,085;1078,068;1081,217;1090,087;1095,199;1105,203;1150,026;1152,239;1157,167;1169,090;1193,046;1199,168
169:0,017;2,081;68,038;74,131;102,074;138,036;189,065;197,115;205,058;251,068;268,192;841,054;939,234;1008,060;1014,049;1076,051
170:0,017;5,272;192,075;205,058;251,068;275,215;631,074;841,054;924,033;934,153;995,061;1014,049;1076,051
171:0,018;21,033;34,157;44,052;77,087;192,040;262,186;285,026;297,160;378,198;434,069;444,104;678,087;1022,245;1157,032;1167,214
172:0,018;4,207;21,033;42,148;111,155;117,211;131,237;138,206;192,040;219,169;243,229;253,110;264,075;287,101;290,074;297,160;323,174;381,058;397,110;433,268;434,069;438,053;441,168;443,170;466,065;470,028;488,120;528,071;572,242;598,261;614,086;664,230;673,070;678,087;689,129;700,040;721,074;726,077;759,243;769,065;776,180;793,256;848,237;874,070;897,272;1003,176;1099,046;1123,244;1157,032;1167,214
173:0,018;22,029;25,173;44,052;73,241;77,087;107,062;125,117;129,210;192,040;241,112;264,075;277,090;285,026;302,262;313,090;323,236;344,241;376,029;402,202;403,029;410,039;415,200;420,139;434,069;443,170;447,055;464,171;466,065;481,254;484,038;522,256;528,071;554,059;582,054;589,093;602,210;626,222;769,065;771,144;839,033;845,245;875,213;907,055;910,205;918,269;921,255;937,132;1077,072;1097,215;1120,165;1137,195;1173,222;1175,180;1177,243;1200,194
174:0,018;25,173;44,052;74,133;107,062;131,168;145,042;167,139;241,112;292,102;323,234;348,108;365,210;376,029;391,084;399,036;418,205;434,069;437,141;447,055;466,065;470,028;489,064;509,105;521,241;526,044;527,226;554,059;581,193;684,118;688,200;693,086;700,040;712,222;758,139;765,105;769,065;780,209;784,202;790,232;935,191;995,199;1021,244;1032,159;1132,187;1133,221;1157,032;1167,187;1176,224;1180,255
175:0,018;24,210;700,040;769,065;793,256
176:0,018;21,235;381,058;399,036;410,039;418,205;484,038;528,071;563,108;1046,237
177:0,018;23,123;107,062;125,117;285,026;296,174;410,039;421,072;444,104;470,028;484,038;528,071;563,108;700,040;726,077;839,033;848,237
178:0,018;21,033;34,157;192,040;253,141;262,186;399,036;403,029;413,270;554,059;589,125;797,117;839,033;845,245
179:0,018;21,235;264,075;277,090;376,029;381,058;399,036;403,029;413,270;447,055;470,028;484,038;527,226;582,054;614,086
180:0,018;4,207;21,033;23,123;25,211;73,241;100,210;107,062;138,206;141,078;142,237;167,139;192,040;264,062;285,236;381,058;392,045;393,274;395,192;399,036;403,029;407,254;410,039;420,139;447,055;470,164;495,026;499,230;531,262;554,059;582,054;598,261;633,148;645,123;679,198;681,229;689,085;696,266;749,086;768,117;809,076;816,081;835,136;839,033;840,179;919,272;927,144;1034,123;1044,188;1059,262;1060,220;1126,068;1137,195;1152,093;1157,032;1167,243;1195,261
181:0,019;19,127;33,073;45,032;51,066;59,028;128,053;339,118;370,033;404,066;411,146;693,075;791,037;831,030;888,088;944,060;981,246
182:0,019;12,069;35,216;51,066;57,224;97,186;157,168;159,061;163,112;227,157;404,066;447,076;456,027;477,200;493,078;496,225;532,131;535,209;572,189;593,266;612,049;615,044;640,230;673,163;693,075;699,235;742,171;761,209;841,111;846,087;852,123;860,127;862,225;879,187;889,152;910,040;914,092;937,070;938,251;1002,028;1008,060;1018,150;1036,104;1129,243;1171,051;1175,027;1193,186
183:0,019;12,069;19,127;45,032;59,028;128,053;370,033;411,146;456,027;477,200;910,040;938,251;944,060;964,027;981,246;1124,061;1175,027;1197,159
184:0,019;2,168;12,069;34,145;37,098;45,032;54,263;117,186;123,236;159,061;163,146;399,040;404,066;439,084;456,027;489,209;554,267;559,113;581,067;602,274;612,049;619,054;627,042;692,229;693,075;785,097;790,148;791,037;825,155;859,066;882,067;899,132;900,220;910,040;934,157;938,263;944,060;955,081;964,027;987,267;1002,028;1003,080;1007,161;1013,172;1018,150;1150,026;1157,157;1175,027;1197,159
185:0,019;2,168;12,069;17,102;33,073;51,066;54,263;693,075;791,037;831,030;888,088;1175,027
186:0,019;12,069;17,102;29,069;37,098;51,066;83,236;159,061;168,234;336,053;370,033;416,263;992,180
187:0,019;8,087;33,073;42,148;45,032;48,164;51,066;151,052;153,269;159,061;160,108;249,176;251,097;370,033;378,147;387,226;404,066;440,188;449,152;454,172;456,027;473,178;563,205;581,067;601,154;605,211;612,049;627,042;640,230;652,252;693,075;807,199;815,121;825,155;831,030;875,066;899,132;944,060;958,105;964,027;970,136;1002,028;1018,108;1060,224;1128,212;1175,027;1193,186
188:0,019;12,069;33,073;51,066;59,028;128,053;380,141;612,049;621,163;791,037;831,030;898,054;910,040;923,254
189:0,019;12,069;33,073;45,032;51,066;83,236;92,224;128,053;404,066;439,084;581,067;593,266;699,235;1002,028;1013,172
190:0,019;12,069;33,073;45,032;51,066;57,224;59,028;128,053;339,118
191:0,020;12,014;14,200;19,038;26,056;102,044;113,209;119,274;140,185;177,027;215,180;227,202;242,264;256,085;285,099;289,262;301,162;306,050;308,104;397,116;410,114;461,129;468,045;476,063;481,173;486,040;529,225;540,274;544,054;548,063;558,080;572,182;603,212;613,068;615,229;623,116;648,030;651,141;661,073;673,085;694,047;703,051;709,246;722,119;735,261;830,036;878,244;887,223;919,220;941,065;952,089;960,127;973,121;981,108;984,110;1009,092;1025,088;1036,263;1066,161;1141,262
192:0,020;25,234;111,256;157,254;177,027;188,253;212,031;214,132;237,041;254,037;258,179;264,183;268,091;274,223;279,249;359,069;377,033;402,137;410,059;430,217;448,052;468,045;483,139;486,040;515,042;523,070;535,225;543,146;544,054;548,063;568,083;629,052;650,203;661,073;666,216;709,129;712,044;714,049;734,245;750,261;755,066;760,090;763,064;765,133;806,047;815,222;889,048;892,240;899,229;921,118;934,244;946,110;957,225;965,129;1002,217;1026,223;1072,078;1087,077;1132,031;1171,251;1193,174;1199,123
193:0,020;14,200;37,061;40,171;102,044;115,256;125,262;132,087;133,256;199,026;202,121;213,070;219,221;232,149;381,034;387,258;410,059;430,217;448,052;468,045;481,173;486,040;497,190;527,051;549,272;558,154;613,068;620,119;629,052;646,113;657,102;661,073;670,067;700,150;703,051;706,134;716,246;742,045;764,117;769,204;774,245;779,262;782,042;798,220;806,047;810,093;830,036;888,260;1008,053;1066,161;1071,064;1083,192;1134,141;1154,086
194:0,020;19,038;27,159;102,044;118,203;304,225;359,069;381,034;410,059;441,165;476,063;486,040;530,204;670,067;694,047;714,049;742,045;755,066;763,064;782,042;800,255
195:0,020;25,234;213,070;359,069;360,259;448,052;476,063;486,040;520,125;527,051;548,063;565,214;613,068;623,116;648,030;657,152
196:0,020;19,038;27,159;118,203;177,027;210,083;213,070;232,149;308,104;322,125;327,188;329,249;359,069;360,259;381,034;410,114;421,122;430,131;435,151;448,052;466,179;476,063;494,254;496,063;497,190;501,102;504,118;509,137;515,200;527,051;544,054;558,154;568,083;569,125;571,080;646,113;657,220;661,073;670,067;701,252;703,051;716,074;725,245;734,046;750,212;755,066;763,122;782,042;802,275;806,047;828,160;1016,051;1036,263;1171,251
197:0,020;19,038;26,056;148,247;199,026;207,047;213,070;349,266;410,059;446,177;468,045;486,040;490,093;544,054;552,076;629,052;648,030;661,073;670,067;694,047;706,134;830,036;887,223
198:0,020;19,038;26,056;168,158;207,047;213,070;349,266;439,275;527,051;548,063;565,214;613,068;629,052;648,030;657,152;830,036;884,222
199:0,020;26,056;157,254;177,027;199,026;207,047;213,070;346,275;448,052;476,063;490,093;694,047;709,246;714,049;742,045;763,064;782,042;799,089;925,152
200:0,020;19,038;26,056;168,158;199,026;207,047;213,070;346,275;359,069;374,238;381,034;410,059;441,165;703,051;714,049;742,045;755,066;763,064;779,262;1154,263
