001:0,001;1,254;7,194;20,047;38,046;40,263;52,033;86,123;91,106;121,028;139,167;192,034;213,238;219,173;231,177;239,207;259,052;269,203;295,039;310,059;316,223;334,084;345,156;366,158;391,133;395,152;473,264;490,238;496,055;553,222;557,217;600,119;609,192;632,117;635,207;640,121;664,108;666,069;676,160;677,063;713,144;729,271;741,198;768,041;804,152;818,268;885,047;903,076;921,225;929,150;960,144;996,160;1001,090;1079,061;1095,222;1194,189
002:0,001;18,241;121,028;130,041;161,069;192,034;201,070;228,186;309,141;496,055;568,158;666,069;677,063;700,043;738,072;782,047;877,038;885,047;886,271
003:0,001;20,047;48,030;56,275;192,034;198,051;201,070;230,145;666,069;677,063;700,043;738,072;782,047;877,038;885,047;902,090;1079,061;1095,222
004:0,001;18,275;48,030;52,033;61,041;85,122;161,069;192,034;198,051;201,070;228,186;677,063;700,043;738,072;798,131
005:0,001;18,241;20,047;48,030;52,033;61,041;77,040;130,041;161,069;198,051;213,226
006:0,001;20,047;52,033;56,275;77,040;139,149;143,229;295,039;309,141;354,054;374,214
007:0,001;23,220;121,028;143,229;196,030;198,051;233,152;472,177
008:0,001;29,056;43,104;48,030;63,172;66,241;77,040;85,122;121,028;132,207;139,167;158,074;177,191;192,034;196,030;198,051;213,226;216,234;228,204;233,152;240,150;269,200;295,039;324,244;337,119;354,054;357,026;371,035;381,088;400,223;425,155;452,228;453,134;470,150;496,055;564,198;568,158;581,177;590,083;591,089;617,045;632,117;666,069;670,188;697,214;700,043;729,271;738,072;763,180;782,047;803,032;818,268;853,063;877,170;886,026;904,236;966,094;995,246;1042,198;1053,261;1065,275;1079,061;1086,205;1121,232;1146,194;1153,139
009:0,001;18,275;48,030;53,163;61,041;77,040;130,041;161,069;196,030;198,051;201,070;230,145;424,186;782,047;848,152;852,226;1065,235
010:0,001;20,047;48,030;61,041;77,040;130,041;161,069;192,034;201,070;231,177;491,214;496,055;571,060;581,184;738,072;804,152;877,038;885,047;886,271
011:0,002;7,213;15,027;58,037;59,200;82,065;98,226;107,057;125,265;143,239;148,128;165,072;179,164;182,215;193,078;194,060;226,231;235,040;248,241;254,073;263,092;273,129;283,189;285,061;321,256;326,055;339,238;348,123;358,140;363,073;391,084;410,061;413,262;440,210;454,204;457,097;483,064;492,240;502,043;571,192;580,036;604,205;622,191;626,121;635,055;640,100;641,028;644,258;650,041;670,188;691,059;708,246;709,214;724,249;737,053;739,240;763,083;794,154;797,062;811,072;814,177;817,092;822,145;826,265;834,031;909,077;929,045;941,121;946,034;996,275;1108,049;1118,066;1123,257
012:0,002;4,060;10,175;165,072;188,155;194,060;235,040;254,073;256,102;410,061;416,029;440,210;650,041;671,215;691,059;712,057;743,026;765,048;811,072;841,093;1118,066;1143,046
013:0,002;3,121;254,073;256,102;369,073;390,026;416,029;463,168;580,036;604,103;635,055;644,258;1040,028;1099,037;1118,066;1143,046
014:0,002;4,060;9,139;15,027;59,200;285,061;326,055;363,073;390,026;416,029;457,097;483,064;500,255;737,053;743,026;765,048;781,029;797,062;834,031;883,038;896,268;923,043;940,261;965,034;1040,028;1099,037;1108,049;1123,257
015:0,002;4,060;10,145;165,072;186,116;194,060;235,040;258,196;285,061;326,055;371,079;390,026;416,029;457,175;492,034;502,043;551,070;575,128;765,048;767,043;781,029;797,062;834,031;889,050;907,033;929,045;946,034;1068,039;1099,037;1108,049;1122,218
016:0,002;3,268;10,105;15,027;40,028;41,274;47,172;52,220;69,172;70,062;76,268;155,157;165,072;186,082;192,131;210,033;219,160;240,159;248,241;254,073;259,085;285,061;297,160;321,256;326,055;347,205;390,026;410,061;411,085;454,212;457,175;492,240;502,043;543,252;547,234;555,223;559,090;567,099;578,095;580,036;598,147;604,205;635,055;644,177;650,041;671,215;691,059;711,177;712,057;724,249;737,053;739,240;742,241;743,026;764,236;765,048;767,043;780,160;781,029;793,257;799,079;811,072;838,246;841,093;880,181;883,038;887,246;889,050;894,207;907,033;923,043;929,045;945,211;987,167;996,275;1040,151;1092,135;1099,037;1106,033;1124,117;1143,046
017:0,002;3,121;15,027;29,167;82,065;95,141;107,057;130,203;132,227;169,032;186,116;194,060;213,067;226,231;235,040;256,216;304,191;363,073;388,258;413,262;416,029;451,033;454,212;461,184;477,119;483,064;491,132;492,034;495,166;502,043;505,054;518,124;542,212;551,070;566,073;570,118;575,128;625,151;635,055;648,271;650,041;672,110;680,138;691,059;702,030;709,268;712,057;747,257;767,043;771,092;777,115;797,062;836,198;881,173;883,038;889,050;896,174;1011,207;1034,153;1040,028;1119,051;1122,149;1157,133;1165,109;1192,263;1199,153
018:0,002;3,268;4,060;10,115;107,057;129,246;326,055;371,079;502,043;551,070;580,036;604,103;737,053;743,026;765,048;811,072;834,031;883,038;896,174;907,033;929,045;946,034;1099,037;1108,049;1122,218
019:0,002;4,060;10,145;73,167;82,065;107,057;129,246;235,040;254,073;259,085;285,061;326,055;363,073;410,061;423,264;472,036;492,034;502,043;551,070;579,228;712,057;743,026;765,048;811,072;834,031;883,038;896,268;1099,037;1118,066;1143,046
020:0,002;10,175;15,027;47,172;210,060;235,040;263,092;492,034;500,255;712,057;764,236;767,043;781,029;800,149;946,034;1040,028;1099,037;1122,149;1143,046
021:0,003;56,257;71,044;77,051;151,075;185,066;212,074;256,070;282,026;322,029;351,061;385,049;405,027;423,033;451,154
022:0,003;59,227;71,044;77,051;169,093;212,074;256,070;282,026;322,029;365,152;385,049;393,056;405,027;452,061;467,069;512,051;520,189;699,064;703,078;1059,064;1066,263
023:0,003;58,079;61,032;71,044;77,051;162,191;322,029;351,061;380,239;393,056;405,027;423,033;452,061;467,069;470,109
024:0,003;61,032;71,044;77,051;151,075;185,066;212,074;260,265;282,026;322,029;351,061;376,250;423,033;452,061;470,109;497,156;547,051;616,166;632,069;649,275;874,064;908,154;931,028;999,134;1002,154;1020,038;1028,107;1082,265
025:0,003;56,257;71,223;77,051;151,075;185,066;211,129;1112,058;1141,156
026:0,003;51,088;61,032;63,127;71,044;90,271;110,050;114,239;151,075;195,060;198,168;220,077;389,119;405,027;429,182;435,137;448,140;462,248;467,069;497,156;512,051;526,151;529,156;541,258;547,051;613,141;669,018;673,200;734,190;753,116;783,066;791,238;885,204;892,235;906,108;931,028;1008,104;1014,143;1020,038;1022,072;1029,198;1032,150;1041,111;1045,129;1059,064;1066,263;1076,143;1080,126;1108,265;1135,129;1157,111;1168,151
027:0,003;65,149;68,082;71,044;74,170;77,051;91,052;136,261;138,140;151,075;196,243;211,129;212,074;268,035;284,079;286,055;312,233;322,029;376,250;385,049;407,063;411,254;417,151;423,033;464,181;467,069;516,259;521,139;522,243;547,051;610,143;626,194;632,069;650,179;652,248;679,235;699,064;712,115;714,173;751,147;795,252;837,207;852,107;874,064;925,137;931,028;999,134;1020,038;1022,072;1026,049;1038,261;1058,005;1062,195;1098,121;1101,123;1112,058;1148,188;1157,261;1174,226
028:0,003;61,032;71,223;196,243;294,129;351,061;385,049;393,056;405,027;423,033;452,061;467,069;512,051;522,243;783,066;848,154;879,078
029:0,003;1,167;34,255;51,088;88,250;156,039;158,192;164,167;256,070;277,127;282,026;321,084;393,056;410,243;472,182;501,228;503,137;511,114;512,051;520,189;606,071;614,225;632,069;641,266;649,275;662,182;678,190;679,139;690,081;699,064;703,078;765,245;774,099;783,066;791,181;811,257;815,206;827,267;828,165;851,108;861,032;873,056;874,064;903,076;920,211;931,028;987,266;1020,038;1022,072;1028,107;1178,179
030:0,003;10,105;71,044;88,250;114,239;126,028;146,054;155,175;185,066;206,114;212,074;275,194;362,134;381,095;385,049;409,144;429,182;533,151;547,051;614,225;632,069;650,224;657,229;716,147;732,143;738,099;740,134;747,042;756,109;783,066;801,245;843,180;854,169;874,064;914,246;925,137;1019,135;1020,038;1021,085;1022,072;1031,115;1059,064;1072,092;1092,028;1103,186;1112,058;1136,195
031:0,004;28,139;86,032;136,127;143,063;146,054;148,238;156,039;169,182;178,263;190,173;214,133;298,092;312,226;315,062;319,139;321,148;330,181;346,143;348,049;375,077;378,084;384,177;392,075;432,119;453,170;461,233;558,160;559,190;588,200;633,205;639,110;726,159;740,211;756,090;761,160;767,226;782,042;793,191;808,035;810,043;823,138;926,069;946,171;948,090;952,042;966,255;990,091;1001,156;1015,224;1046,184;1086,074;1091,236;1103,036;1117,082;1123,098;1196,214
032:0,004;29,048;54,182;80,184;86,032;150,083;156,039;167,258;308,189;315,062;317,098;344,161;348,049;363,058;376,243;381,235;386,264;392,075;416,233;518,086;524,168;552,140;566,073;568,114;576,097;584,159;587,194;757,103;763,239;781,177;782,042;795,201;808,035;810,043;840,031;844,122;864,190;882,115;926,069;1050,152;1103,036;1111,141;1174,059;1190,198
033:0,004;27,149;808,035;821,250;1086,074;1101,262;1103,036;1167,170
034:0,004;23,152;156,039;187,234;809,139;1158,141;1174,059
035:0,004;24,191;169,182;348,049;368,246;985,255
036:0,004;23,152;113,032;143,063;148,238;808,184;937,069;1050,152
037:0,004;51,263;86,032;123,156;136,127;143,063;151,155;163,105;186,121;187,234;196,030;214,133;278,084;315,062;317,098;322,139;348,049;360,089;380,117;388,234;392,075;401,125;673,063;683,061;705,229;782,042;788,153;793,191;801,120;808,035;810,043;821,250;926,069;1033,220;1054,084;1076,228;1077,243;1086,074;1111,141;1144,274;1174,059;1176,236
038:0,004;27,149;65,263;146,054;150,083;757,149;782,042;808,184;810,043;849,107;904,254
039:0,004;23,027;24,191;86,032;123,156;392,075;399,254;1166,098
040:0,004;36,091;143,063;156,039;174,064;190,173;315,062;319,139;926,069;1086,074;1103,036;1138,270
041:0,005;16,177;43,026;53,081;55,056;67,101;78,034;92,221;112,085;136,274;154,150;158,074;170,209;203,068;272,073;273,257;276,062;305,156;311,113;328,258;385,154;392,052;410,125;415,046;445,198;446,240;486,224;543,135;552,116;564,074;593,109;621,097;653,148;662,149;669,018;689,208;713,258;714,061;718,143;782,121;815,153;866,193;912,230;949,039;1014,097;1049,123;1073,157;1102,195;1121,061;1129,116;1134,229;1148,121;1152,051;1162,048;1177,077;1187,194;1192,122
042:0,005;38,099;43,026;55,056;59,050;78,034;87,068;92,034;93,178;223,068;272,073;276,062;311,244;362,221
043:0,005;35,090;55,056;59,050;78,034;97,139;276,062;328,258;411,244;672,018;686,065;689,208;1162,048;1181,104
044:0,005;58,224;66,068;71,141;78,030;92,079;112,061;128,157;134,062;136,274;154,265;158,074;188,195;203,068;260,233;272,073;285,112;303,083;312,239;314,133;392,052;413,140;414,178;415,046;429,168;457,148;478,141;529,028;535,119;547,178;580,153;610,217;612,148;650,206;666,204;669,018;685,149;686,197;714,061;720,256;726,188;734,187;736,196;765,120;775,057;782,121;793,179;808,101;820,077;911,140;949,039;1019,124;1021,076;1062,086;1070,173;1100,198;1121,038;1126,241;1136,186;1144,165;1147,098;1152,051;1162,048;1176,118
045:0,005;38,099;59,050;78,030;87,068;92,034;97,139;203,068;273,257;436,026;439,068;669,018;686,065;775,057;985,122;1121,038;1145,122
046:0,005;38,116;43,026;59,050;78,034;87,068;92,034;94,085;158,074;170,209;197,195;392,052;415,046;436,026;439,068;669,018;686,065;775,057;780,176;949,039;1021,076
047:0,005;41,205;55,056;59,050;78,030;87,068;92,034;102,264;436,026;439,068;669,018;686,065;775,057;983,175;1152,051;1174,182
048:0,005;43,026;58,224;714,061;740,204;775,057;990,251;1014,097;1121,038;1126,241
049:0,005;38,116;92,221;392,052;409,190;417,257;439,068;669,018;686,065;775,057;780,176
050:0,005;16,177;87,068;92,034;93,178;203,068;276,062;314,133;354,244;415,046;436,026;439,068;669,018;686,197;714,061;726,261;741,065;775,057;985,122;1152,051;1174,182
051:0,006;6,255;322,066;328,070;358,189;366,037;394,191;445,044;453,195;668,046;695,103
052:0,006;5,026;16,103;208,072;215,254;237,049;273,166;446,106;668,046;692,192
053:0,006;5,026;11,122;35,044;47,060;78,125;223,054;237,049;265,109;310,059;322,066;328,070;355,192;1176,066
054:0,006;11,122;18,263;35,044;42,195;47,060;63,127;110,042;124,236;125,188;155,264;190,069;195,166;208,072;218,102;223,054;242,199;273,166;322,066;328,151;366,037;386,106;398,274;407,044;455,143;459,131;542,197;570,127;592,249;670,044;690,138;824,214;848,243;853,112;1019,205;1030,148;1046,127;1139,124;1144,119;1176,066
055:0,006;5,026;17,266;407,044;453,195;1176,066;1194,184
056:0,006;5,026;16,103;328,070;366,037;386,106
057:0,006;17,035;18,263;23,115;35,044;41,150;47,060;73,181;78,172;95,203;136,091;141,148;154,216;155,183;172,117;195,166;208,072;235,076;237,049;272,084;306,215;310,059;354,054;355,192;358,155;366,037;387,182;395,257;406,204;407,044;460,240;466,119;470,258;477,244;516,076;525,034;536,212;547,172;567,196;583,246;596,264;607,159;616,119;632,254;668,046;688,265;829,081;836,156;1138,103;1147,262;1162,131;1176,066;1178,123;1194,121;1198,156
058:0,006;9,140;942,112
059:0,006;5,026;6,255;17,266;35,044;42,195;78,125;93,061;95,203;107,206;110,042;127,272;180,170;195,270;201,205;208,072;218,102;223,054;257,093;265,109;268,161;271,120;305,039;306,215;310,059;328,070;350,208;360,177;368,136;394,191;407,044;470,258;602,217;610,160;611,229;662,116;668,046;693,188;866,195;896,152;918,119;923,043;927,224;931,184;1047,173;1060,204;1143,136;1176,066;1186,046
060:0,006;9,140;28,263;47,060;80,184;110,042;117,207;223,054;237,049;257,093;288,150
061:0,007;72,067;81,025;105,072;125,037;164,057;170,045;215,176;331,072;425,121;448,058;455,092;1119,072
062:0,007;99,222;132,198;135,058;142,153;155,219;164,057;181,026;200,201;218,249;219,143;231,050;272,262;290,117;311,193;325,083;331,072;332,082;378,076;390,031;432,236;436,262;496,068;528,181;569,261;571,060;583,085;604,068;607,245;706,065;710,101;817,155;855,066;857,157;863,253;866,179;902,119;907,033;928,086;929,036;1061,072;1100,129;1144,078;1180,189;1188,135;1190,254
063:0,007;72,067;81,025;105,072;135,058;136,119;857,157;862,201;871,153
064:0,007;72,067;81,025;105,072;123,090;303,050;331,072;397,183;425,121;658,257;680,082;885,042;987,123;996,186;1061,072
065:0,007;72,067;81,025;123,090;125,037;164,057;170,045;213,067;231,050;331,072;390,031;448,058;459,257;885,042;929,036;1061,072
066:0,007;72,067;81,025;109,143;331,072;390,031;448,058;459,257;488,262
067:0,007;72,067;81,025;105,072;125,037;164,057;170,045;213,067;231,050;331,072;395,252;885,042;929,036;1061,072
068:0,007;72,067;81,025;105,072;125,037;170,045;215,176;236,143;390,031;442,236;448,058;457,045;484,201
069:0,007;72,067;81,025;105,072;132,198;135,058;142,153;889,050;899,186
070:0,007;81,025;109,143;135,058;136,119;213,067;231,050;332,082;885,042;929,036;1061,072
071:0,008;27,057;101,183;109,048;144,221;146,054;150,127;153,095;161,059;164,087;166,048;174,206;179,157;256,033;295,039;307,235;387,050;401,033;407,250;428,248;431,200;437,122;446,181;456,032;459,063;495,147;506,170;509,044;517,273;526,240;599,072;602,217;631,175;635,244;661,089;664,238;671,114;679,049;682,172;690,039;702,030;703,093;825,238;834,142;848,063;867,125;918,041;931,245;1139,194;1140,047;1156,175
072:0,008;27,057;51,193;78,044;82,045;86,053;109,048;124,036;148,052;157,045;166,048;174,026;256,033;273,189;365,161;370,060;387,050;394,149;409,066;446,181;848,063;878,073;938,059;955,033;1010,232
073:0,008;27,057;78,044;79,183;109,048;137,248;256,033;266,213;387,050;409,066;443,272;679,049;689,028;702,030;713,167;745,165
074:0,008;27,057;78,044;82,045;94,188;97,053;124,036;153,095;157,045;166,048;174,026;256,033;263,135;370,026;387,050;409,066;443,272;456,032;459,063;487,124;848,063;878,073;938,059;955,033;1028,120;1140,047;1173,232
075:0,008;27,057;51,193;82,045;98,241;148,052;157,045;166,048;174,026;256,033;263,135;330,107;370,060;387,050;415,232;509,044;525,207;1063,130;1119,051;1139,194
076:0,008;30,091;50,251;59,066;105,200;109,048;131,159;148,052;171,125;174,026;253,251;266,213;272,073;276,208;344,217;409,066;437,122;456,032;461,172;473,181;509,044;526,240;545,121;549,145;554,194;596,254;599,072;686,096;690,039;702,030;703,165;779,153;786,198;822,072;834,142;873,119;890,092;925,042;933,177;938,059;942,201;969,199;974,092;1002,221;1004,161;1020,104;1031,227;1058,131;1061,249;1068,039;1083,086;1086,263;1090,095;1099,091;1136,077;1140,047;1154,127;1164,086
077:0,008;27,057;78,044;82,045;86,053;109,048;124,036;150,127;599,072;679,049;690,039;702,030;713,167
078:0,008;27,057;78,044;94,188;124,036;149,104;370,060;397,240;459,063;461,172;587,051;599,072;679,049;682,172;878,073;938,059;955,033;1010,232;1068,039;1100,196;1184,229
079:0,008;32,141;42,150;55,056;60,171;80,141;82,222;86,053;103,089;109,091;124,036;148,052;149,104;157,045;163,235;219,079;276,208;298,266;307,235;318,063;330,107;360,262;370,060;397,240;415,232;432,079;450,234;456,032;459,063;474,187;499,095;509,044;517,273;599,072;671,114;690,039;699,064;703,165;726,104;728,266;742,275;761,040;762,254;771,202;784,175;805,229;817,262;822,133;848,063;874,079;878,073;949,039;1003,162;1005,116;1020,034;1023,229;1068,039;1088,246;1096,149;1119,051;1132,107;1135,230;1140,047;1148,188
080:0,008;27,057;78,044;79,183;86,053;109,048;137,248;733,108;955,033;1023,229
081:0,009;16,100;36,038;83,050;124,068;182,159
082:0,009;17,204;63,091;83,050;124,068;168,198;270,247;1019,202;1032,258
083:0,009;17,204;25,074;31,055;36,038;85,106;115,028;117,059;215,061;249,069;327,216
084:0,009;17,051;25,074;33,252;249,069;346,058;433,136;1041,199
085:0,009;16,100;115,028;117,059;211,247;1175,112;1193,095
086:0,009;25,074;36,038;83,050;115,028;124,068;182,113;327,216;346,058;433,136;659,216
087:0,009;17,051;31,055;34,245;117,059;215,061;249,069;346,058;426,199
088:0,009;17,051;31,055;36,038;83,050;124,068;168,198
089:0,009;17,051;25,074;31,055;33,252;115,028;117,059;215,061;249,069;346,058;426,199;804,136
090:0,009;17,051;25,074;34,245;160,059;211,247;215,061;249,069;354,054;368,151
091:0,010;1,235;29,081;34,058;82,226;106,046;161,145;180,071;196,261;217,125;229,068;234,110;238,059;259,076;262,059;283,104;290,137;312,027;318,040;329,161;344,158;358,058;368,211;395,095;402,045;466,049;474,171;484,119;485,056;512,090;526,096;552,032;585,154;594,045;602,108;620,126;665,159;686,221;692,190;697,116;702,258;712,155;719,058;724,245;730,200;760,167;792,204;793,112;800,038;806,044;853,175;856,122;863,252;890,043;895,079;896,053;897,126;910,081;913,262;916,090;924,061;931,127;967,187;969,051;971,227;993,245;998,072;1001,161;1002,182;1033,075;1053,073;1061,237;1101,229;1107,085;1118,103;1124,097;1167,170;1193,261
092:0,010;34,058;40,028;106,046;117,062;160,027;238,203;318,040;329,231;594,045;654,034;661,027;738,050;800,038;813,162
093:0,010;34,058;40,028;106,046;180,071;196,080;325,248;379,197;466,049;481,067;491,032;508,028;552,032;573,267;904,074;924,061;980,227
094:0,010;34,058;40,215;132,046;203,136;402,045;469,060;481,067;497,096;552,032;571,058;602,108;738,050;802,251;896,053;897,126;969,051;998,072;1001,053;1007,072;1018,168
095:0,010;34,170;106,046;117,062;160,027;238,059;255,027;272,273;402,045;466,049;472,036;481,067;491,032;508,028;552,032;571,058;594,045;654,034;661,027;750,119;836,135;890,043;896,053;904,074;912,124;924,061;931,127
096:0,010;34,058;40,215;262,059;290,137;571,058;594,045;654,034;661,027;743,050;793,112;846,070;873,056;890,043;896,053;904,074;912,124;1001,053;1007,072;1018,168
097:0,010;29,081;32,036;35,085;39,213;53,064;78,207;106,046;160,027;162,205;180,071;195,098;231,053;238,203;262,059;283,197;291,077;318,040;344,158;368,211;437,159;457,117;466,049;469,060;472,036;486,076;491,032;517,153;530,182;541,170;552,032;566,193;571,058;585,090;606,071;607,157;654,034;673,170;738,050;800,038;805,077;807,266;813,162;846,070;853,080;856,230;865,180;891,130;900,160;904,074;917,178;924,061;932,208;969,051;971,227;975,162;1001,053;1002,182;1019,227;1024,112;1033,075;1037,092;1041,099;1052,258;1059,064;1062,094;1075,077;1127,058;1131,184;1151,227;1152,129;1168,165;1175,186;1188,161;1199,237
098:0,010;34,058;40,028;117,062;160,027;247,172;255,027;283,197;491,032;512,090;800,038;806,044;846,070;873,056;878,143
099:0,010;1,235;35,044;39,213;41,205;78,207;106,046;169,143;180,071;192,131;195,098;203,136;218,098;231,264;235,147;238,059;247,172;303,203;318,040;324,124;329,231;356,205;359,213;374,148;388,088;395,089;399,192;402,045;466,049;469,060;472,036;481,067;491,032;497,096;506,159;508,028;554,086;571,058;607,157;661,027;682,268;688,266;700,129;721,228;724,245;805,077;845,124;846,070;862,171;880,159;890,043;900,170;954,036;961,266;969,051;979,195;987,266;998,072;1004,158;1007,072;1021,113;1051,207;1058,210;1114,227;1131,184;1198,117
100:0,010;34,170;40,028;106,046;117,062;160,027;238,059;255,027;272,273;469,060;474,171;481,067;491,032;508,028;552,032;571,058;594,045;661,027;738,050;806,044;846,070;871,165;873,056;878,143;998,072;1001,053;1007,072;1008,080;1033,075;1075,077
101:0,011;27,196;183,074;207,274;231,070;236,134;310,196;498,027;538,047;568,026;597,115;638,040;647,098;1128,081
102:0,011;6,153;18,273;26,154;35,040;37,112;57,115;92,100;183,074;196,030;204,087;207,274;219,093;231,070;236,128;237,031;298,154;337,060;340,072;344,154;371,067;480,207;485,056;498,027;503,066;524,177;538,201;596,204;602,137;608,036;618,176;629,047;637,133;678,117;712,095;724,248;725,116;742,202;752,256;765,032;793,183;795,241;869,131;873,075;904,114;942,042;982,258;988,250;1017,020;1055,268;1088,274;1097,078;1100,072;1111,242
103:0,011;26,265;76,112;183,074;206,114;608,036;629,047;638,040;724,052;761,040;765,032;793,183;799,032;873,075;942,042;945,049;1017,020;1058,005;1065,045;1127,059;1173,210;1190,045
104:0,011;41,115;49,090;111,220;120,142;183,074;219,093;231,070;234,259;279,182;283,243;337,060;346,252;371,067;494,159;503,066;525,095;530,231;542,144;556,092;568,026;613,035;620,132;636,129;638,040;716,232;718,105;724,052;752,256;848,098;942,042;969,083;1001,268;1017,020;1033,075;1040,169;1058,005;1066,118;1116,149;1119,051;1121,061;1133,144
105:0,011;27,077;224,196;231,070;234,259;236,134;485,056;498,027;538,047;568,026;608,036;629,047;638,040;718,105;724,052;765,032;873,075;942,042;945,049;1017,020;1036,054;1058,005;1065,045;1121,061;1127,059;1138,055;1190,045
106:0,011;27,196;35,040;50,217;337,060;344,154;503,066;525,112;568,026;597,115;629,047;638,040;647,098;779,032;873,075;945,049;1017,020;1036,054;1058,005;1065,045;1121,061;1127,059;1138,055
107:0,011;26,265;131,214;371,067;485,056;503,066;525,112;538,047;568,026;608,036;637,133
108:0,011;26,154;29,056;35,040;50,217;361,252;498,027;538,047;568,026;608,036;627,237;945,049;1017,020;1036,054;1058,005;1065,045;1138,055
109:0,011;27,077;91,196;740,128;761,040;765,032;889,144;942,042;1017,020;1036,054;1058,005;1065,045;1133,144;1138,055;1190,045
110:0,011;29,056;35,040;37,112;371,067;485,056;498,027;538,047;568,026;608,036;629,047;638,040;724,052;761,040;765,032;873,075;942,042;945,049;1017,020;1036,054;1058,005;1065,045;1121,061;1127,059;1138,055;1190,045
111:0,012;4,217;10,115;14,155;29,048;43,137;64,054;89,101;100,131;106,157;130,149;134,124;147,044;181,182;197,048;200,162;256,262;258,061;285,156;290,161;310,116;364,031;365,035;389,153;400,208;409,062;424,031;436,098;505,050;528,037;546,104;571,060;577,229;613,211;643,031;664,145;723,136;735,042;761,040;770,234;774,201;780,104;787,050;790,134;798,167;813,073;818,253;877,091;886,030;921,149;929,091;946,075;951,175;963,099;965,116;979,187;995,035;1007,104;1008,120;1021,030;1034,165;1044,056;1053,073;1072,082;1082,267;1088,056;1098,134;1130,225;1159,259;1181,268
112:0,012;10,143;39,111;47,037;54,150;64,054;78,030;94,257;108,071;110,042;113,081;118,027;134,124;197,048;208,033;225,056;244,111;253,246;258,061;286,224;287,195;295,046;296,171;321,050;333,221;338,135;359,168;365,035;387,220;409,062;420,163;431,153;433,034;443,127;460,033;483,064;499,209;505,050;528,037;544,090;546,104;547,048;559,079;568,243;571,060;579,242;584,096;592,081;604,054;608,165;643,031;648,271;678,223;705,139;709,268;722,211;728,092;735,042;740,134;781,180;813,073;815,123;821,157;851,047;852,180;886,030;912,220;962,214;984,127;1021,030;1030,261;1044,056;1063,161;1069,126;1077,229;1090,201;1105,055;1130,225;1137,161;1152,208;1195,044
113:0,012;7,046;64,054;70,062;92,030;108,071;111,192;147,044;171,051;197,048;365,035;377,040;409,062;425,165;460,033;541,261;735,042;771,224;886,030;918,119
114:0,012;7,046;70,062;92,030;94,257;108,071;118,027;135,106;208,033;244,220;274,066;295,046;325,110;505,050;547,048;577,229;604,054;611,028;713,070;727,175;735,042;769,155;841,050;851,047;878,121
115:0,012;7,046;64,054;72,214;167,132;182,051;197,048;365,035;387,220;573,041;604,054;611,028;720,243;757,029;790,134;813,073;818,253;844,224;1195,044
116:0,012;35,090;43,137;64,054;72,214;74,120;77,114;108,071;114,061;120,188;140,123;159,161;170,150;171,051;194,269;197,048;199,123;208,033;222,187;244,220;250,166;258,061;274,066;275,151;280,090;288,122;295,046;302,043;316,134;319,213;342,150;361,216;365,035;366,094;384,139;414,274;420,163;433,034;436,098;447,184;454,169;456,032;468,145;480,166;484,123;499,209;505,050;533,126;547,048;573,041;584,096;604,054;608,165;629,261;643,031;658,132;669,210;685,173;700,241;713,070;730,128;735,042;749,097;757,029;774,228;803,092;813,073;828,092;830,120;841,050;851,047;917,178;983,173;1019,204;1030,143;1038,187;1041,091;1044,056;1053,073;1068,150;1079,061;1082,267;1088,056;1103,245;1105,055;1123,088;1138,107
117:0,012;7,046;77,114;92,030;113,081;147,044;171,051;197,048;377,040;409,062;433,034;460,033;540,198;547,048;573,041;602,037;611,028;713,070;720,145;946,075;951,113
118:0,012;7,046;64,054;70,062;92,030;106,157;118,027;134,265;192,184;197,048;365,035;377,040;400,208;433,034;454,169;528,037;548,191;602,037;611,028;713,070;727,175;995,035;1021,030;1044,056;1072,082;1105,055;1131,267
119:0,012;26,216;61,085;70,062;103,249;111,192;118,027;130,159;146,100;147,044;167,132;190,124;216,183;258,061;283,093;321,063;331,109;460,033;528,037;559,079;570,118;598,261;602,037;612,191;669,266;670,181;679,195;692,104;696,160;702,109;713,070;720,172;722,110;738,207;757,029;769,155;772,207;782,143;829,206;839,234;851,047;855,099;860,266;886,030;932,069;934,108;938,173;946,075;951,176;979,179;995,035;1022,242;1088,056;1091,236;1118,066;1131,190;1139,053;1160,245;1174,043;1177,057;1181,268;1186,208;1195,044
120:0,012;14,155;26,216;64,054;71,206;74,079;92,030;100,131;135,106;147,044;162,207;171,051;216,183;251,214;274,066;288,122;295,046;303,173;325,110;351,109;377,040;398,079;400,114;409,062;425,165;433,034;455,143;460,033;528,037;541,261;548,191;561,070;571,060;573,041;595,095;602,037;604,054;613,211;643,031;662,096;757,029;762,135;782,139;783,241;791,223;794,116;812,134;828,211;841,050;843,047;846,169;851,091;877,038;878,121;902,266;946,075;951,113;995,035;1010,135;1016,262;1022,242;1053,073;1069,126;1088,056;1093,206;1098,134;1105,055;1131,267;1195,044
121:0,013;35,085;100,184;225,056;254,116;255,114;256,070;291,200;395,266;439,092;448,058;455,194;550,150;557,056;562,073;576,083;581,063;610,095;628,057;630,231;689,028;705,269;726,083;764,081;786,078;815,086;839,229;845,181;991,083;995,135;1003,036;1009,042;1013,155;1118,105;1134,111;1138,053;1166,185;1172,221;1200,116
122:0,013;26,082;209,048;218,187;225,056;259,231;273,111;274,066;279,204;290,258;299,200;557,056;564,084;574,052;576,266;581,063;609,173;630,231;717,255;728,133;744,129;767,150;801,038;806,044;848,119;904,071;939,268;958,145;989,148;1013,155;1025,251;1054,139;1086,165;1100,033;1133,076;1138,053;1140,137;1145,225;1149,206;1150,156;1177,057;1191,145;1192,235
123:0,013;16,251;17,035;23,148;131,037;169,259;225,056;251,168;486,200;566,073;568,057;574,052;586,091;628,057;647,135;653,187;1138,053;1171,043;1177,057
124:0,013;10,073;15,249;30,230;202,206;358,249;617,091;1100,033;1138,053;1171,043;1177,057
125:0,013;10,073;30,230
126:0,013;10,073;17,035;25,117;568,057;574,052;581,063;628,057;653,187;669,091;813,047;904,071;942,149;1100,033;1140,137;1144,053;1171,043;1177,057
127:0,013;10,073;15,249;557,056;566,073;568,057;574,052;581,063;628,057;636,115
128:0,013;11,206;557,056;568,057;576,266;904,071;940,249;1065,148;1171,043;1177,057
129:0,013;10,073;17,035;23,148
130:0,013;10,073;16,251;1177,057
131:0,014;48,202;86,097;116,058;134,219;455,030;459,042;537,072;557,038;564,033;624,051;680,097;786,056;809,045;830,039;860,237;1063,041;1067,246;1141,037;1191,185
132:0,014;48,168;53,053;67,264;92,054;99,216;108,147;116,058;158,095;271,055;306,205;312,027;317,053;318,267;351,030;357,097;364,031;383,073;386,265;459,042;509,101;513,118;519,042;531,056;533,155;537,072;549,171;557,038;564,151;565,068;576,081;584,120;597,118;602,037;616,273;624,051;633,049;640,169;677,052;697,058;726,253;728,211;730,048;761,037;765,045;774,235;786,056;808,093;814,102;819,134;827,208;830,039;839,245;842,196;884,053;886,026;896,060;921,225;987,072;1011,066;1026,081;1040,274;1051,092;1055,062;1066,072;1081,081;1094,187;1141,037;1162,048;1191,185
133:0,014;45,026;48,202;62,179;66,097;75,041;82,065;87,076;92,054;110,042;112,118;116,058;135,241;142,192;177,214;217,113;218,060;224,253;267,044;273,165;302,043;308,044;312,027;317,053;335,137;355,177;358,160;364,031;373,238;375,102;381,082;386,265;398,031;405,012;415,168;419,035;441,162;492,149;505,054;509,101;531,056;537,072;546,026;568,137;605,082;612,252;617,221;624,051;628,120;633,049;646,083;655,169;669,129;677,052;700,185;703,065;705,230;736,213;761,037;765,045;768,041;814,102;851,275;892,249;896,060;923,168;931,116;935,104;976,154;987,072;996,172;1001,055;1004,086;1009,042;1011,066;1023,161;1026,049;1053,084;1061,266;1063,041;1067,246;1075,261;1098,107;1108,253;1111,097;1141,037;1178,192
134:0,014;62,179;67,264;92,054;108,194;113,184;116,058;117,135;188,207;252,117;260,220;270,262;271,055;296,184;302,043;306,205;351,061;353,250;364,031;372,176;392,243;398,155;405,228;422,204;441,162;455,030;465,045;469,079;486,169;493,234;505,054;513,118;519,042;531,056;537,072;544,187;549,171;560,165;564,033;594,191;600,251;610,214;622,167;624,051;633,049;639,110;648,132;652,068;708,224;778,211;784,201;786,056;799,231;816,121;835,063;847,243;878,204;879,228;884,053;892,249;966,161;984,228;1001,055;1021,095;1026,049;1061,266;1063,041;1073,105;1107,037;1108,253;1112,058;1128,261;1141,037;1162,105
135:0,014;53,053;87,076;564,033;624,051;680,097;730,048;761,037;768,041;809,045;830,039;842,196;886,026;896,060;931,116
136:0,014;53,084;273,165;308,044;317,053;336,124;459,042;517,202;557,038;564,033;624,051;677,052;697,058;730,048;765,045;786,056;809,045;835,063;861,231;896,060;928,248;987,072;1001,055;1009,042;1026,049;1063,041;1075,261
137:0,014;53,053;77,195;91,222;99,216;271,055;308,044;317,053;323,195;376,147;419,035;455,030;459,042;517,202;1120,143
138:0,014;53,084;271,055;312,027;318,267;519,042;538,264;624,051;681,118;697,058;730,048;761,037;768,041;815,044;835,063;847,203;1001,055;1009,042;1011,066;1026,049;1055,062;1095,080
139:0,014;53,053;92,054;108,147;761,037;768,041;809,045;835,063;847,203;884,053;896,060;928,248;1026,049;1055,062;1073,105
140:0,014;66,097;106,140;112,118;116,058;125,272;131,121;134,219;142,263;302,043;308,044;322,066;336,124;419,035;434,191;455,030;467,110;482,207;505,054;513,267;519,042;531,056;537,072;553,126;557,038;560,165;564,033;616,273;624,051;633,049;661,234;677,052;697,058;730,065;736,213;761,037;765,045;780,048;816,157;830,039;834,091;835,063;839,266;841,050;850,049;861,231;884,053;886,026;896,060;923,168;987,072;1000,224;1005,113;1017,230;1022,195;1026,049;1055,062;1063,041;1075,243;1112,049;1127,258;1141,037;1147,100;1174,059;1177,145
141:0,015;5,194;12,048;21,193;22,040;40,166;41,066;85,195;91,052;103,151;114,175;118,183;172,205;214,049;226,158;229,034;232,031;247,053;262,059;279,088;284,219;298,147;309,243;334,266;348,262;364,077;373,057;405,084;414,034;419,035;432,236;566,203;571,173;581,144;590,116;599,270;601,116;604,210;617,116;636,147;642,044;673,063;685,171;712,154;717,062;730,064;744,159;756,060;778,151;782,116;803,121;820,144;835,154;836,266;838,103;844,150;852,056;863,220;900,072;906,152;918,041;923,043;933,170;1023,176;1036,032;1046,210;1061,240;1081,117;1089,099;1138,245;1153,179;1156,109;1162,094;1193,066
142:0,015;9,100;12,048;22,040;26,033;41,066;65,029;214,049;229,034;251,162;264,035;317,245;321,059;360,176;361,051;405,012;432,218;642,044;685,171;852,056;865,189;900,072;912,079;918,041;950,060;968,200;1193,066
143:0,015;12,048;26,033;41,066;65,029;103,151;142,029;220,072;232,031;249,052;261,271;373,057;401,033;405,012;414,034;423,053;481,173
144:0,015;9,100;16,072;26,106;29,048;34,270;91,052;102,040;118,183;131,255;137,249;171,101;214,049;223,121;229,034;261,271;313,079;321,059;323,176;373,057;395,135;401,033;405,012;420,067;423,082;439,120;446,226;473,126;481,173;513,236;555,047;576,172;589,178;593,207;618,061;621,206;630,237;642,044;665,155;673,063;674,187;675,193;679,176;701,041;711,133;717,062;730,064;731,218;756,060;757,151;759,131;780,033;793,225;802,237;818,188;829,140;852,056;856,187;862,184;884,138;900,072;904,114;912,156;922,106;941,126;950,060;967,233;969,204;1015,139;1027,114;1036,032;1052,197;1065,043;1075,207;1145,114;1193,066
145:0,015;16,072;26,033;47,066;65,029;214,049;229,034;247,053;249,052;263,031;264,035;321,059;361,051;405,012;414,034;423,053;473,152;701,041;717,062;756,060;772,169;1065,043;1100,033;1138,087;1193,066
146:0,015;3,180;16,072;29,056;34,270;41,066;49,083;91,052;99,126;152,245;220,072;232,031;247,174;249,049;259,244;263,031;272,079;339,197;348,127;361,051;401,033;419,134;423,053;456,178;483,069;510,218;547,048;575,167;618,061;623,176;631,114;640,116;642,044;676,028;677,041;684,214;685,177;686,150;692,095;699,245;701,041;714,122;717,062;730,064;744,240;756,060;759,131;772,169;780,033;802,180;852,056;865,189;900,072;917,185;941,101;950,060;968,200;989,099;996,230;1016,093;1031,228;1032,195;1036,032;1061,240;1065,043;1077,129;1079,198;1087,131;1112,093;1161,221;1171,242;1188,120;1198,091
147:0,015;12,048;22,040;29,048;41,066;65,029;214,049;229,034;247,053;249,052;263,031;264,035;317,245;373,057;401,033;405,012;414,034;423,053;473,126;642,044;686,241;831,171;1036,032;1065,043;1095,114
148:0,015;9,139;16,072;21,193;22,040;61,038;82,226;83,202;189,134;207,230;211,117;220,072;229,034;232,031;247,053;255,027;265,078;279,088;322,253;379,192;383,161;395,135;401,033;405,012;411,107;423,053;424,154;425,150;432,218;495,270;519,120;543,206;564,070;566,203;624,201;628,057;631,100;649,044;673,063;679,176;701,041;717,267;730,064;737,130;756,060;775,154;779,080;780,033;793,156;840,092;848,228;863,220;890,167;895,208;900,072;912,079;918,041;934,119;950,060;962,094;965,149;1016,201;1052,197;1065,043;1067,085;1111,242;1120,221;1136,115;1182,099;1193,066;1198,091
149:0,015;7,080;26,033;40,166;65,029;214,049;226,158;232,034;247,053;249,052;264,035;321,059;322,253;373,051;405,012;416,228;618,061;621,206
150:0,015;7,080;22,040;26,033;41,066;65,029;214,049;220,072;238,184;263,031;264,035;321,059;361,051;411,107;423,053;473,152;701,041;717,062;737,130;1193,066
151:0,016;31,068;48,222;100,223
152:0,016;31,068;52,146
153:0,016;31,068;63,161
154:0,016;31,068;52,086;446,161;955,223
155:0,016;48,222;52,086
156:0,016;31,068;52,146
157:0,016;39,111;1154,130
158:0,016;31,068;52,260
159:0,016;31,068;61,150;314,111;1013,248
160:0,016;31,068;52,260
161:0,017;15,036;19,161;56,059;58,037;82,049;200,116;765,117;1034,043;1056,203
162:0,017;15,036;19,161;71,211;111,049;160,204;1066,167
163:0,017;15,036;47,037;53,064;56,059;58,037;75,087;231,211;240,087;1112,049;1122,096;1151,189
164:0,017;15,036;47,037;53,064;58,037;75,101;213,087
165:0,017;15,036;31,144;986,139;994,210;997,165;1034,043;1050,224
166:0,017;15,036;47,037;53,064;58,037;82,049;200,116;223,184;653,117
167:0,017;15,036;47,037;53,064;56,059;62,211;240,181;425,274;1149,200
168:0,017;15,036;31,144;47,037;53,064;58,037;75,087;141,049;198,161;231,053;269,274;1022,069;1034,043;1056,203
169:0,017;18,273;53,064;56,059;58,037;66,201;82,049;192,244;231,053;246,095
170:0,017;25,117;56,059;66,201;82,049;160,204;198,155;225,129;231,053;245,265;268,079;269,274;291,252;340,149;352,245;377,216;449,067;457,225;575,126;607,193;610,086;622,193;673,271;720,256;749,148;760,132;834,123;856,254;889,107;910,187;943,145;1014,175;1021,092;1034,043;1036,032;1040,157;1111,136;1118,066;1122,096;1147,053;1151,189;1173,227
171:0,018;28,054;62,194;132,070;147,155;766,049;795,094
172:0,018;32,141;129,061;132,070;159,144;161,064;177,134;186,262;215,127;228,035;247,174;306,033;346,114;350,089;351,061;352,228;364,143;374,090;478,066;482,206;499,057;514,217;564,074;599,175;685,189;704,150;733,148;740,106;758,190;766,049;790,099;791,079;795,195;799,183;806,175;850,208;855,066;861,222;876,267;878,201;894,145;896,119;901,047;904,121;913,193;964,086;974,178;1011,066;1027,114;1101,078;1110,118;1189,230
173:0,018;5,123;21,224;28,054;37,108;75,061;132,070;142,270;153,194;211,134;228,035;235,056;243,166;269,050;305,093;306,033;330,160;351,030;352,228;367,170;372,155;377,058;427,198;445,095;459,063;463,095;483,113;499,057;524,034;525,246;548,207;562,073;564,074;584,267;589,266;606,071;658,158;676,151;683,061;704,122;708,211;714,223;736,136;766,049;791,079;904,071;932,080;968,210;1050,135;1057,270;1092,162;1099,202;1128,263;1137,173;1147,176;1152,175;1166,194;1174,215;1188,131
174:0,018;21,224;28,054;29,142;75,061;132,070;141,170;147,155;151,044;153,194;161,064;213,237;228,035;242,121;285,176;293,159;306,033;316,236;366,159;407,181;435,123;478,066;493,121;499,057;505,088;519,135;541,204;544,194;557,170;559,147;562,073;564,204;568,184;573,224;578,131;606,071;616,167;633,049;634,210;683,061;716,232;764,103;766,049;787,083;797,151;845,204;850,259;853,095;855,066;876,152;903,086;924,061;941,101;990,239;994,206;999,129;1022,237;1024,103;1032,155;1050,202;1086,177;1094,237
175:0,018;28,054;63,160;161,064;186,262;351,030;356,219;478,066;499,057;551,097;564,074;592,179
176:0,018;28,054;62,194;75,061;145,193;305,239;306,033;330,160;408,166;499,057;505,088;562,073;578,131;606,071;619,239
177:0,018;28,054;63,160;141,170;459,028;478,066;483,113;501,057;519,135;551,097;629,270;855,066;860,080;1155,251
178:0,018;29,142;161,064;177,134;228,035;240,239;683,061;708,211
179:0,018;28,054;75,061;142,270
180:0,018;5,123
181:0,019;10,063;63,033;71,186;73,033;74,244;86,044;87,078;148,181;176,261;245,073;267,089
182:0,019;16,198;75,045;90,071;110,242;512,034;552,035;627,138;689,259;1157,193
183:0,019;10,073;14,153;38,121;54,204;63,033;73,165;75,247;86,044;87,218;90,071;104,238;132,036;161,258;172,090;182,265;245,073;247,101;265,068;267,089;313,155;332,184;357,026;377,168;386,144;403,063;458,098;459,065;495,039;513,137;550,067;562,253;580,181;587,051;593,182;668,175;677,041;689,259;731,179;745,194;805,234;850,049;853,112;868,270;904,071;924,239;926,073;946,081;1014,109;1018,121;1027,130;1057,092;1065,080;1090,268;1091,082;1124,211;1194,206
184:0,019;10,063;23,181;63,033;66,068;73,033;75,045;86,044;90,071;110,242;403,063;491,132;495,039;512,034;552,035;677,041;727,135
185:0,019;10,063;23,181;245,073;255,193
186:0,019;16,198;63,038;71,186;75,045;80,229;90,071;96,094;245,073;247,101;299,221;304,131;318,117;324,186;332,234;356,083;363,104;416,161;425,242;459,065;470,264;526,257;533,239;546,226;550,067;552,035;631,114;664,221;677,041;703,093;705,228;740,124;765,154;772,256;789,214;817,094;850,049;869,151;883,257;966,246;1041,103;1044,250;1046,149;1047,165;1065,043;1069,201;1080,093;1097,106;1104,098;1112,235;1118,165;1131,207;1149,111
187:0,019;10,063;63,033;66,068;73,165;90,071;115,032;155,157;188,218;403,063;459,065;495,039;512,034;552,035;627,138;677,041;728,228
188:0,019;10,063;66,068;73,033;74,244;314,028;336,090;403,063;459,065;495,039;512,034;550,067;562,253;613,035;632,132;772,089
189:0,019;10,063;63,033;66,068;73,033;75,045;86,044;87,218;403,063;459,065;530,081
190:0,019;10,063;63,033;66,068;75,247;86,044;87,078;459,065;495,039;530,081;550,067;558,200;711,193;850,049;874,259
191:0,020;25,163;206,062;214,069;223,041;246,062;267,044;297,028;324,052;335,131;465,137;471,197;546,026;586,235;993,046;1001,205
192:0,020;24,120;34,065;58,259;223,041;246,062;267,044;297,028;324,052;357,026;374,028;401,198;412,028;467,165;485,070;515,160
193:0,020;17,261;194,120;246,062;268,157;297,028;322,190
194:0,020;24,120
195:0,020;25,079;244,045;260,233;323,063;335,131;353,243;374,028;388,178;593,055;625,104
196:0,020;28,201;34,065;41,128;117,120;169,032;178,097;206,062;209,147;211,268;214,069;225,157;228,230;244,045;265,131;267,044;291,252;297,028;322,190;365,035;367,164;374,028;382,244;389,210;411,217;412,028;467,165;485,070;525,207;543,214;544,112;557,121;558,269;593,055;626,203;646,214;652,246;680,030;684,210;792,103;799,047;829,132;834,159;870,230;875,177;889,173;901,091;918,221;935,109;944,246;949,109;993,046;1021,030;1033,220;1066,262;1071,068;1082,124;1183,165
197:0,020;25,079;41,128;318,063;353,243;412,028;474,099
198:0,020;19,141;25,089;34,065;68,105;168,155;172,111;173,226;206,062;208,033;211,268;214,069;218,118;223,041;244,045;254,270;265,131;288,157;297,028;310,165;318,063;324,052;337,060;340,178;374,028;385,072;389,210;412,028;419,183;455,124;478,272;485,070;507,214;526,210;544,082;546,026;561,244;566,147;573,223;593,055;618,061;629,216;636,228;639,109;647,135;660,115;669,082;675,226;680,030;699,257;737,101;757,080;780,033;789,081;810,228;816,112;818,257;844,210;871,123;893,184;917,236;936,169;942,186;963,131;976,091;982,201;989,137;990,198;993,046;1002,270;1006,201;1007,193;1071,068;1082,265;1091,113;1095,154;1100,098;1102,165;1111,162;1143,095;1190,258
199:0,020;17,261;25,163;26,220;28,201;34,065;59,227;132,145;144,077;153,206;169,032;178,239;206,062;218,118;223,041;244,045;273,139;287,131;310,165;318,063;324,103;357,026;367,164;409,066;411,217;412,028;471,170;482,194;485,070;515,160;546,026;558,269;586,235;593,055;625,104;635,150;661,191;663,119;676,155;680,030;687,128;701,043;704,122;711,151;719,246;726,172;740,154;756,060;757,080;763,108;774,229;867,032;881,267;950,262;968,121;993,046;996,124;1071,068;1078,215;1082,091;1096,243;1105,095;1114,133;1132,086;1136,235;1152,120;1168,196
200:0,020;25,089;169,032;173,226;206,062;214,069;223,041;246,062;267,044;297,140;324,052;340,178;412,028;471,170;680,030;690,210;974,235;1071,068;1078,215
