001:0,001;8,029;42,058;75,273;255,053;260,055;272,032;304,163;651,151;827,058;857,115
002:0,001;8,029;18,158;89,031;112,060;123,086;216,028;242,063;260,055;272,032;304,163;359,034;367,188;537,041;542,151;668,051;691,034;725,247
003:0,001;26,035;41,026;49,050;55,134;66,200;104,066;114,211;134,072;140,064;144,075;154,117;176,037;183,214;238,147;242,063;255,053;266,220;272,032;311,172;314,058;317,169;344,112;345,180;351,151;359,034;369,274;412,065;427,041;441,151;462,258;488,120;498,031;535,209;536,041;538,042;549,108;553,160;557,148;569,047;604,088;608,120;609,038;629,161;638,066;646,148;668,051;679,115;691,034;734,130;816,151;901,080;907,084;924,229;946,047;952,161;983,167;989,242;1157,192;1161,198
004:0,001;8,029;42,058;65,265;144,075;176,037;189,196;242,063;255,053;260,055;272,032;305,244;378,241;427,041;451,208
005:0,001;8,029;47,145;176,037;187,209;412,065;434,155;530,046;536,041;538,042;549,256
006:0,001;8,029;42,058;66,200;140,064;144,075;176,176;255,053;260,055;292,235;314,058;323,241;538,042;539,155
007:0,001;11,170;42,058;47,145;55,134;60,133;107,238;112,060;114,211;134,072;140,064;152,061;154,117;176,037;182,046;207,098;242,063;255,053;271,128;272,032;292,235;294,107;299,201;305,244;314,058;325,260;359,034;367,188;369,274;412,065;433,223;441,151;489,178;498,031;530,046;531,182;534,130;538,042;539,155;569,047;578,199;582,259;586,247;641,076;642,080;650,133;659,076;668,051;688,099;691,034;719,158;734,130;742,219;788,058;841,208;842,184;946,047;952,248;960,097;1130,045;1161,198
008:0,001;14,275;20,129;42,058;60,133;90,244;110,040;113,141;216,028;238,147;242,063;255,053;261,075;268,067;277,167;284,272;298,166;303,118;314,058;316,121;420,153;427,041;501,261;527,223;530,046;531,182;536,041;538,042;549,256;569,047;592,109;609,038;619,176;628,256;668,051;679,115;691,034;725,247;778,170;788,058;849,178;862,261;865,061;932,239;936,080;939,147;946,047;960,097;999,115;1023,142;1041,209;1050,145;1055,176;1068,062;1086,218
009:0,001;8,029;18,158;112,060;123,086;134,072;144,075;166,111;498,031;530,046;536,041;538,042;542,151;569,047;585,131;609,038;642,080;788,058;857,115;946,047;963,112;1053,118;1130,045;1175,195
010:0,001;8,029;43,116;50,154;65,265;75,273;94,114;112,060;114,079;133,214;134,072;140,064;163,235;187,209;198,190;201,206;213,240;216,028;236,062;245,147;255,053;278,234;346,232;359,034;369,260;381,258;402,207;412,065;434,155;469,186;491,257;496,232;498,031;535,209;586,202;601,141;609,038;619,082;688,099;751,188;768,127;775,072;784,184;786,226;788,058;877,122;899,173;934,068;939,147;952,161;1028,240;1029,115;1111,196;1130,045;1157,192
011:0,002;63,100;204,086;442,240;935,238
012:0,002;19,269;113,070;144,241;145,216;166,232;184,131;189,176;208,141;381,233;478,135;484,180;485,259;495,104;611,112;633,070;642,163;683,153;725,124;739,245;784,239;799,033;856,238;954,115;961,099;977,081;998,064;1018,213;1036,261;1054,258;1068,062;1085,197;1105,167;1111,112;1115,261;1125,221;1130,219;1132,157;1162,079;1171,176;1183,228;1186,197
013:0,002;60,101;512,042;526,053;548,232;749,157
014:0,002;60,101;1031,240
015:0,002;59,105;407,086;962,271
016:0,002;60,137;113,070;166,232
017:0,002;63,100
018:0,002;60,137;205,131;229,053;252,217;349,141;1068,062;1085,049;1124,100
019:0,002;59,105;1142,271
020:0,002;63,240
021:0,003;40,254;56,026;66,151;232,057;245,046;253,245;257,178;265,059;306,203;325,034;330,056;400,122;815,039;847,073;858,247;1037,044;1087,266;1102,070;1127,077;1155,249
022:0,003;37,056;47,131;96,045;120,093;616,063;636,198;836,167;869,221
023:0,003;37,056;51,179;245,046;253,122;269,085;296,068;306,203;325,034;330,056;406,177;747,061;764,218;904,221;1109,070;1128,112
024:0,003;44,180;56,026;65,085;325,034;330,056;398,178;421,092;895,045;978,193
025:0,003;40,254;58,071;66,151;333,093;400,122;724,053;747,061;764,218;847,073;877,052;884,026;895,045;978,193;1037,044;1064,250
026:0,003;37,056;51,179;232,057;245,046;263,198;616,063;636,221;877,052;884,026;895,045;979,126;1131,193
027:0,003;17,105;58,071;88,222;96,045;121,275;165,139;196,051;202,237;208,251;221,113;227,255;232,057;253,122;265,059;296,068;317,081;385,159;393,092;438,047;470,180;479,068;509,133;513,271;527,155;531,223;534,104;538,067;555,081;562,089;572,256;616,063;637,140;663,036;669,229;708,248;724,053;744,080;747,061;774,223;847,073;862,256;877,052;889,031;893,208;895,045;979,126;1000,083;1037,044;1064,250;1102,070;1110,210;1114,084;1128,112;1149,223;1165,209;1171,038;1200,037
028:0,003;37,056;47,131;330,056;406,177;438,047;462,274;633,070;648,207
029:0,003;13,246;56,026;58,071;65,085;80,249;96,045;111,146;214,102;232,057;238,082;249,171;265,059;290,131;325,034;335,218;384,041;385,159;390,232;398,178;438,047;464,208;476,124;504,148;536,041;540,196;545,051;569,047;576,242;616,063;633,070;637,090;641,088;649,251;663,158;690,083;696,112;707,249;724,053;744,226;747,095;751,103;769,254;779,207;826,148;884,026;894,270;895,045;973,143;1008,248;1033,252;1037,044;1048,178;1053,234;1068,062;1074,082;1092,151;1102,070;1116,151;1128,266
030:0,003;37,056;51,165;56,026;58,071;80,249;96,045;141,082;163,145;195,135;205,125;227,199;232,057;238,082;245,046;249,171;265,059;293,257;337,081;397,156;467,233;548,092;596,207;609,251;610,113;633,070;648,207;683,141;707,095;717,119;724,053;727,195;729,122;742,221;747,061;769,254;785,117;795,197;803,223;847,073;856,122;877,052;889,231;894,173;895,045;903,160;1024,082;1049,112;1075,252;1101,179;1102,070;1110,210;1163,175;1193,231
031:0,004;4,033;12,174;186,074;205,037;222,061;237,119;697,027;727,245;854,053;966,216;1087,062;1115,031;1164,042;1168,038;1193,223
032:0,004;8,267;29,051;34,241;188,074;205,037;222,051;244,153;636,061;663,036;674,058;697,027;718,223;798,067;832,210;1059,050;1076,049;1154,220;1164,042;1169,052
033:0,004;4,033;10,132;214,063;237,119;415,063;447,068;487,076;663,036;673,180;1012,189;1052,026;1059,050;1087,062;1115,031;1152,041;1168,038;1200,222
034:0,004;9,256;29,051;82,248;90,027;94,268;168,034;178,181;183,094;186,074;197,167;213,085;220,260;222,061;228,146;292,157;315,142;320,039;343,204;353,218;369,262;379,215;399,225;410,092;415,063;438,162;543,158;545,051;576,075;593,260;636,061;669,172;670,041;677,176;698,233;737,037;743,148;752,197;758,138;798,067;803,172;809,133;817,262;820,184;846,247;854,053;961,045;968,189;1017,238;1027,095;1041,110;1045,252;1052,026;1055,126;1059,050;1076,049;1087,062;1109,160;1154,210;1200,222
035:0,004;29,116;39,066;43,255;69,211;72,252;113,070;139,110;152,061;183,055;187,257;189,222;191,145;216,028;238,037;239,190;252,209;292,156;299,045;307,182;427,204;447,068;480,071;486,078;502,249;516,064;528,166;545,051;564,095;567,131;574,089;581,242;585,158;593,260;636,061;658,214;660,141;663,036;669,172;688,231;697,027;718,178;737,037;767,158;786,048;798,067;806,242;989,176;1020,047;1047,110;1052,026;1060,048;1107,193;1115,031;1119,200;1128,226;1138,120;1151,122;1169,052
036:0,004;4,033;8,267;29,051;34,241;36,195;39,066;50,023;69,211;90,027;113,070;155,147;168,034;183,094;186,074;209,244;214,063;215,163;222,051;236,103;240,215;251,214;253,245;296,089;315,148;320,039;343,263;347,103;352,112;401,041;409,198;415,063;477,161;480,071;493,091;528,166;535,068;555,271;564,090;566,157;593,274;602,081;633,099;663,036;688,231;696,143;697,027;698,233;766,125;880,132;891,255;986,228;990,266;1020,047;1034,274;1043,197;1059,050;1076,049;1116,206;1127,246;1152,041;1164,042;1177,138;1186,228
037:0,004;5,180;90,027;102,231;130,132;152,061;168,034;186,074;205,037;222,051;244,153;320,039;336,171;674,058;682,271;854,053;966,216;1020,047;1041,110;1152,041;1164,042;1168,038
038:0,004;4,033;10,132;87,180;168,034;186,074;214,063;220,260;320,039;336,171;480,071;516,064;533,116;737,037;767,158;786,048;798,067;814,095;854,053;969,122;1076,049;1115,031;1152,041;1164,042;1169,052
039:0,004;5,180;39,066;58,231;421,063;445,076;447,068;486,078;1009,167;1077,110;1096,049;1115,031;1152,041;1164,042;1167,134
040:0,004;8,029;9,104;29,051;43,116;94,268;100,203;117,207;139,110;152,061;157,275;173,114;178,181;197,167;204,265;209,244;222,061;239,190;359,183;369,083;415,063;421,113;425,125;431,096;445,076;447,068;480,071;500,251;515,087;516,064;534,152;535,259;541,176;544,259;545,051;553,204;610,171;633,133;636,061;673,180;674,058;680,162;704,100;713,198;718,178;737,037;758,138;772,092;776,268;781,127;782,208;786,048;803,172;819,217;822,058;832,210;854,053;865,228;889,275;891,249;902,095;927,084;963,180;1020,047;1034,274;1052,026;1067,126;1076,049;1084,107;1087,062;1121,262;1128,091;1146,189;1152,041;1167,134;1169,052
041:0,005;18,041;29,011;33,221;50,217;56,028;92,246;107,038;118,197;124,205;128,135;136,178;177,066;187,208;224,032;252,149;261,218;268,067;286,169;299,074;311,133;323,061;335,145;366,069;386,032;395,052;410,053;418,107;425,051;504,100;508,226;530,055;538,028;573,231;645,095;670,041;704,051;706,273;732,046;772,165;794,121;799,194;809,069;815,200;821,121;834,198;922,209;943,120;948,195;976,056;1002,211;1065,195;1093,156;1113,201;1116,204;1123,036;1137,175;1168,156;1173,270;1196,054
042:0,005;38,217;45,037;55,243;115,152;118,044;136,062;145,138;148,190;155,082;214,218;224,032;230,036;260,076;268,067;269,053;271,091;279,062;301,251;304,158;312,097;330,140;337,103;338,026;347,097;354,100;356,029;371,094;378,073;386,032;412,239;485,207;501,225;537,105;538,028;558,191;573,231;610,141;623,271;633,030;639,091;670,041;704,051;713,124;718,228;719,242;744,258;754,030;804,201;819,064;828,232;833,160;842,120;845,121;852,032;857,231;868,229;877,169;890,216;899,058;944,127;949,064;971,248;976,056;997,189;1002,045;1116,239;1123,036;1156,261;1169,126;1178,261;1196,054;1200,039
043:0,005;30,195;230,036;247,074;252,149;551,034;565,224;704,051;715,110;732,046;741,229;949,064;976,056;1002,045;1115,097
044:0,005;18,041;28,121;33,221;107,038;127,069;136,178;269,053;271,091;279,062;299,074;323,061;336,037;344,176;1002,045;1109,176;1149,149;1196,054
045:0,005;24,065;56,028;72,252;79,029;107,038;127,069;137,130;177,066;192,183;247,074;269,053;273,122;336,037;355,262;356,029;378,073;395,052;418,107
046:0,005;1,144;18,041;24,065;68,077;76,135;79,029;104,066;115,152;118,044;127,069;142,031;148,190;224,032;230,036;239,080;243,180;246,192;262,156;268,067;281,265;296,068;304,158;314,204;318,083;327,147;336,037;359,245;366,069;367,083;371,094;425,051;482,247;492,165;530,055;540,189;543,081;550,199;558,191;570,137;611,210;633,030;654,100;657,039;662,219;670,226;683,257;687,081;704,051;715,209;732,046;735,111;746,249;754,030;770,210;789,190;815,200;819,064;822,254;852,032;879,116;884,026;890,216;899,058;910,070;925,065;927,068;936,224;1078,139;1084,104;1106,080;1123,036;1149,149;1196,054;1200,039
047:0,005;24,065;56,028;76,135;338,026;356,029;377,265;395,052;424,204;425,051;492,165;530,055;543,255;551,034;570,268;657,039;670,041;715,209;896,050;922,209
048:0,005;28,035;51,105;56,028;71,091;79,029;105,240;107,038;124,205;127,069;128,176;136,155;137,226;142,163;177,066;205,075;214,218;224,032;230,036;249,157;260,076;269,053;273,122;279,062;291,149;298,151;299,074;308,077;314,132;316,089;323,061;338,026;339,195;359,245;366,069;377,265;378,073;386,032;395,052;417,220;425,051;464,126;540,258;545,225;547,198;551,034;561,103;565,224;570,268;633,030;645,247;657,039;683,257;706,273;732,046;747,186;750,272;754,030;794,121;852,032;869,101;873,202;879,116;886,095;890,160;894,207;896,050;899,058;927,068;946,118;949,064;964,254;1002,211;1123,036;1165,034;1168,090;1192,145;1196,054;1200,039
049:0,005;1,154;18,041;28,121;55,243;66,174;79,029;110,062;117,270;118,044;144,065;157,079;164,216;180,046;193,181;206,138;224,032;240,273;247,074;258,257;265,151;269,053;272,228;279,062;286,169;299,074;312,097;338,026;344,176;366,069;386,032;395,052;412,239;417,220;530,055;538,028;551,034;593,112;633,030;639,091;642,153;657,039;668,249;670,041;704,051;714,207;715,110;739,151;754,030;798,067;811,100;819,064;822,254;844,253;848,105;851,184;857,231;895,167;896,050;899,058;927,068;936,224;949,064;975,207;976,056;989,127;1002,045;1093,191;1123,036;1154,242;1196,054
050:0,005;24,065;71,091;118,044;137,130;268,067;279,062;297,135;299,074;323,061;336,037;356,029;378,073;395,052;424,204;495,229;538,028;570,137;704,051;719,242;754,030;819,064;852,032;877,169
051:0,006;27,210;56,040;85,032;141,251;471,065;491,081;1165,034;1185,143
052:0,006;27,040;96,226;224,053;243,039;247,032;271,090
053:0,006;27,265;49,050;113,254;165,048;243,039;250,045;324,046;367,210;624,020;629,034;658,272;956,201
054:0,006;13,217;23,268;27,040;49,050;110,098;116,218;146,057;177,043;195,257;196,142;206,156;224,053;242,147;243,039;247,032;264,163;272,093;289,206;323,262;404,136;487,239;539,063;562,185;565,241;576,171;588,163;616,130;636,096;886,197;905,132;910,136;915,260;918,201;968,189;982,056;990,169;999,154;1014,060;1043,122;1155,156;1165,034;1174,086
055:0,006;27,265;49,050;95,265;101,157;324,046;347,217;351,271;367,210;471,065;487,239;494,130;502,157;505,223;516,064;520,178;629,034;644,261;658,272;687,246;691,119;739,261;791,201;822,158;895,202;912,099;917,270;954,126;967,263;980,120;1014,060;1034,241;1046,216;1049,078;1133,090;1154,124;1165,034;1174,136;1185,143;1195,224
056:0,006;27,040;85,032;146,057;165,048;224,053;243,039;250,045;324,046;351,271;1010,091;1014,060;1061,231
057:0,006;27,040;85,032;141,206;539,063;552,210;606,206
058:0,006;27,040;49,050;116,218;165,048;247,032;250,045;323,262;332,206;1014,060;1061,231;1115,081
059:0,006;27,040;85,032;141,251;146,057;165,048;242,147;471,065;494,130;629,034;644,261
060:0,006;27,210;85,032;146,057;165,048;224,053;243,039;247,032;250,045;324,046;350,252;436,251
061:0,007;9,109;204,059;266,137;282,213;337,125;760,118;772,072;795,142;848,215;1124,049;1141,146;1177,069;1187,233
062:0,007;9,109;66,027;75,031;110,259;299,066;319,036;330,067;340,207;631,026;700,192;707,033;760,118;910,070;942,073;965,052;1067,154
063:0,007;16,260;23,050;28,237;42,135;43,237;66,027;68,263;75,031;107,158;170,205;183,051;213,132;367,267;375,075;390,256;392,035;396,053;440,242;462,041;467,100;470,054;476,087;551,040;585,074;622,139;741,160;744,072;754,146;772,072;803,158;824,042;838,072;848,215;919,146;987,256;1004,241;1007,090;1022,101;1136,200;1140,242;1141,146;1144,221;1154,194;1177,069;1198,184
064:0,007;9,256;23,050;28,237;75,031;121,067;147,257;166,063;183,051;204,059;266,137;379,075;392,035;396,053;429,248;942,073;965,052;1065,159
065:0,007;8,146;23,050;48,142;163,259;287,048;299,066;319,036;330,067;352,158;392,035;396,053;401,048;411,104;497,147;512,042;524,044;551,040;587,265;668,047;707,033;744,072;757,154;1094,071;1105,220
066:0,007;8,146;16,260;23,050;34,190;66,027;77,267;118,180;135,124;155,098;166,063;170,205;203,227;204,059;269,213;287,048;296,075;326,274;330,067;333,157;341,124;357,090;375,075;397,188;401,048;429,248;466,113;470,054;478,152;489,176;504,266;505,265;512,042;520,124;524,044;541,148;551,040;573,145;587,265;604,037;623,188;627,090;631,026;668,047;691,090;702,219;707,033;723,163;744,072;757,154;772,072;789,101;803,158;806,170;824,042;832,137;851,196;883,248;912,261;961,208;963,112;990,142;1006,118;1065,159;1106,252;1117,186;1124,049;1131,160;1177,069;1187,233
067:0,007;16,215;121,067;147,257;287,036;299,066;319,036;330,067;340,207;375,075;392,035;401,048;412,134;824,042;844,255;898,207;926,262;934,248;1159,154
068:0,007;5,095;16,215;23,050;26,260;39,066;41,122;121,067;155,211;156,059;163,035;199,196;204,059;257,270;297,204;319,036;352,158;392,035;393,092;396,053;403,161;414,046;436,146;470,054;473,139;479,226;487,153;509,215;512,042;544,026;558,196;565,107;631,026;668,047;693,078;701,107;707,033;723,163;787,210;827,034;832,137;896,271;900,201;910,070;926,246;942,073;965,052;1055,175;1094,071;1106,242;1110,195;1111,101;1196,081;1200,037
069:0,007;12,043;17,238;41,122;48,142;66,027;85,102;164,085;166,063;182,173;183,051;204,271;215,176;219,261;262,052;269,257;287,048;302,204;304,170;311,145;319,036;347,161;375,075;385,251;390,256;401,048;411,104;440,242;470,054;499,136;524,044;546,185;558,196;563,207;573,145;587,068;592,027;607,274;622,155;631,026;668,047;688,101;700,192;707,033;709,157;749,028;757,212;763,041;768,213;824,042;847,128;910,070;919,146;920,086;965,052;1032,092;1076,145;1081,189;1094,071;1105,200;1200,037
070:0,007;20,170;23,050;51,102;68,263;75,031;102,122;121,067;142,109;166,063;181,206;183,051;204,271;287,048;288,259;299,066;325,089;326,274;330,067;332,125;351,063;370,087;457,226;462,147;551,040;597,071;601,224;606,109;658,265;698,224;744,072;754,146;772,072;817,198;824,042;851,196;896,050;900,201;926,136;942,073;965,052;978,270;983,100;987,204;988,132;991,270;1013,192;1086,196;1094,071;1101,169;1105,152;1110,090;1124,049;1127,127;1153,107;1170,186;1177,069;1190,126;1200,037
071:0,008;27,259;118,065;176,043;183,055;201,035;210,033;227,056;230,070;293,069;309,034;341,203;565,135
072:0,008;25,258;183,055;221,034;230,070;293,069;348,042;435,046;495,085
073:0,008;26,078;65,033;118,065;176,043;183,055;201,035;203,166;220,217;257,070;293,069;398,197;747,203
074:0,008;25,139;118,065;176,043;183,055;201,035;202,217;210,033;227,056;230,070;309,034;343,135
075:0,008;25,258;221,034;245,218;349,042;435,046;486,132;630,197
076:0,008;26,078;36,046;65,033;118,065;183,055;201,035;210,033;227,056;261,191;293,069;309,034;343,135;435,046;486,132
077:0,008;25,139;176,043;201,035;210,033;221,034;227,056;261,191;293,069;348,042;439,183
078:0,008;26,035;36,046;65,033;124,227;348,042;435,046;495,085
079:0,008;26,035;36,046;65,033;118,065;176,043;183,055;202,217;230,070;293,069;348,042;439,183
080:0,008;26,035;36,046;65,033;118,065;176,043;183,055;201,035;210,033;221,034;230,070;293,069;309,034;325,061;341,203;373,069;398,197;497,203
081:0,009;77,039;83,069;120,121;148,031;160,044;193,102;325,173;430,152;463,133;492,074;501,212
082:0,009;77,267;95,048;135,184;227,258
083:0,009;43,042;53,160;79,039;83,069;99,237;205,160;524,188;758,099
084:0,009;76,160;886,258;1010,099
085:0,009;77,147;83,069;95,048;135,184;492,074;500,083
086:0,009;81,253;492,074;501,212;576,075;589,195
087:0,009;77,039;83,069;95,048;148,031;185,272;495,074;510,241;1060,048;1077,241
088:0,009;77,039;83,069;99,237;120,121;148,031;160,044;191,226;389,184;827,272;901,241;972,103;1173,175
089:0,009;11,196;119,036;122,097;148,031;149,200;158,196;160,044;185,272;212,059;242,106;297,173;363,238;412,272;421,089;484,255;488,135;500,083;550,149;560,186;576,075;589,195;600,151;603,198;635,153;653,124;671,252;685,100;703,229;744,099;840,251;847,249;851,275;858,239;910,191;974,107;983,265;994,031;1013,199;1041,204;1050,256;1060,048;1081,215;1195,242
090:0,009;77,039;83,069;95,048;136,149;160,044;193,102;200,258;282,226
091:0,010;22,095
092:0,010;21,072;62,073;105,062;176,088
093:0,010;21,072;69,089
094:0,010;21,072;22,095;41,099;102,065;116,093;117,114;180,046;182,112;362,223;376,183;393,262;498,247;513,258;528,141;532,026;538,207;550,078;551,131;590,186;648,275;667,271;672,234;711,194;790,232;809,069;816,080;819,093;865,160;909,251;927,275;935,151;988,079;1099,256;1105,139;1110,169;1134,105
095:0,010;38,068;41,099;51,267;62,073;64,214;142,031;181,071;186,228;253,113;351,067;353,179;438,047;456,272;480,107;525,197;532,198;536,163;539,063;551,131;563,124;575,248;576,106;765,188;797,251;804,209;809,069;819,249;824,127;835,154;887,141;921,081;952,234;970,044;988,079;1028,080;1033,186;1071,157;1110,250;1134,195;1161,159;1200,039
096:0,010;21,072;62,073;105,062;172,113;732,088
097:0,010;21,072;62,073;105,062;142,031;189,161;288,095;340,133
098:0,010;21,072;62,073;105,062;142,031;189,161;635,186
099:0,010;26,189;62,073;105,062;166,031;186,228
100:0,010;21,072;62,073;76,269;105,062;176,088;586,089;809,069;816,080
101:0,011;47,063;54,042;56,182;101,055;152,069;178,075;213,038;241,049;252,075;289,072;320,051;323,035;332,225;582,027;595,072;629,151;635,075;651,049;656,216;681,039;689,140;703,075;731,028;791,260;905,057;917,065;944,192;1017,070;1080,156
102:0,011;34,102;64,032;85,055;160,049;178,075;213,038;241,049;252,075;289,072;302,030;323,035;345,254;415,037;424,064;456,157;595,072;607,044;635,075;654,055;665,058;673,063;680,026;681,054;698,266;776,037;808,114;827,034;829,032;847,192;971,030;984,064;998,060;1017,070;1081,087
103:0,011;5,192;47,063;56,182;64,032;81,223;107,077;157,135;160,049;173,079;176,180;213,038;225,238;227,215;241,049;277,231;280,135;292,041;299,096;305,104;320,051;334,061;338,107;345,063;354,076;366,153;369,039;380,089;386,203;397,070;404,180;415,037;417,258;424,064;425,257;510,138;516,217;520,136;579,261;582,027;595,072;607,044;627,097;635,075;641,154;651,049;654,055;658,069;670,241;672,100;678,151;679,133;698,266;701,153;708,086;720,241;731,028;735,262;746,104;764,266;776,037;808,114;826,080;827,034;833,273;840,068;849,133;883,055;896,050;911,239;917,065;923,257;929,056;941,215;942,196;971,030;979,071;984,064;1003,249;1009,102;1011,122;1017,070;1076,133;1094,261;1104,230;1121,126
104:0,011;37,104;47,063;54,042;64,032;85,055;152,069;176,180;607,044;633,234;680,026;681,039;689,140;726,063;731,028;776,037;818,134;829,032;840,068;849,186;917,065;952,234
105:0,011;38,077;64,032;76,178;85,055;152,069;175,199;241,049;252,075;289,072;302,030;320,051;323,035;345,254;405,075;415,037;424,064;470,215;556,044;573,162;681,054;703,075;731,028;776,037;827,034;829,032;840,068;847,192;883,055;905,057;917,065;942,196
106:0,011;34,102;47,063;54,042;70,112;134,040;138,097;144,254;152,069;176,193;178,075;224,203;252,057;260,047;276,154;302,030;316,239;320,051;334,097;352,174;354,076;369,039;387,215;393,263;395,040;398,216;450,087;455,255;456,157;468,204;556,044;567,143;610,207;630,208;634,100;641,154;651,049;654,055;658,069;665,058;669,120;673,063;681,054;706,138;726,063;740,029;746,104;829,032;841,057;854,245;875,151;880,145;883,055;890,084;896,121;905,057;910,198;911,212;917,065;934,260;952,080;965,215;971,030;979,071;980,240;998,060;1018,213;1020,256;1031,207;1092,114;1138,248;1171,038;1192,235
107:0,011;42,261;54,042;64,032;85,055;160,049;178,075;219,156;369,039;393,263;556,044;573,162;607,044;633,234;665,058;673,063;680,026;681,054;718,185;979,071;984,064;998,060;1017,070;1081,087
108:0,011;38,077;252,075;292,041;302,030;320,051;323,035;345,063;369,039;384,172;397,070;405,075;415,037;424,064;454,192;651,049;658,069;673,063;680,026;681,054;703,075;735,262
109:0,011;45,269;47,063;54,042;71,075;76,178;81,223;152,069;175,199;213,038;227,215;232,159;241,049;257,104;261,069;264,128;289,072;292,041;296,238;308,149;312,086;316,239;323,035;332,225;345,063;361,030;365,241;374,144;397,070;400,133;405,075;410,120;424,173;500,263;556,044;579,152;582,027;595,072;607,044;627,097;635,075;642,257;654,055;656,216;658,069;665,058;676,208;694,212;703,075;712,106;726,063;737,113;840,068;841,258;872,089;883,055;896,121;905,057;916,100;923,257;998,060;1014,152;1040,206;1049,156;1059,102;1082,127;1099,155;1110,175;1115,083;1129,184;1148,110
110:0,011;37,104;160,049;178,075;213,038;232,159;240,156;252,075;292,041;305,104;345,063;374,144;397,070;405,075;424,064;454,192;582,027;595,072;635,075;651,049;658,069;673,063;680,026;681,054;700,261;706,075;731,028;791,260;971,030;979,071;984,064;998,060;1014,152
111:0,012;38,175;80,225;83,034;113,182;145,026;146,111;169,030;180,026;190,107;201,174;203,111;205,170;214,063;225,192;261,069;265,243;284,044;294,173;297,152;299,116;311,272;330,151;362,068;371,215;382,228;397,176;409,170;422,055;475,225;484,096;503,076;520,171;543,041;570,154;577,071;615,036;634,170;753,125;777,154;803,027;813,038;874,142;877,095;882,120;894,048;896,192;930,035;941,244;942,178;976,089;981,031;1007,188;1025,041;1047,245;1062,095;1063,081;1089,226;1111,078;1113,208;1117,247;1129,071;1168,038;1178,211;1187,082
112:0,012;38,175;39,053;105,220;170,201;803,027;813,044;850,104
113:0,012;38,202;78,191;83,034;102,267;106,125;107,124;113,182;169,030;170,201;215,080;313,140;342,251;352,267;359,142;362,068;383,152;385,224;422,055;427,041;428,249;524,232;543,041;556,113;560,119;570,134;577,071;592,109;595,104;599,201;615,036;635,136;759,151;761,160;767,152;930,035;936,179;948,226;981,031;1010,232;1044,044;1047,245;1049,158;1084,184;1129,071;1152,172;1178,211
114:0,012;39,053;103,193;422,055;486,111;543,041;577,071;629,220;1112,158
115:0,012;39,053;103,166;169,030;175,246
116:0,012;20,129;39,053;75,031;80,225;83,034;106,125;242,172;252,180;258,095;265,243;312,080;418,188;420,218;422,055;428,249;436,040;451,139;480,151;506,116;524,044;539,101;543,041;561,125;577,071;615,036;619,275;634,170;645,091;646,203;651,137;776,072;779,165;803,027;808,117;813,044;823,253;850,104;857,091;864,139;882,184;894,048;899,263;930,035;931,228;938,273;951,139;963,230;966,101;968,232;981,031;1007,188;1121,258;1129,071;1146,151;1151,152;1152,172
117:0,012;39,053;103,193;169,030;175,246;675,275;1129,071;1157,162
118:0,012;39,053;105,220;362,068;376,211;615,036;629,220;813,044;829,080;894,048;899,263;981,031;1049,158
119:0,012;39,053;103,166;362,068;376,211;397,201;577,071;619,275;803,027;813,044;894,048;930,035;936,179
120:0,012;38,202;83,034;107,124
121:0,013;13,154;18,044;30,053;36,267;50,023;68,092;69,033;78,191;80,163;91,074;107,081;194,044;204,265;209,227;213,162;281,265;284,044;297,086;307,070;325,188;339,083;340,047;347,111;356,195;378,073;382,136;410,053;449,120;453,266;477,026;506,051;520,268;538,067;556,149;604,057;614,262;638,066;705,126;719,252;723,050;753,117;757,041;770,169;779,225;788,256;789,068;835,146;873,033;890,093;947,262;1009,219;1027,140;1057,210;1101,068;1114,074;1127,079;1157,115;1173,057
122:0,013;30,060;36,238;40,190;50,023;80,230;164,192;194,044;195,255;200,080;210,033;218,134;225,048;227,099;250,009;255,238;262,052;279,062;290,121;302,212;320,134;325,188;340,047;370,180;382,136;394,040;455,125;458,057;485,254;506,051;532,126;533,159;548,053;556,189;564,049;566,106;579,090;583,059;602,124;604,057;612,244;626,249;627,053;633,099;637,247;680,212;694,054;696,108;701,258;705,134;719,226;723,050;757,041;770,169;789,068;834,228;839,197;873,033;874,258;875,111;888,031;891,118;928,220;949,078;1053,271;1066,263;1096,064;1097,263;1101,175;1139,219;1144,178;1173,057;1178,201;1180,142
123:0,013;10,268;39,042;45,082;50,023;80,163;91,074;107,081;125,223;129,043;162,186;194,044;200,080;219,180;225,048;235,145;246,109;262,052;283,059;298,161;340,047;344,183;378,096;388,170;390,267;394,040;410,053;417,042;423,237;458,057;482,272;538,067;553,249;572,234;573,074;629,034;638,066;665,179;672,171;696,108;776,062;779,225;784,199;789,068;844,266;847,199;873,033;874,234;876,053;882,161;934,167;948,154;953,207;964,210;968,175;1007,169;1011,155;1020,112;1025,041;1039,100;1070,178;1096,064;1101,068;1114,074;1126,209;1137,075;1177,138
124:0,013;49,238;91,074;115,085;129,043;154,187;162,186;194,044;205,037;213,162;222,051;246,109;284,044;293,195;340,047;356,219;366,272;377,218;404,211;408,240;423,237;426,178;530,125;538,067;551,056;573,119;578,207;583,059;602,136;604,057;616,063;617,244;669,198;686,078;691,255;701,252;710,125;719,099;723,050;757,041;794,213;803,157;809,199;814,083;817,086;831,113;886,092;989,232;1004,261;1011,234;1020,204;1025,041;1039,156;1042,249;1066,196;1079,141;1093,167;1096,064;1104,179;1120,207;1137,075;1170,101;1173,057
125:0,013;18,224;30,053;34,074;39,042;49,238;50,023;74,203;75,045;85,219;209,037;218,134;447,040;477,026;550,173;1114,074;1127,079
126:0,013;18,044;34,074;41,042;50,023;75,045;85,238;378,083;394,040;477,026;548,053;551,056;572,234;583,059;593,219;776,062;786,219;789,068;834,084;844,266;1137,075;1182,156
127:0,013;18,044;30,053;34,074;39,042;50,023;74,203;119,036;129,043;163,192;225,048;226,224;394,040;479,082;506,051;533,159;548,053;551,056;573,074;627,053;638,066;676,217
128:0,013;18,044;30,053;34,074;39,042;50,023;75,045;85,219;426,053;449,109;458,057;477,026;548,053;564,049;573,074;626,249
129:0,013;47,192;119,036;126,089;129,043;141,082;154,187;182,261;225,048;226,224;234,172;235,145;343,204;353,165;384,167;386,240;394,040;473,155;481,149;485,254;506,051;535,180;546,101;551,056;564,049;573,100;582,229;583,059;584,141;593,219;604,057;607,131;627,053;648,096;651,134;673,051;680,159;705,126;776,062;801,094;850,084;873,033;875,111;899,167;901,218;1014,204;1015,145;1025,041;1027,140;1097,095;1101,068;1110,186;1114,074;1118,127;1121,154;1137,075;1142,126;1146,251;1169,220;1173,057
130:0,013;18,044;34,074;45,082;91,074;119,036;129,043;161,158;194,044;195,255;262,052;284,044;302,212;340,047;353,165;410,053;458,057;477,026;548,053;550,173;564,049;573,074;627,053;638,066;674,159;723,050;757,041;776,062;789,068;834,084;1025,041;1039,156;1082,141;1096,064;1101,068;1137,075;1173,057
131:0,014;10,227;79,165;87,035;103,028;145,267;343,035;346,055;353,041;450,255;868,029;895,060;962,040;1015,176
132:0,014;11,049;40,044;87,035;103,028;145,267
133:0,014;10,235;87,035;103,028;143,047;153,037;162,058;294,050;343,035;353,041;415,230
134:0,014;11,201;40,044;95,047;96,216;143,047;153,037;162,058;294,050;346,055;372,217;788,033;868,029;895,060;963,102
135:0,014;10,235;103,028;143,047;152,152;788,033;868,029;895,060;962,040;1041,162
136:0,014;10,227;89,035;103,028;143,047;153,037;162,058;294,050;343,035;346,055;353,041;415,230;895,060;962,040;1041,162;1116,167
137:0,014;11,049;40,044;87,035;112,138;728,173;788,033;872,157;923,197;962,040;1065,224
138:0,014;11,049;40,044;96,216;153,037;162,058;257,168;346,055;372,217;411,267
139:0,014;11,049;40,044;87,035;103,028;152,152;294,050;343,035;346,055;367,167
140:0,014;11,201;162,058;294,050;343,035;346,055;353,041;418,167;788,033;868,029;895,060;962,040;1070,232
141:0,015;21,075;103,233;383,033;394,214;815,039;858,145;925,118;1019,139;1067,272
142:0,015;21,075;102,065;105,040;145,200;267,125;307,070;343,186;597,055;635,065;734,204;918,145
143:0,015;21,075;95,108;635,065;734,204
144:0,015;21,075;106,176;181,200;383,033;394,214;635,065;762,170
145:0,015;15,099;21,075;28,247;80,167;90,027;95,108;102,065;105,040;156,245;164,054;177,037;200,112;203,054;207,110;231,196;241,232;244,140;247,074;260,125;277,055;289,189;307,070;343,186;351,067;376,178;383,033;386,261;394,162;446,055;458,211;470,041;482,081;530,158;534,086;539,063;547,041;555,189;570,154;587,068;593,112;597,055;624,237;635,065;678,096;684,256;698,208;738,111;740,029;764,190;792,118;815,039;858,145;861,061;869,178;886,078;893,122;944,051;956,108;987,104;1012,194;1020,228;1040,262;1051,141;1082,123;1094,170;1135,196;1148,133;1164,146;1199,226
146:0,015;31,155;146,053;170,042;190,127;351,067;379,103;446,055;482,247;587,068;596,080;597,055;635,065;740,029;752,139
147:0,015;31,155;96,102;102,065;108,093;144,125;146,053;184,240;189,150;192,205;203,054;249,176;289,189;313,201;334,220;336,199;351,067;359,116;362,156;406,116;412,179;417,141;425,251;431,120;443,233;446,055;489,158;492,074;496,116;519,249;532,268;542,063;547,229;551,197;580,251;587,068;598,148;609,229;633,185;635,065;671,112;705,158;730,249;740,029;770,251;783,133;795,134;807,251;815,039;849,191;861,061;927,068;936,126;957,239;968,173;1008,228;1010,126;1019,160;1044,045;1082,123;1109,110;1123,115;1133,208;1174,139;1182,057
148:0,015;21,075;79,161;102,065;105,040;146,053;170,042;180,103;203,054;211,233;249,103;740,029;752,139;861,061;944,051;953,272
149:0,015;23,154;105,040;146,053;170,042;180,103;307,070;336,199;861,061;944,051;969,251;1143,256
150:0,015;3,019;28,247;67,255;70,112;75,045;79,161;103,233;166,182;170,042;176,037;182,173;186,095;190,127;203,054;206,196;207,110;220,244;235,048;244,140;318,133;351,067;362,220;376,178;383,033;394,162;396,215;399,261;423,100;446,055;478,259;583,059;588,192;594,171;597,055;624,237;635,065;653,077;709,140;726,113;744,177;829,273;845,098;849,191;918,117;934,100;936,126;944,051;947,123;1052,217;1069,223;1084,083;1090,242;1094,071;1103,234;1130,239;1139,170;1166,196
151:0,016;13,229;52,067;106,056;126,075;129,026;192,040;232,030;236,062;264,036;285,018;319,126;361,030;435,069;448,094;634,045;637,058;645,075;649,034;651,035;718,239;776,056;797,052;813,038;833,072;929,056;946,171
152:0,016;8,205;38,068;52,067;106,056;126,075;129,026;181,030;235,061;236,062;264,036;285,018;319,126;365,046;448,094;535,068;551,060;611,020;634,045;643,070;645,075;649,034;688,127
153:0,016;3,150;106,056;126,075;164,054;181,030;182,242;235,061;236,062;264,036;285,018;314,028;361,030;365,046;435,069;450,147;452,072;460,041;509,029;535,068;551,060;611,020;637,058;643,070;645,075;649,034;651,035;718,093;828,033;833,072;938,275
154:0,016;13,071;38,068;52,067;106,056;126,075;129,026;181,030;236,062;264,036;285,018;314,028;365,046;435,069;452,072;460,041;509,029;535,068;537,235;651,035;718,093;720,056;801,082;929,056;946,225
155:0,016;13,071;38,068;57,084;164,054;181,030;236,062;264,036;285,018;314,028;361,030;435,069;452,072;458,189;551,060;611,020;634,045;637,058;644,116;813,038;830,265;833,072;929,056;946,225
156:0,016;2,012;4,192;8,205;38,068;52,067;117,114;122,165;139,237;160,268;166,141;181,030;182,242;188,168;192,040;256,131;258,058;270,232;291,185;323,103;334,190;335,124;338,180;343,182;351,217;361,030;365,046;368,134;376,221;412,113;418,138;449,228;460,041;471,065;505,265;509,029;550,186;551,060;604,077;611,020;638,242;651,035;712,176;720,056;768,147;797,052;802,091;806,229;813,038;830,265;1003,064;1014,084;1060,208;1069,120;1084,211;1089,118
157:0,016;13,071;38,068;62,275;126,075;129,026;192,040;236,062;264,036;285,018;314,028;361,030;452,072;460,041;509,029;535,068;551,060;611,020;636,166;649,034;651,035;720,056;797,052;801,082
158:0,016;13,071;38,068;52,067;106,056;129,026;140,170;509,029;535,068;551,060;611,020;637,058;649,034;651,035;718,239
159:0,016;13,071;38,068;57,084;129,026;192,040;235,061;236,062;264,036;285,018;314,028;361,030;365,046;435,069;452,072;458,189;460,041;509,029;537,235;611,020;634,045;637,058;643,070;651,035;720,056;813,038;833,072;935,151
160:0,016;13,229;52,067;106,056;140,170;164,054;181,030;235,061;237,214;264,036;285,018;314,028;361,030;435,069;460,041;509,029;535,068;551,060;611,020;636,166;643,070;645,075;649,034;651,035;720,056;797,052;802,091;924,072;929,056;946,171
161:0,017;17,030;37,037;63,047;109,031;110,096;231,047;278,109;465,062;478,229;682,071;703,117;931,043;956,223
162:0,017;17,030;41,266;512,046;529,106;568,058;587,236;602,037;621,103
163:0,017;30,206;63,047;109,031;119,142;369,043;401,049;405,158;706,202;931,043;957,219
164:0,017;17,030;37,037;63,047;124,163;285,116;488,071;492,202;721,055;728,202;849,045;878,059;889,142
165:0,017;41,165;138,198;156,059;167,120;202,047;267,057;292,253;366,056;369,043;401,049;410,120;1133,262
166:0,017;13,003;24,065;28,141;63,026;67,114;108,273;109,031;127,069;130,079;179,187;211,167;343,261;369,043;401,150;422,116;478,229;488,071;492,202;512,046;516,053;542,071;561,126;568,058;574,139;587,236;602,037;609,108;616,076;624,137;625,029;664,132;666,125;674,195;676,153;682,071;694,057;705,245;733,151;735,236;750,032;765,262;772,100;797,052;802,273;830,155;849,045;875,148;878,059;890,114;900,210;901,220;909,080;931,043;949,265;957,219;967,115;974,045;996,052;1008,117;1022,089;1025,189;1193,218
167:0,017;8,087;17,030;23,150;28,141;37,037;70,067;75,045;78,198;146,050;158,084;172,113;176,131;177,066;190,178;193,222;200,083;202,047;277,055;279,075;291,220;297,063;306,167;369,043;397,207;401,049;405,158;457,170;465,062;471,189;488,071;495,249;499,258;507,239;512,046;516,053;542,071;556,105;561,126;565,176;568,058;591,159;674,138;682,071;696,143;721,055;746,125;750,032;764,178;849,045;869,124;889,142;947,251;958,228;966,118;970,184;990,064;1008,117;1055,245;1109,263;1150,179;1167,239;1181,107;1183,124
168:0,017;8,087;17,030;25,002;30,206;41,266;63,026;80,167;109,244;138,176;146,050;150,108;155,147;156,059;167,120;202,047;267,057;295,154;297,063;309,238;311,261;316,260;404,165;405,138;416,172;447,216;465,062;466,087;480,228;494,087;505,104;512,046;516,053;542,071;573,271;591,159;602,037;622,256;625,029;668,260;680,134;682,071;694,057;735,236;859,232;861,217;870,158;878,059;881,273;956,223;1062,226;1069,188;1080,230;1096,079;1119,188;1145,184;1162,248
169:0,017;17,030;37,037;63,047;109,031;110,096;146,050;156,059;167,121;267,057;297,063;311,261;625,029;682,071;694,057;721,055;732,218;750,032;764,178
170:0,017;36,267;63,047;67,114;76,213;94,196;96,246;146,050;167,121;186,139;202,047;233,265;261,231;267,057;285,116;297,063;308,077;401,150;465,062;466,087;473,248;481,263;487,126;488,071;512,130;516,053;529,106;542,071;550,134;554,141;568,058;582,155;602,037;605,072;607,178;608,169;625,029;674,058;676,153;694,057;703,117;712,127;720,224;721,055;732,218;750,032;758,257;760,177;786,048;819,141;849,045;875,152;876,197;878,059;881,273;931,043;970,184;1105,262;1112,218;1137,247;1142,252;1149,173;1162,215;1182,186
171:0,018;78,037;86,052;100,010;104,274;110,047;114,029;135,098;145,039;155,204;299,264
172:0,018;82,244;86,052;100,010;110,047;114,029;133,262;238,037;253,269
173:0,018;78,037;86,052;100,010;106,069;114,029;145,039;158,264;238,037;244,187;1193,102
174:0,018;78,037;86,052;100,010;106,164
175:0,018;82,244;100,010;106,164
176:0,018;78,037;86,052;104,274;145,039;176,174
177:0,018;78,037;88,103;106,069;110,047;114,029;133,262;238,037;244,187
178:0,018;78,037;86,052;100,010;114,029;127,261;191,172;423,174
179:0,018;78,037;86,052;100,010;106,069;114,029;145,039;158,264
180:0,018;78,037;86,052;100,010;106,069;110,047;114,029;127,261;155,204;258,172;299,269
181:0,019;5,042;21,021;30,060;72,041;92,046;181,071;185,041;209,013;239,009;262,133;270,038;305,029;346,129
182:0,019;5,042;21,021;30,060;72,041;89,156;209,013;239,009;257,064;270,038;307,252
183:0,019;5,042;21,021;32,207;185,041;209,013;239,009;257,064;278,234;305,029;344,227
184:0,019;5,042;21,021;27,172;209,013;239,009;257,064;305,029;338,181
185:0,019;5,042;21,021;27,096;39,018;56,213;92,046;185,041;209,013;239,009;257,064;296,075;306,223;743,252;1021,132
186:0,019;5,042;21,021;30,060;72,041;87,168;92,046;181,071;185,041;209,013;257,064;270,038;305,029;346,129
187:0,019;6,216;72,041;87,135;92,046;181,071;185,041;209,013;239,009;257,064;305,029;338,056;341,270
188:0,019;13,217;56,213;72,041;96,202;99,145;110,104;234,185;239,009;264,176;296,075;327,089;368,200;525,044;548,053;555,136;636,105;647,120;659,244;788,258;805,155;806,116;811,142;852,032;897,231;943,194;959,105;967,272;971,185;1017,070;1019,078;1023,246;1041,215;1051,102;1052,220;1066,112;1128,189;1130,045;1151,136
189:0,019;5,042;21,021;27,172;30,060;72,041;87,168;257,064;296,075;305,029;341,270;377,227
190:0,019;5,042;21,021;27,096;92,046;185,041;209,013;239,009;257,064;270,038;306,223;338,181
191:0,020;12,043;30,156;32,026;50,118;84,185;523,194;644,033;704,175;864,031;902,194;929,030;964,044;988,051;1004,124;1076,064;1085,084
192:0,020;12,043;32,026;70,098;841,057;856,114
193:0,020;16,157;80,030;86,197;104,066;119,150;148,041;159,035;202,118;207,056;268,141;320,098;877,031;895,098;988,051;1003,263
194:0,020;12,043;30,156;148,041;159,035;202,118;342,052;367,194;401,185;964,044;988,051;1031,091
195:0,020;42,135;53,023;63,275;70,064;71,253;80,030;85,040;93,134;103,132;104,066;121,028;125,200;148,041;158,195;159,035;166,044;167,222;197,109;207,056;248,069;285,170;295,264;296,068;325,120;338,118;342,052;361,132;365,244;502,113;525,104;527,270;536,169;581,077;605,265;618,105;626,212;629,159;642,252;644,033;698,139;704,218;716,251;727,256;734,255;737,037;744,072;770,210;775,126;824,236;827,239;837,265;841,057;856,114;864,031;878,170;890,152;895,098;924,114;964,044;988,051;1000,091;1061,089;1076,064;1097,102;1140,231;1144,104;1189,081;1196,077
196:0,020;12,043;16,157;104,052;110,083;342,052;367,194
197:0,020;4,125;12,043;25,183;32,026;55,037;69,089;70,064;87,172;93,134;104,052;112,060;121,253;141,206;148,041;161,218;207,056;225,048;227,056;248,069;265,059;267,271;274,096;277,055;287,221;379,186;400,218;576,075;581,077;584,086;644,033;649,242;696,241;714,090;732,244;749,268;751,136;929,030;966,260;995,257;997,167;1003,263;1009,207;1022,176;1032,052;1046,246;1050,241;1060,048;1067,184;1076,064;1081,208;1100,120
198:0,020;12,043;20,126;70,064;80,030;86,197;207,056;248,069;277,055;297,148;864,031;902,229;905,058;929,030;999,077
199:0,020;12,043;20,126;104,066;119,150;248,069;274,096;644,033;704,175;1070,173
200:0,020;13,206;25,183;32,026;50,118;70,064;71,253;80,030;84,185;104,052;116,038;134,196;159,035;190,107;342,052;355,166;523,029;536,169;613,226;618,178;644,033;704,218;726,063;749,268;812,212;828,132;841,057;857,095;860,132;864,031;903,093;929,030;954,098;964,044;994,064;1022,100;1030,104;1064,245;1069,230;1076,064;1085,084;1101,228;1116,095;1124,049;1129,145;1174,219;1199,176
