001:0,001;27,050;58,031;70,271;159,074;222,072;261,047;382,074;409,052;417,008;488,064;498,005;502,070;520,044;533,073;548,063;593,030;604,218;623,035;755,066;820,253;855,054;878,228;993,042;1090,082
002:0,001;27,273;58,031;64,074;222,072;233,040;239,042;261,047;382,074;409,052;417,008;488,064;498,005;500,057;520,044;545,190;596,057;616,031;623,035;755,066;820,253;855,054;872,094;895,047;945,055;993,046;1089,219
003:0,001;27,050;56,043;63,152;239,042;367,119;500,057;520,044;547,121;755,066;817,044;855,054;883,173;979,055;993,042;1093,275
004:0,001;27,050;58,031;64,074;137,045;144,060;212,082;222,072;261,047;382,074;409,052;417,008;488,064;500,057;520,044;533,073;548,063;593,030;604,218;721,180;891,052;930,206;945,055;993,046;1084,073;1131,109
005:0,001;27,050;56,043;64,074;220,062;233,040;239,042;367,119;409,052;417,008;487,180;495,064;498,005;500,057;522,080;628,190;755,066;817,044;860,230;861,029;895,047;945,055;993,042;1084,073;1131,109
006:0,001;27,050;56,043;64,074;220,062;222,072;261,047;382,074;409,052;417,008;488,064;498,005;502,070;522,080;533,073;548,063;593,030;596,057;616,031;623,035;755,066;817,044;855,054;861,029;891,052;895,047;930,206;993,046;998,129
007:0,001;27,050;64,074;137,045;144,060;212,082;220,062;222,072;261,047;382,074;390,213;409,052;417,008;488,064;498,005;502,070;520,044;548,063;596,057;613,224;682,035;755,066;817,044;855,054;861,029;872,094;895,047;990,087;1056,042;1084,073;1142,134
008:0,001;27,050;32,179;56,043;64,074;220,062;222,072;233,040;239,042;363,268;382,074;409,052;417,008;487,180;498,005;500,057;520,044;545,190;855,054;861,029;891,052;895,047;945,055;993,046;1058,142;1084,073;1187,121
009:0,001;32,179;63,152;64,074;137,045;172,157;233,040;239,042;363,268;417,008;488,064;498,005;511,199;817,044;855,054;861,029;895,047;945,055;993,042;1114,144;1144,181
010:0,001;27,273;137,045;144,060;216,079;222,072;261,047;382,074;409,052;433,237;488,064;498,005;502,070;520,044;533,073;548,063;596,057;616,031;623,035;755,066;817,044;855,054;861,029;891,052;895,047;945,055;993,046;1058,142
011:0,002;44,030;86,128;91,118;93,121;113,262;120,058;126,144;150,070;165,149;170,035;180,233;182,217;207,159;210,062;231,056;247,249;250,246;260,252;312,174;317,028;335,063;349,263;357,043;363,225;404,247;419,064;460,179;479,033;481,071;489,212;498,041;500,123;516,031;518,233;524,067;538,244;544,157;552,230;562,042;578,049;583,234;592,062;611,152;631,146;658,053;664,143;671,068;710,038;728,181;731,074;745,214;841,031;853,073;889,164;896,031;901,062;917,151;936,249;941,104;943,273;955,040;999,211;1001,081;1011,036;1035,218;1040,029;1054,262;1104,034;1122,243;1168,202;1181,138
012:0,002;11,252;44,030;81,155;85,070;106,083;134,085;137,138;143,106;150,070;155,051;163,038;229,105;231,056;250,246;308,070;317,028;335,063;338,229;343,247;358,068;410,118;419,064;474,119;481,071;483,233;498,211;516,031;524,067;533,089;542,187;547,122;556,193;584,050;592,062;604,099;622,156;626,121;637,031;644,126;647,074;665,240;671,068;676,185;689,132;695,184;703,139;725,252;733,240;752,196;761,172;765,091;794,179;807,155;815,141;818,131;841,031;842,216;905,182;916,048;931,204;944,235;950,136;955,040;963,246;1004,266;1018,048;1040,029;1049,229;1058,264;1080,221;1087,068;1095,062;1104,034;1129,199;1152,071
013:0,002;24,031;44,030;85,070;105,062;137,138;180,122;210,062;247,052;285,101;358,068;408,127;592,062;617,158;637,031;647,074;664,143;841,031;853,073;896,031;902,252;960,040;996,082;1011,036;1025,270;1087,068;1104,231
014:0,002;26,077;105,062;131,252;170,035;220,086;479,033;483,233;516,031;532,175;642,146;853,073;896,031;905,182;1151,243;1165,252
015:0,002;19,269;20,142;81,155;85,070;88,254;105,062;125,137;150,070;172,186;195,205;197,099;208,158;210,062;231,056;242,226;247,052;284,208;290,189;300,216;308,070;312,174;317,028;334,074;348,134;366,270;370,159;481,071;483,110;524,067;539,177;543,045;544,157;551,203;585,120;590,103;592,062;616,190;619,088;624,231;637,031;640,263;671,068;746,211;783,101;825,050;844,178;850,224;853,073;871,093;886,166;889,104;892,129;991,052;1001,081;1011,036;1018,048;1033,116;1040,029;1048,199;1129,262;1199,105
016:0,002;26,122;44,030;50,225;85,070;86,174;95,086;126,144;156,235;231,056;261,047;263,125;283,037;285,101;308,070;317,028;335,063;343,247;358,068;404,247;410,118;419,064;473,073;474,264;479,033;496,038;499,230;500,123;515,165;516,031;524,067;543,211;550,204;562,042;578,261;608,159;611,152;618,086;637,031;644,114;647,074;655,204;671,068;731,074;742,164;746,211;752,089;761,118;765,096;766,230;798,076;806,031;818,131;838,224;840,052;842,216;853,073;892,129;901,062;910,117;916,048;939,231;943,103;997,059;1000,274;1018,048;1040,029;1052,197;1061,106;1065,232;1087,068;1099,258;1104,034;1113,215;1119,053;1132,103;1152,071
017:0,002;26,122;358,068;408,127;562,042;584,050;609,230;671,068;731,074;752,089;901,062;902,252
018:0,002;20,142;40,133;44,030;58,170;92,106;150,070;151,069;165,149;170,035;172,106;213,077;225,193;229,105;247,052;263,125;283,246;298,086;308,070;319,103;469,209;471,203;479,033;481,071;507,270;522,147;524,067;532,175;552,179;562,042;572,157;584,050;613,173;614,046;631,274;637,031;640,263;648,120;651,060;658,206;670,150;685,239;699,040;703,139;711,269;716,130;731,074;761,054;777,233;781,221;841,031;859,140;884,084;901,062;932,153;938,228;985,273;1000,274;1011,036;1027,233;1031,257;1040,141;1049,229;1144,267;1152,071;1181,138;1192,194
019:0,002;11,252;44,030;85,070;95,086;150,070;170,035;220,086;247,052;272,136;308,070;319,103;335,063;342,231;419,064;479,033;499,230;647,074;670,150;901,062;916,048;937,212;955,040;991,052;996,082;1152,071
020:0,002;26,077;85,070;105,062;131,252;516,031;518,233;584,050;614,215;651,060;671,068;745,214;916,048;955,040;991,052;1018,048;1048,199
021:0,003;5,082;18,031;35,043;53,056;73,217;80,250;186,064;290,059;372,027;409,250
022:0,003;6,250;158,038;186,064;290,059;372,027;409,250
023:0,003;6,250;53,056;73,217;186,064;300,195;926,155
024:0,003;4,197;282,191;372,027;421,228;783,155
025:0,003;5,082;35,043;53,056;79,269;132,197;391,236;818,195;834,171;948,126
026:0,003;9,064;20,191;462,241
027:0,003;9,064;18,031;35,043;53,056;73,236;186,064;290,059;372,027;412,171;882,240;886,089
028:0,003;9,064;18,031;35,043;53,056;73,236
029:0,003;4,197;9,064;97,156;131,083;186,064;209,056;217,229;233,251;290,059;368,238;421,228;425,158;437,126;490,239;577,181;609,169;636,057;639,199;647,260;702,112;707,059;744,155;798,095;812,267;871,180;1036,249;1054,154;1097,270;1103,262;1132,135
030:0,003;9,064;18,031;35,043;53,056;84,257
031:0,004;4,132;31,165;52,053;61,153;73,067;87,041;100,219;102,164;110,142;114,051;150,105;154,073;158,218;171,088;190,078;198,199;203,268;215,049;229,172;258,251;273,258;403,144;411,042;418,223;461,065;465,120;529,146;535,170;579,066;590,159;597,275;600,072;640,216;647,154;661,274;696,059;715,146;725,204;726,186;732,174;740,056;751,046;772,150;773,180;778,186;786,169;787,218;793,105;795,232;816,060;838,143;847,162;961,184;976,271;979,093;1017,206;1020,063;1023,243;1035,176;1036,048;1039,207;1042,258;1048,111;1054,175;1068,044;1084,209;1095,148;1109,209;1114,243;1120,132;1167,231;1178,241
032:0,004;31,127;52,053;67,171;73,067;85,069;93,085;347,060;359,062;384,064;399,113;411,042;413,049;417,132
033:0,004;32,234;287,031;351,175;359,062;380,203;422,067;458,048;464,220
034:0,004;33,213;85,069;93,085;97,041;109,056;114,051;154,073;203,072;215,049;227,037;287,031;347,060;359,062;372,064;399,043;413,049;422,067;461,065;473,254;769,068;781,171;816,060;837,040;857,118
035:0,004;33,213;203,072;215,049;227,037;287,031;347,060;359,062;380,203;740,056;769,068;775,210;1068,044;1084,209
036:0,004;5,221;32,234;61,153;73,067;85,069;99,047;102,164;109,056;133,037;150,105;154,073;198,264;203,072;213,170;227,037;288,189;395,071;402,165;410,147;411,042;417,132;438,165;441,027;450,185;458,048;474,122;574,059;581,258;600,072;602,182;628,255;696,059;709,269;711,068;724,202;751,046;769,068;779,056;783,157;815,047;816,060;826,159;827,173;834,112;837,040;838,063;840,205;844,186;977,220;1036,048;1037,213;1038,042;1047,260;1059,123;1062,148;1124,168;1154,260;1171,133;1176,176;1192,267;1196,154
037:0,004;29,036;35,159;52,053;67,171;73,067;87,041;102,177;109,056;124,148;130,107;131,146;180,238;199,113;347,060;357,118;358,122;372,064;397,182;399,043;438,165;458,048;464,220;478,042;481,204;500,110;510,213;523,179;549,241;551,042;558,121;579,066;590,159;613,113;675,176;696,059;709,269;719,115;729,080;740,056;749,040;751,161;769,033;783,157;820,141;832,236;835,263;837,040;847,162;858,046;873,116;874,186
038:0,004;50,255;52,053;71,181;73,067;87,041;115,075;131,146;150,199;154,073;239,077;251,216;268,131;361,059;367,236;372,064;394,185;399,043;453,088;511,050;512,211;556,143;564,226;569,215;579,066;597,184;600,072;603,214;629,240;636,141;695,187;696,059;719,115;724,202;740,056;751,046;767,114;769,033;786,117;816,060;835,082;898,178;909,142;942,261;953,241;976,040;992,164;1005,239;1036,048;1045,176;1050,232;1066,221;1068,044;1076,092;1093,240;1094,123;1109,228;1113,073;1132,169;1168,262
039:0,004;31,165;114,051;154,073;203,268;215,049;229,172;413,049;422,067;458,048;461,065;473,254;579,066;596,093
040:0,004;31,127;73,067;85,069;87,041;109,056;114,051;154,073;198,264;203,072;215,049;227,037;287,031;357,118;359,062;372,064;394,185;399,043;411,042;413,049;422,067;458,048;461,065;481,204;600,072;611,248;751,046;769,033;775,210;837,040;857,118;1036,048;1048,111
041:0,005;24,192;38,226;98,012;119,116;131,068;136,234;137,119;165,050;177,208;178,223;181,035;208,068;209,067;231,229;257,263;263,045;288,223;289,257;290,247;325,066;332,275;347,040;360,142;368,060;373,031;374,253;385,075;399,197;405,042;407,201;408,034;432,133;440,040;479,055;495,223;549,262;585,075;632,150;641,242;661,009;669,222;682,245;689,055;705,264;724,249;756,235;801,231;808,041;821,062;842,188;863,162;870,043;887,041;888,214;940,068;950,055;960,224;989,075;996,272;1057,210;1138,088;1169,235;1185,270;1196,117
042:0,005;98,012;120,058;131,068;137,119;165,050;181,035;208,068;211,087;290,054;303,247;324,269;441,027;457,133;585,075;593,054;661,009;682,245
043:0,005;98,012;114,101;139,226;304,071;327,034;330,043;375,126;419,069;440,040;483,066;508,039;589,045;632,159;808,041;821,062;840,052;870,043;893,274;941,068;975,063;993,047;1006,060;1039,044;1042,072;1112,048;1134,049
044:0,005;98,012;119,222;165,050;182,091;263,045;276,204;330,043;373,031;383,242;661,009;684,026;694,044;808,041;840,052;870,043;895,044;940,068;965,215;969,038;975,063;989,075;993,047;1006,060;1042,072;1112,048;1134,049
045:0,005;98,012;120,058;131,068;132,162;181,035;209,067;231,128;373,031;384,128;385,075;405,042;408,034;419,069;441,027;457,133;483,066;508,039;589,045;593,054;661,009;684,026;694,044;808,041;821,062;842,188;1094,072;1134,049
046:0,005;38,226;46,207;54,165;67,172;165,050;178,223;181,035;182,091;202,183;208,068;211,087;263,045;274,270;276,204;317,065;320,156;330,043;374,209;376,206;385,075;398,131;408,034;418,268;479,055;483,066;516,100;565,207;575,155;585,075;594,253;600,135;616,031;619,083;644,186;654,132;660,230;661,009;669,231;673,271;681,112;684,026;689,055;706,229;721,121;806,175;808,041;821,062;843,116;859,130;863,173;868,095;895,044;929,180;943,091;947,169;956,164;960,224;969,038;975,063;977,179;989,075;993,047;1009,164;1039,044;1042,072;1116,170;1158,047;1188,083;1191,251
047:0,005;98,012;115,275;330,043;368,060;385,075;408,034;419,069;441,027;462,131;475,040;479,055;494,153;508,039;590,191;593,054;661,009;678,200;684,026;689,055;694,044;808,041;821,062;840,052;870,043;893,274;940,068;965,215;989,075;993,047;1006,060;1039,044;1042,072;1112,048;1196,117
048:0,005;98,012;115,275;120,058;132,162;209,067;231,128;263,045;274,270;304,071;327,034;330,043;368,060;378,102;405,042;408,034;419,069;440,040;483,066;508,039;589,045;594,253;604,054;661,009;689,055;694,044;808,041;835,065;843,116;1006,060;1039,044;1057,145;1112,048;1134,049
049:0,005;46,207;56,043;61,238;189,174;194,217;209,067;218,223;263,045;290,247;297,158;304,071;323,241;327,034;335,215;360,142;368,060;371,213;373,031;378,102;383,242;404,128;408,034;418,268;419,069;427,029;447,112;462,131;479,055;483,066;514,195;539,162;544,080;549,173;582,230;585,075;589,045;593,054;619,083;628,140;632,159;661,009;662,110;684,026;689,055;696,147;704,126;708,097;722,145;733,143;776,150;787,204;808,041;825,245;849,241;895,044;910,156;927,159;940,068;959,033;971,176;975,063;989,032;995,243;1006,060;1030,104;1031,129;1073,123
050:0,005;98,012;119,222;131,068;139,226;208,068;216,216;304,071;327,034;330,043;368,060;384,128;411,034;419,069;440,040;483,066;508,039;589,045;593,054;661,009;678,200;694,044;817,245;821,062;840,052;871,113;876,117;895,044;925,188
051:0,006;28,061;61,034;94,273;588,067;628,261
052:0,006;28,061;61,034;91,113;203,059;223,225
053:0,006;28,061;61,034;95,191;99,047;109,062;126,155;588,067;628,034;663,107;762,205
054:0,006;10,249;68,031;88,241;97,029;98,176;141,273;175,138;203,059;210,160;359,187;367,136;373,128;380,066;390,142;463,060;465,071;474,257;481,038;486,264;502,146;514,259;521,267;545,123;564,120;577,170;588,067;619,080;628,034;680,057;711,172;712,163;724,105;729,229;743,262;746,205;793,043;815,122;825,050;837,142;982,198;1048,140;1098,171;1103,212;1106,141;1116,171;1135,165;1175,079;1189,266
055:0,006;28,061;68,031;69,263;463,036;491,029;555,163;711,172;740,109;793,043;825,050;866,237
056:0,006;28,061;44,104;68,031;69,263;97,029;99,047;126,155;463,036;491,029;588,067;628,261;805,043;810,103;825,050;853,249
057:0,006;28,061;44,104;61,034;91,113;99,047;126,183;463,036;491,029;565,178
058:0,006;28,061;68,031;88,241;463,060;484,165;491,029;555,163;651,207;714,172
059:0,006;28,061;61,034;97,029;98,176;253,183;628,034;663,204;793,043;810,103;945,178
060:0,006;35,132;68,031;86,099;97,029;100,219;185,241;203,059;222,042;223,247;254,253;277,087;282,060;287,263;302,052;313,238;376,141;381,145;414,238;415,241;454,191;472,173;484,165;491,029;545,123;557,183;561,089;565,178;600,046;605,123;648,184;663,107;675,080;719,139;793,043;815,226;825,050;837,142;858,088;878,071;891,148;928,196;957,261;964,172;969,038;984,162;1022,264;1040,133;1052,225;1075,257;1108,079;1121,048;1136,208;1163,033;1172,206
061:0,007;32,090;129,063;168,078;301,075;333,066;339,026;374,060;381,071;418,047;432,037;447,128
062:0,007;38,016;42,248;56,233;79,136;98,068;117,039;121,192;137,052;152,222;219,138;306,208;312,201;315,104;333,066;341,091;378,085;381,071;406,139;413,190;463,060;471,212;479,088;487,058;525,201;529,150;606,275;623,181;634,057;659,038;662,146;670,051;685,083;773,145;784,040;802,249;830,065;836,198;887,058;894,077;920,151;925,097;943,275;953,072;982,127;1017,236;1049,198;1051,118;1080,107;1099,053;1104,034;1118,223;1167,241;1174,165
063:0,007;32,090;117,039;137,052;164,077;339,026;374,060;393,154;716,176;784,040;798,185
064:0,007;35,211;98,068;129,063;160,090;374,060;381,071;404,146;634,057;653,096;1081,128;1099,053;1140,128
065:0,007;44,255;49,175;119,226;125,263;129,063;156,235;162,138;164,077;169,234;175,183;188,206;277,133;279,241;301,075;315,104;329,259;339,026;378,173;381,071;410,152;427,069;447,128;463,073;491,164;499,275;509,177;520,212;528,225;535,173;543,045;554,102;571,240;601,039;611,273;616,067;630,216;634,057;644,185;666,214;670,051;686,099;694,158;704,205;756,130;789,124;794,072;809,159;824,135;830,065;831,161;854,047;857,101;859,225;871,190;887,058;888,253;891,236;896,099;931,204;953,072;957,140;970,084;1030,275;1063,242;1079,089;1087,228;1088,193;1099,053;1132,210
066:0,007;32,092;117,039;137,052;169,192;432,037;446,221;463,073;487,058;494,041;519,107;543,045;559,110;670,051;676,212
067:0,007;32,092;117,039;137,052;160,090;333,066;339,026;374,060;381,071;413,190;418,047;432,037;446,221;487,058;494,041;520,212;601,039;621,078;830,065;854,047;867,230;887,058;904,259;953,072;977,266
068:0,007;35,211;98,068;121,192;463,073;485,195;494,041;528,140;991,096
069:0,007;50,026;82,074;95,205;98,068;117,039;122,189;129,063;166,060;173,214;177,062;181,126;301,075;321,261;330,182;333,066;339,026;378,270;387,275;393,154;418,047;426,105;429,116;432,037;439,163;463,073;479,100;484,242;487,058;490,103;492,275;494,041;529,150;543,045;568,079;574,192;590,176;601,039;606,225;634,057;654,086;670,051;676,212;745,245;760,065;776,141;784,040;798,185;824,124;830,065;849,135;854,047;871,190;889,163;909,116;910,136;917,220;924,041;952,270;953,072;970,084;973,164;977,266;982,127;985,185;1034,042;1075,091;1083,093;1099,053;1134,239;1141,196;1157,123;1159,182;1177,087
070:0,007;26,068;49,175;60,179;70,056;101,206;109,213;117,039;140,231;148,136;162,193;168,078;179,161;275,162;283,091;349,090;381,071;387,275;402,045;404,146;410,152;418,047;439,180;448,075;466,234;543,045;559,110;601,039;617,061;628,034;633,145;634,180;636,176;644,185;784,040;785,056;789,124;830,065;853,130;867,230;887,058;896,099;953,072;992,123;999,148;1065,116;1085,264;1086,242;1099,053;1123,144
071:0,008;48,009;52,036;88,023;99,227;116,224;197,032;209,056;218,066;224,244;328,030;346,270
072:0,008;3,203;34,071;35,222;36,133;44,222;48,009;58,031;82,205;155,051;162,213;163,227;167,063;177,272;189,061;197,032;202,266;218,066;234,081;261,259;285,171;290,038;323,233;328,030;342,194;354,168;402,175;419,038;421,238;752,052;764,243;850,044;860,090;867,275;869,070;882,103;891,045;894,077;903,057;905,268;922,140;934,103;937,122;976,144;985,132;989,231;1010,162;1032,198;1100,054;1107,160;1151,213;1179,122;1186,111
073:0,008;48,009;52,036;88,023;99,027;155,051;158,075;244,168;328,030;360,147;903,057;910,033;1179,122
074:0,008;48,009;52,036;87,224;88,023;99,027;155,051;167,063;173,161;189,061;197,032;206,251;209,056;217,261;570,270;910,033;1164,040;1181,062
075:0,008;48,009;52,036;88,023;99,027;155,051;167,063;168,117;189,061;206,215;212,253;290,038;322,184;750,179;1181,062
076:0,008;48,009;52,036;88,023;99,027;158,075;234,081;290,038;320,264;724,126;764,243;891,045;905,268;1024,033;1164,040;1181,062
077:0,008;3,203;83,166;88,023;95,116;97,114;99,227;167,063;170,167;177,272;189,061;199,137;209,056;212,088;217,261;218,066;219,189;276,075;285,171;290,038;314,169;328,030;346,270;360,147;376,032;397,027;402,175;421,238;430,143;435,109;453,209;463,060;477,262;487,238;535,120;593,175;704,093;714,151;716,271;764,249;796,230;841,185;860,090;869,070;886,144;891,045;900,141;903,057;908,169;910,033;969,038;982,198;984,162;993,228;1024,268;1164,040;1174,097;1181,062
078:0,008;52,036;70,166;88,023;95,116;150,227;155,051;181,243;189,061;197,032;199,137;209,056;212,253;218,066;248,176;265,225;290,038;314,239;320,264;418,181;424,134;432,170;484,273;496,259;498,046;507,229;537,238;563,261;582,187;591,258;606,099;772,155;774,263;812,145;869,070;892,115;987,206;1111,194;1194,231
079:0,008;48,009;52,036;87,224;155,051;158,075;265,156;686,163;891,045;903,057;910,033;1059,107;1138,033;1164,040
080:0,008;48,009;52,036;88,023;99,027;155,051;158,075;244,168;925,033;1164,040;1181,062
081:0,009;21,066;61,197;66,106;72,071;84,032;91,046;109,147;122,244;124,213;130,152;133,037;174,096;196,243;202,267;210,205;257,078;260,045;261,167;267,040;286,048;289,144;294,065;330,248;347,271;354,047;361,233;419,038;470,187;507,184;528,143;530,220;545,005;547,095;672,078;705,116;756,164;781,075;803,072;810,267;820,233;822,117;829,179;845,067;849,123;887,126;910,254;921,122;929,109;1020,035;1065,092;1135,220;1160,274
082:0,009;21,066;31,047;72,071;91,046;100,068;101,216;154,039;294,065;322,033;419,038;545,005;596,076
083:0,009;21,066;34,216;84,032;99,148;223,039;294,065;322,033;419,038;545,005;597,048;618,086;634,156;1026,076
084:0,009;29,215;31,054;44,202;133,037;154,039;256,031;260,045;267,040;276,036;294,065;322,033;421,249;533,038;545,005;597,048;607,166;631,112
085:0,009;21,066;31,047;84,032;93,179;322,033;421,249;902,076;1020,035;1035,235
086:0,009;18,220;31,047;66,106;72,071;84,032;91,046;104,214;171,044;187,216;220,085;256,031;271,261;276,036;296,089;316,233;321,275;324,128;330,248;483,122;519,120;545,005;592,166;597,048;603,136;617,228;625,186;643,174;741,116;764,212;781,075;792,144;810,218;841,031;850,169;861,121;936,129;945,185;974,233;1008,193;1020,035;1025,173;1156,079
087:0,009;21,066;31,047;72,071;89,154;256,031;260,045;267,040;276,036;294,065;322,033;419,038;545,005;596,076;781,075;792,144;1118,173
088:0,009;21,066;31,054;34,216;133,037;154,039;256,031;260,045;267,040;276,036;300,109;322,033;419,038;545,005;592,166;849,123;1082,112
089:0,009;21,066;31,054;44,202;72,071;82,193;91,046;93,179;154,039;291,179;419,038;545,005;597,048;608,069;615,136
090:0,009;29,215;680,218
091:0,010;5,257;14,159;22,071;55,079;61,259;64,198;81,072;86,111;213,052;224,161;235,145;251,119;347,067;369,257;373,197;410,070;421,143;422,234;442,053;481,109;531,143;548,031;563,112;644,031;664,226;730,048;734,182;742,107;769,182;856,205;861,076;871,071;891,052;895,197;900,055;931,219;953,117;984,097;989,032;993,106;998,065;1011,094;1022,067;1035,081;1049,252;1073,100;1079,241;1090,239;1100,116
092:0,010;15,060;26,233;222,042;223,222;311,119;347,067;359,193;570,088;659,038;664,226;866,040;900,055;918,027;923,058;987,223
093:0,010;5,257;15,060;31,054;68,119;76,038;78,241;81,072;86,111;88,262;91,076;122,053;144,060;169,111;213,052;234,054;237,068;252,213;352,158;385,048;386,219;395,042;398,072;418,204;422,182;485,008;487,266;498,193;521,096;548,031;561,242;580,255;597,091;604,104;609,128;619,130;644,031;651,060;655,117;659,038;660,048;661,248;675,201;677,229;692,180;732,166;734,182;808,263;853,130;858,046;866,040;868,205;871,113;879,264;900,055;914,146;923,058;936,148;958,123;974,168;987,223;994,195;1022,067;1042,169;1057,030;1168,137
094:0,010;14,159;22,071;32,172;76,038;104,149;121,214;122,053;144,060;207,171;247,133;269,096;385,048;386,219;395,042;398,072;410,070;433,256;499,171;504,252;542,196;546,224;548,031;570,088;578,256;604,057;609,196;644,031;651,060;652,191;659,038;660,048;678,221;725,114;730,048;743,254;829,167;835,082;838,220;858,046;866,040;902,232;907,205;912,102;918,027;919,190;928,060;989,032;997,181;1015,212;1022,067;1041,044;1059,107;1075,259;1097,133;1114,073;1126,160
095:0,010;15,060;22,071;61,259;989,032;998,065;1040,101
096:0,010;15,060;22,071;64,198;76,038;81,072;91,076;122,053;141,088;410,070;429,189;923,058;928,060;998,065;1057,030;1168,137
097:0,010;19,101;22,071;39,129;122,053;134,244;162,143;181,159;191,224;193,167;194,181;213,052;251,119;263,041;269,118;347,067;372,175;385,048;394,187;395,042;398,072;422,234;433,256;442,053;446,008;486,126;514,145;519,173;526,275;548,031;572,239;628,234;630,216;660,048;663,132;668,084;730,048;735,257;742,189;773,166;787,228;824,261;831,036;834,189;851,117;866,040;895,197;965,071;983,235;989,032;993,046;1003,168;1007,195;1016,257;1022,067;1048,201;1057,030;1163,162;1181,081;1191,133
098:0,010;14,181;22,071;68,119;76,038;81,072;101,206;385,048;395,042;410,070;421,143;644,228;660,048;677,229;730,048;747,136;802,275;858,046;871,071;900,055;918,027;923,058;928,060;998,065;1057,030;1186,092
099:0,010;14,181;213,052;222,042;223,222;644,031;645,080;871,071;900,055;914,189;924,058;928,060;998,065;1057,246
100:0,010;19,101;222,042;247,133;398,072;410,070;429,189;548,031;578,256;660,048;668,084;866,040;900,055;914,146;918,027;923,058;931,219
101:0,011;6,119;24,112;42,005;52,231;63,064;65,118;80,075;132,243;226,058;230,134;243,068;256,145;259,091;292,151;306,169;312,051;324,204;372,049;412,171;421,225;423,058;431,205;448,075;465,188;476,265;478,042;486,167;497,031;516,156;536,212;541,088;548,075;562,039;573,052;588,271;597,162;615,097;624,136;629,192;658,026;664,208;671,036;678,251;680,057;696,231;706,151;713,239;723,065;732,263;779,091;784,199;785,030;794,189;803,226;814,119;818,102;840,084;893,210;930,168;942,102;991,225;997,059;1011,267;1017,235;1039,065;1047,214;1107,268;1116,067;1134,087;1193,060
102:0,011;25,174;97,075;134,062;136,253;141,033;160,208;330,073;345,240;406,049;441,059;478,042;486,192;785,030;818,102;949,271;1116,067;1142,141
103:0,011;5,017;6,119;25,136;29,201;50,026;54,124;80,075;131,171;134,062;136,253;141,033;166,133;172,058;180,108;207,216;209,162;225,132;226,058;237,161;238,193;246,115;267,122;277,069;309,109;330,073;339,078;346,182;354,208;387,133;442,248;448,075;466,206;472,086;473,041;476,265;479,209;481,237;497,031;512,088;548,075;566,103;569,176;573,027;582,078;626,056;648,120;671,036;708,105;816,066;823,157;854,047;871,071;901,140;902,241;912,221;943,175;1156,235;1164,097
104:0,011;49,029;55,121;102,077;131,247;134,062;158,159;172,058;193,064;200,142;208,047;223,247;226,058;229,125;234,067;241,170;276,254;312,051;354,208;372,049;428,190;431,205;448,075;470,064;474,219;486,036;487,257;492,100;497,031;533,096;626,056;657,215;658,026;664,208;671,036;674,097;680,057;683,262;687,117;705,130;706,179;740,083;743,186;769,068;771,245;778,240;785,030;790,274;795,273;841,262;855,119;908,167;918,222;921,164;932,171;1095,240;1116,067;1160,196;1167,118;1182,135;1191,164;1193,060;1200,131
105:0,011;24,112;50,026;55,121;63,064;80,075;134,062;141,033;172,058;194,131;208,047;229,125;234,067;246,208;277,069;312,051;330,073;345,240;1116,067;1146,236
106:0,011;29,201;63,064;65,118;277,069;321,141
107:0,011;26,186;80,075;141,033;158,159;226,058;234,067;250,162;658,026;670,122;997,059;1020,133
108:0,011;25,136;372,049;430,255;573,027;587,180;626,056;658,026;671,036;680,057;699,251;1193,060;1200,131
109:0,011;25,174;50,026;58,142;208,047;229,115;448,075;466,206;478,042;486,192;548,075;573,027;588,271;965,071;997,059;1042,258
110:0,011;19,269;21,082;26,186;50,026;54,124;63,064;97,189;107,057;116,265;160,208;167,132;172,058;173,098;208,047;233,205;241,170;255,179;277,069;312,051;321,141;330,073;364,221;372,049;413,245;432,225;436,231;438,228;442,053;465,188;489,215;496,128;497,031;517,245;546,231;548,075;566,117;573,027;582,078;587,180;617,235;626,056;649,241;656,196;658,026;670,122;680,057;691,093;697,109;732,263;748,224;758,239;776,190;785,030;795,273;811,147;821,230;828,146;839,159;997,059;1001,232;1055,171;1121,093;1134,087;1164,273;1172,222;1193,060
111:0,012;29,036;33,063;48,072;63,270;221,054;331,048;371,177;394,167
112:0,012;35,141;64,132;110,148;115,217;119,050;159,032;166,173;179,175;199,033;217,251;221,074;259,257;269,086;283,143;331,048;364,032;381,216;394,038;398,237;460,079;466,242;480,263;492,154;496,162;501,046;520,226;639,177;667,181;679,214;688,195;738,147;782,257;806,156;819,190;824,078;835,144;852,254;868,195;870,141;893,212;894,181;898,171;900,273;918,029;936,116;952,267;998,212;1008,116;1103,168;1111,134;1126,141;1131,096;1162,220;1170,245;1175,100;1186,273
113:0,012;29,036;33,063;48,072;63,209;199,033;221,054;332,225;340,042;364,032;394,038;402,066;424,097;831,260
114:0,012;29,036;33,063;48,072;64,201;119,050;159,032;179,175;199,033;221,054;331,048;364,032;381,148;394,038;402,066;424,260;982,259
115:0,012;33,063;48,072;63,270;159,032;166,173;199,033;221,054;331,048;371,177;650,234;918,029;938,211;1171,259
116:0,012;33,063;48,072;70,141;221,074;233,239;525,234;949,099
117:0,012;29,036;33,063;53,167;402,066;424,097;555,201;742,040;746,095;918,029;952,267
118:0,012;27,121;48,072;63,209;596,220;615,164
119:0,012;27,121;33,063;48,072;64,201;614,239
120:0,012;42,248;45,005;102,262;119,050;156,195;158,141;159,032;160,116;217,039;219,138;221,074;248,154;256,269;275,083;343,231;364,032;381,148;394,038;398,237;402,066;419,178;427,029;438,201;468,168;476,154;485,168;487,266;498,206;545,147;562,101;566,275;595,205;643,181;648,171;674,089;712,156;715,140;753,171;777,097;802,104;806,097;829,089;842,052;888,253;896,031;902,232;907,132;918,029;938,211;939,095;944,262;952,148;999,239;1001,259;1015,260;1035,180
121:0,013;11,245;64,140;106,066;110,089;112,036;142,199;158,053;164,264;168,047;210,142;216,052;232,235;234,067;238,041;272,059;273,063;286,055;301,075;313,115;326,136;350,065;430,210;439,084;519,027;521,046;633,138;637,052;650,059;655,183;751,096;765,063;766,154;774,049;800,133;809,072;820,170;821,267;822,035;832,111;845,067;869,070;872,105;922,234;970,195;974,132;978,180;991,109;997,122;1061,271;1085,223;1089,106;1110,261;1117,205;1124,044;1145,142;1158,047;1186,185
122:0,013;26,068;83,153;119,065;158,053;168,047;205,051;207,050;217,041;272,059;280,100;425,057;440,225;521,046;637,052;657,089;693,207;791,028;809,072;827,173;914,088;1124,044;1143,162
123:0,013;38,182;205,051;207,050;216,056;217,041;273,063;292,226;308,039;350,065;425,057;439,084;521,046;637,052;650,059;653,036;662,065;791,028;809,072;837,208;998,047;1020,063;1034,105
124:0,013;25,196;216,056;223,083;286,055;308,039;359,104
125:0,013;11,245;21,066;22,133;26,079;36,199;38,182;70,200;93,189;97,101;112,036;145,168;158,218;164,264;168,047;189,038;199,119;203,059;207,188;272,059;273,063;286,055;315,257;328,209;337,061;342,031;356,160;415,231;419,178;425,057;451,256;463,036;497,245;515,143;519,027;521,046;622,255;633,138;653,036;657,089;662,065;703,151;721,196;745,184;774,049;781,075;786,262;820,170;822,035;844,259;845,067;864,271;875,242;989,166;1020,063;1028,225;1033,091;1048,266;1060,196;1070,030;1078,268;1086,185;1092,220;1107,273;1124,044;1135,139;1140,270;1158,047;1183,118;1188,209
126:0,013;26,068;83,153;207,050;216,056;217,041;273,063;300,126;476,212;519,027;524,262;662,065;774,049;791,028;800,133;822,035;845,067;875,242
127:0,013;26,079;286,055;308,039;350,065;420,231;809,072;822,035;837,208
128:0,013;25,196;112,036;119,065;172,058;188,266;207,050;217,041;280,100;545,210;650,059;653,036;662,065;774,049;791,028;807,088;832,111;845,067;872,105;1124,044;1143,162;1158,047
129:0,013;26,068;84,115;112,036;119,065;158,053;168,047;205,051;207,050;216,056;217,041;272,059;286,055;311,101;519,027;529,205;615,262;1020,063;1033,091
130:0,013;26,068;84,115;119,065;158,053;168,047;205,051;207,050;216,056;217,041;272,059;286,055;308,039;350,065;425,057;430,210;637,052;650,059;653,036;662,065;774,049;807,088
131:0,014;19,036;36,169;309,053;327,055;378,066;400,137;460,043;519,069;551,042;556,049;601,079;671,045;696,085
132:0,014;19,036;23,010;36,212;396,059;460,043;519,069;557,176
133:0,014;19,036;23,010;36,194;261,060;298,072;309,053;327,055;348,066;400,137;519,069;554,207;556,049;594,027;671,045;696,085
134:0,014;23,010;36,212;348,066;396,059;460,043;519,069;551,042;556,049;594,027;671,045;701,086
135:0,014;3,238;69,127;86,099;224,060;262,210;327,055;329,182;348,066;396,059;400,170;406,112;412,275;460,043;537,091;551,042;554,207;660,077;671,045;703,201;895,109;921,121;981,224;1013,033;1040,190;1068,104;1069,062;1097,194;1117,123;1120,266;1121,140;1126,053;1135,165;1144,101;1154,091;1191,218
136:0,014;19,036;23,010;38,151;298,072;312,065;327,055;412,275;1111,107
137:0,014;19,036;23,010;57,189;224,060;298,072;327,055;396,059;465,262;537,091;759,175;966,182
138:0,014;19,036;23,010;36,194;224,060;298,072;309,053;327,055;348,066;396,059;460,043;519,069;551,042;556,049;594,027;671,045;701,086
139:0,014;19,036;23,010;38,151;85,269;327,055;400,170;551,042;556,049;594,027;671,045;672,249;716,192
140:0,014;19,036;23,010;36,169;224,060;298,072;309,053;327,055;406,112;594,027;684,205;708,228;889,192
141:0,015;42,065;55,025;65,232;723,222
142:0,015;42,065;55,025;66,158
143:0,015;61,130;616,043;626,193;815,047;828,114
144:0,015;42,065;55,025;71,114
145:0,015;42,065;55,025;66,158;108,114;639,196
146:0,015;1,199;144,214;147,205;217,067;224,131;268,156;277,081;334,074;341,173;344,047;346,198;446,231;527,133;537,060;545,205;551,054;566,149;571,119;577,273;616,043;638,227;650,136;657,238;663,095;750,117;764,078;781,239;815,047;822,271;846,157;851,156;864,067;868,206;891,201;909,095;959,251;967,246;969,221;982,264;1014,241;1045,089;1068,044;1086,078;1093,213
147:0,015;42,065;55,025;65,232;804,254
148:0,015;42,065;55,025;65,260;334,074;341,173;616,043;626,193
149:0,015;42,065;55,025;61,130;761,158
150:0,015;42,065;55,025;65,260;638,222;815,047;822,273
151:0,016;10,210;144,047;157,070;160,198;206,036;271,062;277,082;694,079;1100,054;1168,044
152:0,016;8,267;18,262;28,192;105,073;144,047;145,148;148,133;151,069;157,070;162,085;168,151;184,132;185,034;186,258;192,223;219,144;307,059;309,205;322,233;347,067;366,182;427,177;457,185;501,240;507,050;508,188;519,107;535,054;576,199;579,172;586,050;606,145;613,186;620,060;642,077;740,181;761,054;774,119;808,121;894,062;913,091;974,252;989,168;998,097;1007,127;1018,097;1055,193;1058,033;1064,147;1069,062;1098,261;1100,054;1116,170;1131,100;1141,140;1159,258;1168,044
153:0,016;8,180;157,070;158,044;185,034;202,049;206,036;271,062;277,039;286,061;295,224;337,134;347,040;353,116;728,221
154:0,016;8,156;23,001;26,189;33,262;35,222;105,073;131,133;144,047;158,075;160,198;185,034;189,153;195,154;202,049;205,042;206,036;276,159;380,259;394,160;405,042;417,198;471,103;489,240;497,255;508,188;535,054;579,172;593,030;616,043;620,060;651,206;675,164;686,107;692,203;794,191;830,230;847,236;858,219;866,218;882,176;894,062;898,061;919,178;938,148;945,211;998,148;1001,116;1018,048;1025,117;1069,062;1101,274;1168,044;1199,275
155:0,016;8,107;105,073;144,047;151,069;158,044;185,034;202,049;206,036;271,062;277,082;535,054;578,174;649,235;761,054;774,119;882,224;894,062;951,264
156:0,016;8,107;205,042;230,134;620,060;644,126;1069,062;1100,054;1135,103
157:0,016;10,210;144,047;157,180;158,044;186,258;276,159;286,061;295,224;894,062;957,154
158:0,016;8,180;151,069;158,044;185,034;192,223;202,049;206,036;271,062;286,061;295,079;1168,044
159:0,016;8,267;271,062;286,061;295,079;456,134
160:0,016;13,064;18,262;105,073;138,271;142,050;148,133;157,070;195,252;202,049;205,042;210,062;219,144;222,235;250,039;278,134;309,205;347,040;355,213;535,054;555,113;620,060;640,234;642,077;651,053;666,214;694,168;699,107;706,065;728,221;761,054;786,084;793,043;799,235;1025,117;1166,081;1173,092;1185,188;1189,274;1199,101
161:0,017;7,049;61,149;65,104;174,030;233,233;237,048;253,254;276,075;281,163;286,066;288,062;303,255;364,032;374,274;402,045;403,262;411,080;429,062;444,219;451,026;465,262;470,111;489,119;605,034;639,116;642,082;651,053;687,175;769,061;777,264;779,056;796,252;812,180;818,068;822,166;917,196;924,105;932,096;947,210;985,176;989,140;1161,211
162:0,017;7,049;63,041;77,060;88,043;151,132;288,062;300,200;315,066;337,061;345,180;415,058;448,061;530,244;695,056;706,167;710,038;733,227
163:0,017;17,244;139,099;143,088;151,132;155,062;161,052;166,127;205,042;210,103;237,048;266,143;271,110;273,064;281,163;288,062;300,047;303,076;315,066;327,190;334,074;338,258;344,173;349,051;350,216;353,244;373,073;398,072;411,080;429,062;443,203;451,026;454,219;480,089;605,034;626,087;659,056;704,052;758,204;769,061;770,213;779,056;786,198;827,163;835,176;849,134;881,150;1132,033;1144,081
164:0,017;7,049;14,030;22,051;45,190;63,041;80,193;373,073;402,045;414,058;448,061;471,059;605,034;622,180;704,052;770,213;1121,129
165:0,017;7,049;63,041;77,060;121,151;155,062;157,182;174,030;237,048;276,075;288,062;289,058;301,157;451,026;470,111;471,059;651,053;659,056;710,038;736,238
166:0,017;7,049;63,041;77,060;88,043;149,066;155,062;161,052;165,066;174,030;213,243;289,058;303,076;315,066;349,051;350,216;495,059;604,233
167:0,017;14,030;22,051;44,255;88,043;149,066;161,052;165,066;174,030;233,242;286,066;289,058;301,157;414,058;448,061;471,059;605,034;659,056;704,052;769,061;779,056;786,198;837,239;968,238
168:0,017;7,049;14,030;32,183;155,148;174,030;233,242;289,058;300,135;337,061;345,180;349,051;355,253;373,073;402,045;408,173;414,058;451,026;471,059;604,233;651,053;659,056;706,091;769,061;777,264;975,167
169:0,017;1,155;7,049;14,030;17,244;22,051;32,183;61,149;149,066;151,096;164,174;165,066;175,096;270,202;276,036;281,167;286,066;288,062;295,131;300,200;315,066;353,244;373,073;403,262;414,058;429,062;436,134;448,061;478,086;495,210;514,168;530,244;537,186;538,199;546,073;548,156;563,192;569,255;626,087;632,132;644,195;651,053;685,083;689,082;693,225;704,052;774,199;779,056;793,109;842,267;855,219;857,150;872,136;880,243;1129,229;1144,081;1151,264
170:0,017;7,049;14,030;22,051;45,190;77,060;88,043;149,066;155,062;165,066;174,030;210,103;237,048;270,202;276,075;286,066;289,058;300,135;337,061;349,051;355,253;429,062;443,103;670,056;710,038;733,227
171:0,018;28,163;61,063;84,145;178,199;336,028;388,054;439,046;507,050;564,235;595,069;669,063;720,230;751,063;856,112;968,097;1170,071
172:0,018;9,076;61,063;64,029;109,147;147,038;218,203;262,231;266,247;286,057;347,271;423,263;507,050;512,083;533,038;535,131;562,036;587,199;595,069;603,231;615,100;699,040;751,127;767,221;775,169;781,121;828,178;839,093;843,062;879,041;936,218;944,268;956,060;961,184;969,089;978,069;989,084;1030,222;1039,135;1068,235;1076,099;1088,101;1098,142;1104,169;1119,181;1132,116;1156,176;1172,228;1188,083
173:0,018;28,200;31,054;38,140;71,248;147,038;161,052;162,107;184,179;218,034;240,072;243,160;251,048;262,231;286,057;308,144;411,267;497,156;507,050;509,242;517,141;562,036;583,171;595,069;599,269;608,046;615,100;661,134;664,252;843,062;874,247;879,041;963,055;965,071;973,204;978,069;988,100;1021,120;1038,145;1048,191;1142,100;1146,191
174:0,018;29,143;61,063;71,248;147,038;218,034;247,131;260,040;286,057;336,028;388,054;439,046;507,050;562,036;573,052;595,069;669,063;699,040;751,063;843,062;879,041;965,071;978,069;988,100
175:0,018;28,221;34,200;38,140;47,192;61,063;85,128;89,163;93,226;131,171;152,111;155,133;171,214;173,075;178,199;191,173;243,259;247,138;256,261;260,040;266,247;286,057;307,084;323,109;336,028;391,252;400,208;432,112;439,046;440,117;442,053;461,196;556,097;562,036;564,235;660,222;669,063;707,068;719,167;720,230;772,134;775,211;809,159;843,062;874,247;879,041;920,097;970,093;978,069;981,166;991,052;1021,120;1087,068;1100,246;1113,249;1135,233;1183,205;1197,206
176:0,018;29,143;286,057;336,028;400,208;439,046;507,050;562,036;573,052;595,069;667,191;669,063;699,040;751,063;843,062;889,149
177:0,018;28,274;218,034;247,249;388,054;439,046;507,050;562,036;580,191
178:0,018;28,200;84,145
179:0,018;28,274;260,040;286,057;336,028;388,054;440,117;879,041;960,270;1017,208;1129,237
180:0,018;28,163;119,050;147,038;218,034;260,040;286,057;336,028;411,267;573,052;595,069;669,063;699,040;751,063;843,062;889,149
181:0,019;3,037;38,016;49,029;69,066;108,032;137,059;163,062;197,058;215,135;285,056;300,046;435,071;470,064;473,041;494,244;505,026;521,224;537,060;573,109;661,045;668,273;674,033;693,253;785,072;805,031;810,068;827,036;882,039;894,231;898,061;908,133;990,135;1024,042;1031,064;1123,202
182:0,019;3,037;38,016;49,029;69,066;107,057;113,097;163,062;197,058;215,135;285,056;300,046;432,064;435,071;475,135;1174,072
183:0,019;3,037;38,016;49,029;69,066;108,032;137,059;163,062;197,058;215,181
184:0,019;3,037;38,016;48,139;137,059;162,110;237,068;255,049;283,041;286,152;300,046;435,071;484,211;493,101;805,031;819,108;827,036;873,096;882,039;898,061;908,133;1031,064;1174,072
185:0,019;3,037;38,016;49,029;69,066;108,032;140,251;237,068;255,049;283,041;285,056;293,052;344,089;430,181;435,029;450,192;470,064;483,251;776,070;785,072;810,068;827,036;882,039;894,231;1020,035;1031,064;1119,092
186:0,019;3,037;38,016;49,029;69,066;108,032;137,059;163,062;207,171;215,181;255,049;283,041;285,056;300,046;435,071;470,064;473,041;483,251;661,045;674,033;693,253;810,068;827,036;871,106;1179,040;1190,232
187:0,019;3,037;19,133;38,016;50,181;61,141;106,148;107,057;108,032;114,204;137,059;192,176;197,058;219,234;234,169;237,068;252,158;255,049;289,226;290,119;293,052;300,046;371,196;427,029;441,096;526,153;546,005;594,027;601,086;617,061;631,274;661,045;677,138;678,145;684,166;692,199;696,154;748,168;776,070;785,072;805,031;810,068;813,137;827,036;833,219;884,191;893,117;1015,132;1031,064;1079,228;1084,240;1091,104;1118,258;1126,091;1144,099;1174,072;1190,232
188:0,019;3,037;43,253;69,066;108,032;137,059;162,110;293,052;344,089;505,026;537,060;570,169
189:0,019;33,150;48,139;69,066;91,106;96,257;107,057;108,032;114,204;137,059;166,038;185,119;216,270;217,229;223,099;233,239;245,132;255,049;286,152;293,052;346,221;351,175;376,060;378,085;475,135;476,206;505,026;526,153;567,156;572,189;579,164;617,061;646,252;652,179;661,045;663,114;668,273;674,033;724,152;765,169;769,232;776,070;785,072;805,031;810,068;813,137;819,108;824,238;827,036;871,106;899,195;905,231;924,233;942,172;948,105;1010,241;1013,106;1049,164;1062,111;1079,228;1156,185;1162,275;1174,072
190:0,019;8,156;96,132;113,097;125,205;130,051;140,251;159,265;283,041;285,056;293,052;342,078;346,221;388,233;392,273;397,115;406,059;409,204;427,029;441,096;444,219;453,163;473,041;484,211;505,026;515,165;537,060;579,164;582,089;588,141;591,174;617,061;622,178;627,275;646,252;674,033;683,126;684,255;691,101;705,271;714,186;721,122;741,128;765,257;772,260;776,070;787,254;792,168;805,031;810,068;820,172;882,039;888,140;898,061;902,134;918,195;999,235;1005,175;1031,064;1123,202;1146,228;1175,242;1199,221
191:0,020;129,174;209,061;218,051;233,042;236,028;271,048;272,186;850,168
192:0,020;131,247;166,011;209,061;218,051;233,042;235,062;242,098
193:0,020;129,174;140,046;152,061;166,011;218,051;233,042;236,028;271,048;322,065;328,049;350,187
194:0,020;129,069;149,143;152,061;166,011;209,061;218,051;233,042;235,062;242,098
195:0,020;129,069;140,046;152,061;166,011;209,061;218,051;235,062;236,028;271,048;322,065;335,109;949,254
196:0,020;129,069;140,046;152,061;166,011;209,061;220,245;271,048;272,186;328,049;343,217
197:0,020;129,069;140,046;152,061;166,011;209,061;218,051;233,042;235,062;236,028;271,048;322,065;328,049;342,179;792,187
198:0,020;129,069;140,046;152,061;166,011;201,233;322,065;328,049;342,125
199:0,020;129,069;140,046;153,217;166,011;209,061;220,245;233,042;236,028;271,048;328,049;343,217
200:0,020;129,069;140,046;152,061;166,011;209,061;218,051;235,062;236,028;271,048;328,049;342,125
