001:0,001;43,101;77,001;139,272;512,027;549,181;563,030;806,107
002:0,001;25,230;35,074;73,080;283,069;356,051;452,096;469,199;548,054;622,161;746,048
003:0,001;38,099;95,082;356,051;388,047;549,165;574,017;676,171
004:0,001;38,099;77,001;113,216;181,032;225,086;283,069;356,051;388,047;506,108;555,037;563,030;919,271
005:0,001;73,080;77,001;112,223;253,026;283,069;343,172;921,100
006:0,001;43,101;77,001;96,075;120,168;283,069;388,047;549,181;637,072;746,048
007:0,001;35,074;95,082;228,015;314,264;356,051;469,199;746,048;1160,129
008:0,001;35,074;77,001;112,223;555,037;746,048
009:0,001;37,113;228,015;356,051;452,096;512,027;555,037;563,030;746,048;749,042
010:0,001;283,069;388,047;512,027;563,030;632,065;746,048
011:0,002;63,178;317,168;348,061;545,039;653,059;777,087
012:0,002;243,107;304,091;312,201;386,032;499,134;688,047;949,038
013:0,002;268,083;274,025;358,232;777,087;956,053
014:0,002;228,054;272,180;274,025;317,168;348,061;468,067;538,091;653,059;806,220;949,038
015:0,002;243,107;688,047;956,053
016:0,002;234,076;274,025;301,200;949,038;1170,051
017:0,002;268,083;274,025;312,201
018:0,002;274,025;301,200;302,074;348,061;688,047;956,053
019:0,002;43,072;141,228;274,025;348,061;558,260;653,059;907,043;949,038;956,053
020:0,002;250,265;274,025;498,236;528,050;538,091;688,047;905,064;949,038
021:0,003;293,105;415,011;416,022;497,189;522,069;539,141
022:0,003;302,027;415,011;470,068;522,069;539,204;781,135
023:0,003;293,105;302,027;415,011;530,046;576,027;624,165
024:0,003;283,069;310,096;415,011;467,262;470,068;522,069;530,046;539,204;541,092;593,057
025:0,003;304,091;314,264;415,011;416,022;475,244;570,074;576,027;593,057
026:0,003;189,062;258,129;415,011;416,022;541,092;595,228
027:0,003;302,027;416,022;561,219;593,057
028:0,003;303,123;415,011;416,022;502,114;576,027;595,228;624,165;1135,161
029:0,003;209,046;297,122;415,011;416,022;470,068;502,114;522,069;530,046;570,074;593,057
030:0,003;303,123;416,022;470,068;517,092;530,046;657,214;735,054;781,135
031:0,004;393,055;443,211;471,072;566,067;623,153;1163,078
032:0,004;506,081;548,054;645,041;1043,082
033:0,004;461,038;645,041;1088,045;1184,241
034:0,004;461,038;548,054;627,145;645,041
035:0,004;458,090;471,072;572,047;627,145;892,027;951,086;1088,045;1142,074
036:0,004;461,038;619,074
037:0,004;471,072;614,157;619,074;645,041;1142,074
038:0,004;442,012;443,211;461,038;619,074
039:0,004;500,264;548,054;572,047;623,153
040:0,004;548,054;619,074;1088,045;1163,078
041:0,005;37,113;188,039;267,038;283,069;321,054;481,057;555,037;556,069;735,054;920,104;1023,043
042:0,005;247,115;291,024;386,032;754,137
043:0,005;188,039;209,046;267,038;291,024;321,067;336,146;516,026;639,169;659,264;735,054;744,068;1129,079
044:0,005;210,153;252,261;267,038;361,133;563,261;735,054;823,255;1023,043
045:0,005;188,039;291,024;321,149;639,169;1129,079
046:0,005;252,261;291,024;303,169;321,067;330,109;386,032;556,069;990,103;1023,043
047:0,005;228,054;267,038;291,024;321,054;386,032;551,110;619,074;793,232;966,072;1104,056
048:0,005;242,143;291,024;303,169;321,067;330,109;516,026;608,068;722,233;1023,043
049:0,005;210,153;291,024;321,054;516,026;722,233;780,258;990,103
050:0,005;295,161;321,054;556,069;608,068;1023,043
051:0,006;673,011;846,013;921,100
052:0,006;94,045;155,075;224,116;274,021;291,024;298,238;744,068;846,013;963,075
053:0,006;673,011;777,065;838,052;868,075;886,003;918,181;963,075
054:0,006;673,011;838,052;846,013;886,003;954,060;963,075
055:0,006;229,249;673,011;777,065;846,013;868,075;907,043;1034,174
056:0,006;673,011;777,065;846,013;868,075;886,003;922,150;954,060;1011,251;1160,041
057:0,006;673,011;838,052;886,003;907,043;954,060;963,075;1160,041
058:0,006;673,011;763,117;846,013;886,003;907,043;963,075
059:0,006;763,117;846,013;886,003;1047,062;1070,269;1160,041
060:0,006;673,011;777,065;868,075;886,003;963,075
061:0,007;167,048;460,040;810,150;872,046;902,275;1004,059
062:0,007;110,125;167,048;228,054;279,095;545,039;592,268
063:0,007;241,171;460,040;516,056;563,261;586,060;810,150;872,046;1004,059
064:0,007;295,222;460,040;614,157
065:0,007;153,046;159,176;584,003;596,106;872,046;950,108
066:0,007;167,048;444,042;457,198;460,040;586,060;821,262;902,275;1004,059
067:0,007;167,048;516,056;545,039;586,060;592,268
068:0,007;167,048;516,056;545,039;716,269;821,262
069:0,007;228,054;533,233;545,039;566,067
070:0,007;129,039;295,222;576,027;586,060;1004,059
071:0,008;19,051;37,167;129,039;169,052;691,215;1093,178;1129,020;1160,129;1172,072
072:0,008;19,051;43,072;169,052;268,250;273,052;657,083;957,052;1093,178;1129,020
073:0,008;24,124;115,083;138,053;273,052;636,002;653,226;957,052;1107,077
074:0,008;128,239;129,039;169,052;234,076;267,029;1129,020
075:0,008;24,124;653,226;1129,020;1172,072
076:0,008;19,051;21,079;1129,020
077:0,008;25,230;77,001;120,168;181,030;188,039;377,205
078:0,008;34,223;43,072;115,083;129,039;180,237;181,242;189,062;562,173;590,056;995,095
079:0,008;94,077;169,052;170,047;332,160;377,205;442,012;463,191;1129,020
080:0,008;21,079;273,052;654,272;892,021;910,246
081:0,009;165,258;170,047;171,177;190,058;212,071;274,025;293,212;529,049;1171,233
082:0,009;188,257;196,056;327,197;516,026;654,038;746,170;1171,233
083:0,009;35,074;76,175;190,058;386,032;529,049;1088,131
084:0,009;76,175;327,197
085:0,009;170,047;190,058;196,056;199,109;253,026;293,212
086:0,009;153,071;170,047;273,239;529,049;1011,251
087:0,009;183,231;190,058;263,111;746,170;957,052;1067,167;1172,072
088:0,009;196,056;212,071;461,036;529,049;1067,167
089:0,009;190,058;196,056;198,132
090:0,009;171,177;183,231
091:0,010;395,043;727,229;905,064;954,146;1170,051
092:0,010;395,043;471,072;566,067;629,245;761,051;954,146;1066,260
093:0,010;407,266;516,056;672,045;761,051;994,190
094:0,010;395,074;442,267;629,245;1169,001;1170,051
095:0,010;395,043;749,042;761,051;806,039;905,064;974,198
096:0,010;395,043;692,240
097:0,010;157,273;172,010;442,267;672,045;692,240
098:0,010;180,237;395,043;672,045;933,265;1004,059;1170,051
099:0,010;298,238;761,051;1066,260
100:0,010;378,008;395,043;653,059;761,051
101:0,011;118,018;215,239;228,055;295,161;297,011;373,165;378,008;423,065;570,074;580,236;584,003;604,193;636,002;798,010;966,072
102:0,011;96,075;118,018;176,063;215,239;228,055;297,011;378,008;393,055;425,256;489,051;493,101;558,260;584,003;604,193;798,010;966,072
103:0,011;96,075;118,018;181,032;209,033;297,011;369,044;370,040;378,008;404,139;584,003;637,072;798,010;1020,037
104:0,011;129,119;169,057;208,200;273,052;274,078;369,044;376,174;393,055;423,065;470,255;475,244;636,002;719,135;770,029;789,121;798,010;1020,037;1177,266
105:0,011;34,223;96,075;118,018;169,057;209,033;297,011;348,061;566,067;584,003;632,136;636,002;637,072;780,258;966,072;1109,263
106:0,011;118,018;169,057;191,074;228,055;297,011;370,040;376,174;584,003;636,002;733,028;798,010;1020,037;1160,041;1182,200
107:0,011;96,075;118,018;176,063;209,033;297,011;370,040;393,055;432,154;636,002;637,072;733,028;798,010;1012,195
108:0,011;118,018;176,063;209,033;364,179;373,165;378,008;393,055;467,262;584,003;636,002;637,072;798,010;970,199
109:0,011;118,018;176,063;297,011;332,160;378,008;425,256;584,003;603,158;637,072;654,272;733,028;809,122
110:0,011;96,075;116,214;169,057;176,063;228,055;244,211;297,011;369,044;423,065;493,101;566,067;608,068;916,222;970,199;1020,037
111:0,012;105,070;112,034;140,208;892,027;1052,097
112:0,012;105,070;140,261;252,062;480,255;715,241;887,038
113:0,012;107,156;463,044;489,051;511,271;892,027;1102,181
114:0,012;112,034;140,208;146,154;209,046;252,062;556,069;613,081;887,038;1189,175
115:0,012;164,183;395,043;471,143;489,051;806,039;886,003;1047,062;1052,097;1129,020;1200,245
116:0,012;110,125;154,226;164,183;252,062;463,044;715,241;887,038;892,027;1189,175
117:0,012;107,156;463,044;485,098;892,027;1047,062;1162,115
118:0,012;105,070;154,226;228,055;291,113;452,060;474,188;489,051;625,101;806,039;887,038
119:0,012;112,034;146,154;209,046;291,113;338,063;463,044;474,188;625,101;727,120;838,052;1102,181
120:0,012;19,051;105,070;169,057;252,062;370,040;480,255;806,039;892,027;1047,062;1093,248
121:0,013;180,202;533,055;632,065;810,154;854,193;1104,056;1196,226
122:0,013;159,262;419,167;608,035;652,164;1058,032;1077,118;1104,056
123:0,013;174,042;273,052;501,127;533,055;628,115;1087,182
124:0,013;155,075;174,042;378,220;632,065;1077,118
125:0,013;167,026;174,042;423,065;468,067;569,084;608,035;652,164;770,029;1104,056;1147,102
126:0,013;185,148;770,029;1058,032
127:0,013;141,228;155,075;174,042;344,084;528,050;533,055;636,002;770,029;1147,102
128:0,013;140,261;181,032;246,241;357,028;419,167;528,050;608,035;932,149;1058,032;1087,182
129:0,013;181,032;196,056;202,220;321,054;378,220;468,067;533,055;608,035;632,065;770,029;1058,032;1196,226
130:0,013;155,075;180,202;246,241;468,067;528,050;632,065;975,224
131:0,014;77,001;161,260;167,026;181,242;294,070;442,012;481,116
132:0,014;172,224;228,015;338,063;630,069;1072,160;1142,074
133:0,014;169,043;228,015;307,271;338,063;369,044;407,187;442,012;494,164;630,069;922,150
134:0,014;167,026;169,043;228,015;294,070;378,255;442,012;463,191;523,044;747,250
135:0,014;167,026;228,015;283,204;302,074;338,063;442,012;463,261;523,044;727,120
136:0,014;169,043;228,015;326,173;523,044;539,141;630,069;957,052;962,096
137:0,014;161,260;302,074;374,228;461,036;516,192
138:0,014;48,108;167,026;194,103;294,070;302,074;378,008;539,156
139:0,014;169,052;228,015;294,070;302,074;442,012;523,044;573,248;630,069;1103,252
140:0,014;169,043;283,204;338,063;442,012;494,164;523,044;747,250
141:0,015;181,151;479,140;590,056;961,111;982,046
142:0,015;138,053;189,125;194,234;590,056;639,162;733,028;854,092;982,046
143:0,015;194,234;331,206;481,057;854,092;982,046
144:0,015;138,053;176,196;181,151;189,062;471,226;590,056;637,072;641,216
145:0,015;183,194;590,056;917,184
146:0,015;155,236;481,057;672,045;815,162
147:0,015;120,065;188,257;463,044;479,140;628,066;917,184;982,046
148:0,015;100,016;120,065;132,227;169,057;176,196;180,053;331,206;1172,072
149:0,015;120,065;219,227;590,056;899,124;982,046
150:0,015;120,065;123,056;138,053;169,052;189,062;219,227
151:0,016;54,057;64,248;86,193;191,074;283,069;420,215;570,074;1160,042
152:0,016;191,074;215,059;654,038;735,058;809,257;1160,042
153:0,016;54,057;100,016;153,046;191,074;215,059;654,038;735,058;991,176
154:0,016;86,193;100,016;181,030;458,090;654,038;735,058;834,261
155:0,016;54,057;184,218;215,059;735,058;798,010;976,117
156:0,016;63,178;100,016;153,046;191,074;215,059;267,029
157:0,016;89,253;100,016;157,273;181,030;468,089;514,071;1010,194;1093,248
158:0,016;54,057;100,016;184,218;215,059;563,030;846,013;889,173
159:0,016;55,166;205,030;252,128;1160,042
160:0,016;64,248;89,253;153,046;180,053;215,059;388,047;397,237;1160,042
161:0,017;123,056;213,060;320,108;378,008;438,178;892,021;905,064;1126,275
162:0,017;213,060;267,029;451,123;460,040;572,047;641,236;746,063;919,235
163:0,017;162,137;181,030;185,148;267,029;348,061;456,177;746,063;872,046;892,021;953,123;1129,020;1154,111
164:0,017;123,056;162,137;267,029;782,179;892,021
165:0,017;267,029;744,068;899,124
166:0,017;131,163;1004,059;1126,275
167:0,017;100,016;155,088;213,060;451,123;456,177;479,168;892,021;953,123
168:0,017;201,130;744,068;746,063;883,267;892,021;1135,161
169:0,017;69,220;123,056;191,215;258,129;302,027;540,119;892,021;933,265
170:0,017;123,056;191,215;213,060;320,108;395,074;479,168;746,063;892,021;1154,111
171:0,018;102,059;260,166;423,065;490,228;527,175;1169,001
172:0,018;105,269;153,071;317,147;461,036;584,003;594,114;1169,001
173:0,018;43,072;94,045;186,219;198,246;461,036;527,175;1107,077;1169,001
174:0,018;48,108;102,059;153,071;176,097;514,071;1044,084;1169,001;1179,136;1184,254
175:0,018;105,269;452,060;854,193;1169,001
176:0,018;94,045;102,059;176,097;212,071;1190,274
177:0,018;119,252;297,011;386,076;1169,001;1184,254
178:0,018;153,071;198,246;452,060;461,036;514,071;608,068;777,065;1044,084
179:0,018;94,045;102,059;186,219;452,060;529,207;834,261;886,003;1072,160;1169,001;1186,076
180:0,018;102,059;228,186;416,022;514,071;1055,243
181:0,019;169,259;180,053;241,171;274,021;372,209;628,066
182:0,019;196,056;305,058;676,213
183:0,019;253,026;274,021;325,083;481,057;570,210;676,213;920,104
184:0,019;205,030;253,026;256,098;274,021;297,142;932,066
185:0,019;180,053;205,030;212,071;274,021;308,196;334,058;372,209
186:0,019;216,104;253,026;274,021;305,058;485,098;497,189;932,066
187:0,019;180,053;214,092;261,094;274,021;305,058;325,083;334,058;628,066;1088,045
188:0,019;205,030;261,094;274,021;334,058;659,264
189:0,019;180,053;256,098;334,058;628,066
190:0,019;216,104;305,058;308,196;932,066
191:0,020;214,258;252,068;261,213;313,031;444,042;523,102;646,067
192:0,020;275,154;357,028;408,245;572,047;574,017;643,138;646,067
193:0,020;252,068;275,154;289,256;313,031;357,028;404,139;407,161;574,017;749,042;954,060;1034,092
194:0,020;275,057;354,101;415,011;444,042;574,017;749,042;882,093
195:0,020;261,213;275,057;313,031;354,101;357,028;441,251;574,017;608,126
196:0,020;252,068;343,172;357,028;441,251;512,027;574,017;643,138;749,042;1036,211
197:0,020;252,068;275,057;289,256;313,031;408,245;574,017;715,154;749,042;1009,094
198:0,020;266,221;574,017;646,067
199:0,020;407,161;444,042;523,102;646,067
200:0,020;169,259;444,042;574,017;636,002;688,219
