001:0,001;207,210;267,063;417,048;496,073;497,248;553,120;703,055;862,059;961,248;968,048;1087,181
002:0,001;303,041;349,034;468,003;496,073;517,213;862,059;968,048
003:0,001;232,264;303,041;305,076;417,048;703,055;838,186;968,044;1033,053;1061,218
004:0,001;243,240;303,041;417,048;436,037;762,091
005:0,001;200,026;305,076;349,034;388,110;468,003;521,032;670,254;703,055;782,034;862,059;948,211;968,044
006:0,001;200,026;207,210;303,041;397,181;436,037;468,003;585,167;1001,120
007:0,001;224,043;325,180;417,048;638,065;703,055;862,059;917,002;968,048;1001,089
008:0,001;71,040;200,026;349,034;468,003;496,073;1006,212;1042,072
009:0,001;276,208;468,003;517,213;585,167;968,048;1087,181
010:0,001;200,026;232,264;436,037;703,055;853,124
011:0,002;233,026;238,162;830,067;1026,044
012:0,002;180,058;233,026;329,185;363,065;613,182
013:0,002;272,193;308,114;344,174;363,065;843,119;1026,044
014:0,002;238,162;830,067;1066,167
015:0,002;308,114;782,034;1026,044
016:0,002;233,026;291,148;363,065;815,111;830,067;1079,151
017:0,002;329,185;1026,044;1077,118
018:0,002;344,174;363,065;574,266
019:0,002;251,191
020:0,002;233,026;275,050;815,111;866,205;1026,044
021:0,003;305,024;333,134
022:0,003;310,254;336,061;402,223;436,037;694,174;817,056;986,222
023:0,003;336,061;414,043;495,133;817,056;828,066;975,058;986,222;1042,072
024:0,003;242,069;282,172;303,041;335,143;550,078;817,056;1083,061
025:0,003;336,061;828,066;975,058;1042,072
026:0,003;443,075;484,079;828,066;1062,116
027:0,003;336,061;354,005;402,223;805,006;828,066;1042,072
028:0,003;336,061;443,075;495,133;975,058;1057,195;1109,174
029:0,003;193,006;253,098;443,075;550,078;817,056;975,058;1195,253
030:0,003;333,134;436,073;862,059;975,058;1033,037;1109,174
031:0,004;21,072;193,006;247,001;261,203;294,070;301,233;739,059;816,273
032:0,004;20,243;21,149;84,026;193,006;271,032;285,087;731,049
033:0,004;31,190;193,006;291,028;294,070;609,269
034:0,004;21,091;84,026;173,107;180,058;193,006;261,203;285,087;330,211;570,067;816,273
035:0,004;21,072;180,058;193,006;247,001;253,098;271,032;287,079;324,082;502,059;528,110;739,059;797,031
036:0,004;93,270;247,001;291,028;294,070;731,049;742,039
037:0,004;20,243;21,072;193,006;247,001;271,032;324,082;809,161;866,216
038:0,004;26,146;180,058;193,006;247,001;291,028;301,233;502,059;605,063;731,049;1011,103
039:0,004;21,072;173,107;180,058;247,001;279,067;291,028;294,070;502,059;731,049;739,059;866,216
040:0,004;21,072;31,190;84,026;171,086;193,006;247,001;294,070;502,059;809,161
041:0,005;133,107;135,075;159,207;245,046;312,038;484,041;888,189
042:0,005;7,023;71,040;194,029;213,045;233,097;312,038;363,065;549,043;582,064;699,200;917,002
043:0,005;101,206;135,075;136,117;312,038;549,043;778,217
044:0,005;89,242;549,043;889,060
045:0,005;94,255;201,142;595,027;674,130
046:0,005;71,040;245,046;312,038;411,086;484,041;778,217;889,060
047:0,005;71,040;201,142;245,046;549,043;889,060
048:0,005;135,075;149,160;180,025;226,177;272,074;307,188;310,012;522,098
049:0,005;136,117;484,041;699,200
050:0,005;89,242;101,206;135,075;205,224;484,041;767,255
051:0,006;44,258;96,059;119,004;260,059;339,066;437,220;595,027;719,155
052:0,006;7,023;65,162;96,059;148,128;224,043;303,041;339,066;426,187;756,135;898,264;1042,041
053:0,006;71,223;331,032;339,066;377,054;437,220
054:0,006;7,023;44,258;119,004;261,255;653,084
055:0,006;7,023;65,162;96,059;119,004;310,247;377,054;485,068;613,261
056:0,006;32,103;119,004;255,265;485,068;653,084
057:0,006;7,023;109,085;119,004;224,043;247,001;310,247;377,054;482,144;1042,041
058:0,006;32,103;96,059;226,080;742,039;797,031
059:0,006;7,023;119,004;220,218;224,043;339,066;377,054;485,068;531,194;805,006;898,264
060:0,006;7,023;49,135;96,059;119,004;241,268
061:0,007;243,109;281,071;302,238;401,133;460,031;534,059;675,021;840,157;983,030
062:0,007;258,036;302,238;348,053;404,244;460,031;550,197;590,058;596,179;794,046
063:0,007;256,060;340,090;468,003;675,021;745,088;794,046;983,030;1001,120;1042,041
064:0,007;222,163;258,036;306,122;382,035;403,210;486,004;534,059;675,021;972,064;1065,062
065:0,007;194,029;222,163;243,109;281,071;316,069;400,037;671,210;751,109;794,046;983,030;990,271
066:0,007;220,218;256,060;258,036;382,035;404,244;462,051;751,109;794,046;828,196;983,030;1065,062
067:0,007;256,060;274,261;281,071;337,258;403,210;460,031;531,246;675,021;767,259;1065,062
068:0,007;258,036;382,035;396,052;400,037;534,059;675,021;874,112
069:0,007;279,067;348,053;401,133;460,031;477,061;671,210;675,021;794,046;990,271
070:0,007;94,255;194,029;281,071;291,028;348,053;382,035;675,021;828,066;1065,062
071:0,008;329,192;395,176;486,004;580,070;687,004;742,045;782,034;948,211
072:0,008;194,029;448,186;687,004;742,045;760,100;782,034;834,149
073:0,008;345,028;486,004;574,266;638,065;742,045;764,265
074:0,008;395,176;400,060;510,119;687,004;767,259
075:0,008;392,266;486,004;564,058;687,004;760,100
076:0,008;378,239;400,060;468,003;474,141;580,070;694,072;834,149
077:0,008;486,004;553,120;564,058;638,065;687,004;789,168;1012,152
078:0,008;294,061;295,181;312,038;400,060;486,004;564,058;687,004;764,265;782,034;1012,152
079:0,008;331,199;400,060;486,004;564,058;580,070;742,045;782,034
080:0,008;329,192
081:0,009;316,069;360,081;796,087
082:0,009;305,024;331,032;396,052;728,202;972,064
083:0,009;258,036;268,211;305,024;396,052;413,259;744,009;796,087;888,038;972,064
084:0,009;305,024;316,069;331,032;358,096;742,039;894,224;956,132;975,027
085:0,009;303,235;331,032;384,184;396,052;416,129;462,051;518,116;888,038;972,064
086:0,009;305,024;330,211;360,147;413,259;462,051;496,073;888,038;945,238;975,027
087:0,009;299,250;354,005;360,081;518,116;580,154;735,042;888,038;956,132;972,064
088:0,009;305,024;360,147;687,246;735,042;923,128;975,027
089:0,009;310,221;316,069;358,096;384,184;735,042;938,169
090:0,009;254,066;268,211;305,024;403,179;462,051;580,154;735,042;923,128;975,027
091:0,010;180,025;257,093;549,009;756,140
092:0,010;257,093;275,275;547,054;549,009;628,138;701,236;742,039;908,092
093:0,010;250,196;549,009;628,138;694,072;782,201
094:0,010;254,066;260,072;349,254;482,054;499,214;547,054;701,236
095:0,010;233,097;254,066;291,166;354,005;499,222;547,054;549,009;595,027
096:0,010;202,075;204,238;269,039;389,149;595,027;706,249
097:0,010;522,190;549,009;669,122
098:0,010;226,038;250,196;468,003;547,054;549,009;595,027;694,072;745,088
099:0,010;254,066;349,254;534,059;547,054;549,009;627,123
100:0,010;234,085;694,072;728,267;1042,041
101:0,011;229,089;245,046;333,241
102:0,011;247,249;294,070;404,240
103:0,011;248,239;272,052;292,136;296,047;605,160;877,050;975,164
104:0,011;212,064;222,154;247,249;279,067;333,241;877,050;941,101
105:0,011;234,085;248,239;259,146;376,094;877,050;1075,190
106:0,011;295,160;296,047;605,160
107:0,011;84,114;276,208
108:0,011;225,041;272,052;292,136;295,160;404,240
109:0,011;229,089;272,052;296,047;592,109;687,004;805,231
110:0,011;296,047
111:0,012;177,138;202,075;213,045;244,194;248,042;267,185;310,012;419,089;521,032;634,232;647,035;1077,118
112:0,012;174,029;212,064;219,033;267,063;310,012;400,037;407,049;419,089;647,035;899,223
113:0,012;174,029;180,025;226,038;248,042;293,058;310,012;441,048;570,067;647,035;877,050;961,077
114:0,012;177,138;180,025;376,094;407,049;459,271;628,026;814,107;1033,053;1042,072
115:0,012;180,025;248,042;310,012;407,049;478,256;570,067;661,115;670,254
116:0,012;180,025;248,042;267,063;310,012;517,198;570,067;661,115
117:0,012;174,029;177,232;180,025;213,045;248,042;318,115;475,069;521,032;634,232
118:0,012;177,232;180,025;226,038;244,194;267,063;310,012;441,048;531,246;534,059;647,035;885,096
119:0,012;174,029;202,075;212,064;226,038;267,185;313,044;400,037;430,261;441,048;521,032;628,026;813,145;885,096;1033,053
120:0,012;92,104;180,025;213,045;250,236;267,063;310,012;407,049;628,026;813,145;1033,053;1127,102
121:0,013;313,044;354,005;417,045;558,270
122:0,013;323,095;675,021;797,031
123:0,013;388,173;571,033;664,047;889,060
124:0,013;354,005;415,203;417,045;571,033;874,274
125:0,013;361,055;417,045;486,004;558,270;571,033;664,047
126:0,013;354,005;361,055;524,163;549,009;571,033;641,221;797,031;917,002
127:0,013;339,163;354,005;417,045;641,221;797,031
128:0,013;225,041;296,047;313,044;361,055;485,068;524,163;664,047
129:0,013;84,026;225,041;323,095;361,055;417,045;664,047
130:0,013;313,044;354,005;377,175;935,071;1186,109
131:0,014;294,061;328,040;348,053;674,130
132:0,014;359,158;769,032
133:0,014;98,174;328,040;457,201;549,043;762,091
134:0,014;286,236;294,061;317,246;438,207;477,061;643,209;769,032
135:0,014;98,174;286,236;328,040;482,054;728,267;769,032
136:0,014;291,272;414,043;499,190;501,227
137:0,014;291,148;294,061;328,040;477,061;482,054;643,209;769,032
138:0,014;361,055;438,207
139:0,014;414,043;501,227;687,226;769,032
140:0,014;272,052;282,091;328,040;414,043;477,061;655,193
141:0,015;459,102;547,054;700,229;894,172
142:0,015;530,111;769,028;894,172;1028,030
143:0,015;402,078;436,073;441,076;647,035;769,028;888,189
144:0,015;459,102;637,074;1006,219;1028,030
145:0,015;92,104;1028,030
146:0,015;605,063;756,135;769,028;917,090
147:0,015;402,078;502,036;605,063;828,196
148:0,015;496,251;497,248;637,074;1021,204
149:0,015;502,036;605,063;769,028;968,044;1011,103
150:0,015;457,222;496,251;502,036;605,063;637,074;1006,219;1028,030
151:0,016;275,275;811,247
152:0,016;314,033;362,209;514,049;677,252
153:0,016;269,039;314,033;345,028;400,037;436,073;482,054;528,110
154:0,016;322,176;345,028;413,228
155:0,016;256,060;260,065;269,039;338,270;400,164;436,073;945,238
156:0,016;269,039;345,028;436,073;654,263
157:0,016;269,039;296,204;514,049;566,126;1083,061
158:0,016;296,204;514,049
159:0,016;299,250;314,033;337,258;345,028;362,209;514,049;1023,183
160:0,016;291,272;314,033;811,247;843,119
161:0,017;286,030;306,083;1083,061
162:0,017;475,069;599,056;1083,061;1087,055
163:0,017;430,261;443,075;477,061;599,056;687,246;1033,037;1083,061
164:0,017;420,077;580,070;599,056;722,243;917,090;1087,055
165:0,017;469,163;475,069;941,101;1087,055
166:0,017;306,083;599,056;675,021;932,117;1083,061
167:0,017;420,077;866,242;1033,037;1087,055
168:0,017;400,060;475,069;1051,156
169:0,017;475,069;1033,037
170:0,017;475,069;932,117
171:0,018;314,225;741,068
172:0,018;219,033;241,130;509,057;557,156;674,071;739,059;741,068
173:0,018;239,152;293,058;317,217;454,062;708,099
174:0,018;259,146;305,024;476,092;509,057;674,071;866,242
175:0,018;260,072;383,144;454,062;694,258;741,068
176:0,018;7,023;219,033;382,252;502,036;705,199
177:0,018;219,033;260,072;382,252;454,062;674,071;705,199
178:0,018;293,058;314,225;509,057;517,198
179:0,018;241,130;509,057;557,156;674,071;694,258;708,099;741,068
180:0,018;239,152;260,072;293,058;349,034;380,215;392,266;454,062;687,226
181:0,019;217,075;301,153;805,006;876,086;917,002
182:0,019;260,065;271,032;279,067;286,030;333,212;886,206;917,002
183:0,019;217,075;266,116;275,050;628,026;805,006;848,114;868,187;917,002
184:0,019;212,064;217,075;260,065;286,030;301,153;371,166;638,065;805,006;868,187
185:0,019;96,059;104,133;217,075;260,065;271,032;275,050;641,103;805,006;886,206
186:0,019;217,075;260,065;379,106;1062,116
187:0,019;216,137;917,002
188:0,019;260,065;371,166;641,103;805,006;874,272;876,086
189:0,019;202,075;275,050;687,004;805,006;866,205;917,002
190:0,019;252,166;266,061;275,050;286,030;397,181;917,002
191:0,020;260,059;272,074;287,273;592,109;744,009;847,258
192:0,020;225,041;242,069;255,231;266,061;272,074;280,229;349,034;379,135;582,064;590,058;744,009;847,258
193:0,020;242,069;266,061;287,273;603,140;678,048;744,009;838,186
194:0,020;260,059;266,061;305,139;325,046;582,064;603,140;678,048;744,009;797,166;1064,094
195:0,020;272,074;303,136;325,046;443,105;582,064;637,074;935,071;1064,094
196:0,020;119,004;224,043;305,139;325,046;593,136
197:0,020;266,061;280,229;441,048;443,105;582,064;590,058;744,009;812,121;935,071;1033,037;1093,133
198:0,020;224,043;303,136;325,046;678,048;785,159;935,071
199:0,020;255,231;678,048;744,009;785,159
200:0,020;242,069;260,059;400,164;582,064;590,058;744,009;826,165;830,067;1082,202
