001:0,001;88,151
002:0,001;85,191
003:0,001;18,055;44,208
004:0,001;208,049;283,265
005:0,001;42,179;218,093
006:0,001;75,214;133,171;1070,010
007:0,001;52,081;283,265
008:0,001;75,214
009:0,001;42,179;52,081;138,239
010:0,001;133,171
011:0,002;18,055;121,172
012:0,002;18,055;112,255
013:0,002;75,058;92,195;123,110
014:0,002;30,181
015:0,002;117,131
016:0,002;18,055;137,253
017:0,002;67,216
018:0,002;67,216;137,253
019:0,002;109,135;269,165;306,058;313,048;320,186
020:0,002;18,055;123,110
021:0,003;84,068;95,090
022:0,003;40,274
023:0,003;121,127;136,227
024:0,003;53,185
025:0,003;95,090
026:0,003;79,199;109,089;706,197
027:0,003;81,164;102,169;927,079
028:0,003;97,148
029:0,003;136,227
030:0,003;97,148;372,072;706,197
031:0,004;162,073;181,034;226,232;429,027;729,192
032:0,004;144,109
033:0,004;144,092;1005,069
034:0,004;121,172;162,073;181,034;316,184
035:0,004;170,248;181,034;208,049;352,210;757,065;1005,069
036:0,004;144,092;429,027;915,230
037:0,004;176,102;429,027;731,269;757,065;1077,032
038:0,004;149,247;176,102;181,034;215,119;245,051;414,241
039:0,004;208,049;429,027;757,065;1077,032
040:0,004;226,232;352,210
041:0,005;111,039;117,115;272,033;438,168
042:0,005;176,268
043:0,005;111,039;133,263;155,258;311,202
044:0,005;111,039;133,263
045:0,005;263,158;796,111
046:0,005;361,137
047:0,005;113,134
048:0,005;155,258
049:0,005;111,039;174,164;272,033;311,202;1188,075
050:0,005;796,111
051:0,006;372,072;673,067;827,157
052:0,006;203,125
053:0,006;260,166;528,160
054:0,006;306,058;389,101;673,067
055:0,006;269,165;372,072;705,165
056:0,006;245,051;528,160
057:0,006;245,051;651,104;705,165
058:0,006;203,125;245,051;389,101
059:0,006;371,111;673,067;848,141
060:0,006;371,111;372,072;563,225
061:0,007;94,157;162,073;567,232
062:0,007;6,177
063:0,007;178,251
064:0,007;88,151
065:0,007;256,247
066:0,007;92,100
067:0,007;6,177
068:0,007;117,096;256,247
069:0,007;94,157;272,226
070:0,007;118,219
071:0,008;105,082;133,230;514,071;757,065;980,200
072:0,008;101,266
073:0,008;109,199;1188,075
074:0,008;133,230;514,071;1138,030
075:0,008;105,082
076:0,008;201,091;514,071;1067,221;1188,075
077:0,008;117,117
078:0,008;152,211;514,071;1188,075
079:0,008;34,118;152,211;1067,221
080:0,008;101,266;109,199;201,091
081:0,009;101,063;143,130;322,223
082:0,009;101,063;127,206;737,054;1141,052
083:0,009;53,141;90,139;101,063;143,130
084:0,009;322,223
085:0,009;151,195
086:0,009;53,141;737,054;1077,032
087:0,009;101,063;177,128;737,054;1141,052
088:0,009;100,079;177,128;737,054;1141,052
089:0,009;101,063;178,249
090:0,009;178,249;1141,052
091:0,010;207,178
092:0,010;45,212
093:0,010;218,233;1138,030
094:0,010;45,212;362,140
095:0,010;362,140
096:0,010;205,234;207,178;1005,069;1138,030
097:0,010;218,093
098:0,010;272,226;406,113
099:0,010;417,188;1138,030
100:0,010;209,116;218,233
101:0,011;96,028;972,128;1083,194
102:0,011;67,244
103:0,011;41,273;417,188
104:0,011;55,099
105:0,011;120,259;1007,050;1070,010
106:0,011;96,028;924,144
107:0,011;41,273;65,272;74,186;96,028;1007,050;1083,194
108:0,011;65,272
109:0,011;11,106;96,028;924,144;1007,050;1150,098
110:0,011;55,099;1007,050
111:0,012;74,186;186,122;260,046
112:0,012;93,161;131,071;260,046
113:0,012;76,038;313,048;394,087
114:0,012;68,116;93,161;260,046
115:0,012;76,038;313,048;406,113
116:0,012;131,071;376,153
117:0,012;76,038;462,146
118:0,012;131,071;308,114;462,146
119:0,012;76,038;313,048;714,262
120:0,012;84,249;131,071;278,121
121:0,013;90,139;673,067;815,273
122:0,013;75,058;182,245
123:0,013;178,236;306,058;476,196;518,037;898,196
124:0,013;124,257
125:0,013;146,126;1005,069
126:0,013;90,203
127:0,013;77,190;90,203;518,037;898,196
128:0,013;75,058;125,103;518,037;919,083
129:0,013;160,194;815,273
130:0,013;75,058;97,264;518,037
131:0,014;448,150
132:0,014;131,196;227,066;782,032;861,118
133:0,014;133,267;227,066;827,157;1070,010
134:0,014;131,196;227,066;899,061;1070,010
135:0,014;127,086;1070,010
136:0,014;12,252;178,236;385,055;448,150;894,103;899,061;1194,081
137:0,014;361,183;782,032;894,103;899,061;1129,084
138:0,014;227,066;782,032;963,098;1070,010
139:0,014;149,113;306,058;342,112;782,032;963,098;1070,010
140:0,014;53,185;149,113;174,164;1070,010;1194,081
141:0,015;267,218;272,033;419,051;685,228
142:0,015;321,108
143:0,015;267,218;567,232
144:0,015;279,221;419,051
145:0,015;112,156;419,051;886,236
146:0,015;209,116;886,236
147:0,015;685,228
148:0,015;95,207;419,051;692,170
149:0,015;217,129
150:0,015;487,132
151:0,016;90,193;480,061;519,097
152:0,016;84,068;90,193
153:0,016;90,198;98,088;480,061;521,175
154:0,016;11,224;84,068;109,089;445,071
155:0,016;84,068;98,088;1077,032
156:0,016;201,192;445,071;480,061;519,097
157:0,016;186,122
158:0,016;11,224;445,071;1181,174
159:0,016;102,124;445,071;813,237
160:0,016;138,150;445,071;480,061;544,248
161:0,017;81,149;372,072;718,243
162:0,017;143,152
163:0,017;119,094;260,046
164:0,017;145,120;352,127
165:0,017;352,127;385,055;861,118
166:0,017;138,239;272,033;361,183
167:0,017;162,073;193,187;530,213
168:0,017;109,135
169:0,017;117,115;385,055;476,196;718,243
170:0,017;143,152;385,055;530,213
171:0,018;474,048;927,079
172:0,018;294,035;308,142;963,089
173:0,018;247,153;294,035;402,133;474,048;1010,242
174:0,018;255,209;294,035;655,267
175:0,018;253,163;294,035;474,048;963,089
176:0,018;117,131;294,035;474,048
177:0,018;340,225;402,133
178:0,018;247,076;294,035;556,201
179:0,018;254,220
180:0,018;294,035;307,076;474,048;602,136
181:0,019;113,205
182:0,019;228,229
183:0,019;37,093;114,107
184:0,019;92,105
185:0,019;92,100;436,077
186:0,019;88,167;556,201
187:0,019;425,217
188:0,019;88,167
189:0,019;114,107
190:0,019;436,077
191:0,020;102,169;115,046;226,222
192:0,020;129,238
193:0,020;68,116;186,231;226,222;1010,242
194:0,020;46,235;899,061;1075,142
195:0,020;307,085
196:0,020;115,046;658,180
197:0,020;115,046;222,162
198:0,020;172,242;437,149
199:0,020;81,164;115,046;208,049;277,146;313,048;437,149
200:0,020;186,231
