001:0,001;141,124;236,047;366,166;396,026;430,040;489,067;506,050;1125,249
002:0,001;146,220;366,133;1166,069
003:0,001;123,029;160,235;411,027;506,050;696,059;747,151
004:0,001;155,225;165,024;236,047;353,064;411,027;500,223;565,073;570,124;918,111;1166,069
005:0,001;165,024;236,047;366,166;430,040;918,111;1166,069
006:0,001;165,024;290,038;381,159;396,097;411,027;506,050;653,172;696,059;1166,069
007:0,001;84,026;123,029;155,081;160,235;165,024;224,107;411,027;486,101;556,051;653,172;696,059
008:0,001;123,029;141,124;236,047;261,063;381,159;411,027;430,040;556,051;696,059
009:0,001;155,225;165,024;236,047;256,052;290,236;396,026;430,040;603,247
010:0,001;165,024;236,047;366,133;396,026;438,172;506,050;603,247
011:0,002;128,209;464,079
012:0,002;84,026;157,058;165,024;322,028;657,101;980,033
013:0,002;218,059;562,156;668,045;731,245
014:0,002;158,256;980,033
015:0,002;153,076;157,058;181,252;218,059;461,221;586,271;980,033
016:0,002;157,261;184,148;218,059;577,084;655,032;731,245;1034,063;1174,191
017:0,002;150,216;158,256;322,028;489,251
018:0,002;150,216;153,076;157,058;189,152;322,028;500,268
019:0,002;184,148;218,059;482,214
020:0,002;84,026;128,209;282,193;357,068;577,084;719,166
021:0,003;440,220;444,038;527,009;638,075
022:0,003;444,038;519,056;624,039;638,075
023:0,003;392,029;489,067;494,032;549,131;624,039;627,042;930,053
024:0,003;544,252;627,042;1041,102
025:0,003;392,029;492,231;624,039;627,042;951,243;1041,102
026:0,003;440,247;489,067;627,042;1142,270
027:0,003;392,029;440,247;444,038;653,076;689,232
028:0,003;290,038;348,019;392,029;444,038;489,067;519,056;598,209
029:0,003;348,019;364,148;392,029;440,220;519,056;582,236;624,039;638,075
030:0,003;489,067;492,231
031:0,004;174,270;565,073;783,211
032:0,004;167,039;284,247;290,038;334,266
033:0,004;167,039;283,076;487,145;565,073;719,180;741,067;988,233
034:0,004;167,039;204,082;222,239;283,076;290,038;364,148;741,067;742,150
035:0,004;204,082;246,045;290,038;529,136;596,026;689,232
036:0,004;222,239;426,169;565,073;612,063;764,114
037:0,004;174,270;246,045;285,164;741,067;1023,257
038:0,004;246,045;432,010;487,145;565,073;741,067;1168,255
039:0,004;157,058;167,039;284,247;431,185;510,069;565,073;783,211;838,073;1168,255
040:0,004;167,039;431,185;741,067;966,052;1023,257
041:0,005;185,075;213,026;368,182;410,006;430,054;432,010;486,101;627,207;633,001;706,035
042:0,005;185,075;199,119;246,045;279,069;368,182;410,006;488,257;633,001;706,035
043:0,005;214,138;279,069;359,043;410,006;430,054;518,035
044:0,005;159,063;185,075;236,213;279,069;343,039;410,006;486,226;692,060;706,054;746,065
045:0,005;236,213;279,069;343,039;410,006;518,035
046:0,005;213,026;343,039;348,019;349,015;359,043;430,054;631,125
047:0,005;213,026;359,043;518,035
048:0,005;159,063;185,075;213,026;214,138;431,064;518,035
049:0,005;93,271;159,063;185,075;213,026;372,225;410,006;417,012;430,054;654,099
050:0,005;159,063;185,075;430,054;488,257;501,193
051:0,006;187,117;192,063;251,190;256,052;276,055;386,081;696,059
052:0,006;192,063;254,229;750,050;1051,157
053:0,006;88,164;276,055;348,019;425,127;432,010;461,250
054:0,006;256,052;340,092;359,030;564,275
055:0,006;187,143;295,185;348,019;356,130
056:0,006;88,164;151,006;192,063;340,092;348,019;358,243;386,081;410,006;432,010;472,272;1166,021
057:0,006;208,182;322,028;432,010;451,189
058:0,006;187,117;251,190;254,229;348,019;359,030;425,127;432,010;481,174;762,146
059:0,006;256,052;295,185;359,030;601,044;762,146
060:0,006;229,212;276,055;295,049;348,019;359,030;392,029;432,010;539,077
061:0,007;300,062;540,165;584,049;612,063;719,158;819,036;947,204
062:0,007;300,062;420,058;647,139;819,036;1008,138
063:0,007;305,177;443,063;572,012;612,063;736,115;1003,031
064:0,007;286,032;319,095;572,012;757,083
065:0,007;431,064;572,012;584,049;1008,138;1047,072
066:0,007;286,032;331,100;431,064;540,165;572,012;585,119;612,063;613,225;819,036;988,233;1003,031;1047,072
067:0,007;139,100;286,032;326,191;420,058;538,207;572,012;584,049;1047,072
068:0,007;297,131;305,177;420,058;502,159;538,207;572,012;642,262
069:0,007;139,100;300,062;431,064;584,049;585,119;1003,031;1198,094
070:0,007;300,062;420,058;584,049
071:0,008;173,230
072:0,008;226,234;310,091;563,062;567,222;743,084
073:0,008;173,040;246,057;743,084
074:0,008;104,154;173,040;191,153
075:0,008;191,153;194,030;246,057;567,222
076:0,008;194,030;246,057;690,098
077:0,008;173,230;194,030;563,062;703,038;737,205
078:0,008;173,040;246,057;563,062;708,226
079:0,008;54,183;194,030;327,157;518,035;563,062;881,161
080:0,008;173,040;192,063;246,057;286,032;310,091;1047,072
081:0,009;232,133;283,067;367,013;445,002;646,260
082:0,009;269,062;367,013;445,002;641,196;824,026
083:0,009;273,242;322,028;351,008;367,013;500,184
084:0,009;273,242;297,073;322,110;349,015;445,002;701,238
085:0,009;297,073;306,143;430,054;440,181
086:0,009;445,002;773,191;824,026
087:0,009;232,133;297,073;367,013;411,027;432,242;445,002;798,213;824,026
088:0,009;283,067;367,013;504,243;646,260
089:0,009;263,029;269,062;367,013;422,196;445,002;657,235;682,067;773,191;824,026
090:0,009;269,062;283,067;367,013;432,242
091:0,010;297,073;302,204;303,074;563,259;733,053;821,107;1003,031
092:0,010;211,046;258,274;733,053;853,206;1147,014
093:0,010;333,269;610,190;757,071;1050,235
094:0,010;303,074;502,159;733,053;835,147
095:0,010;303,074;487,007;638,075;1051,157
096:0,010;335,171;563,259;724,079;733,053;821,107
097:0,010;303,074;564,168;733,053;757,071;1029,028;1197,212
098:0,010;316,176;633,001;757,071;1087,123;1119,148
099:0,010;54,183;457,055;607,170;757,071;1119,148
100:0,010;333,269;434,031;508,263
101:0,011;295,049;380,067;416,129;441,004;464,021;491,154
102:0,011;305,208;441,004;464,021;487,007;527,041
103:0,011;372,066;380,067;441,004;464,021;496,110
104:0,011;190,108;464,021;527,041
105:0,011;372,066;416,129;527,041
106:0,011;372,066;441,004;464,021;613,106
107:0,011;218,059;352,194;372,066;392,145;432,010;441,004;508,263;527,041;688,080;786,228
108:0,011;356,152;380,067;441,004;464,021;527,041
109:0,011;391,205;441,004;464,021;531,220
110:0,011;351,008;409,112;464,021;527,041;873,192
111:0,012;295,049;357,068;433,267;487,007;510,069;567,039;587,132
112:0,012;299,171;306,202;341,053;357,068;378,226;439,005;510,069;627,207;838,073
113:0,012;283,067;378,226;433,267;439,005;487,007;680,261;703,038;800,198
114:0,012;341,053;357,068;439,005;487,007;567,039;569,141
115:0,012;357,068;398,213;487,007;510,069;566,240
116:0,012;306,202;719,158
117:0,012;335,150;341,053;403,272;439,005;501,193;567,039;703,038;706,054;751,092;789,194
118:0,012;346,186;439,005;517,205;567,039;586,271
119:0,012;295,049;335,150;439,005;487,007;517,205;529,066;577,244;1147,014
120:0,012;396,097;439,005;487,007;569,141;703,038;789,194;800,198
121:0,013;177,175;341,053;351,008;476,167;941,062;1146,123
122:0,013;198,237;211,046;273,117;351,008;407,049;450,232;531,044;596,026;736,200;941,062
123:0,013;204,145;351,008;380,067;407,049;439,170;531,044;819,036;941,062;1139,064
124:0,013;228,246;351,008;424,163
125:0,013;185,075;195,213;228,246;424,163;511,029;531,044;553,060;941,062;1139,064
126:0,013;84,026;177,175;198,237;213,135;511,029;531,044;582,236;1125,249;1139,064
127:0,013;213,135;351,008;396,136;407,049;450,232;511,029;586,248;596,026;694,195
128:0,013;192,261;273,117;445,002;596,026;663,152
129:0,013;204,145;351,008;511,029;610,190
130:0,013;211,046;351,008;407,049;511,029;980,033
131:0,014;410,006;543,127;565,048;688,080;811,128;830,038;930,053
132:0,014;429,098;456,053;494,032;538,071;798,143;830,038;951,243;1029,028
133:0,014;457,055;538,071;595,046;664,016;747,151;930,053;1152,063
134:0,014;456,053;457,055;527,009;561,238;565,048;626,129;664,016;798,143
135:0,014;236,047;255,140;359,030;538,071;561,238;664,016;692,249;830,038;992,051;1029,028;1152,063
136:0,014;255,140;494,032;556,088;798,213;830,038;944,096;1029,028
137:0,014;422,192;538,071;595,046;664,016;849,196
138:0,014;426,169;457,055;556,088;565,048;595,046;664,016;742,199;1152,063
139:0,014;456,053;464,079;494,032;527,120;531,220;538,071;565,048;600,246;664,016;811,128
140:0,014;429,098;456,053;468,122;664,016;719,166;1152,063
141:0,015;257,041;411,195;634,140;640,248;668,045;941,182;956,178;1147,014
142:0,015;159,250;257,041;411,103;489,067;544,254;1147,014
143:0,015;257,041;415,072;956,178
144:0,015;159,250;257,041;415,072;605,223;1034,063;1147,014
145:0,015;257,041;411,103;415,072;584,049;1034,063;1194,219
146:0,015;280,217;314,188;439,005;529,066;668,045;775,129;1147,014
147:0,015;257,041;263,029;415,072;634,140;875,034;1034,063
148:0,015;263,029;302,204;529,066;668,045;865,086;1147,014
149:0,015;314,188;415,072;529,066;602,095;1147,014
150:0,015;263,029;280,217
151:0,016;281,187;572,012;578,031;875,034;987,253
152:0,016;93,271;212,016;286,033;578,031;930,053
153:0,016;266,224;319,120;359,093
154:0,016;347,125;572,012;578,031;992,051
155:0,016;449,186;608,233;875,034;992,051;1173,119
156:0,016;319,120;443,063;578,031;992,051;1033,144
157:0,016;286,033;357,189;443,063;578,031
158:0,016;194,030;266,224;281,187;286,033;359,093
159:0,016;229,212;286,033;347,125;441,004;443,063;875,034;995,076
160:0,016;355,113;449,186;464,158;595,046;630,237;995,076;1173,119
161:0,017;328,155;944,096
162:0,017;319,233;344,075;349,015;460,203
163:0,017;309,061;380,089;1012,116
164:0,017;181,252;309,061;344,075;349,015;468,122;692,060;1074,173
165:0,017;338,219;349,015;505,218
166:0,017;349,015;461,245;613,106
167:0,017;123,029;190,108;309,061;349,015;791,109
168:0,017;309,061;344,075;345,096;349,015;396,136;460,203;461,245;501,109;692,060;1012,116
169:0,017;344,075;349,015;505,218;563,062;976,121
170:0,017;344,075;349,015;501,109;692,060;987,253
171:0,018;425,224;467,143;471,253;527,009;572,120;709,013;746,065;1139,064;1166,021
172:0,018;420,058;527,009;571,137;680,261;815,008;1166,021
173:0,018;345,096;670,105
174:0,018;467,143;574,228;601,044;627,042;640,248;966,052;1120,183;1166,021
175:0,018;483,191;527,009;574,228;601,044;746,065;881,161;1166,021
176:0,018;359,043;439,170;527,009;556,051;601,044;873,192;966,052;1063,174;1166,021;1170,197
177:0,018;425,224;527,009;670,105;746,065
178:0,018;527,009;571,137;746,065;1170,197
179:0,018;471,253;966,052;1062,137
180:0,018;430,273;682,067;746,065;1120,183;1166,021;1185,274
181:0,019;13,061;215,045;225,178;284,071;352,137;447,047;562,156;709,013;808,127
182:0,019;159,043;215,045;261,063;284,071;447,047;662,200;682,067;709,013;778,122;815,008;1195,175
183:0,019;13,061;159,043;282,193;284,071;447,047;613,147;784,234;815,008
184:0,019;13,061;249,141;519,056;574,160;655,032;709,013;750,050;815,008
185:0,019;13,061;211,046;252,169;261,063;353,197;655,032;709,013;786,228;815,008
186:0,019;36,098;284,071;619,210;750,050;838,073
187:0,019;50,191;215,045;237,272;261,063;352,137;556,051;619,210;709,013;815,008
188:0,019;27,205;36,098;50,191;159,043;284,071;655,032;664,016;682,067;709,013;815,008
189:0,019;100,239;159,043;225,178;682,067;709,013;815,008
190:0,019;27,205;165,024;215,045;237,272;396,026;447,047;574,160;613,147;750,050;778,122;838,073
191:0,020;353,064;417,012;434,031;805,043
192:0,020;417,012;434,031;805,043;996,042
193:0,020;417,012;445,227;653,076;805,043;1090,135
194:0,020;276,055;399,090;434,031;553,060;646,215;741,267;996,042;1166,021
195:0,020;353,064;417,012;553,060;633,001;732,126
196:0,020;269,062;293,154;445,002;608,233;633,001;784,234
197:0,020;353,064;417,012;461,221
198:0,020;399,090;434,031;633,001;741,267;996,042
199:0,020;343,039;397,263;417,012;434,031;553,060;633,001;719,180;805,043
200:0,020;344,075;367,013;417,012;501,239;633,001;869,142;996,042;1198,094
