001:0,001;13,072;63,082;76,061;110,182
002:0,001;13,072;40,272;66,206;76,061;110,163;126,242;161,234;212,038;220,116;420,043;536,216
003:0,001;13,072;76,061;110,163;424,151
004:0,001;183,085
005:0,001;126,242;251,124
006:0,001;66,206;76,061;212,038;327,184
007:0,001;13,072;212,038;424,151;479,052;661,212
008:0,001;52,081
009:0,001;39,254
010:0,001;161,234
011:0,002;71,223;147,039;170,111;181,026;1164,160
012:0,002;94,030;147,039;216,185
013:0,002;33,275
014:0,002;64,199;71,223;94,030;158,105
015:0,002;66,104;147,039;181,026;1050,075
016:0,002;94,030;312,087
017:0,002;78,101;147,039;181,026
018:0,002;94,030;157,170;867,047;898,158;1141,162
019:0,002;78,101
020:0,002;77,118;158,105;162,060;181,026;1164,160
021:0,003;111,136
022:0,003;81,169;82,038;147,203;428,077
023:0,003;335,180;356,049
024:0,003;356,049;803,121
025:0,003;113,229;947,180
026:0,003;136,194
027:0,003;111,136;356,049
028:0,003;81,169;147,203;201,117;356,049
029:0,003;29,233;93,193
030:0,003;82,038;159,147
031:0,004;111,144;322,036;468,220
032:0,004;68,239;118,026;173,121;213,248
033:0,004;68,239
034:0,004;57,245
035:0,004;147,173;621,270
036:0,004;90,234;118,026;300,118
037:0,004;112,116;188,210
038:0,004;56,220;90,234;118,026;213,248
039:0,004;295,166;393,143
040:0,004;75,214
041:0,005;39,159
042:0,005;99,266
043:0,005;35,201;44,174;715,232
044:0,005;25,212;503,032;1094,115
045:0,005;39,159;503,032;916,230
046:0,005;63,082;1050,075
047:0,005;33,243;916,230
048:0,005;44,174;503,032;715,232
049:0,005;147,173
050:0,005;46,095;99,266
051:0,006;242,258
052:0,006;88,224;367,084;484,056
053:0,006;103,186
054:0,006;129,128
055:0,006;118,179;484,056
056:0,006;88,100;242,258
057:0,006;164,181
058:0,006;88,100;129,128;164,181
059:0,006;66,104;484,056
060:0,006;103,186;170,111
061:0,007;201,262;425,030
062:0,007;142,269;217,064;400,039;405,129
063:0,007;205,235;217,064;393,236
064:0,007;150,098
065:0,007;146,062;326,028;393,236
066:0,007;144,205;146,062;217,064;436,107
067:0,007;142,269;146,062;205,235;217,064;405,129
068:0,007;146,062;331,269
069:0,007;149,178;150,098
070:0,007;146,062;201,262;425,030
071:0,008;402,070;456,187
072:0,008;420,043;527,039;990,206
073:0,008;400,039;402,070;420,043;470,063;480,176
074:0,008;117,189;420,043;609,108;838,057
075:0,008;402,070;420,043;565,259
076:0,008;46,095
077:0,008;400,039;427,146;480,176;915,148
078:0,008;500,223
079:0,008;402,070;427,146
080:0,008;404,086;838,057;915,148
081:0,009;165,157
082:0,009;277,244
083:0,009;28,090
084:0,009;82,038;101,113;1132,055
085:0,009;151,180;202,053;254,093;353,162;527,039
086:0,009;373,178;527,039;803,231
087:0,009;202,053;212,038;349,201;373,178
088:0,009;174,176;202,053;248,071;353,162;1132,055
089:0,009;174,176;202,053;292,123;527,039;1132,055
090:0,009;202,053;292,123;1132,055
091:0,010;39,240;125,268;136,194
092:0,010;41,227;175,034;265,261
093:0,010;39,240
094:0,010;29,188;172,070;175,034;246,238
095:0,010;29,188
096:0,010;79,263
097:0,010;28,200;41,227
098:0,010;25,187;404,086
099:0,010;57,249;175,034;318,155
100:0,010;28,200
101:0,011;45,255;795,070
102:0,011;41,204;795,070;1141,162
103:0,011;42,154;81,133
104:0,011;81,133;85,125;172,070;241,112;269,040;566,246
105:0,011;25,212;172,070;248,171;795,070;1118,189
106:0,011;85,125;269,040;636,262
107:0,011;13,072;51,167;795,070;1118,189
108:0,011;51,167
109:0,011;87,132;137,048;241,112
110:0,011;111,144;172,070;269,040;477,102
111:0,012;50,140
112:0,012;92,096;484,056
113:0,012;303,120;479,052;777,249
114:0,012;93,193;104,259;141,065;295,086;326,028;393,134
115:0,012;50,140;300,118;479,052;672,097
116:0,012;92,096;295,086;337,241;393,134;838,057;954,137
117:0,012;104,259;141,065;208,230;326,028;353,225;479,052;777,249
118:0,012;251,124
119:0,012;141,065;326,028;353,225
120:0,012;123,198;898,158
121:0,013;93,088;280,058;886,233
122:0,013;562,175
123:0,013;130,138;280,058;864,076
124:0,013;123,198;280,058;1007,272
125:0,013;123,215
126:0,013;29,233;172,070;248,071;497,250
127:0,013;123,215;248,071;678,131
128:0,013;110,127
129:0,013;130,138;230,256;248,071;367,084;562,175
130:0,013;93,088;118,179;280,058;864,076
131:0,014;82,038;137,048;390,139
132:0,014;170,222
133:0,014;40,272;45,195;594,067
134:0,014;47,110;70,137;838,057
135:0,014;70,137;137,048;390,139
136:0,014;45,195;55,145;269,040;594,067
137:0,014;55,145
138:0,014;137,048;203,247
139:0,014;19,092;594,067
140:0,014;9,099;594,067
141:0,015;97,068;203,247;417,075;470,063;537,253
142:0,015;66,232;97,068;417,075;522,116
143:0,015;51,106
144:0,015;17,241;94,165;417,075;478,233;662,065;1108,096
145:0,015;97,068;509,059;891,078
146:0,015;37,250;470,063;486,083
147:0,015;64,126;417,075;509,059;621,270
148:0,015;97,068;417,075;470,063;478,233;509,059;923,165
149:0,015;64,126;470,063;509,059;652,257;923,165
150:0,015;94,165;97,068;428,077
151:0,016;239,228;425,030
152:0,016;125,268
153:0,016;257,218;351,030;393,143
154:0,016;257,218
155:0,016;141,065;267,251
156:0,016;287,209
157:0,016;239,228;356,049
158:0,016;168,080
159:0,016;280,088
160:0,016;230,256;280,088
161:0,017;162,060;297,050;600,061;947,180
162:0,017;223,219;390,079;903,174
163:0,017;162,060;223,219;297,050;527,153
164:0,017;178,142;297,050;526,165;600,061;867,047;983,051
165:0,017;26,207;297,050
166:0,017;145,252;297,050;546,142;600,061;867,047;983,051;1008,110
167:0,017;122,084;289,274;402,070;503,161;546,142
168:0,017;289,274;983,051
169:0,017;26,207;983,051
170:0,017;117,189;162,060;390,079;867,047;903,174
171:0,018;31,273;322,036;388,149;662,065
172:0,018;26,270;91,148;212,038;322,036;386,089;942,063
173:0,018;17,241;322,036;331,269;388,149;400,039;516,103;662,065;792,177
174:0,018;76,160;983,051
175:0,018;26,270;118,026;165,135;758,228;942,063
176:0,018;46,153;47,110;516,103
177:0,018;65,217;662,065;959,168
178:0,018;59,192;942,063
179:0,018;28,090
180:0,018;91,148;175,034;758,228;942,063
181:0,019;340,158;351,030;356,197;1050,075
182:0,019;351,030;386,109;425,030
183:0,019;493,100
184:0,019;339,156;600,061;1050,075
185:0,019;235,202;340,158;891,078
186:0,019;351,030;423,201
187:0,019;444,169
188:0,019;356,197
189:0,019;235,202
190:0,019;415,237
191:0,020;42,049;187,183
192:0,020;42,049;201,117
193:0,020;64,199
194:0,020;42,049;337,241
195:0,020;149,154;886,233
196:0,020;42,049;188,210
197:0,020;33,275;149,154
198:0,020;65,078;503,032;785,163
199:0,020;65,078;785,163
200:0,020;168,080
