001:0,001;68,264;294,019;357,062
002:0,001;61,126;68,264;88,045;188,122;294,019;501,029;878,200;1081,255
003:0,001;61,126;88,045;294,019;405,123;667,059;706,151
004:0,001;48,218;160,247;501,029
005:0,001;93,071;137,093;294,019;473,025;501,029;751,079
006:0,001;67,125;294,019;411,181
007:0,001;88,045;137,093
008:0,001;55,140;685,134
009:0,001;93,071;160,247;294,019;685,134
010:0,001;37,054;55,140;88,045;93,071;146,199;294,019;690,216
011:0,002;217,043;898,138
012:0,002;215,026;264,107
013:0,002;215,026;217,043;920,211
014:0,002;216,041;217,043;846,074
015:0,002;216,041;217,043;1081,255
016:0,002;211,138;215,026;239,077
017:0,002;160,055;216,173;223,144
018:0,002;77,124;157,135
019:0,002;207,095;239,077;249,067;281,126;409,271
020:0,002;223,144;848,258
021:0,003;273,118;299,006;322,125
022:0,003;229,058;299,006;343,087;357,062
023:0,003;193,240;229,058;299,006;399,257;506,032
024:0,003;195,031;229,058;299,006;376,170;506,032
025:0,003;195,031;286,157;299,006;517,158
026:0,003;39,180;506,032
027:0,003;196,179;215,026;286,157;299,006;322,125;357,062
028:0,003;195,031;299,006;319,139;473,025;506,032
029:0,003;195,031;299,006;357,062
030:0,003;193,240;273,118;1038,142
031:0,004;176,157;183,220
032:0,004;129,068;1155,186
033:0,004;126,042;183,220;230,235
034:0,004;115,210;129,068;229,058;313,162
035:0,004;143,148
036:0,004;106,161;129,068
037:0,004;191,121
038:0,004;119,010;159,152
039:0,004;129,068;1191,175
040:0,004;106,243;129,068;1142,139
041:0,005;206,044;316,167
042:0,005;240,113
043:0,005;206,044;497,203;724,046
044:0,005;228,272
045:0,005;154,214;205,045;270,249;667,059;724,046
046:0,005;205,045;298,097;667,059
047:0,005;92,033;154,214;724,046
048:0,005;205,045;206,044;303,228;473,025;753,275;861,048;866,176
049:0,005;304,240;497,203;667,059
050:0,005;205,045;228,272
051:0,006;194,167;202,028;257,269;259,050;409,271;430,070;547,139;724,046
052:0,006;195,150;196,187;202,028;249,067
053:0,006;107,233;195,150;259,050;394,044;575,172;652,196
054:0,006;193,131;202,028;240,113;394,044;446,273
055:0,006;206,133;861,048;947,180
056:0,006;196,187;202,028;259,050;349,076;430,070;652,196;682,117
057:0,006;207,095;430,070;486,182;947,180
058:0,006;232,143;259,050;325,157;783,069
059:0,006;198,245;249,067;430,070;682,117;1088,055
060:0,006;58,178;249,067;257,269
061:0,007;50,066;107,081
062:0,007;73,082;92,033;120,027;175,251;783,069;1142,139
063:0,007;50,066;171,165;243,047;275,030;783,069
064:0,007;130,029;162,241;275,030;500,246
065:0,007;69,255;130,029;153,217;243,047;279,253
066:0,007;43,185;69,255;175,251;243,047;275,030;817,198
067:0,007;73,082;92,033;325,157;783,069
068:0,007;43,185;50,066;120,027;137,194;275,030;783,069
069:0,007;120,027;130,029;137,194;243,047;275,030;909,184
070:0,007;50,066;92,033;130,029;162,241
071:0,008;37,054;105,250;134,234;970,018
072:0,008;1184,061
073:0,008;15,137;131,008;919,174;970,018;1002,129;1184,061
074:0,008;861,048;896,128;970,018;1082,163;1088,055
075:0,008;970,018;1088,055
076:0,008;861,048;909,184;1014,251;1184,061
077:0,008;848,199;970,018;1078,229;1082,163
078:0,008;850,265;896,128;970,018;1088,055
079:0,008;1014,251;1184,061
080:0,008;919,174;1002,129;1078,229
081:0,009;44,191;113,041;175,134;503,104
082:0,009;113,041;145,067;449,209
083:0,009;94,046;122,181;206,133
084:0,009;44,191;94,046;105,250
085:0,009;113,041;145,067;503,104
086:0,009;94,046;113,041;164,088
087:0,009;209,103
088:0,009;145,067;209,103;212,189
089:0,009;113,041;254,271;279,253
090:0,009;175,134;237,056;301,150
091:0,010;21,095;83,184;109,212
092:0,010;15,137;21,044;25,072;46,085;885,063;1062,156
093:0,010;83,184;885,063
094:0,010;21,044;96,202;885,063;970,018;1062,156
095:0,010;21,044;46,085;96,202;970,018;1110,263
096:0,010;21,044;33,171
097:0,010;19,226;25,072;146,221
098:0,010;33,171
099:0,010;25,072;78,080
100:0,010;19,226
101:0,011;457,161
102:0,011;548,195
103:0,011;504,164;756,059
104:0,011;376,170
105:0,011;415,089
106:0,011;394,044;457,161;756,059
107:0,011;504,164
108:0,011;473,191
109:0,011;63,141;106,243
110:0,011;415,089;529,031;633,155
111:0,012;119,010;209,128;323,056;846,074
112:0,012;193,131;236,187;555,071
113:0,012;236,187;237,056;284,046;323,056;1038,142
114:0,012;443,227;756,059;846,074
115:0,012;220,168
116:0,012;237,056;846,074
117:0,012;209,128;220,168;284,046;468,248;555,071
118:0,012;224,138;273,267
119:0,012;237,056;848,199
120:0,012;273,267;284,046;323,056;394,044;555,071
121:0,013;578,038
122:0,013;529,031;563,114;626,039;950,215
123:0,013;616,154;626,039
124:0,013;575,172
125:0,013;529,031;562,245;626,039
126:0,013;578,038
127:0,013;77,124;529,031;576,083;578,038;626,039
128:0,013;191,121;529,031;536,124;578,038
129:0,013;529,031;566,239;840,066;950,215
130:0,013;626,039
131:0,014;130,219;840,066;944,050
132:0,014;218,208;840,066;944,050
133:0,014;385,108;840,066;968,244
134:0,014;93,071;119,010;130,219;916,261
135:0,014;292,266
136:0,014;213,090;385,108;501,029;626,039;944,050
137:0,014;291,223;600,075;916,261
138:0,014;197,261;216,041;292,266;944,050
139:0,014;213,090;469,034;536,090;944,050
140:0,014;212,189;291,223
141:0,015;37,054;197,261;818,031
142:0,015;118,099
143:0,015;25,072;160,170;203,054;756,059;782,166
144:0,015;203,054;296,222
145:0,015;6,247;37,054;103,113;115,210;146,199;818,031
146:0,015;81,112;203,054;818,031
147:0,015;37,054;81,112;818,031
148:0,015;214,127
149:0,015;58,178;203,054;783,143
150:0,015;91,127;203,054;802,092;818,031
151:0,016;120,091;440,067
152:0,016;122,256;440,067
153:0,016;46,190;150,119
154:0,016;150,119;303,228;440,067
155:0,016;134,234
156:0,016;112,270;137,110
157:0,016;46,190
158:0,016;120,091;440,067;1114,192
159:0,016;122,256
160:0,016;137,110;298,097;1129,208
161:0,017;164,088;206,047;295,023;307,053;362,186;808,100
162:0,017;206,047;225,255;245,193;295,023;337,036;469,034;484,041;600,075;797,057;818,106
163:0,017;273,092;295,023;307,053;338,032;500,246;502,033;905,187
164:0,017;295,023;337,036;430,086;473,025;484,041;545,122;797,057;808,260
165:0,017;109,212;206,047;215,196;225,255;295,023;338,032;469,034;600,075;848,258
166:0,017;218,236;295,023;301,150;337,036;402,204;502,033;761,153;797,057;821,153
167:0,017;216,041;295,023;338,032;484,041;600,075;797,057;823,254
168:0,017;215,196;295,023;301,201;307,053;374,242
169:0,017;206,047;296,222;338,032;502,033;808,100
170:0,017;245,193;307,053;337,036;362,186;374,242;469,034;484,041;1129,208
171:0,018;195,027
172:0,018;139,102;195,027;578,038
173:0,018;195,027
174:0,018;160,055;226,205
175:0,018;173,096;226,205;300,098;356,193
176:0,018;195,027
177:0,018;456,078
178:0,018;168,029;356,193
179:0,018;195,027;300,098
180:0,018;173,096;195,027
181:0,019;115,076;119,010;126,042;160,055;227,270;238,048;473,025;511,263;885,063
182:0,019;160,055;206,044;294,019;473,025;493,071;766,173;926,034
183:0,019;93,215;238,048;493,071;547,210;565,238;926,034
184:0,019;107,081;119,010;126,042;168,029;331,111
185:0,019;93,215;119,010;126,042;168,029;227,270
186:0,019;238,048;473,025;565,238;926,034
187:0,019;119,010;157,135
188:0,019;168,029;216,173;273,092;473,025;493,071;532,247
189:0,019;119,010;187,265;337,036;341,173;757,083;926,034
190:0,019;115,076;238,048;493,071;502,033;757,083
191:0,020;139,102;284,046;329,143;555,071
192:0,020;140,061;230,235
193:0,020;225,115
194:0,020;67,125;140,061;225,115;607,051;903,237
195:0,020;140,061;200,136;903,237
196:0,020;99,132
197:0,020;120,094;607,051;860,240
198:0,020;105,169;205,160;607,051
199:0,020;94,046;145,067;200,136;607,051;850,265
200:0,020;99,132;140,061;205,160
