001:0,001;253,226;346,012;415,172;876,070
002:0,001;346,012;371,250;876,070
003:0,001;240,059;346,012;472,126;876,070
004:0,001;385,114
005:0,001;253,226;876,070
006:0,001;260,148;346,012;371,250
007:0,001;249,093;346,012;385,114
008:0,001;118,069;308,243;933,053;1178,140
009:0,001;97,073;115,137;346,012;412,066;613,080
010:0,001;337,166;346,012;415,172
011:0,002;194,231
012:0,002;289,175
013:0,002;240,059;921,226
014:0,002;240,059;655,222
015:0,002;194,231;234,207
016:0,002;175,090;201,185
017:0,002;240,059;827,237
018:0,002;176,139
019:0,002;167,063;288,082;408,241
020:0,002;201,185;281,033;388,248
021:0,003;34,126;225,056;359,081
022:0,003;91,269;454,033;786,068
023:0,003;97,157;412,066;786,068
024:0,003;89,265;113,211;124,053;210,118;378,027;412,066;563,216;786,068;1148,157
025:0,003;225,056;412,066;454,033;786,068
026:0,003;212,203;225,056;354,198
027:0,003;87,123;130,034;200,101;225,056;354,198;378,027;454,033;680,274;766,269;786,068
028:0,003;34,126;130,034;202,115;378,027;454,033;822,152;1067,030
029:0,003;113,211;173,105;378,027;928,119
030:0,003;78,095;130,034;200,101;822,152
031:0,004;274,272;480,147
032:0,004;154,107
033:0,004;154,068;318,037;342,217
034:0,004;125,203;177,214;1155,101
035:0,004;130,123;315,026;527,060;1155,101
036:0,004;154,068;271,234;315,026;480,147
037:0,004;129,244;180,111;315,026;318,037;337,103;527,060;922,204
038:0,004;28,256;170,150;390,233;832,063;1075,191
039:0,004;154,068;271,234;527,060;899,069;1178,140
040:0,004;113,220;318,037;527,060;926,227
041:0,005;169,131;491,048
042:0,005;201,067;276,177;337,109
043:0,005;314,030;530,123
044:0,005;111,254
045:0,005;157,201
046:0,005;148,059;150,229;311,034;711,159
047:0,005;169,249;201,067;314,030;408,241;412,066;536,245
048:0,005;111,254;169,131;314,030;385,212
049:0,005;183,225;385,212
050:0,005;201,067;243,062;314,030;531,132
051:0,006;81,122;201,067;211,113
052:0,006;158,097;619,133
053:0,006;234,207;628,258
054:0,006;298,271;592,041;619,133
055:0,006;180,111;569,044;951,218
056:0,006;309,149
057:0,006;331,224
058:0,006;81,122;315,026;561,272;592,041;728,145
059:0,006;331,224;592,041;628,258
060:0,006;289,175;298,271;404,032;588,252
061:0,007;158,097;337,103
062:0,007;106,031;177,037;248,135;281,041;324,096
063:0,007;138,156;1060,056
064:0,007;106,031;206,129;1014,057
065:0,007;138,156;1014,057;1162,144
066:0,007;154,068;248,135;922,204;1014,057
067:0,007;13,219;1060,056
068:0,007;13,219;106,031;167,062;190,043;1060,056
069:0,007;124,182;1060,056
070:0,007;97,157;318,037;324,096;1014,057
071:0,008;138,043;148,048;164,027;183,108;356,055;395,142
072:0,008;45,109;148,048;219,031;666,264;1143,146
073:0,008;138,043;164,027;334,155
074:0,008;164,027;177,037;219,031;569,130
075:0,008;138,043;198,161;899,069;1067,030;1143,146
076:0,008;45,109;75,116;138,043;177,037;219,031;669,131
077:0,008;148,048;168,194
078:0,008;164,027;177,037;247,206;334,155;503,121
079:0,008;148,048;167,265
080:0,008;219,031;281,041;401,273;1088,061
081:0,009;74,060;115,192;841,066;1071,088
082:0,009;73,183;74,060;148,059;186,175;254,073;389,102;393,040;841,066;1069,143
083:0,009;74,060;121,169;1069,143
084:0,009;74,060;112,178;254,073;317,053;358,049;393,040;441,071;958,208;1157,052
085:0,009;183,100
086:0,009;85,246;254,073;358,049;413,119;903,110
087:0,009;73,183;408,154
088:0,009;57,047;144,153
089:0,009;169,249;433,052;441,071;903,110
090:0,009;75,116;254,073;351,137;358,049;393,040;409,033;441,071;841,066;1037,128
091:0,010;155,242;190,043;933,053;1060,056
092:0,010;115,192;190,043;382,087
093:0,010;162,163
094:0,010;157,110;711,049;933,053;1128,112
095:0,010;155,242
096:0,010;190,043;1022,184
097:0,010;151,079;933,053;1153,050
098:0,010;90,238;151,079
099:0,010;175,090;1022,184
100:0,010;157,110;190,043;926,227
101:0,011;112,165;358,049;396,180;404,032;409,033;872,266
102:0,011;112,165;409,033;475,040;560,116;845,074;1067,030;1120,263
103:0,011;61,094;130,034;193,060;569,044;1124,221
104:0,011;102,038;118,142;193,060;409,033;416,104;711,049;1152,232
105:0,011;61,094;97,073;102,038;168,218;193,060;354,068;396,180;404,032;413,119;569,044;1067,030;1146,092
106:0,011;102,038;153,174;193,060;475,040;711,049;940,274
107:0,011;168,218;193,060;210,251;354,068;409,033;475,040;762,202
108:0,011;97,073;102,038;210,251;655,222;711,049;1011,164;1152,232
109:0,011;97,073;119,207;154,168;354,068;416,104;475,040;1120,263;1157,052
110:0,011;102,038;154,168;354,068;404,032;475,040;560,116
111:0,012;55,064;218,266;475,040;491,048
112:0,012;89,253;130,114;204,042;215,057;424,215;1088,061
113:0,012;55,064;169,138;204,042;390,233
114:0,012;26,245;167,062;204,042;433,052;499,120
115:0,012;143,261;857,187
116:0,012;130,114;204,042;426,076;1153,050
117:0,012;55,064;167,062;204,042;382,087;516,028;857,187
118:0,012;26,245;167,062;426,076;516,028;1066,095
119:0,012;125,203;193,060;419,274;491,048
120:0,012;55,064;215,057;507,247;516,028;1153,050
121:0,013;118,069;263,098
122:0,013;113,220;118,069;430,255
123:0,013;138,043;234,064;328,190
124:0,013;162,083
125:0,013;171,166;221,032;281,041;344,178;1153,050
126:0,013;122,086
127:0,013;6,055;122,086
128:0,013;128,208;162,083;281,041;454,209
129:0,013;149,263;441,071;890,256;1157,052
130:0,013;114,257;276,177;890,256;1157,052
131:0,014;80,143;230,039;261,275
132:0,014;81,031;182,074;429,045;566,200;569,044;932,067
133:0,014;182,074;458,138;932,067
134:0,014;39,176;201,067;405,085
135:0,014;78,204;182,074;405,085
136:0,014;70,162;81,031;109,236;932,067;1148,157
137:0,014;182,074;408,154
138:0,014;81,031;182,074;881,189;932,067
139:0,014;78,204;109,236;932,067
140:0,014;39,176
141:0,015;108,181;148,048;267,260
142:0,015;132,119;331,158;848,051;861,072;1139,253
143:0,015;109,185;149,263;601,075;848,051;1095,251
144:0,015;57,173;95,196;267,260;848,051
145:0,015;57,173;132,119;148,092;601,075;848,051
146:0,015;95,196;108,181;601,075;1088,061
147:0,015;148,092;356,213;1088,061
148:0,015;331,158
149:0,015;78,095;601,075;848,051
150:0,015;356,213;669,131;848,051
151:0,016;148,059;212,199;215,057;405,167
152:0,016;176,152;393,040;405,167
153:0,016;173,105
154:0,016;141,117;404,039;507,247
155:0,016;148,059;622,067;636,065
156:0,016;148,059;286,125;622,067;669,200
157:0,016;290,222;622,067;669,200
158:0,016;130,034;176,152;399,225
159:0,016;5,076;6,055;141,117
160:0,016;6,151;167,063;228,262;622,067
161:0,017;107,110;118,069;221,032;243,062;404,039;597,204;769,058;860,124
162:0,017;124,053;205,211;404,039;429,045;581,140;769,058;974,223
163:0,017;106,031;173,227;861,072;1128,112
164:0,017;238,253;243,062;395,142;429,045;476,166;552,073;804,196
165:0,017;124,053;173,227;404,039;581,140;860,124
166:0,017;107,110;141,228;205,211;221,032;243,062;433,052;552,073;636,065;804,196;861,072
167:0,017;118,142;167,063;221,032;429,045;433,052;476,166;491,048
168:0,017;141,228;769,058;861,072;1162,144
169:0,017;167,063;243,062;552,073;636,065;1084,243
170:0,017;124,053;144,159;219,031;552,073;578,191;636,065;769,058;841,066;974,223
171:0,018;31,106;57,047;471,249
172:0,018;11,207;101,172;215,057;524,183;1188,029
173:0,018;6,055;57,047;398,230
174:0,018;13,036;101,172;204,042;317,053;354,068;462,171
175:0,018;13,036;57,047;64,133;317,053;766,269;899,069;1096,199
176:0,018;13,036;57,047;317,053;364,188
177:0,018;52,080;57,047;69,193
178:0,018;57,047;359,239
179:0,018;6,055;69,193;230,039;351,137;364,188;899,069
180:0,018;6,055;13,036;64,133;530,123
181:0,019;205,136;309,149;463,046;712,195
182:0,019;97,073;157,235;190,247;463,046;629,244
183:0,019;170,150;347,154;379,061;463,046;896,099
184:0,019;81,031;104,200;379,061;389,102
185:0,019;190,247;379,061;399,225
186:0,019;330,077
187:0,019;347,154;379,061;629,244;712,195
188:0,019;176,139;463,046;704,125;896,099
189:0,019;157,235
190:0,019;205,136
191:0,020;164,027;192,132;281,033;311,034;535,112;597,074;822,191;845,074;1024,073
192:0,020;156,154;246,106;356,055;469,143;597,074;827,237;832,063;1075,191
193:0,020;246,106;281,033;337,109;356,055;508,238;516,038;592,041;597,074;832,063;1024,073
194:0,020;33,093;226,075;230,039;234,064;822,191;845,074;1021,216
195:0,020;187,274;226,075;244,141;261,253;356,055;516,038;629,180
196:0,020;226,075;261,253;516,038;1024,073
197:0,020;167,265;281,033;346,012;356,055;404,032;503,121;508,238;516,038;597,074;832,063;1188,029
198:0,020;177,214;226,075;234,064;311,034;535,112;597,074;1024,073;1188,029
199:0,020;192,132;244,141;1024,073
200:0,020;228,188;230,039;234,064;311,034;516,028;845,074;1188,029
