001:0,001;72,228
002:0,001;32,108;71,027;109,107;370,041;465,137
003:0,001;106,161
004:0,001;71,027;72,228;437,146
005:0,001;161,218;370,041;448,251
006:0,001;71,027;266,166
007:0,001;113,155;370,041;393,064;437,146
008:0,001;68,233
009:0,001;113,155;448,251
010:0,001;31,259;32,108;370,041;432,131
011:0,002;26,122
012:0,002;193,184
013:0,002;113,226
014:0,002;82,169;113,226;128,206
015:0,002;89,219;247,111
016:0,002;128,206;279,224
017:0,002;102,045;247,111
018:0,002;89,219
019:0,002;26,122
020:0,002;121,080
021:0,003;71,027;309,124
022:0,003;14,249;73,051;175,223
023:0,003;14,249;73,051;191,216
024:0,003;14,242;191,216
025:0,003;73,051;162,260
026:0,003;49,117;73,051;175,223;315,046;477,271
027:0,003;32,090
028:0,003;50,236
029:0,003;67,173
030:0,003;14,242;49,117
031:0,004;25,082
032:0,004;21,174;68,270
033:0,004;62,134
034:0,004;30,123;1197,062
035:0,004;6,247
036:0,004;21,174
037:0,004;157,097;1197,062
038:0,004;7,230;406,073;561,113
039:0,004;67,089;561,113
040:0,004;63,204;1197,062
041:0,005;66,031;393,064;446,056;558,141;718,094
042:0,005;183,202
043:0,005;16,229;23,067;155,040;367,176;446,056;679,220;744,112
044:0,005;65,187;66,031;155,040;297,274;393,064;555,225
045:0,005;66,031;183,202;393,064;718,094
046:0,005;82,169
047:0,005;16,229;446,056;555,225
048:0,005;155,040;230,104
049:0,005;68,270;297,274;446,056;596,076
050:0,005;65,187;369,026;744,112;957,230
051:0,006;27,212;559,066;714,194
052:0,006;62,261;801,227
053:0,006;237,118;369,026;957,230
054:0,006;98,105;129,079;369,026;801,227
055:0,006;27,212;54,099
056:0,006;62,261;369,026;715,058;1038,257
057:0,006;98,105;151,070;522,126
058:0,006;62,086;522,126
059:0,006;54,099
060:0,006;129,079
061:0,007;33,041;260,143;552,255
062:0,007;102,220;603,212
063:0,007;25,082;59,182
064:0,007;33,041;59,182
065:0,007;68,195;559,066;603,212
066:0,007;73,125
067:0,007;38,088
068:0,007;33,041;42,078
069:0,007;38,088
070:0,007;130,231
071:0,008;422,239;559,066;686,084
072:0,008;209,103;559,066;715,058
073:0,008;185,061;302,207
074:0,008;367,176
075:0,008;418,197
076:0,008;209,103;418,197;715,058
077:0,008;185,061;287,119
078:0,008;255,198;715,058
079:0,008;176,257;422,239
080:0,008;185,061;255,198
081:0,009;164,096
082:0,009;145,163;432,045;795,259;1081,138
083:0,009;164,096;1022,109
084:0,009;145,163
085:0,009;164,196;432,045;795,259
086:0,009;68,195;432,045;831,172
087:0,009;162,260;1078,068;1081,138
088:0,009;30,123;1197,062
089:0,009;261,243;432,045;854,089
090:0,009;290,249
091:0,010;468,040;1022,143
092:0,010;555,107
093:0,010;36,077
094:0,010;468,040
095:0,010;975,141
096:0,010;499,105
097:0,010;468,040;1006,266
098:0,010;40,221
099:0,010;435,268;468,040;1022,109
100:0,010;736,222
101:0,011;195,121;680,268;939,030
102:0,011;200,149
103:0,011;353,072;1123,265
104:0,011;353,072;939,030;1038,257;1065,030
105:0,011;169,126;315,046;353,072;939,030;1005,177;1065,030
106:0,011;353,072;680,268;1065,030
107:0,011;195,121;353,072;1065,030;1123,265
108:0,011;271,131;426,269
109:0,011;205,246;1005,177
110:0,011;426,269;939,030;1053,275
111:0,012;131,224;139,136;244,201
112:0,012;78,046;227,215;406,073;520,254
113:0,012;78,046;244,201;406,073;552,255
114:0,012;62,154;78,046;291,127
115:0,012;64,227;78,046;202,273
116:0,012;151,070;471,083
117:0,012;202,273
118:0,012;156,208;227,215
119:0,012;64,227;406,073;471,083;520,254
120:0,012;139,136
121:0,013;21,036;52,064;216,140
122:0,013;19,045;29,112;315,046;334,183
123:0,013;19,045;36,127;37,175
124:0,013;13,160;318,263
125:0,013;13,050;24,157;52,064;230,185
126:0,013;13,050;15,153;19,045;21,036;23,067;124,203
127:0,013;24,157
128:0,013;52,064;230,185
129:0,013;13,050;23,067;52,064;194,049;200,252
130:0,013;13,050;21,036;37,175;62,154
131:0,014;46,184;90,070;147,250;487,240
132:0,014;52,087
133:0,014;14,148
134:0,014;24,105;90,070;97,268;151,070;179,133
135:0,014;83,231;90,070;94,235
136:0,014;151,070;487,240
137:0,014;105,272;854,089
138:0,014;86,147;90,070;583,274
139:0,014;113,128;179,133
140:0,014;92,248
141:0,015;445,130
142:0,015;66,031;180,210
143:0,015;180,210;194,049
144:0,015;213,224;247,189
145:0,015;202,237;445,130
146:0,015;194,049
147:0,015;254,213
148:0,015;247,189;254,213
149:0,015;194,049
150:0,015;194,049
151:0,016;164,055;230,045;268,232
152:0,016;164,055;196,190
153:0,016;170,113;230,045;292,053;315,046;457,167
154:0,016;268,232;292,053;364,144
155:0,016;164,055;218,251;230,045;315,046;845,253
156:0,016;33,041;102,045;164,055;218,251;315,046;364,144
157:0,016;102,045;170,113;230,045;292,053;557,155
158:0,016;102,045;193,266;457,167
159:0,016;192,242
160:0,016;102,045;292,053;421,142
161:0,017;15,153
162:0,017;27,161;38,178;1078,068
163:0,017;31,259;252,037;366,091
164:0,017;36,265;1078,068
165:0,017;19,138;57,245;252,037;688,180
166:0,017;18,162;23,067;57,245;252,037;377,262
167:0,017;38,178
168:0,017;18,162;36,265;252,037;377,262
169:0,017;19,138;1078,068
170:0,017;366,091
171:0,018;71,192
172:0,018;470,264
173:0,018;81,085
174:0,018;179,110;736,222
175:0,018;59,093;432,045;447,234
176:0,018;71,192;470,264
177:0,018;19,045;45,241
178:0,018;113,184;155,040;179,110
179:0,018;318,263
180:0,018;59,093
181:0,019;21,036;127,147;287,135
182:0,019;225,267
183:0,019;127,147;1078,072
184:0,019;244,256
185:0,019;244,256;1078,072
186:0,019;62,086;292,053;345,179
187:0,019;74,205;1078,072
188:0,019;99,254;115,191;164,196;1078,068
189:0,019;115,191
190:0,019;74,205;225,267;1078,072
191:0,020;266,162
192:0,020;92,248;282,139
193:0,020;36,077;185,061;282,139;288,186
194:0,020;184,193
195:0,020;279,224
196:0,020;196,156
197:0,020;287,135
198:0,020;288,186
199:0,020;222,238
200:0,020;184,193;222,238
