001:0,001;63,217;401,038;467,268
002:0,001;136,218;401,038;467,268
003:0,001;67,261
004:0,001;123,241
005:0,001;158,227
006:0,001;158,227
007:0,001;123,241
008:0,001;66,169;470,053
009:0,001;67,203;470,053;1167,158
010:0,001;63,217;470,053;630,132
011:0,002;76,063;583,254
012:0,002;34,081;214,034;542,195;851,043
013:0,002;132,157;171,267;304,240
014:0,002;141,195;214,034;353,075;851,043;929,231;982,061
015:0,002;17,057;76,063;353,075;982,061
016:0,002;837,156;900,099
017:0,002;76,063;609,255
018:0,002;17,057;90,273;542,195;982,061;1032,131
019:0,002;49,094;90,273;214,034;517,093
020:0,002;34,081;214,034;304,240;353,075;851,043;900,099;1032,131
021:0,003;97,143;925,144
022:0,003;36,213
023:0,003;307,056;1006,143
024:0,003;40,181;307,056
025:0,003;37,091;307,056;1095,095
026:0,003;41,256
027:0,003;37,091
028:0,003;78,078;307,056
029:0,003;92,092;1006,143
030:0,003;36,213
031:0,004;16,234
032:0,004;58,253;851,043;1075,055
033:0,004;12,071;40,125;152,060;300,250;1075,055
034:0,004;42,221;279,076
035:0,004;12,071;42,134;851,043;897,226
036:0,004;51,258
037:0,004;16,234;1075,055
038:0,004;40,125;1075,055
039:0,004;25,248;992,080
040:0,004;12,071;42,134;300,250;581,060;992,080
041:0,005;30,105;51,258;249,051;1053,045
042:0,005;18,176
043:0,005;31,231;246,186;249,051;822,172;1053,045
044:0,005;17,243;952,202
045:0,005;164,136
046:0,005;19,240;66,249
047:0,005;67,203
048:0,005;18,176;249,051;952,202
049:0,005;30,105
050:0,005;20,228;1053,045;1117,107
051:0,006;310,197
052:0,006;239,173;396,058;430,214
053:0,006;189,042;396,058;403,101;489,272
054:0,006;189,042;256,033;396,058;489,272;630,132;1031,072
055:0,006;54,026;67,129;189,042;510,167;1031,072
056:0,006;6,242
057:0,006;161,254;239,173
058:0,006;189,042;232,087
059:0,006;142,205;173,188
060:0,006;173,188;396,058;925,144
061:0,007;81,272;140,066;276,061;358,170;871,134
062:0,007;72,143;90,052;163,086
063:0,007;81,272;256,033;377,032
064:0,007;5,179;45,123;140,066;203,084
065:0,007;12,071;60,268;256,033;377,032
066:0,007;5,179;140,066;403,101
067:0,007;90,052;256,033;377,032
068:0,007;45,123;107,031;140,066;159,274;202,032;276,061;597,193
069:0,007;90,052;276,061;377,032;597,193
070:0,007;30,225;140,066;154,190;276,061;353,075;871,134
071:0,008;126,130
072:0,008;401,038;436,218
073:0,008;85,131;245,094
074:0,008;229,126;470,053;542,164
075:0,008;287,252
076:0,008;26,102;436,218
077:0,008;245,094
078:0,008;249,051;734,168
079:0,008;129,233
080:0,008;26,178;107,031;189,166;256,033;287,252
081:0,009;35,206
082:0,009;38,126;98,166;116,177;900,194
083:0,009;34,153
084:0,009;116,177;132,157
085:0,009;36,138;226,152
086:0,009;98,166;159,274
087:0,009;126,222
088:0,009;226,152
089:0,009;50,090;126,222
090:0,009;39,154
091:0,010;40,255;195,058;197,264
092:0,010;40,255;124,095;191,030;197,264
093:0,010;74,264;191,030;202,032;284,077
094:0,010;74,264;134,054;195,058;259,204
095:0,010;42,106
096:0,010;124,095;1031,072
097:0,010;61,254;134,054;206,163
098:0,010;85,131;191,030;195,058;279,269
099:0,010;64,088;191,030;202,032;279,076
100:0,010;66,249;134,054;191,030;202,032;246,186
101:0,011;355,171
102:0,011;17,057;87,150;609,255
103:0,011;55,230
104:0,011;47,140
105:0,011;66,083;982,061;991,245;1195,266
106:0,011;17,057;49,232
107:0,011;26,102;94,259;195,058;236,178
108:0,011;67,261;119,187
109:0,011;119,187;355,171
110:0,011;94,259
111:0,012;104,215;816,069;1018,102
112:0,012;94,160
113:0,012;47,140
114:0,012;82,270
115:0,012;111,149
116:0,012;94,160;156,275
117:0,012;90,052;156,275
118:0,012;150,117;224,116
119:0,012;224,116
120:0,012;82,270
121:0,013;51,113;107,031;137,246
122:0,013;48,099;51,113
123:0,013;59,207;107,031;147,260;1053,045;1195,266
124:0,013;54,026;132,247
125:0,013;51,168;216,147
126:0,013;84,209;107,031;216,147
127:0,013;26,056;54,026;59,207;454,121
128:0,013;48,099;107,031;132,247
129:0,013;84,209
130:0,013;54,026;76,063;454,121
131:0,014;91,062;448,047
132:0,014;91,062;545,159
133:0,014;256,096
134:0,014;207,096;253,238;448,047
135:0,014;82,124;448,047
136:0,014;91,062;448,047
137:0,014;253,238
138:0,014;64,088;100,032;389,190;448,047;1031,072
139:0,014;21,263;91,062;149,199
140:0,014;149,199
141:0,015;49,031;104,047;130,104;196,057;365,211;399,127;1188,048
142:0,015;86,196;216,223
143:0,015;42,139;49,031;100,032;126,130;365,211
144:0,015;188,212
145:0,015;104,047;216,223;1188,048
146:0,015;107,229;164,136;192,263;196,057;399,127;1188,048
147:0,015;100,032;104,047;152,060;353,237
148:0,015;30,175;49,031;100,032;104,047;192,263
149:0,015;113,158;152,060;191,030;196,057;413,257
150:0,015;30,175;152,060;196,057;359,271;1188,048
151:0,016;88,174
152:0,016;26,119
153:0,016;175,251;189,042;510,167
154:0,016;69,180
155:0,016;26,119
156:0,016;245,109
157:0,016;176,191
158:0,016;78,201
159:0,016;49,031;78,201
160:0,016;92,183
161:0,017;464,208
162:0,017;438,081
163:0,017;8,220;107,229
164:0,017;422,089
165:0,017;559,049
166:0,017;716,184
167:0,017;8,220
168:0,017;559,049
169:0,017;466,124
170:0,017;422,089;559,049
171:0,018;338,166;401,038;408,036;677,032;987,162
172:0,018;316,104;408,036;677,032;960,177
173:0,018;408,036;677,032;709,122;716,184
174:0,018;47,120;361,111;816,069;1137,251
175:0,018;403,057;408,036;816,069;987,162
176:0,018;361,111;559,049
177:0,018;403,057;477,078;816,069
178:0,018;348,272;403,057;458,137
179:0,018;337,167;403,057;677,032
180:0,018;113,158;477,078
181:0,019;171,267
182:0,019;33,097
183:0,019;8,118;26,056;41,185
184:0,019;8,118
185:0,019;37,198;91,062;498,138
186:0,019;37,079
187:0,019;26,056;37,198;41,256
188:0,019;150,182
189:0,019;42,139
190:0,019;26,056;37,079;41,185
191:0,020;22,128;134,054;137,142
192:0,020;30,225
193:0,020;47,120;581,060;900,194
194:0,020;57,192;189,042;399,198;675,236
195:0,020;142,205
196:0,020;36,235;49,031;57,192
197:0,020;49,232;71,236;581,060;675,236
198:0,020;22,128
199:0,020;54,219
200:0,020;71,236;581,060;690,135
