001:0,001;141,116;144,023;160,060;309,137;334,011;414,273;763,047;1140,037
002:0,001;353,053;354,031;596,135;763,047
003:0,001;144,023;160,060;191,123
004:0,001;160,060;174,231;191,123;308,014;359,212;941,050
005:0,001;144,023;210,170;308,014;353,053;354,031;562,074;697,202;763,047;844,261
006:0,001;97,056;144,023;175,163;210,170;308,014;397,234;562,074;570,003;763,047
007:0,001;136,033;174,231;308,014;354,031;600,129
008:0,001;144,023;177,113;181,066;267,094;308,014;562,074;768,191
009:0,001;144,023;238,249;308,014;426,199
010:0,001;144,023;160,060;177,113;308,014;396,070;397,234
011:0,002;148,175;269,026;320,170;334,011;369,263;614,012;732,177;808,019;970,180;1137,033
012:0,002;114,074;148,175;334,011;406,167;714,063;818,125
013:0,002;138,177;293,110;322,069;334,011;614,012;634,237;852,074;1137,033
014:0,002;114,074;228,047;322,069;334,011;342,244;406,167;614,012;670,101;714,063;852,074;1140,037
015:0,002;199,234;310,070;322,069;392,026;799,248;1137,033
016:0,002;114,074;269,166;310,070;320,170;322,069;334,011;363,260;392,026;637,156;852,074;1137,033
017:0,002;222,133;269,026;310,070;334,011;369,263;614,012;622,190;714,063;839,183
018:0,002;114,074;269,166;310,070;342,244;363,004;391,185;404,021;614,012;818,125;941,067;1137,033
019:0,002;122,179;334,011;382,120;385,038;614,012;644,118
020:0,002;89,042;114,074;293,110;308,064;392,026;614,012;757,085
021:0,003;345,057;641,032;868,205;1034,070;1096,088
022:0,003;203,059;343,096;1075,045
023:0,003;190,150;288,157;332,043;495,166;1075,045
024:0,003;198,167;267,075;343,096;442,136;901,203;1034,070;1075,045
025:0,003;203,059;326,186;332,043;386,183;412,039;477,268;777,049;901,203
026:0,003;203,059;332,043;522,187;937,101;1034,070
027:0,003;203,065;225,131;641,032;937,101;1075,045
028:0,003;148,051;198,167;334,011;345,057;636,099;641,032;876,192
029:0,003;189,057;190,150;203,059;214,070;245,195;495,166;539,275;641,032
030:0,003;212,214;332,043;345,057;921,240
031:0,004;123,031;174,255;261,059;267,075;501,073
032:0,004;220,034;311,037;442,069;501,073;697,202;861,071
033:0,004;252,126;261,059;311,037;442,069
034:0,004;256,246;442,069
035:0,004;267,075;344,223
036:0,004;189,057;220,034;267,075;442,069
037:0,004;261,059;396,216
038:0,004;344,223;442,069
039:0,004;308,064;392,026;945,182
040:0,004;220,034;261,059;311,037;442,069
041:0,005;207,237;503,035;710,055;1058,162
042:0,005;214,070;248,046;269,133;390,193
043:0,005;196,040;248,046;275,095
044:0,005;196,040;527,259;645,052;958,128
045:0,005;248,046;261,059;266,076;645,052;708,050;710,055;958,128;1067,244
046:0,005;214,070;251,176;503,035;645,052;710,055
047:0,005;196,040;374,161;607,128;641,032;673,029;704,092
048:0,005;144,023;196,040;248,046;390,193
049:0,005;136,033;207,237;214,070;503,035;673,029;795,190
050:0,005;252,126;645,052;847,046;1067,244
051:0,006;192,032;219,025;416,272;769,009;1028,094
052:0,006;186,039;219,025;373,197;413,220;769,009;1080,220
053:0,006;209,147;570,003;769,009;1011,098
054:0,006;191,060;219,025;413,220;416,272;570,003;769,009;1039,144
055:0,006;212,214;219,025;402,163;570,003;990,237
056:0,006;209,147;219,025;357,034;523,169;570,003;769,009;1115,266
057:0,006;219,025;378,121;570,003;769,009
058:0,006;357,034;366,006;570,003;769,009;1064,212
059:0,006;219,025;357,034;370,093;570,003;775,240;904,072;1029,209
060:0,006;219,025;357,034;373,197;378,121;523,169
061:0,007;104,187;143,043;191,138;308,064;380,136;404,021;708,050;713,033;718,015;794,181;941,067;954,164;1114,012;1200,097
062:0,007;180,129;181,066;380,136;395,043;404,021;503,030;677,257;713,033;718,015;833,109;1114,012
063:0,007;141,112;150,061;404,021;612,230;677,257;1114,012
064:0,007;123,031;143,043;150,061;181,066;386,183;404,021;516,180;637,156;708,050;804,163;1001,042
065:0,007;123,031;181,066;395,043;404,021;503,030;628,213;704,067;794,181;1114,012
066:0,007;132,158;143,043;180,129;391,185;503,030;516,180;619,054;718,015;756,153;904,072;990,194;1114,012
067:0,007;106,249;150,061;395,043;490,252;586,125;619,054;713,033;756,153;904,072;1143,254
068:0,007;103,094;106,249;123,031;143,043;150,061;395,043;404,021;503,030;718,015;855,099
069:0,007;136,198;141,112;150,061;443,245;503,030;619,054;708,050;718,015;769,009;990,194
070:0,007;103,094;123,031;181,066;390,110;404,021;586,125;718,015;772,182;833,109;904,072;954,164;1114,012;1187,114
071:0,008;228,047;240,058;363,004;413,060;444,124
072:0,008;257,001;363,004;444,124;455,041;708,154;890,026;1001,042;1155,106
073:0,008;159,191;191,060;240,058;257,001;413,060;455,041;514,042;647,038;814,246
074:0,008;191,060;257,001;342,112;363,004;455,041;868,205;1001,042;1073,150
075:0,008;193,139;257,001;363,004;455,041;647,038;777,049;919,272
076:0,008;191,060;240,058;257,001;379,218;415,028;443,198;455,041;647,038;769,009;777,049;890,026;1011,100
077:0,008;240,058;271,107;363,004;379,218;647,038;669,275
078:0,008;223,135;228,047;240,058;257,001;309,137;777,049;1001,042;1155,106
079:0,008;191,060;223,135;228,047;240,058;257,001;272,207;363,004;472,139;718,015;876,121
080:0,008;228,047;342,112;413,060;455,041;669,275;890,026;1086,207
081:0,009;148,051;251,189;473,051;607,128;739,043
082:0,009;88,069;228,055;251,189;369,020;397,097;412,039;443,208;622,056;739,043
083:0,009;127,156;148,051;188,072;192,032;209,171;228,055;369,020;636,099;759,061;1034,070;1087,010
084:0,009;151,274;195,036;251,071;265,043;314,155;356,113;515,075;739,043
085:0,009;95,161;195,036;314,155;369,020;430,225;515,075;683,161
086:0,009;88,069;188,072;228,055;330,093;353,053;369,020;443,208
087:0,009;251,071;369,020;414,134;589,195
088:0,009;88,069;127,156;228,055;251,071;318,009;713,117;861,071
089:0,009;148,051;195,036;330,093;369,020;515,075;673,053;806,274
090:0,009;88,069;192,032;195,036;228,055;356,113;515,075;726,186;739,043
091:0,010;89,042;96,103;228,055;394,274;412,039;475,001;686,224;788,045;790,044;1059,236
092:0,010;97,056;133,032;144,190;424,054;473,051;475,001;704,255;788,045;978,058;1154,221
093:0,010;96,103;475,001;673,053;704,255;978,058
094:0,010;89,042;101,225;424,054;475,001;803,270
095:0,010;88,142;133,032;144,190;172,056;226,146;256,073;412,039;475,001;514,042;673,053;801,152;847,046;1059,236;1154,221
096:0,010;89,042;110,239;210,242;256,073;475,001;686,224;801,152;847,046;1144,137
097:0,010;97,056;137,195;226,146;256,073;480,217;788,045;814,230;890,026;978,058;1144,137
098:0,010;101,130;256,073;369,020;394,274;475,001;673,053;880,159;1011,098;1140,037
099:0,010;133,032;210,242;424,054;480,217;502,001;788,045;901,198;1140,037
100:0,010;89,042;97,056;133,032;137,195;188,072;256,073;424,054;475,001;689,097;710,055;790,044;847,046;1073,150
101:0,011;136,033;186,039;305,205;482,236;691,031
102:0,011;88,142;136,033;186,039;219,038;339,127;385,038;633,039;691,031
103:0,011;226,169;305,205;343,058;482,236;691,031
104:0,011;171,079;219,038;264,181;343,058;385,038;713,033;811,227
105:0,011;226,169;343,058;424,158;633,039;772,264
106:0,011;136,033;193,155;219,038;271,142;477,268;767,065;811,227
107:0,011;171,079;186,039;339,127;369,020;385,038;424,158;633,039;783,184
108:0,011;264,181;628,213;633,039;718,015;767,065;818,273
109:0,011;141,116;443,245;768,191;818,273
110:0,011;151,160;219,038;335,238;385,038;775,240;790,036
111:0,012;308,014;345,057;687,104;704,067;800,266;876,192;1087,010
112:0,012;329,081;449,042;510,189;704,067;808,019;868,222
113:0,012;336,233;396,070;426,132;528,040;726,186;808,019;852,074
114:0,012;360,162;396,070;451,159;808,019;869,258
115:0,012;257,001;329,081;510,189;558,024;591,233;808,019;1159,079
116:0,012;316,241;396,070;417,027;426,132;442,069;449,042;501,073;787,134;808,019
117:0,012;316,241;704,067;872,200
118:0,012;360,162;396,070;449,042;808,019;931,179
119:0,012;220,034;302,264;417,238;449,042;691,031
120:0,012;417,238;783,184
121:0,013;189,057;204,029;424,078;480,175;514,042;535,102;719,247;790,036
122:0,013;80,257;156,049;189,057;311,171
123:0,013;180,247;318,009;433,172;503,035;592,047;719,247;790,036
124:0,013;143,221;592,047
125:0,013;204,029;302,264;311,171;318,009;434,251;515,113
126:0,013;132,218;318,009;515,113;592,047
127:0,013;132,218;156,049;189,057;308,064;318,009;514,042;592,047;673,029;717,229;790,036
128:0,013;156,049;180,247;318,009;444,194;790,036;804,163;855,099
129:0,013;146,113;156,049;189,057;204,029;318,009;480,175;710,055;974,111
130:0,013;204,029;318,009;424,078
131:0,014;27,039;159,108;186,039;251,176;790,044;937,115
132:0,014;32,069;172,056;192,032;273,085;702,073;808,019;928,188;984,075
133:0,014;32,069;76,152;172,056;283,275;301,050;680,267;702,073
134:0,014;27,039;32,069;52,045;163,217;186,145;702,073
135:0,014;27,039;59,211;273,085;680,267
136:0,014;27,039;52,045;159,108;399,120;619,054;702,073
137:0,014;32,069;188,072;204,256
138:0,014;47,182;52,045;186,145
139:0,014;47,182;59,211;172,056;204,256
140:0,014;32,261;76,152;343,058;399,120
141:0,015;150,044;704,263;941,050
142:0,015;150,044;167,085;242,033;677,081;844,261;861,071
143:0,015;127,090;242,033;614,012;663,080;673,029;685,228;1114,012
144:0,015;150,044;256,073;413,060;426,269;861,071
145:0,015;52,045;150,044;582,068;663,080;783,051;941,050
146:0,015;140,098;150,044;501,073;1005,255
147:0,015;130,191;150,044;783,051;939,242;1005,255
148:0,015;127,090;242,033;619,226;686,114;939,242
149:0,015;150,044;619,226;783,051;861,071;941,050
150:0,015;150,044;242,033;686,114;783,051;1000,229
151:0,016;302,111;622,056;764,148
152:0,016;265,043;282,040;449,102;490,235;941,067;1008,215
153:0,016;265,043;282,040;415,028;539,275;558,024;622,056;913,048;941,067;1185,102
154:0,016;265,143;558,024;786,218
155:0,016;265,043;491,110;558,024;622,056;914,039;1026,032;1185,102
156:0,016;265,143;282,040;490,235;558,024;654,127;783,051;913,048;945,187
157:0,016;265,043;288,157;558,024;600,251;914,039;1008,215;1026,032
158:0,016;282,040;491,110;558,024;622,056;704,100;913,048;914,039;1026,032
159:0,016;265,043;282,040;301,089;622,056;913,048;1001,142;1026,032;1154,154
160:0,016;396,160;527,259;558,024;603,196;914,039;1001,142;1026,032
161:0,017;217,030;431,056;584,143;1173,055;1175,262
162:0,017;217,030;220,202;301,050;417,027;431,056;582,068;673,259;978,058;1187,114
163:0,017;269,026;301,050;417,027;582,068;716,111;790,044;888,122
164:0,017;159,191;217,030;269,026;301,050;417,027;582,068;694,116;888,122;1009,052;1102,250;1173,055
165:0,017;417,027;673,259;1173,055
166:0,017;217,030;442,136
167:0,017;220,202;354,031;584,143
168:0,017;217,030;431,056;585,185;714,063;868,106;1009,052;1173,055
169:0,017;283,213;431,056;1009,052;1137,268
170:0,017;217,030;417,027;562,074;585,185;1009,052;1154,154;1173,055
171:0,018;366,006;439,059;555,260
172:0,018;366,006;459,052;473,051;548,107;1087,010;1187,053
173:0,018;366,006;417,027;439,059;491,231;984,075;1087,010;1187,053
174:0,018;357,034;366,006;439,059;528,040;984,075;1087,010
175:0,018;285,086;353,053;366,006;473,051;541,211
176:0,018;366,006;455,041;473,051;528,040;886,103;924,186
177:0,018;366,006;413,060;439,059;459,052;561,132;1087,010;1187,053
178:0,018;251,071;296,078;363,260;366,006;449,264;459,052;528,040;984,075;1087,010
179:0,018;366,006;528,040;924,186;1087,010;1187,053
180:0,018;366,006;459,052;491,231
181:0,019;341,232;403,074;458,184;769,029;1178,052
182:0,019;372,071;422,087;717,229;769,029
183:0,019;372,071;469,084
184:0,019;343,265;363,004;372,071;403,074;415,028;589,195;767,065;1034,076;1178,052
185:0,019;341,232;759,061;1102,250;1178,052
186:0,019;275,095;343,265;759,061;1123,141;1178,052
187:0,019;366,098;759,061;1123,141
188:0,019;332,043;356,183;372,071;403,074;425,214;1034,076
189:0,019;338,227;767,065;769,029
190:0,019;257,001;415,028;556,248;769,029
191:0,020;229,082
192:0,020;144,023;170,210;795,190;1114,012
193:0,020;246,219
194:0,020;196,040;197,140;1200,097
195:0,020;311,037;464,086
196:0,020;349,249
197:0,020;253,122;769,029
198:0,020;214,198;217,030;249,091;403,074;431,056;1026,173
199:0,020;27,039;120,119
200:0,020;249,091;990,237
