001:0,001;70,085;71,122;78,167;100,116;186,197;342,268;488,216;560,122;576,034;582,207;714,228;818,134;1015,259;1128,042;1157,246
002:0,001;185,142;209,092;214,117;250,173;471,133;660,260
003:0,001;89,009;98,128;270,269;298,098;340,223;347,049;374,225;409,261;466,256;499,243;538,202;549,219;584,146
004:0,001;67,261;70,100;219,078;322,208;377,117;523,071;584,146;917,225;979,085
005:0,001;80,197;675,189;1006,145;1095,102
006:0,001;68,253;240,049;428,254;436,068;440,199;457,207;610,254;755,208;932,209;986,102;1093,165
007:0,001;71,122;150,119;297,026;400,124;552,161;695,160;792,165;925,102;981,170;1002,257;1021,153;1128,208
008:0,001;74,011;90,097;96,225;267,049;417,068;572,189;692,252;736,080;831,215;1122,212
009:0,001;18,218;162,161;183,179;273,050;322,208;347,192;421,142;443,143;523,222;706,211;801,170;872,263;996,270;1083,203;1122,148
010:0,001;77,055;145,202;414,112;442,255;516,162;736,113;810,270;830,045;865,186;949,146
011:0,002;58,004;106,141;404,089;709,115;891,099;892,268;1100,042;1195,171
012:0,002;39,004;43,026;83,045;116,254;234,052;258,092;378,203;508,071;527,255;534,072;604,179;612,207;629,199;639,068;683,229;729,268;770,098;901,162;929,082;980,069;1071,037
013:0,002;43,026;70,085;311,219;535,126;699,090;816,085;837,242;1021,042
014:0,002;43,026;62,058;88,037;130,148;313,260;517,129;583,148;778,189;829,089;897,210;922,034;1045,135;1128,249
015:0,002;72,219;181,039;373,214;390,248;392,266;406,219;425,089;577,034;586,224;798,257;813,271;868,170;1180,213
016:0,002;51,009;69,164;127,119;299,161;585,113;687,052;690,203;742,115;848,258;862,229;888,205;1060,229
017:0,002;83,045;87,261;124,061;155,094;159,099;869,185;887,069;974,082;1110,097;1161,197
018:0,002;35,016;75,011;80,180;99,218;122,264;358,208;656,210;680,233;775,201;886,069;1073,037
019:0,002;35,009;72,219;83,045;175,207;232,042;244,133;350,219;392,247;474,085;502,178;513,194;524,070;582,042;588,178;744,145;864,090;1026,116;1056,126
020:0,002;36,010;73,085;227,096;303,116;452,171;539,104;546,189;556,202;642,275;668,165;867,221;980,115;995,250;1133,182;1195,076;1200,042
021:0,003;18,001;29,116;120,180;227,049;238,053;257,042;355,130;432,234;645,041;679,045;844,209;871,057;1069,079
022:0,003;69,180;703,133;1123,131;1174,208
023:0,003;176,037;303,089;412,047;615,243;681,045;939,248
024:0,003;158,179;227,180;250,148;324,089;352,223;452,125;455,191;485,082;549,257;591,089;816,113;866,045;952,125;967,155;1149,125
025:0,003;69,180;74,007;176,037;188,234;508,090;805,068;866,069;948,095;1013,242
026:0,003;60,020;119,123;176,037;248,268;413,047;555,258;601,228;679,045;891,207;900,214;904,102;919,263;1077,069;1134,144
027:0,003;89,056;108,192;113,037;120,133;146,089;305,214;467,253;495,115;523,173;632,104;695,122;829,045;980,196;1002,229;1048,249;1115,192
028:0,003;153,039;159,092;162,053;222,257;317,171;501,108;517,100;530,178;558,228;736,207;852,100;891,187;927,228;1179,257
029:0,003;142,080;176,037;258,087;351,077;488,117;544,057;547,088;679,045;759,203;775,228;832,034;868,171;970,076;1004,126;1068,246;1121,130;1168,186
030:0,003;192,111;295,229;369,210;435,128;486,104;526,207;534,234;612,229;671,098;865,046;982,077;1011,271;1070,238;1179,161
031:0,004;126,092;180,234;423,040;501,074;621,027;677,133;712,180;937,208;1142,207;1147,157
032:0,004;81,147;211,253;315,044;322,180;436,192;501,074;514,145;556,074;600,095;693,045;823,042;856,226
033:0,004;75,007;101,122;143,190;216,225;336,252;423,128;444,112;469,243;635,083;740,052;861,100
034:0,004;104,089;162,202;172,092;268,087;444,079;520,120;527,234;529,248;580,070;646,052;919,146;937,069;1133,162;1161,099
035:0,004;6,253;74,164;113,260;161,053;335,190;378,034;423,040;463,155;501,074;600,095;621,027;679,257;697,052;793,076;917,068;966,151;1087,271;1106,099;1144,153
036:0,004;173,130;298,143;328,246;423,040;456,114;615,275;621,027;640,170;813,042;885,102;906,108
037:0,004;141,249;357,133;679,045;932,152
038:0,004;6,253;58,004;98,269;179,088;278,252;485,072;495,228;580,068;639,208;646,052;934,097;1107,168;1185,227
039:0,004;83,270;115,164;126,092;141,249;423,040;473,125;562,260;646,052;944,264
040:0,004;58,189;114,097;207,200;319,252;321,088;372,153;396,170;630,215;951,152;1026,135;1030,134;1039,042
041:0,005;235,077;452,142;719,034;746,068;812,192;896,229;990,238
042:0,005;14,004;116,271;174,202;176,010;188,037;198,053;219,203;233,214;294,089;301,233;466,062;557,189;567,126;927,155;1065,161;1143,263;1170,190
043:0,005;249,210;313,271;325,090;326,191;336,253;412,255;466,062;529,219;544,047;555,068;653,184;750,103;829,052;840,085;849,057;881,038;886,034;897,222;921,126;1001,269;1089,189;1152,102
044:0,005;176,037;221,267;263,253;459,257;536,077;849,057;907,149;996,207
045:0,005;277,233;659,219;685,194;718,257;792,260;1090,180;1180,153
046:0,005;245,273;279,179;410,141;437,197;452,165;466,062;533,057;617,242;629,229;849,057;884,205;894,069;1007,037;1083,210
047:0,005;208,108;411,090;435,257;499,099;581,042;630,117;782,234;803,144;837,252;849,057;866,069;891,134
048:0,005;234,246;363,088;509,271;511,142;808,199;866,069;881,038;903,097;930,068;949,246;1034,269;1195,273
049:0,005;208,108;450,047;619,234;770,034;849,057;881,038;903,097;1084,125;1104,268
050:0,005;233,214;245,273;293,192;358,197;427,258;492,268;599,042;866,069;893,130;1109,270
051:0,006;24,269;86,038;186,100;216,053;372,094;415,250;446,202;464,179;496,253;618,212;701,076;781,046;944,264;1030,131
052:0,006;47,190;325,111;345,216;460,072;498,076;685,116;739,114;781,046;993,270
053:0,006;27,008;82,161;157,175;161,087;256,253;260,268;290,125;341,188;466,210;490,215;588,130;781,046;1030,131;1121,221
054:0,006;34,152;37,259;53,099;257,034;316,026;394,170;460,072;573,149;636,042;678,103;726,212;765,076;813,185;1124,133;1170,209
055:0,006;24,269;40,007;57,200;66,055;212,145;256,227;428,219;474,225;478,215;480,072;706,222;735,270;750,083
056:0,006;6,152;10,007;13,013;66,055;112,087;175,005;274,263;460,072;542,103;731,271;796,045;859,125;1110,221
057:0,006;53,099;130,218;151,116;221,053;304,034;321,199;368,188;410,097;426,249;807,211;829,090;858,252;941,153;1019,222;1085,190
058:0,006;47,190;86,038;187,178;189,223;371,049;477,191;521,122;534,268;547,162;739,083;781,046;806,242;878,203;891,208;1033,242
059:0,006;37,259;44,167;82,161;86,038;143,118;164,094;175,239;207,243;466,197;478,155;493,057;536,083;692,165;781,046;947,176;999,192
060:0,006;44,167;66,055;91,134;133,181;146,010;207,243;423,249;579,263;633,275;704,273;886,249;1065,157
061:0,007;93,207;332,273;734,171;768,116;1013,211;1038,042;1050,129;1181,133
062:0,007;90,129;111,171;126,161;293,035;549,160;587,076;698,258;770,027;889,098
063:0,007;110,204;123,061;152,266;320,042;382,267;491,165;649,052;652,246;727,103;777,068;815,105;920,205;924,273;946,242;1008,246;1064,218;1126,211
064:0,007;90,129;149,065;204,269;248,216;431,108;530,071;552,152;640,130;661,090;666,258;742,068;786,194;801,268;850,042;904,168;1096,085;1153,180
065:0,007;114,143;123,061;162,223;299,227;470,188;609,215;630,113;822,028;851,046;852,222;1035,090;1195,201
066:0,007;102,060;131,096;137,191;463,116;688,079;755,105;813,103;852,057;900,148;1005,210;1056,069;1094,126;1120,161
067:0,007;95,251;101,190;102,060;109,152;110,204;123,061;175,052;290,267;412,089;422,049;471,071;512,203;818,046;989,218;1076,171
068:0,007;135,274;193,011;197,053;293,035;335,258;367,207;514,077;530,085;620,068;646,270;684,210;687,068;897,115;972,214;1125,215;1146,086
069:0,007;92,020;111,010;123,061;131,096;222,005;234,049;249,053;280,216;336,266;379,208;490,142;503,210;545,082;878,199;989,218;1007,068;1061,104;1098,269;1183,180
070:0,007;128,094;228,076;329,090;403,214;814,099;860,229;1072,264;1140,259
071:0,008;93,152;138,250;158,263;242,096;286,026;331,042;365,125;433,238;437,254;538,122;548,108;866,028;910,225
072:0,008;41,200;62,058;136,192;292,103;414,068;470,238;1022,218;1060,134
073:0,008;68,192;107,128;112,081;161,053;234,042;286,026;355,248;470,255;661,128;690,116;754,249;1015,148
074:0,008;88,055;89,056;100,119;147,167;187,120;427,243;485,202;513,103;537,100;637,272;804,108;924,190;1087,099;1103,252;1109,271;1153,188
075:0,008;43,207;89,056;115,189;128,065;177,251;244,133;257,082;464,122;478,178;510,250;523,263;564,212;621,034;700,098;745,233;839,170;842,189;849,052;938,176;1120,080
076:0,008;69,133;118,270;131,189;161,053;253,044;362,073;395,079;415,130;552,160;671,052;749,155;759,252;982,069;1125,086
077:0,008;62,058;112,081;146,122;463,077;842,270;853,115
078:0,008;73,037;89,056;137,040;154,263;197,189;223,029;248,216;253,044;324,034;339,082;406,270;541,117;604,263;735,183;851,209;892,270;934,114
079:0,008;62,058;138,250;161,053;210,088;217,134;224,148;234,088;253,044;356,087;505,258;682,199;791,148;855,052;865,099;1182,265;1194,050
080:0,008;43,207;141,251;155,129;324,229;406,129;448,092;501,208;583,199;594,122;658,258;663,194;668,242;808,194
081:0,009;119,211;175,011;217,037;221,094;288,273;511,234;512,197;558,207;573,130;585,104;645,207;688,076;763,034;766,027;846,160;851,045;932,248;1007,037;1129,102;1131,185
082:0,009;119,211;180,077;230,142;463,143;465,094;510,257;675,183;687,178;769,185;840,113;906,089;1020,069;1027,183;1049,095;1160,050
083:0,009;109,257;278,099;329,073;360,201;625,212;766,027;797,155;948,265;1095,190;1164,250
084:0,009;98,200;138,234;186,103;567,250;573,098;668,208;677,027;720,042;740,185;766,027;768,085;775,028;787,215;828,130;887,145;929,239;977,135;1007,037;1195,042
085:0,009;103,254;703,219;803,046;818,269;948,203;1007,037;1041,161;1107,125
086:0,009;97,065;104,190;122,219;146,203;187,092;198,042;226,247;345,203;404,116;493,248;585,194;626,268;665,184;766,027;793,032;814,134;880,242;889,069;931,262;1160,050
087:0,009;103,266;150,260;185,052;186,103;209,196;215,143;291,128;414,260;473,070;655,104;811,272;1007,037;1160,050
088:0,009;69,004;103,266;249,254;262,209;293,261;468,199;474,141;645,041;701,079;791,207;836,188;870,108;891,125;921,161;927,068;977,135;1197,042
089:0,009;97,055;146,203;219,034;258,232;293,035;360,201;631,187;645,041;670,100;728,197;956,210;999,081;1134,186;1160,050
090:0,009;38,116;98,200;202,260;409,082;541,034;567,250;645,041;716,045;752,168;828,152;873,120;886,210;893,209;915,102;1122,126;1191,203
091:0,010;6,225;57,020;97,264;177,181;183,143;442,210;451,263;589,128;607,199;686,270;707,185;718,189;745,229;861,080;1042,134;1050,094
092:0,010;102,060;146,179;181,130;219,274;237,207;291,042;330,099;356,112;362,073;472,214;626,114;664,032;691,226;823,199;885,183;964,186;974,265
093:0,010;6,225;197,005;229,178;343,066;362,073;413,152;422,203;429,120;502,071;568,171;618,272;629,158;646,100;696,183;933,126;983,171;1036,246;1168,037
094:0,010;239,215;462,170;525,148;733,104;792,114;877,234;904,203;926,224;1185,129
095:0,010;183,120;301,244;313,117;362,073;450,225;571,263;579,122;592,161;907,149;987,126;1039,076;1187,050;1198,090
096:0,010;230,103;256,042;347,083;473,070;568,171;721,142;794,099;799,224
097:0,010;231,029;272,129;343,066;378,264;384,255;439,047;451,152;505,083;523,034;548,145;737,162;986,196;1011,209;1167,201
098:0,010;183,098;202,263;209,161;221,098;354,042;366,104;411,034;473,070;606,242;776,224;889,148;1110,194
099:0,010;384,255;404,120;474,223;540,210;905,201;1174,205;1178,144;1198,061
100:0,010;237,209;343,066;347,083;367,098;396,190;588,250;1063,215;1192,133
101:0,011;43,026;142,011;238,236;245,190;282,246;306,070;351,238;397,068;419,076;491,219;507,104;580,246;636,027;694,211;877,239;917,081;984,082;995,151;1005,079;1129,135
102:0,011;178,122;287,034;331,117;419,188;1142,264
103:0,011;204,175;265,254;298,209;344,133;439,090;504,074;515,094;577,068;630,219;825,214;854,079;891,068;960,203;1061,152
104:0,011;211,052;239,029;242,244;295,044;432,256;504,092;524,202;533,088;670,268;886,034;981,259;1013,117;1095,129;1149,215
105:0,011;170,143;209,053;253,044;479,143;517,161;527,115;537,229;609,258;654,042;689,125;695,090;698,068;744,258;886,034;904,273;920,080;986,145;1132,273;1154,120
106:0,011;71,016;94,118;169,229;306,070;320,211;354,098;679,079;684,152;874,045;917,081;926,095;1045,196;1144,079
107:0,011;117,039;271,258;553,094;744,228;769,188;831,116;886,034;892,116
108:0,011;169,229;278,044;288,125;331,049;432,256;458,126;563,222;678,224;758,155;829,222;888,102;900,188;1189,269
109:0,011;194,115;285,266;410,079;462,090;527,108;750,199;821,257;871,076;1014,189;1066,249;1067,209;1182,130;1200,211
110:0,011;219,078;306,070;406,044;435,103;472,233;723,254;757,214;971,162;1043,210;1100,229
111:0,012;61,090;447,130;466,100;510,238;972,081
112:0,012;33,037;87,260;145,010;227,049;323,085;714,089;720,126;819,080;910,046;951,165;1198,061
113:0,012;84,118;122,189;134,039;253,049;362,244;370,178;491,243;492,114;803,210;880,209;956,120;1198,061
114:0,012;33,037;127,191;174,189;190,042;299,126;527,068;563,275;588,268;623,190;886,211;946,221;1105,228
115:0,012;33,037;127,175;134,270;358,249;425,246;568,197;594,145;950,211;1001,263;1139,080;1198,061
116:0,012;66,171;282,090;321,253;331,271;343,066;406,238;468,047;473,057;685,226;686,027;886,120;1134,227;1136,168;1198,061
117:0,012;50,003;146,253;185,264;197,270;329,073;358,247;473,057;508,212;559,219;655,170;710,250;980,205;1152,129;1189,168
118:0,012;82,088;196,202;227,049;338,222;354,199;389,257;430,104;473,057;676,027;697,260;784,083;1040,095;1092,097
119:0,012;33,037;66,171;78,055;83,045;101,251;114,209;249,210;535,090;579,190;903,170;977,207;1039,187
120:0,012;61,090;216,181;299,126;455,227;473,057;563,275;636,027;679,228;709,125;883,144;1177,246
121:0,013;41,011;58,189;117,039;204,134;214,058;389,162;512,271;912,210;1012,214;1119,263
122:0,013;18,009;26,065;39,239;213,047;258,152;389,162;523,267;540,120;612,129;658,052;691,185;700,195;751,108;801,258;842,234;913,272;945,108;1002,170
123:0,013;58,267;372,258;422,100;595,125;797,160;844,155;880,153;1025,197;1194,215
124:0,013;37,192;213,047;219,034;293,035;324,254;419,124;496,252;523,212;603,249;650,027;698,222;844,211;1190,238
125:0,013;39,239;159,227;262,117;329,073;356,034;579,273;622,188;748,116;798,162;879,160
126:0,013;37,192;64,227;219,034;253,265;258,152;408,229;527,194;695,114;732,089;844,042;847,228;1032,176
127:0,013;64,227;117,039;147,267;213,047;214,058;218,178;253,094;320,026;333,188;365,125;654,041;700,195;745,100;852,183;866,069;973,216;1061,069;1168,160;1196,097
128:0,013;24,194;89,003;100,119;117,039;147,077;177,094;219,034;646,052;691,185;807,028;898,262;928,222;982,125;1003,196;1033,228;1095,207;1129,257;1153,250
129:0,013;44,210;214,058;219,034;706,100;846,028;963,130;1200,061
130:0,013;42,009;109,257;213,047;219,034;530,273;563,178;565,115;659,124;748,042;821,203;865,170;867,214;886,165;1090,083
131:0,014;37,017;107,097;108,073;142,077;158,063;171,042;372,246;901,079;997,042;1040,092
132:0,014;33,003;42,134;90,038;137,040;234,244;260,247;292,143;294,123;372,143;459,158;597,183;721,133;832,270;834,133;925,076;959,271
133:0,014;118,088;155,141;158,063;171,042;211,097;246,145;408,052;485,076;502,074;608,122;733,045;768,201;780,203;799,201;907,262;1008,157;1017,042
134:0,014;5,065;178,261;408,052;447,216;558,082;597,129;603,128;629,129;653,052;731,117;997,042;1193,188
135:0,014;5,065;171,042;283,044;444,113;528,260;553,210;649,042;728,246;937,034;987,252;1095,076
136:0,014;42,134;108,073;128,234;154,227;158,063;201,148;212,271;221,130;377,223;408,052;435,068;459,158;645,041;760,095;926,068;943,205;969,269;987,034;1002,157;1064,203;1183,170
137:0,014;6,152;108,073;137,040;158,063;219,082;244,215;264,088;286,026;408,052;430,161;492,122;512,178;583,125;589,094;645,041;776,052;794,130;822,126;900,034;915,257;992,272;995,229;997,042;1019,108
138:0,014;5,065;41,097;63,147;131,171;331,049;341,225;456,087;505,130;525,152;536,190;554,268;579,250;581,203;670,041;689,034;697,115;725,028;779,034;867,095;939,034;1001,080;1130,037;1176,213
139:0,014;43,076;53,003;128,234;137,040;219,082;312,115;383,076;391,104;500,116;548,252;563,042;665,034;997,042;1104,092
140:0,014;5,065;36,003;86,038;108,073;153,237;165,011;227,049;253,214;359,044;563,034;1001,272;1114,125;1142,203
141:0,015;53,251;81,087;152,052;253,028;268,153;301,223;322,094;366,186;1119,100;1148,208;1157,100
142:0,015;45,270;180,069;233,161;381,099;427,049;478,265;966,068;1128,117
143:0,015;26,065;79,178;159,237;180,069;245,052;273,265;376,142;420,103;426,267;461,129;503,270;618,180;878,052;981,259
144:0,015;54,065;152,052;272,222;286,026;311,191;326,128;434,145;548,229;623,085;1058,221;1117,218;1130,145
145:0,015;54,200;57,010;152,052;253,028;260,263;273,265;347,129;428,099;497,152;666,250;705,210;799,120;868,265;898,034;1003,125;1053,042;1084,212;1164,189;1175,271
146:0,015;97,003;124,210;199,116;217,263;435,265;712,170;781,233;826,114
147:0,015;53,267;63,037;79,178;219,116;288,190;434,191;443,190;445,122;597,257;940,092;1027,183
148:0,015;28,016;45,270;53,251;258,264;267,244;341,143;370,173;500,186;846,168;1085,183
149:0,015;81,087;94,065;152,052;180,069;253,028;269,139;272,222;549,128;557,068;631,187;890,155;921,201;1115,265;1164,081
150:0,015;86,197;180,069;268,153;358,222;469,128;590,090;631,079;694,113;721,265;861,270;874,271;998,069;1015,273;1119,249
151:0,016;156,080;162,077;267,227;287,115;337,211;366,247;377,194;501,070;743,122;844,076;852,046;963,270;976,186;1136,081;1156,227;1177,131
152:0,016;44,210;50,005;131,233;290,225;341,153;392,092;526,130;635,173;653,141;669,041;699,028;899,099;1053,257;1121,117;1123,157;1126,176;1191,209
153:0,016;131,233;264,111;329,073;365,186;422,179;446,180;545,254;596,099;670,114;681,068;736,216;956,069;991,162;1162,095
154:0,016;74,252;89,016;131,038;140,252;260,089;294,133;329,073;335,044;344,141;699,028;822,113;828,153;931,189;1097,260
155:0,016;145,010;223,089;250,202;256,097;381,085;472,248;473,070;664,032;699,028;823,269;1019,069;1066,042;1069,126;1081,037;1121,227
156:0,016;168,181;256,179;475,143;476,203;574,103;664,032;700,144;807,130;930,133;1190,042
157:0,016;173,246;266,145;325,034;395,265;466,062;468,117;474,165;481,194;582,068;610,128;699,028;764,130;800,104;1122,151;1179,207
158:0,016;173,246;212,111;260,189;371,044;377,194;470,142;479,079;657,173;700,144;715,171;859,263;910,190;1066,216
159:0,016;74,252;303,269;380,088;427,253;619,171;706,215;769,270;799,221;860,104;952,257
160:0,016;139,200;339,191;352,042;389,105;398,244;418,268;510,070;578,079;613,178;664,032;724,034;729,216
161:0,017;70,142;157,096;237,128;241,092;242,250;500,173;511,225;573,149;600,168;743,162;778,263;834,068;1010,082;1055,151
162:0,017;52,120;171,042;273,050;293,191;305,130;319,244;409,047;446,207;457,250;563,168;588,252;814,042;824,068;831,161;860,160;872,089
163:0,017;64,016;65,168;70,142;364,270;403,112;409,047;471,071;521,148;563,199;625,252;691,199;718,249;749,032;831,144;908,098
164:0,017;54,007;83,167;176,089;210,052;229,250;409,047;471,071;572,124;626,224;669,187;895,190;914,214;1008,272;1026,089
165:0,017;18,002;37,141;88,003;200,037;220,247;235,189;510,173;689,130;749,032;901,185;1139,186
166:0,017;61,037;66,256;84,098;224,034;251,049;302,112;355,238;389,073;395,248;504,124;749,032;790,117;858,186;863,068;908,092;1092,168;1134,145
167:0,017;52,120;184,087;261,265;273,050;363,100;418,094;531,070;546,117;729,052;730,068;1125,182
168:0,017;84,098;175,260;299,034;314,210;363,100;459,047;464,272;906,242;933,100;1038,171;1193,263
169:0,017;19,013;22,001;75,141;101,037;106,011;205,076;471,071;566,252;571,120;749,032;820,079;1047,226;1187,224
170:0,017;119,134;246,085;273,050;357,123;409,047;563,168;868,268
171:0,018;26,004;42,117;205,203;367,085;378,265;384,092;390,105;479,120;542,042;596,197;710,099;772,148;900,265;917,246;1000,115
172:0,018;11,209;225,029;259,178;397,238;428,088;542,042;655,249;713,194;893,199
173:0,018;38,011;49,133;163,010;249,128;324,120;392,115;412,244;439,048;441,129;616,260;693,197;773,171;782,045;826,034;833,226;1036,272
174:0,018;41,200;44,152;72,016;134,189;243,098;271,258;323,257;456,223;467,145;498,128;542,042;868,239;875,197;1154,042
175:0,018;95,011;121,073;142,080;149,274;262,042;369,199;408,052;431,252;439,048;445,186;456,105;747,028;969,104;1058,080;1091,082;1102,210
176:0,018;202,112;465,272;501,074;542,042;869,117;891,028;938,194;1106,160;1154,231;1193,126
177:0,018;43,076;53,210;119,016;192,178;202,112;296,257;368,076;373,265;415,171;429,186;439,048;454,252;616,120;694,052;735,080;793,161;799,171;807,090
178:0,018;47,269;196,115;309,120;320,192;325,129;383,130;407,203;408,105;450,223;519,267;520,255;524,223;569,178;606,100;664,234;865,085;966,209;1063,210;1082,116
179:0,018;93,065;155,010;232,173;344,207;439,048;451,178;470,155;476,260;582,068;690,160;691,042;781,079;844,034;881,038;906,192;961,180;1098,189
180:0,018;48,117;291,094;464,215;682,263;868,239;981,197;1024,257;1035,203;1074,205;1179,212
181:0,019;90,089;102,060;127,076;214,058;237,192;307,207;366,192;498,199;549,116;661,095;863,034;868,161;1026,157;1108,095
182:0,019;63,147;71,267;131,076;184,053;203,191;284,171;305,215;478,034;813,153;879,170;887,034;1011,068;1165,185;1195,151
183:0,019;19,221;31,017;37,223;147,219;288,077;344,115;705,161;749,222;821,171;1063,262;1071,250;1090,248
184:0,019;136,089;141,128;223,029;301,247;326,145;375,229;539,074;581,183;671,034;929,081;940,145;993,199
185:0,019;113,201;115,129;223,029;291,268;338,049;362,068;1015,151;1025,196
186:0,019;21,209;91,261;244,203;333,171;398,097;404,145;458,034;469,267;536,219;551,113;575,074;643,152;762,032;812,028;813,203;955,215;1053,083;1062,222;1197,265
187:0,019;19,223;167,147;223,029;271,264;381,189;664,243;691,208;884,180;1060,082;1086,162;1124,222
188:0,019;19,221;31,065;127,181;173,042;190,219;342,270;362,068;549,170;647,208;755,068;790,221;933,187;1034,068;1140,231
189:0,019;18,218;90,089;109,037;168,271;282,088;362,068;806,192;1113,069;1120,180;1151,196
190:0,019;16,097;306,070;309,122;400,152;470,190;527,272;600,219;616,160;1098,250;1160,155;1170,273;1190,201;1195,187
191:0,020;74,037;192,042;207,165;256,265;273,050;285,202;645,094;1199,168
192:0,020;270,165;412,044;418,098;546,079;570,255;697,120;912,187;1171,085
193:0,020;24,194;80,122;90,055;132,261;165,141;310,097;432,270;448,238;503,105;566,243;610,268;723,194;775,152;822,228;924,052;932,161;1056,162;1082,249;1127,104
194:0,020;66,055;91,038;98,148;116,010;186,123;275,085;361,270;432,115;466,113;621,027;645,082;949,252;1110,155
195:0,020;98,253;126,039;230,129;265,116;379,049;443,117;460,072;549,270;994,068;1183,099;1192,272
196:0,020;70,100;179,269;354,271;685,226;849,144;881,257;901,082;911,117
197:0,020;106,175;250,271;503,076;546,104;631,214;726,144;799,046;839,207;989,225
198:0,020;119,123;350,225;362,068;402,199;573,180;609,149;636,273;703,095;751,094;1014,076;1069,273
199:0,020;98,148;191,161;207,165;689,141;699,207;785,273;1061,153;1171,155
200:0,020;98,141;143,134;197,010;201,196;216,264;251,274;274,092;444,113;459,141;469,083;614,105;917,144;1114,104
