001:0,001;176,223;209,001;308,081;313,027;351,152;356,257;572,250;869,227;1089,268;1101,068
002:0,001;253,126;281,179;366,043;385,014;458,230;529,270;566,098;710,129;788,263;829,254;874,127;883,041;938,129
003:0,001;361,032;385,014;476,169;550,039;602,136;612,220;651,197;725,043;747,082;782,227;888,170;926,173;952,261;1125,047
004:0,001;19,127;68,198;141,158;166,101;199,241;228,198;295,239;327,215;333,257;346,231;376,251;385,014;456,036;620,031;734,243;758,036;766,161;794,206;946,227;961,179;1052,274;1059,068;1113,039;1190,165
005:0,001;366,043;385,014;464,179;572,230;629,149;792,250;793,216;909,152;959,029;1034,036;1113,039
006:0,001;355,195;385,014;465,200;476,051;514,171;561,169;574,239;587,039;621,218;709,268;751,129;756,029;764,071;786,033;841,117;872,129;891,179;952,263;977,049;1070,096;1113,039;1172,230
007:0,001;359,081;366,043;385,014;456,036;593,035;607,124;691,033;860,184;874,144;1113,039;1125,047
008:0,001;371,170;456,036;550,039;657,097;661,206;726,149;738,227;767,270;780,239;926,040;977,049;1058,074;1125,047
009:0,001;354,189;383,031;385,014;456,036;503,268;809,078;896,071;1068,036;1127,071
010:0,001;190,032;202,029;230,235;268,164;280,116;396,066;424,238;482,106;607,124;739,241;892,162;927,029;1073,080;1131,209;1165,181
011:0,002;100,024;202,060;222,051;363,266;460,094;497,061;527,062;589,245;657,033;728,101;792,045;813,038;832,039;994,153;1142,169;1159,274;1185,078;1193,028
012:0,002;92,045;118,164;190,032;217,029;312,071;446,026;456,231;527,245;532,110;657,033;761,170;764,092;844,088;968,248;969,075;1050,085;1079,227
013:0,002;86,118;92,045;100,024;160,086;190,032;193,216;202,060;243,089;270,046;276,198;312,071;466,066;472,262;475,227;478,197;576,261;589,187;706,211;908,199;1050,085
014:0,002;32,123;67,033;68,018;98,222;100,024;182,266;244,223;287,143;328,112;390,164;394,046;442,014;449,161;527,062;591,086;724,002;801,104;831,124;942,144;1066,161;1164,199
015:0,002;67,033;79,063;92,045;98,222;99,127;265,066;306,067;346,231;396,021;427,055;452,202;462,051;557,245;856,239;895,235;962,161;1037,100;1047,093;1128,111
016:0,002;80,004;136,116;152,024;175,187;237,206;312,071;428,069;460,094;497,061;504,105;561,071;610,106;612,242;753,211;805,074;821,038;890,128;1007,229;1144,077
017:0,002;67,033;79,063;100,024;171,236;194,214;202,060;217,029;320,046;411,032;427,188;460,235;635,266;657,033;760,242;803,169;806,085;813,038;832,039;925,088;948,223;1006,027;1028,180;1141,207
018:0,002;100,024;184,254;217,029;289,243;312,071;366,161;394,231;497,061;509,115;557,117;573,197;691,097;792,045;799,248;978,215;1130,140;1136,078;1171,235
019:0,002;32,198;79,063;100,024;199,197;216,216;237,196;238,051;265,066;296,001;351,184;385,195;449,026;472,188;486,051;568,184;728,208;762,261;787,252;832,039;1099,071;1149,153;1178,074
020:0,002;67,033;79,063;100,024;171,181;190,032;203,124;217,029;218,197;257,050;265,066;312,071;435,051;497,061;526,189;530,101;597,253;754,042;800,184;872,162;892,169;940,027;945,267
021:0,003;75,275;88,026;152,270;172,062;218,050;497,113;517,050;570,035;635,270;686,038;689,243;709,033;731,218;777,068;870,240;889,124;902,092;954,206;966,170;1072,215;1162,039;1174,074;1175,068;1195,114
022:0,003;79,004;173,215;218,050;248,257;309,198;368,081;397,046;409,143;424,179;434,191;450,012;509,115;655,156;669,217;807,242;1089,068
023:0,003;98,196;206,038;221,218;239,050;270,143;413,066;423,032;559,242;573,085;749,216;822,244;920,071;982,053;1086,144;1177,112
024:0,003;88,026;119,036;163,238;358,050;458,037;478,153;512,050;604,254;614,038;792,045;799,177;865,266;1023,100;1027,209;1093,073
025:0,003;95,275;268,065;299,189;306,059;394,245;477,220;517,170;614,038;818,068;872,039;949,036;1069,165;1095,073
026:0,003;88,026;140,004;169,118;206,231;218,050;454,177;512,050;546,177;599,050;614,038;683,036;709,113;726,048;805,074;855,162;1039,054;1070,274;1093,073
027:0,003;75,275;148,198;178,236;192,111;223,243;226,004;350,145;508,174;663,115;713,170;918,227;930,127;1009,071;1092,250;1093,073;1109,245
028:0,003;75,092;120,106;172,062;180,238;247,258;331,197;336,266;414,107;512,050;615,152;681,251;690,152;704,115;822,112;882,047;890,153;1034,177;1130,202
029:0,003;75,108;77,193;150,210;218,050;447,065;501,120;614,038;854,238;969,052;1093,073
030:0,003;88,026;144,210;185,177;193,028;206,231;218,050;477,215;559,242;587,079;614,038;630,081;684,113;736,029;789,144;867,220;1093,073;1127,051;1131,102;1160,117
031:0,004;68,158;139,160;345,001;350,039;434,052;508,202;531,113;698,016;766,067;795,148;805,074;883,241;922,218;924,274;1120,199;1132,197;1174,141
032:0,004;281,266;319,104;342,109;447,065;450,012;472,037;531,240;646,118;668,046;719,215;750,016;754,042;813,155;870,057;871,115;988,250;1082,102
033:0,004;92,038;102,111;180,215;421,031;447,065;450,012;514,267;637,071;669,204;698,016;754,042;796,080;919,238;993,206;1050,094;1171,164
034:0,004;273,044;346,117;350,039;447,065;505,078;531,240;577,235;679,240;730,129;732,245;734,219;774,132;782,234;813,240;912,039;914,274;1052,068;1094,028;1106,230;1131,261
035:0,004;253,039;342,109;351,027;422,161;460,243;566,152;601,149;627,038;698,016;774,158;782,098;805,150;891,248;920,209;940,027;1066,162;1093,071
036:0,004;270,189;434,052;450,012;513,118;634,254;642,152;698,016;754,042;778,140;829,241;841,141;980,224;1153,082;1165,244
037:0,004;273,044;312,071;385,014;450,012;490,099;504,106;533,104;754,042;766,067;799,179;885,051;1091,229
038:0,004;330,027;333,150;350,039;450,012;461,169;530,215;591,174;652,187;668,046;684,218;698,016;766,067;778,140;859,211;861,047;881,250;960,092;985,040;1145,052
039:0,004;68,158;103,019;148,111;198,219;221,246;270,189;287,175;350,039;521,171;594,118;668,046;676,253;678,224;774,158;796,080;813,155;991,051;1008,253;1095,220
040:0,004;273,044;366,050;386,037;434,052;450,012;478,202;481,262;505,078;510,218;583,105;669,204;698,016;805,074;920,209;1118,266;1173,242;1183,250;1196,169
041:0,005;202,103;210,027;281,180;331,153;340,028;346,029;565,105;606,246;830,056;900,260;973,229;1079,240;1127,127;1148,150;1169,229;1200,056
042:0,005;48,181;261,117;294,262;346,029;537,051;558,031;629,179;655,250;681,041;707,221;732,036;766,067;801,261;810,231;830,056;902,041;936,036;1113,039;1200,056
043:0,005;202,257;371,247;375,031;476,103;494,112;514,041;556,066;651,193;732,036;973,227;1074,075
044:0,005;211,158;290,159;376,217;400,031;651,161;705,268;706,251;713,243;733,085;836,206;845,169;850,117;991,027;1116,096;1123,267
045:0,005;213,257;226,193;375,031;531,037;561,244;720,153;730,160;743,261;830,056;991,212;1089,066
046:0,005;210,027;315,245;331,238;410,161;417,212;470,081;580,169;706,241;732,036;877,164;882,104;891,056;924,051;946,218;1075,144;1084,129;1200,056
047:0,005;210,027;224,275;296,112;345,252;693,208;830,056;870,057;900,260;983,040;1104,051;1118,073;1150,086;1200,056
048:0,005;210,027;224,215;301,037;371,247;375,031;436,062;473,021;657,216;792,246;800,043;991,212;1003,248;1023,052;1038,051
049:0,005;210,177;240,158;244,064;315,245;346,029;570,050;589,246;669,216;683,086;690,216;698,016;805,161;828,029;830,056;834,261;956,082;1109,149
050:0,005;202,257;206,116;210,027;224,038;229,223;250,135;273,044;346,103;375,031;471,029;572,050;592,211;638,261;731,170;732,036;1131,162;1160,235;1162,057
051:0,006;33,164;92,038;117,016;195,198;221,180;244,064;268,104;285,227;360,037;365,149;461,051;472,250;551,161;558,067;661,091;664,055;807,088;825,080;828,086;856,251;893,220;909,244;966,155;1181,047;1183,207;1190,028;1196,242;1200,246
052:0,006;84,141;157,004;190,069;202,060;250,104;372,179;452,126;547,220;558,067;661,237;750,242;777,218;829,057;859,047;881,097;949,170;996,261;1046,218;1090,220;1141,174
053:0,006;83,102;280,001;376,235;378,038;403,039;441,062;487,035;550,039;628,148;650,052;655,269;657,104;664,055;747,082;924,197;994,098;1022,027;1041,074;1085,052
054:0,006;173,126;176,139;202,029;212,037;252,227;255,210;256,027;309,106;367,116;413,203;504,104;527,062;558,067;641,171;663,038;664,055;675,150;789,082;792,045;794,082;965,150;1145,140;1187,209
055:0,006;33,164;148,193;221,037;244,164;352,082;487,035;650,052;664,055;818,268;829,164;959,107;978,231;1187,245
056:0,006;120,160;175,270;244,064;260,206;316,028;405,082;472,250;510,099;512,031;533,251;549,252;576,257;595,129;596,039;627,249;694,086;1136,150
057:0,006;86,001;91,118;220,230;223,102;262,039;265,150;282,187;316,032;327,241;350,039;451,066;454,067;460,021;487,035;653,221;664,055;762,026;801,033;817,173;858,231;892,208;1044,074;1113,117;1120,253;1171,140
058:0,006;90,014;92,038;112,004;127,147;192,008;200,154;240,241;345,145;349,027;365,079;388,203;396,077;525,036;625,132;757,269;1033,156;1039,208;1047,127;1178,254
059:0,006;127,147;285,191;487,035;558,067;620,184;655,269;771,057;796,222;962,169
060:0,006;83,036;92,038;124,168;212,037;349,027;365,201;403,126;484,036;489,032;548,244;624,129;650,052;665,113;675,036;725,141;895,080;932,236;1055,152
061:0,007;19,127;182,038;310,259;325,067;358,197;471,123;490,036;578,050;603,215;830,208;908,141;1190,181
062:0,007;150,178;203,124;269,149;287,027;340,195;396,026;449,141;485,030;575,263;602,230;629,219;680,108;758,160;824,217;883,041;916,156;938,124;1019,239;1050,268;1065,128;1076,066;1124,156
063:0,007;97,032;165,051;182,038;341,239;357,143;396,026;475,230;569,041;647,193;809,031;891,132;1041,170;1079,254
064:0,007;103,036;116,103;165,051;182,038;421,141;641,164;805,246;809,031;883,041;991,183;998,170;1018,088;1033,254;1064,027;1121,197;1147,112;1198,124
065:0,007;82,262;213,117;243,152;322,191;357,029;396,026;592,215;708,016;809,031;860,074;988,027;998,150;1019,248
066:0,007;122,118;137,121;294,124;357,164;367,124;414,038;430,139;458,037;528,086;594,081;681,220;745,115;809,031;872,057;906,036;1029,051;1117,188;1137,218
067:0,007;97,032;170,089;182,038;458,037;549,179;749,002;766,078;832,250;986,168;1096,141;1161,224
068:0,007;102,198;245,124;376,180;387,255;438,195;458,037;511,041;651,217;766,153;883,041;958,098;1144,195;1172,052
069:0,007;28,168;79,063;97,032;126,103;206,201;293,050;334,180;369,067;422,218;500,231;771,057;904,099;919,144;928,206;1064,248;1079,156;1162,057
070:0,007;82,064;120,036;125,005;137,121;321,201;355,029;362,038;365,180;396,026;454,213;488,037;632,237;651,043;703,098;747,016;813,153;955,052;972,164;1021,150;1125,047;1142,052;1161,197
071:0,008;251,065;279,148;323,048;396,021;582,050;596,208;717,120;752,206;810,124;811,164;827,220;852,039;940,027;1096,235;1153,220
072:0,008;210,027;278,051;325,120;383,084;396,021;562,219;617,120;680,219;714,238;730,071;737,238;790,237;812,157;940,027;977,049;1053,250;1158,072;1173,206
073:0,008;216,076;336,154;394,066;396,021;468,195;522,177;543,197;564,230;575,127;865,236;885,245;940,027;1188,121
074:0,008;225,259;256,039;271,120;349,051;378,071;393,237;813,148;879,029;908,149;970,027;1016,222;1028,051;1084,140;1166,082;1179,227
075:0,008;222,051;236,054;308,237;406,109;486,267;500,035;651,097;736,064;860,074;1104,028;1200,230
076:0,008;222,051;324,224;482,245;566,160;584,226;678,153;709,136;728,206;739,026;792,217;848,206;856,197;861,129;1072,109;1174,153
077:0,008;249,145;396,021;526,110;543,050;565,243;650,120;704,270;752,179;798,235;860,074;1145,199
078:0,008;135,033;216,076;222,051;323,037;405,039;430,150;455,170;504,239;506,066;591,224;633,160;706,064;747,244;892,171;923,080;1061,036;1111,124;1177,274
079:0,008;222,051;371,079;396,021;534,261;762,059;767,124;793,101;800,266;805,038;840,148;843,140;1079,165;1183,094
080:0,008;246,181;269,105;278,051;395,212;396,021;551,037;584,226;596,208;674,077;697,263;848,078;860,074;1196,156
081:0,009;100,028;141,145;253,039;256,032;559,002;576,161;593,243;630,029;823,036;847,214;1081,128;1133,250
082:0,009;162,135;253,039;269,124;279,148;294,154;394,217;433,029;525,092;745,254;934,036;950,162;1015,075;1043,028;1095,109
083:0,009;174,001;190,253;239,161;256,032;498,123;525,092;545,106;559,002;580,106;630,029;725,177;748,251;921,229;939,239;985,075;1043,086;1083,028;1105,269;1195,216
084:0,009;157,258;176,001;192,164;242,037;256,032;412,159;425,202;435,026;517,032;563,078;575,117;582,202;590,218;677,113;679,132;816,098;825,197;945,092;1067,117;1105,207;1133,068;1155,235
085:0,009;184,038;256,032;265,066;490,126;514,107;559,002;590,150;907,239;969,075;1076,169;1083,085;1158,072;1178,195
086:0,009;155,164;256,032;447,065;455,118;559,002;582,198;630,029;744,231;969,075;1140,223
087:0,009;174,158;203,101;205,065;250,246;257,154;324,052;370,066;394,032;510,268;559,002;566,141;578,240;630,029;840,240;860,029;935,246;965,088;1087,212;1135,078;1144,098
088:0,009;141,145;224,210;252,227;268,259;298,077;406,263;563,078;614,038;657,033;661,241;682,085;731,197;844,215;969,075;1034,088;1101,171;1168,085
089:0,009;114,158;215,175;263,039;313,239;434,052;463,031;559,002;637,257;764,148;822,156;928,150;955,240;1071,206;1162,230;1193,153
090:0,009;68,018;97,262;107,032;190,253;376,104;601,198;630,079;651,249;682,253;695,078;767,173;777,029;939,156;1029,269
091:0,010;48,007;77,006;85,012;114,270;129,036;147,063;166,106;273,059;404,117;483,036;523,266;550,237;606,263;699,033;701,148;791,234;799,250;818,202;859,245;1059,029;1066,036;1195,265
092:0,010;52,007;54,181;62,036;140,239;244,064;358,152;432,081;467,003;480,030;531,077;542,141;558,067;631,048;789,242;1167,215;1188,098
093:0,010;36,180;108,077;112,008;114,213;200,212;236,054;273,059;410,224;441,205;467,003;506,120;628,107;631,048;859,107;872,157;906,029;1018,109;1039,094;1081,092
094:0,010;38,224;96,141;114,213;124,224;147,063;174,239;308,193;341,201;391,027;467,003;480,030;607,226;609,107;742,218;877,269;990,051;1017,100;1062,149
095:0,010;36,180;92,102;143,028;148,001;273,059;392,263;480,030;621,234;779,038;787,236;862,086;888,071;1007,171;1026,199;1062,054;1185,109
096:0,010;38,224;189,106;262,001;289,076;334,048;339,051;344,213;363,027;409,230;460,031;467,003;480,030;622,261;637,153;641,101;682,254;786,033;789,112;796,107;1071,093;1169,039
097:0,010;75,092;160,118;164,086;236,054;283,262;292,027;467,003;508,174;554,164;633,117;689,064;735,036;776,057;812,193;828,235;831,097;862,217;866,140;954,027;974,082;982,140;986,092
098:0,010;43,243;139,033;147,063;184,089;253,180;336,237;387,032;446,115;467,003;488,150;589,219;786,033;869,048;936,161;984,107;1016,236;1045,267;1062,202;1154,223;1183,152;1185,251
099:0,010;7,005;92,001;229,169;236,054;273,059;351,038;366,029;408,118;451,117;463,257;491,149;697,112;779,052;807,098;885,052;900,074;1164,073;1200,047
100:0,010;42,135;137,020;151,120;159,108;268,235;453,212;467,003;497,238;622,043;631,048;680,211;727,113;750,002;786,033;787,266;899,251;971,149;1029,075;1053,117;1060,104;1088,263;1144,096
101:0,011;33,013;59,016;164,258;230,224;315,258;433,046;496,252;548,036;559,002;561,173;568,266;578,270;596,267;621,106;631,048;726,164;839,179;861,202;885,029;915,040;1044,093;1056,156;1057,066
102:0,011;8,036;68,018;145,024;191,001;197,077;208,103;222,152;282,195;352,107;454,187;531,112;630,113;661,235;825,047;889,152;906,086;1033,028;1038,094;1047,212;1085,261;1176,171
103:0,011;8,036;41,108;68,077;289,184;298,164;723,162;841,245;883,112;1164,156;1176,071
104:0,011;8,036;132,016;195,236;230,077;323,212;334,050;352,107;371,112;726,041;737,253;998,117
105:0,011;41,108;68,018;108,036;165,241;316,028;368,046;493,203;542,029;549,037;568,041;600,043;754,064;765,132;768,036;810,128;864,056;1017,075;1194,216
106:0,011;16,008;28,168;68,018;165,241;195,236;231,195;265,116;362,141;409,103;413,251;417,235;554,129;714,257;738,202;814,149;906,051;935,170;959,153;989,082
107:0,011;8,036;68,018;159,089;166,262;239,191;292,193;297,038;316,028;413,077;417,026;495,101;637,112;687,173;903,078;910,099;958,168;982,088;985,202;1001,071
108:0,011;58,078;68,018;123,139;172,062;208,028;311,184;437,152;624,136;689,170;701,253;735,048;774,214;830,239;843,029;877,078;1035,162
109:0,011;8,036;231,195;295,046;494,162;862,179;972,224;1195,121
110:0,011;8,077;91,009;123,139;253,039;289,184;316,028;362,202;390,150;420,081;494,162;542,173;559,251;577,071;674,241;767,036;811,246;1143,177;1182,180
111:0,012;184,028;259,219;264,179;278,219;580,129;588,110;657,107;795,193;817,047;845,263;937,029;1095,248;1156,107;1181,246;1193,207
112:0,012;92,045;96,180;274,159;338,245;362,038;434,050;440,120;463,031;587,171;703,120;796,057;842,052;964,177
113:0,012;96,161;130,020;242,099;301,212;449,188;509,085;563,154;577,067;596,095;677,064;711,250;766,252;773,239;777,208;879,235;1120,124
114:0,012;120,106;138,020;178,177;248,196;328,044;376,217;392,113;433,026;457,267;482,036;484,051;563,154;683,238;685,041;743,161;764,098;765,253;890,229;982,141;1011,165;1041,071;1072,052;1128,231
115:0,012;137,089;151,106;158,235;273,044;295,066;335,035;391,027;428,205;467,003;574,031;579,197;616,095;619,086;622,227;624,171;630,227;677,064;764,071;842,170;878,107;949,236;950,180;982,244;1044,098;1169,072
116:0,012;183,259;335,035;360,255;474,112;492,188;498,021;517,152;541,035;628,234;751,177;900,164;984,263;1071,268;1078,071;1131,246
117:0,012;172,062;205,086;242,099;260,051;335,035;372,038;428,051;457,267;507,032;571,081;606,254;677,064;737,071;817,047;847,144;915,240;940,208;991,183;1001,161
118:0,012;131,111;146,005;214,246;250,029;261,038;298,160;413,227;609,105;619,154;642,162;647,056;668,173;677,064;762,016;817,047;934,223;1013,141;1046,153;1067,029;1077,102;1131,227;1173,057
119:0,012;18,006;66,015;101,196;150,178;221,087;253,027;384,046;386,027;423,101;470,237;496,031;610,039;621,251;626,226;696,239;769,251;839,085;863,246;910,241;961,080;1199,266
120:0,012;137,089;210,027;296,112;312,051;357,202;565,107;617,078;669,154;677,064;714,094;817,047;895,109;1074,173;1187,177
121:0,013;135,033;168,161;197,270;243,252;258,187;267,046;374,040;436,062;456,153;474,219;508,037;539,221;596,056;687,156;748,068;858,040;1038,066
122:0,013;139,092;360,255;368,106;371,092;376,067;498,086;553,253;562,050;647,066;776,160;834,080;858,040;901,074;1002,197;1038,066
123:0,013;128,168;199,197;370,219;471,037;483,252;492,030;506,085;568,077;692,033;704,252;858,040;972,251;973,040;1028,127;1038,066
124:0,013;100,024;149,065;308,203;366,043;367,230;450,178;568,030;582,251;664,211;669,174;716,246;750,245;785,107;808,132;908,040;1000,179;1038,066;1118,222
125:0,013;135,033;165,051;175,104;267,046;388,178;495,156;554,092;693,038;740,055;749,157;779,052;858,040;897,199;1023,078;1118,222
126:0,013;106,005;184,140;227,029;259,084;265,175;273,059;318,092;374,040;375,126;433,098;503,267;544,250;577,162;628,250;647,066;721,244;748,068;867,207;1059,206;1129,263;1187,248
127:0,013;52,064;135,033;232,050;241,156;267,046;468,238;519,203;526,029;552,187;582,154;596,056;647,066;713,029;788,048;791,170;816,107;832,047;940,220;1010,180
128:0,013;133,024;173,062;181,258;294,101;361,245;523,238;537,035;546,129;575,177;647,066;748,068;802,057;867,207;899,098;932,244;976,238;1093,073;1116,181;1187,074;1195,114
129:0,013;135,033;145,135;158,065;294,105;306,001;331,066;345,153;436,062;451,239;504,030;546,149;595,239;739,235;762,086;806,169;1056,104;1120,117;1123,188
130:0,013;135,222;195,135;214,254;267,046;308,203;374,040;388,178;400,197;436,062;466,067;485,156;596,056;760,220;814,048;839,161;858,040;968,235;1068,171;1189,100;1200,056
131:0,014;100,028;219,147;249,262;254,056;380,253;446,066;451,270;632,043;1055,141;1078,207;1173,052
132:0,014;150,243;252,219;324,052;341,059;394,164;409,258;417,112;447,066;449,253;555,041;578,153;808,254;824,068;919,111;983,239;1007,155;1064,245;1167,102
133:0,014;100,028;254,056;261,145;300,067;324,103;405,185;523,043;678,127;919,111;1014,051;1076,075;1123,197;1130,051
134:0,014;104,152;225,266;231,262;324,052;430,105;582,238;682,226;693,101;899,236;932,029;1064,263;1110,260;1180,073;1193,127
135:0,014;100,028;254,056;411,267;425,218;428,069;444,145;523,043;851,092;908,155;956,124;1019,156;1110,153;1159,093
136:0,014;150,224;245,105;297,056;386,184;427,217;455,195;523,043;658,254;744,149;761,043;774,214
137:0,014;105,019;141,239;156,126;165,051;210,175;344,150;459,027;465,270;475,127;636,115;689,161;961,029;975,036;1054,246;1127,074
138:0,014;121,077;175,020;245,105;254,056;325,235;355,193;396,021;572,179;595,161;687,129;699,029;783,071;795,048;889,177;978,027;1044,029;1131,082;1150,080;1191,260
139:0,014;100,028;198,193;254,056;259,150;339,099;363,140;428,069;458,262;470,021;523,043;944,056;971,244;1104,075;1110,260
140:0,014;112,013;130,222;237,054;240,092;306,230;324,052;335,113;430,105;478,003;523,043;698,016;772,129;832,039;853,048;908,043;951,051;996,174;1071,199;1152,235;1156,066;1157,073
141:0,015;222,051;234,154;281,084;360,066;596,056;665,220;886,218;922,112;1092,214
142:0,015;199,210;265,066;428,051;468,066;638,206;779,071;782,038;814,101;900,152;1138,047
143:0,015;190,084;389,215;455,021;464,026;474,161;646,048;725,117;833,098;854,218;866,235;876,218;903,036;907,151;913,268;993,240;1190,039
144:0,015;178,191;233,266;344,104;410,116;428,051;561,153;636,038;657,033;730,092;861,098;992,207;1096,162;1127,039
145:0,015;184,244;209,001;238,081;283,048;391,029;432,098;604,179;605,270;780,224;969,254;992,239;1052,100;1075,267;1118,052;1127,268
146:0,015;189,020;193,216;330,230;348,258;381,120;428,051;545,050;553,238;560,268;596,031;740,002;779,241;821,038;856,043;935,156;990,049;1039,266
147:0,015;43,243;172,152;220,191;283,120;317,066;638,206;654,174;691,038;868,148;875,117;946,266;1083,027;1148,127
148:0,015;162,087;240,149;324,184;348,212;390,191;407,071;420,144;428,051;441,179;521,030;574,242;735,153;761,068;801,052;849,268;1156,078
149:0,015;150,179;292,216;376,099;430,027;448,215;483,066;606,101;706,033;860,241;870,211;911,240;970,027;1018,268;1027,246;1043,173;1136,047;1145,263
150:0,015;67,033;101,094;150,179;234,218;243,081;299,254;311,066;634,077;649,078;731,108;783,157;832,269;849,222;902,253;933,162;948,245;1106,212;1127,112;1139,107
151:0,016;217,020;240,037;271,113;362,185;375,107;402,079;441,197;529,173;531,178;542,136;714,124;724,002;797,029;859,080;865,056;953,117;1052,068;1136,275;1178,258
152:0,016;219,158;231,254;319,046;362,185;463,160;562,215;600,129;614,150;672,177;724,002;748,068;848,171;887,036;922,251;984,248;999,267;1018,054;1085,231;1106,209
153:0,016;105,161;312,149;391,038;395,123;427,055;466,149;473,200;497,061;545,221;645,041;740,113;749,240;797,238;834,104;867,161;918,124;921,220;929,109;1009,074;1018,054;1061,066;1070,096
154:0,016;97,032;147,238;165,214;283,251;516,077;557,178;592,242;598,231;724,002;771,057;804,048;828,216;848,171;1097,036;1142,206
155:0,016;365,084;375,257;389,139;427,055;525,136;580,178;621,095;675,036;724,002;797,173;801,036;845,071;873,224;975,040;998,111
156:0,016;221,214;274,239;292,081;427,055;450,224;460,203;488,150;613,108;664,240;833,266;864,197;913,177;915,056;954,231;1051,156;1052,068;1198,275
157:0,016;154,219;254,056;389,139;437,032;452,187;549,267;564,035;613,108;724,002;810,245;823,085;856,112;910,150;975,248;1008,212;1018,054;1087,174;1170,275
158:0,016;220,230;263,106;325,253;450,012;461,152;516,099;553,077;632,268;672,187;675,036;724,002;793,036;948,168
159:0,016;256,032;283,251;370,164;388,101;512,081;523,051;543,037;603,043;610,170;666,033;671,108;675,036;704,238;897,041;954,171;995,074;1018,054;1052,068
160:0,016;100,024;136,033;154,219;172,062;179,201;296,038;389,103;463,107;597,117;842,057;949,053;1018,054;1108,168
161:0,017;17,264;65,270;190,069;214,153;505,035;508,117;626,238;664,066;683,104;1038,078;1136,181;1161,173
162:0,017;15,116;214,153;257,227;436,266;618,202;631,132;641,240;678,179;804,068;810,088;911,180;1022,107;1140,240;1158,072;1171,051
163:0,017;35,198;52,064;88,004;267,147;294,196;306,117;332,106;387,027;497,031;543,041;559,250;560,031;701,227;860,036;903,041;911,180;914,151;975,241;998,140;1117,074;1198,051
164:0,017;52,064;102,118;118,135;190,069;240,101;395,079;559,002;616,156;643,105;649,071;674,046;747,029;920,202;1112,075;1172,100;1196,253
165:0,017;40,016;52,064;144,210;147,238;149,065;258,050;265,067;275,099;473,170;565,035;578,078;643,086;651,048;917,029;1116,256
166:0,017;37,156;82,004;131,036;149,065;277,113;324,056;390,239;652,263;663,244;726,038;754,246;776,057;887,048;888,229;918,207;970,197;1040,164;1112,128;1158,072;1192,247
167:0,017;56,252;282,118;487,035;495,086;526,239;536,149;541,231;592,266;657,224;868,074;922,254;938,099;960,250;1012,220;1066,051;1197,224
168:0,017;7,270;108,087;190,069;214,196;293,201;336,027;446,046;464,106;483,026;505,188;519,219;542,081;564,085;650,052;652,127;661,085;673,048;962,053;1077,218;1151,093;1158,072
169:0,017;56,252;237,230;390,238;454,062;490,211;558,253;655,056;702,197;771,057;884,199;903,104;922,218;968,104;1057,199;1116,256
170:0,017;15,116;52,064;68,018;72,094;149,065;177,117;444,218;612,041;688,079;731,048;816,128;963,029;1141,195
171:0,018;13,104;158,258;162,084;179,062;202,029;212,037;454,177;553,160;629,177;761,239;785,149;935,253
172:0,018;42,187;162,275;212,037;446,067;483,202;504,257;696,055;699,043;911,227;912,206;922,222;976,179;987,164
173:0,018;159,193;172,143;206,213;215,092;235,029;285,193;288,252;302,037;332,252;419,251;616,224;669,238;706,117;712,098;812,031;851,235;885,051
174:0,018;14,193;132,184;147,063;172,016;212,037;218,206;247,116;253,039;263,159;284,213;320,196;334,037;408,189;420,021;444,213;535,032;624,170;726,064;770,177;787,236;936,051;1029,074;1034,251;1191,144
175:0,018;60,036;104,235;156,196;232,076;264,252;343,216;374,170;449,021;468,185;527,062;622,035;629,197;648,251;756,033;781,156;812,115;859,165;993,088;1000,051
176:0,018;36,009;42,013;132,184;144,213;449,079;726,124;885,051;912,132;1002,202;1047,174;1134,077
177:0,018;58,235;108,032;159,143;206,029;290,050;294,161;434,103;512,050;545,036;564,135;592,252;730,216;740,097;903,127;1115,068;1134,077;1144,074;1198,128
178:0,018;13,104;202,029;218,206;234,243;308,152;448,014;482,037;573,173;666,108;668,046;746,112;847,043;858,206;892,071;902,266;907,165;1077,238;1093,242
179:0,018;97,087;128,180;200,222;209,029;212,037;307,148;314,121;340,038;357,141;440,099;550,039;594,220;599,221;714,148;730,169;788,244;796,097;825,029;885,051;1046,244
180:0,018;58,235;71,187;126,235;224,101;285,224;405,160;551,202;976,239;977,128;1101,165
181:0,019;148,225;268,048;335,035;337,179;406,217;424,160;450,052;456,127;461,262;505,098;555,071;1106,230;1170,240
182:0,019;75,108;145,008;178,191;211,118;378,213;419,237;464,051;465,220;681,245;702,066;707,157;810,211;858,039;921,263;1033,028;1156,119
183:0,019;138,225;197,140;268,048;343,159;419,252;428,069;467,253;545,110;555,071;898,150;911,218;913,053;969,222;1033,028;1129,274;1155,047;1174,258
184:0,019;156,126;371,203;447,123;449,243;456,127;555,071;633,243;757,156;779,052;858,040;919,041;942,053;1033,028
185:0,019;146,008;159,169;168,212;213,116;274,197;320,198;381,124;413,104;492,213;555,071;768,268;839,071;1033,028;1050,202;1054,066;1070,269;1099,104;1182,068;1185,082;1199,250
186:0,019;95,108;268,048;295,126;398,120;482,227;723,251;733,184;764,108;800,129;862,052;964,209;1000,218;1035,075;1088,086
187:0,019;153,116;202,160;283,044;449,243;557,261;568,156;897,051;901,156;913,053;1053,111;1125,071;1130,144
188:0,019;162,084;223,089;230,051;241,253;262,054;268,048;481,211;543,169;807,248;851,216;896,202;913,053;954,071;1003,149;1087,169;1114,028
189:0,019;148,187;326,077;362,117;383,066;428,265;439,027;502,031;609,071;810,043;834,268;903,238;913,053;959,267;963,152;1035,054;1085,094;1186,218
190:0,019;168,212;191,223;238,140;376,071;399,123;520,251;530,141;538,187;631,071;673,221;704,071;977,049;1107,181;1131,051;1157,188
191:0,020;229,067;400,149;510,041;527,173;720,218;739,026;860,173;1062,071
192:0,020;237,149;261,224;276,050;292,230;294,030;405,145;415,164;455,026;513,157;718,029;739,026;762,059;934,254;1056,028;1071,155
193:0,020;266,212;294,030;346,029;393,202;423,189;510,041;670,141;806,071;850,029;925,218;927,051;951,241;998,238;1033,248;1049,052;1196,124;1197,057
194:0,020;228,161;229,067;486,263;648,202;724,094;739,026;827,052;1151,128
195:0,020;155,214;193,127;294,030;363,029;452,109;510,041;762,059;779,052;1034,251;1162,057
196:0,020;156,101;229,067;548,211;590,160;770,107;771,026;828,088;844,052;1177,068
197:0,020;229,067;468,117;517,157;693,184;826,033;841,132;848,115;973,040;979,036;1162,057
198:0,020;193,224;229,067;451,189;528,062;565,115;628,141;682,046;732,078;755,257;762,059;778,215;1058,254;1143,028
199:0,020;262,065;266,212;304,067;374,040;412,021;491,026;510,041;739,026;859,165;900,240;907,151;940,149;992,052;1148,215
200:0,020;155,214;163,102;185,016;294,030;351,082;392,257;429,077;510,113;576,211;700,218;724,002;761,234;789,068;824,261;922,036;954,173;1021,040;1100,274;1162,057
