001:0,001;57,140;234,143;429,096;432,161;478,194;584,062;593,167;681,027;762,075;1008,081;1059,133;1149,272
002:0,001;29,174;70,230;82,124;325,159;328,221;340,092;404,192;416,058;423,133;745,041;825,028;845,043;894,141;899,201;1086,257;1140,121
003:0,001;61,215;184,145;435,115;592,057;604,027;872,252;988,048;1013,257;1074,081;1166,092
004:0,001;117,086;352,113;386,170;438,088;461,132;580,144;762,075;825,028;858,177
005:0,001;43,247;245,204;273,194;429,213;522,096;708,074;762,075;806,119;834,196;858,186;861,148;877,146;895,194;920,148;923,136
006:0,001;75,011;98,020;136,126;170,215;270,067;310,109;409,129;649,032;699,026;745,041;978,142
007:0,001;28,128;57,140;190,105;262,248;331,184;522,235;544,119;645,182;872,186;908,076;940,215;1111,104
008:0,001;82,124;364,186;441,161;442,156;460,089;559,260;564,057;624,105;762,075;931,080;948,143;1008,081
009:0,001;32,015;120,182;160,062;325,159;395,194;503,052;636,250;768,117;793,169;828,177;902,162;1027,038;1131,234;1144,043
010:0,001;29,174;253,122;273,169;359,182;489,119;490,184;595,161;663,180;745,041;966,077;1054,226;1082,092;1108,245;1152,148;1179,117
011:0,002;80,034;163,243;199,156;299,111;452,073;640,145;654,079;700,243;705,090;711,135;859,027;916,112;941,075;955,259;1051,118;1072,184
012:0,002;80,034;95,037;231,167;353,048;365,141;372,057;389,073;581,168;605,080;639,047;672,194;675,186;858,245;1049,043;1051,118;1183,171
013:0,002;65,005;80,034;95,037;226,250;415,145;480,201;590,027;655,038;681,029;713,162;813,027;952,211;1173,186
014:0,002;128,037;197,239;253,151;262,061;447,178;696,075;700,243;713,162;777,027;837,084;893,154;963,030;967,140
015:0,002;18,107;353,048;354,257;430,218;440,028;486,210;690,094;714,119;795,108;810,250;843,273;955,218
016:0,002;95,037;227,215;292,105;333,176;353,048;392,073;513,052;583,193;623,047;628,169;890,148;917,227;1108,194
017:0,002;80,034;86,143;100,063;184,201;496,250;639,263;652,133;689,166;720,158;729,143;834,173;963,244;1034,125;1171,039;1173,237
018:0,002;18,107;95,037;172,181;244,145;274,215;288,201;374,094;482,262;644,144;648,250;778,147;813,114;857,117;986,178;1088,108
019:0,002;80,034;107,007;180,035;205,126;496,260;528,073;652,047;655,038;686,215;716,151;788,027;797,227;967,119;1016,129;1132,107;1187,226
020:0,002;111,092;353,048;413,108;655,038;702,226;735,046;764,084;837,152;863,257;881,027;973,178;1051,140
021:0,003;13,141;233,184;295,067;403,257;412,026;587,101;705,057;866,161;900,239
022:0,003;128,099;144,063;197,061;295,032;321,226;339,170;371,119;393,069;412,026;430,029;435,189;439,170;538,218;613,238;1104,192
023:0,003;122,067;204,267;399,158;401,115;467,145;515,105;534,210;627,215;761,119;963,048;1005,245;1107,238;1119,195;1126,168
024:0,003;96,267;260,227;477,142;827,153;1119,204
025:0,003;165,189;175,097;296,248;331,058;477,142;750,037;839,075;875,085;949,090;964,209;1036,038;1065,043
026:0,003;122,067;418,250;420,057;465,146;608,084;682,196;792,039;796,096;1000,188;1159,262
027:0,003;122,067;213,149;214,204;245,149;375,267;412,026;427,258;559,219;724,223;735,117;764,218;854,204;972,080;1008,147;1054,245;1144,126
028:0,003;122,067;339,058;446,186;469,146;491,243;551,219;632,272;687,249;1024,260;1038,094;1084,260;1102,174;1141,252
029:0,003;147,270;166,026;211,067;221,168;464,143;532,123;679,244;938,216
030:0,003;129,117;171,258;264,228;280,151;353,254;412,026;682,196;823,213;930,153;1029,222;1038,096;1120,090
031:0,004;61,094;339,115;411,058;446,228;464,030;480,092;890,050;959,192;966,196;1004,152;1005,234;1051,153;1091,214
032:0,004;36,079;442,210;517,233;553,102;574,069;607,239;723,133;737,139;881,244;915,165
033:0,004;54,105;77,260;206,213;632,260;667,273;670,129
034:0,004;84,163;393,222;451,088;651,235;675,173;722,074;780,027;781,101;816,258;832,107;990,218;1035,148;1141,226
035:0,004;84,163;302,228;470,088;472,119;541,145;624,184;653,062;694,152;730,115;810,262;886,152;890,084;934,214;967,173;1106,260
036:0,004;73,094;317,227;400,159;573,173;781,215;841,084;881,107;921,114;990,090;1047,177
037:0,004;84,005;112,167;123,129;250,141;315,076;318,069;321,141;718,027;801,112;826,214;959,192;1014,094;1105,097
038:0,004;96,145;147,076;202,176;263,274;313,032;432,221;528,184;730,244;784,162;867,155;928,250;952,125;1003,075;1081,237;1120,088;1185,039
039:0,004;57,260;59,169;144,107;146,151;233,054;263,067;274,106;301,170;471,030;476,080;591,117;606,168;662,103;935,109;960,043;1039,237;1162,041
040:0,004;17,227;54,105;57,260;86,271;92,020;103,210;107,260;177,218;258,199;315,163;389,233;510,103;661,136;696,184;922,139;941,041;1003,252;1112,136
041:0,005;161,092;331,094;332,158;376,066;397,202;440,028;476,215;497,090;593,260;718,146;927,169;992,257;1006,196
042:0,005;121,251;163,090;297,139;348,159;381,113;740,039;828,075;881,030;918,234;951,166;1015,237;1071,204;1158,251;1172,143;1180,234
043:0,005;199,085;240,096;242,067;296,239;308,117;402,189;422,260;460,073;624,272;625,257;639,222;708,117;727,032;745,132;881,030;944,155;998,133;1018,076;1130,244;1165,080
044:0,005;168,033;229,258;417,026;630,057;689,245;756,076;870,272;898,084;950,085;1069,196;1161,245
045:0,005;149,067;273,070;370,057;415,222;479,159;499,168;581,126;819,174;881,030;999,272;1144,041
046:0,005;192,226;482,140;637,026;751,148;835,043;851,103;866,244;881,030;1016,048;1055,218;1186,148
047:0,005;106,274;261,218;273,070;358,221;478,182;490,028;516,144;582,129;596,080;740,039;863,126;932,213;979,204;1077,192;1119,173
048:0,005;168,033;297,139;371,103;529,113;716,092;718,101;829,125;950,076;1016,195;1183,251
049:0,005;110,191;133,150;145,228;168,033;215,272;273,070;331,113;335,258;370,244;379,135;420,105;628,145;636,193;655,115;740,039;756,076;764,213;831,032;881,030;938,075;951,260;998,100;1067,109;1135,192
050:0,005;211,113;322,235;411,245;428,095;466,243;484,145;488,117;580,134;703,135;728,193;751,148;796,032;907,230;914,048;952,102;1013,080;1131,186;1160,238;1192,139
051:0,006;66,152;150,085;478,272;618,047;659,062;675,094;856,158;919,048;1109,118
052:0,006;21,143;41,145;91,151;111,143;220,061;336,245;341,192;396,228;398,254;420,174;446,032;523,123;558,094;607,134;643,178;666,092;701,032;829,141;836,100;862,196;901,212
053:0,006;72,199;350,066;387,251;392,113;411,089;498,239;517,262;611,079;654,158;759,167;902,260;964,237;1006,125;1090,096
054:0,006;38,259;101,204;204,103;238,251;333,067;365,134;396,244;649,210;778,177;825,109;1147,139
055:0,006;38,259;72,199;101,063;122,093;126,113;368,177;842,233;1027,038;1155,039;1183,274
056:0,006;11,012;26,057;191,226;270,085;354,119;482,079;498,109;859,219;872,101;952,050;993,121;1129,038;1134,258
057:0,006;34,159;61,215;105,037;131,142;361,153;819,101;916,196;951,112;1027,038;1139,141;1175,039
058:0,006;26,057;66,210;392,151;514,026;793,145;804,209;929,147;1149,076
059:0,006;8,013;21,143;118,152;167,007;187,078;364,073;381,117;476,239;490,028;493,222;579,239;601,108;602,194;864,119;916,169;922,177;1036,038;1179,166
060:0,006;26,057;79,176;382,240;432,026;708,047;712,222;762,141;859,102;1137,212
061:0,007;116,189;160,062;185,213;215,087;273,070;396,260;630,216;659,102;866,041;871,100;1184,043;1193,218
062:0,007;126,143;331,272;339,143;518,146;710,107;716,074;986,195;1083,154
063:0,007;168,033;184,090;250,054;404,058;406,088;436,212;614,026;659,257;689,055;708,074;728,219;883,237;961,197
064:0,007;26,057;131,182;305,078;349,233;365,272;404,180;473,115;494,119;708,074;794,212;1121,213;1185,214
065:0,007;117,209;156,243;388,129;407,201;412,219;490,028;538,221;597,088;614,186;658,111;675,218;947,141;1149,115;1195,109
066:0,007;210,067;436,212;445,250;606,047;615,212;668,145;751,052;832,029;917,166;930,141;955,104;976,254
067:0,007;205,170;267,267;361,189;400,219;552,235;633,084;650,052;657,088;708,074;807,052;890,075;901,148;962,186
068:0,007;147,272;198,111;296,067;439,239;451,141;490,028;529,212;657,154;890,096;907,218;910,142;912,186;998,201;1108,102
069:0,007;117,209;199,140;236,031;245,107;356,209;761,219;820,162
070:0,007;182,247;373,067;391,189;442,180;455,143;462,222;643,046;645,182;688,273;832,029;862,155;1028,221;1051,244
071:0,008;141,227;153,150;214,054;267,168;417,139;500,089;608,221;701,210;767,222;1077,217;1115,227;1149,245;1182,096
072:0,008;16,012;68,065;122,215;160,062;180,054;237,239;244,096;517,221;562,168;694,047;744,176;943,103
073:0,008;68,065;142,218;177,274;180,054;321,219;377,258;410,090;439,173;467,028;536,027;555,233;638,046;798,032;924,154
074:0,008;68,065;81,090;130,186;600,090;681,262;832,029;899,112;970,125;1028,238;1057,192;1061,088
075:0,008;45,137;120,037;143,056;170,033;180,054;259,032;286,218;327,204;364,073;371,222;414,156;479,242;509,125;742,182;862,120;902,117;928,146;929,249;937,048;959,115;1124,134;1146,100;1150,125
076:0,008;49,002;111,003;151,231;160,062;166,212;180,054;224,274;280,090;483,245;484,156;487,052;512,244;716,027;784,226;1183,193
077:0,008;45,137;143,056;156,209;364,073;367,161;425,257;658,094;682,226;700,152;732,167;768,052;789,103;794,075;903,088;908,079;982,112;1011,096;1036,043;1053,114
078:0,008;81,090;112,210;176,037;193,238;237,158;301,184;329,274;359,204;364,073;429,135;602,226;800,103;842,184
079:0,008;39,225;68,065;85,274;151,231;324,134;356,092;512,108;526,027;774,120;972,209;1069,126;1098,201;1191,118
080:0,008;117,206;141,227;143,056;156,243;160,062;199,228;362,067;367,161;437,132;538,139;580,032;654,124;668,168;783,126;871,103;987,154;1077,117;1164,147
081:0,009;111,250;311,133;350,047;366,132;432,030;481,170;528,239;899,088;902,152;917,027;968,030;1000,260;1009,143
082:0,009;97,158;221,133;420,193;432,030;482,047;754,136;906,027;968,234
083:0,009;62,092;116,076;127,193;206,033;211,149;351,273;440,202;525,143;584,144;590,062;656,154;852,101;863,213;1035,197;1153,195
084:0,009;76,174;155,067;163,107;200,243;299,209;336,189;382,247;392,090;398,109;772,027;858,094;867,197;910,096;1089,165;1103,254;1124,233
085:0,009;127,193;143,056;225,273;322,122;419,125;432,030;498,129;540,174;797,032;843,143;845,108;895,055;902,139;909,125;966,184;1052,233;1121,043;1173,126
086:0,009;58,020;202,258;226,186;266,174;378,139;383,219;406,199;426,244;430,176;513,032;579,090;617,094;662,134;814,168;858,250;868,154;904,129;975,214;1089,041;1097,039;1158,251
087:0,009;78,092;97,252;147,109;289,032;307,202;383,133;594,062;684,105;838,032;842,027;901,272
088:0,009;59,254;290,174;362,180;432,030;534,202;615,129;745,032;810,114;1045,079;1199,088
089:0,009;62,092;74,013;88,257;205,197;240,068;321,240;322,061;419,125;825,167;1079,186;1107,103
090:0,009;70,158;217,193;220,096;359,226;437,257;602,129;615,151;736,074;783,125;888,109;915,027;948,184;962,273;1129,212;1135,254
091:0,010;31,052;36,168;172,105;185,274;217,158;283,272;296,233;308,093;323,126;467,192;561,089;626,123;664,222;775,167;807,052;869,237;911,146
092:0,010;10,046;31,052;63,003;79,176;122,067;127,245;280,204;282,274;331,061;386,176;428,057;578,094;656,026;812,152
093:0,010;47,109;222,227;285,158;560,047;594,124;659,193;811,168;1036,097;1044,117
094:0,010;10,046;31,052;81,210;90,011;123,141;316,191;370,057;764,186;809,140;1032,244;1120,157;1123,096;1166,178
095:0,010;11,020;31,052;88,223;238,087;241,257;401,073;445,090;536,201;947,197;955,115;957,211;988,104;1075,252;1178,211
096:0,010;47,103;150,113;190,126;205,185;370,057;890,252;1057,222
097:0,010;31,020;90,168;210,170;300,221;311,185;370,057;446,037;488,073;512,052;541,115;547,272;640,090;747,156;812,152;831,027;854,133;884,126;896,258;913,168;1097,226;1119,238;1160,094
098:0,010;10,046;63,159;197,054;230,184;403,073;629,218;637,092;642,272;695,026;729,057;825,219;854,133;1033,146;1062,103;1095,043;1112,121
099:0,010;12,017;44,247;168,174;174,086;351,221;353,032;355,193;370,107;533,151;596,126;616,124;649,174;682,212;769,076;1022,273;1183,082
100:0,010;15,109;147,227;239,181;293,119;356,094;370,057;722,219;745,041;775,166;776,142;840,186;857,115;889,168;902,133;995,165;1068,209
101:0,011;126,156;244,134;275,111;500,140;559,073;584,032;611,108;665,057;692,161;835,043;966,137;1037,038;1039,228;1053,041
102:0,011;162,067;170,269;240,068;243,088;256,032;365,244;425,178;430,201;457,193;723,113;737,026;743,197;824,120;836,129;879,136;1071,217;1073,167;1152,227;1175,117;1178,155
103:0,011;64,191;70,111;153,007;179,035;248,193;339,243;460,052;714,174;743,081;799,244;860,027;955,178;960,090;1017,041;1053,174;1116,262;1123,092;1129,125;1130,165;1144,119
104:0,011;147,272;170,269;255,057;282,226;308,221;403,134;601,052;825,226;980,143;1166,102
105:0,011;126,223;164,145;218,213;255,057;324,178;362,069;392,066;460,052;569,123;573,069;654,233;930,258;1018,133;1195,204
106:0,011;148,063;255,057;286,144;505,080;601,052;826,145;835,043;935,041;1039,174;1070,147
107:0,011;129,169;179,035;406,092;431,094;436,088;446,057;460,052;680,249;926,043;1087,136;1111,048;1127,169
108:0,011;125,150;179,035;262,213;410,227;464,174;643,062;708,257;746,184;772,057;835,043;1071,217;1131,188;1191,245
109:0,011;96,228;131,086;160,228;255,057;333,058;345,240;435,202;460,052;814,115
110:0,011;244,134;566,158;571,047;627,136;768,214;782,158;852,081;905,108;1084,100;1121,146;1134,148
111:0,012;69,007;87,235;122,026;194,061;203,078;299,079;315,069;605,139;890,250;905,153;922,126;1135,109
112:0,012;106,113;139,167;322,218;405,047;583,156;722,052;795,129;832,029;850,055;934,254;1080,085;1174,197
113:0,012;10,046;14,012;58,020;70,230;122,026;219,149;244,194;266,181;322,069;448,110;689,055;737,173;850,055;1036,256;1102,048
114:0,012;66,257;98,107;131,117;299,061;315,069;653,219;710,134;725,182;733,084;761,103;786,145;850,055;905,262;1115,048;1198,196
115:0,012;92,106;273,070;294,173;436,272;443,172;521,092;628,186;728,094;754,193;1009,117;1023,258
116:0,012;67,192;315,069;383,178;419,113;420,182;436,173;501,057;523,081;850,055;897,115;922,048
117:0,012;28,169;121,037;122,026;217,240;315,069;660,047;729,204;837,119;843,090;954,027;1001,166;1153,100
118:0,012;28,169;48,018;106,063;122,026;132,099;308,202;321,076;382,141;397,238;434,247;494,094;509,105;514,126;554,238;689,055;742,096;794,166;850,055;922,237;1036,256
119:0,012;179,240;282,049;325,124;467,111;659,216;723,047;782,166;947,048
120:0,012;39,225;67,192;281,105;289,144;448,161;461,032;559,140;566,178;621,088;689,055;756,169;787,209;823,147;924,218;985,094;998,075;1011,152;1057,221
121:0,013;89,248;259,238;412,026;513,069;525,052;533,102;658,213;758,084;833,029;872,043;1067,039
122:0,013;117,245;134,097;286,076;391,096;425,113;509,173;527,156;578,126;580,032;772,075;1017,097
123:0,013;55,204;87,180;98,097;111,199;187,239;220,031;441,125;452,218;671,032;810,258;881,050;1025,134;1111,139;1192,048
124:0,013;98,097;155,053;187,239;194,273;220,031;249,156;355,047;374,124;485,144;537,057;545,251;578,102;580,032;643,177;764,174;881,050;1034,188;1130,039
125:0,013;64,106;124,238;301,145;320,177;633,136;654,141;808,238;1015,169;1068,238
126:0,013;89,248;126,189;357,139;666,144;734,168;762,039;881,050;989,117;1067,039
127:0,013;87,180;220,031;330,093;331,141;362,047;389,146;429,103;465,125;469,140;472,057;535,161;570,221;670,038;675,209;753,039;876,194;885,050;969,079;1035,155;1176,039
128:0,013;96,228;150,107;162,159;227,079;266,233;271,088;293,227;297,089;452,079;496,273;598,032;605,052;628,156;843,117;853,169;866,114;905,092;1067,039;1179,133
129:0,013;89,178;121,053;186,248;287,186;361,238;396,209;485,215;645,080;744,039;816,196;881,050;970,260
130:0,013;103,105;501,174;536,213;580,032;823,100;829,186;837,213;845,262
131:0,014;20,004;89,096;234,032;263,135;491,226;599,209;672,244;675,194;1107,125;1125,115;1131,114;1148,038;1159,146
132:0,014;14,062;30,196;283,254;359,129;472,108;482,169;561,027;752,107;806,213;820,117;826,260;886,112;893,090;940,244;1028,233;1064,200
133:0,014;14,254;55,129;160,152;180,169;612,262;614,115;650,222;655,038;716,223;741,235;776,110;920,244;958,141;1128,194
134:0,014;12,005;25,126;317,066;425,168;560,226;679,084;728,046;741,235;771,250;949,101;955,080;967,090;980,192;1093,168
135:0,014;14,062;55,129;121,133;187,078;201,235;302,245;841,165;896,104;935,233;1035,200
136:0,014;14,062;55,204;161,174;168,204;183,267;192,087;227,231;317,066;516,057;775,108;1192,195
137:0,014;30,196;89,096;198,117;377,058;379,142;434,079;465,052;506,216;815,148;898,158;924,273;992,103;1043,041;1066,233
138:0,014;14,062;60,111;70,106;82,156;123,167;128,170;177,072;184,168;185,189;222,067;227,189;317,066;404,146;430,251;674,038;691,110;720,139;733,216;767,168;812,165;989,211;1100,126;1169,081
139:0,014;26,126;69,015;121,133;215,185;285,192;548,107;788,238;794,057;806,145;818,216;930,107;970,148;1025,090
140:0,014;14,254;60,111;216,235;317,066;355,199;443,169;446,158;653,176;724,132;863,055;896,104
141:0,015;112,053;210,115;391,262;481,161;527,173;566,117;635,146;794,041;816,112;869,088;1117,209
142:0,015;128,170;142,007;170,181;234,032;320,250;455,069;479,242;526,027;758,221;775,057;800,165;826,112;843,075;932,120;968,221;1024,171;1168,114
143:0,015;80,063;112,053;188,229;194,061;283,070;362,156;404,262;515,028;532,141;642,262;692,096;701,057;779,239
144:0,015;80,063;148,026;175,185;210,115;332,173;404,119;469,235;643,126;706,178;780,222;950,050;968,137;1030,119;1120,041;1141,178;1144,082;1162,110
145:0,015;121,007;194,061;220,031;240,068;251,191;358,032;526,027;642,235;690,238;752,112;811,178;925,027;934,117;975,030;1044,157;1106,215;1110,201;1126,043;1147,048
146:0,015;80,063;112,053;158,108;184,035;234,032;391,109;392,032;515,145;526,027;573,143;685,046;708,140;950,201;974,077;1048,043
147:0,015;17,227;80,063;150,201;194,061;496,088;576,027;663,212;731,166;791,153;881,169;1041,249;1061,234;1122,178
148:0,015;106,180;171,251;234,032;504,159;590,145;790,092;1048,090;1114,256
149:0,015;159,099;173,103;191,191;313,061;389,105;402,267;404,117;436,069;440,028;514,092;516,176;680,178;983,213
150:0,015;137,245;322,156;440,028;474,186;627,201;678,047;681,166;744,096;755,260;825,028;862,141;871,152;875,221;983,050;1005,186;1078,157
151:0,016;101,063;191,260;274,032;350,047;747,186;753,213;794,214;810,146;854,197;864,168;867,193;1179,048
152:0,016;107,020;142,095;305,158;311,194;357,210;469,156;502,057;521,167;590,213;748,057;750,037;899,146;900,134;938,254;956,216
153:0,016;90,197;121,257;222,109;350,047;503,107;515,032;516,107;585,084;587,101;755,180;815,204;911,197;989,221
154:0,016;112,053;189,227;196,218;317,258;329,251;536,108;576,027;594,102;627,062;727,262;751,134;1025,102;1073,228
155:0,016;121,251;143,063;274,186;275,122;301,243;329,032;386,047;715,090;840,258;935,166;999,041;1149,079
156:0,016;13,141;113,273;647,134;651,140;780,094;981,117;999,245;1005,121;1107,107;1124,174
157:0,016;179,035;224,239;228,242;282,067;286,153;350,047;520,167;750,037;765,115;851,173;1182,252
158:0,016;90,197;204,223;225,035;228,242;286,153;704,115;707,084;755,090;882,102;945,209;972,227
159:0,016;113,273;156,170;173,129;184,099;332,178;485,117;488,096;630,178;638,046;767,147;976,126;1067,039;1160,134
160:0,016;193,180;385,272;513,111;641,096;686,062;712,136;750,037;932,119
161:0,017;147,270;149,026;169,067;193,119;268,103;368,174;428,235;467,117;562,046;846,272;992,114;1131,237
162:0,017;39,221;304,151;312,204;327,079;388,142;449,245;474,057;476,180;543,245;686,052;731,110;1088,041;1175,244
163:0,017;6,271;73,105;154,235;205,199;232,193;245,076;272,090;273,176;315,254;338,219;389,159;463,052;474,173;651,132;740,039;858,215;931,088;974,048;1067,169;1127,193
164:0,017;62,007;68,152;92,196;341,235;483,069;562,046;704,176;890,169;914,048;1131,039;1140,129
165:0,017;39,145;171,218;187,072;193,119;332,145;334,094;335,058;428,192;454,238;562,046;607,103;620,052;660,184;679,260;859,186;940,110
166:0,017;78,151;172,152;181,033;263,180;360,145;370,085;479,126;585,132;664,251;673,026;775,184;842,142
167:0,017;39,221;268,061;406,184;476,180;493,069;582,081;739,151;776,221;788,096;866,041
168:0,017;81,191;181,151;299,070;322,262;396,069;541,103;562,046;753,214;914,048;951,027;971,171
169:0,017;26,013;64,191;92,238;163,270;170,223;191,103;389,243;562,046;779,262;807,227;914,048;967,146;1028,166
170:0,017;90,206;143,191;244,032;249,067;256,233;501,110;767,221;870,260;936,194;1115,222
171:0,018;121,182;126,197;240,068;278,170;326,140;446,037;463,216;627,117;887,030;902,143;929,148;1107,094
172:0,018;91,186;129,106;303,058;430,029;446,037;532,081;559,123;560,126;570,172;877,162;884,139;1079,169;1093,094;1151,211
173:0,018;165,072;217,129;384,073;391,047;436,141;448,182;465,161;862,166;907,041;959,139;1134,157
174:0,018;91,186;202,159;240,068;299,177;302,078;303,058;441,172;451,117;463,216;506,233;839,141;942,030;1005,079;1148,257
175:0,018;73,250;90,235;195,210;282,049;336,222;360,251;364,169;430,029;444,226;548,079;660,218;723,026;765,257;845,161;866,096;885,257
176:0,018;36,168;67,020;96,267;165,072;240,260;282,049;299,177;367,239;430,029;448,110;501,215;588,143;895,176
177:0,018;85,238;100,007;165,072;185,087;210,174;282,049;303,058;384,073;481,094;544,172;1040,107
178:0,018;97,005;126,093;282,049;303,058;336,222;374,145;409,109;446,037;451,057;497,079;603,273;882,027;884,030;975,107;1086,102;1103,169
179:0,018;71,156;187,168;237,223;240,068;259,181;264,089;289,049;326,140;492,202;499,176;590,107;697,201;881,196;914,141;927,075;1023,043;1188,174
180:0,018;41,009;64,156;73,250;165,072;264,089;384,073;571,169;725,092;743,197;749,174;757,158;894,172;1041,193;1124,048
181:0,019;76,011;92,252;150,122;171,037;177,210;181,079;227,093;345,218;516,094;575,202;614,251;619,090;633,032;705,041;718,026;733,032;906,079;966,167;1065,152
182:0,019;62,057;63,254;267,129;315,239;575,132;650,117;705,041;883,094;1017,192;1043,228
183:0,019;104,093;198,122;378,170;385,032;563,084;621,158;688,132;712,126;779,105;837,216;943,030;999,155
184:0,019;61,271;112,258;123,005;136,176;184,142;381,262;391,193;413,108;446,273;493,135;677,062;708,088;886,075;1000,188;1027,038;1184,085
185:0,019;53,079;173,227;184,054;193,250;217,257;335,182;384,073;452,108;468,159;478,168;494,209;545,105;609,135;705,041;708,088;830,142;878,109;883,081;914,196;1065,097;1098,162
186:0,019;46,002;93,259;97,122;245,239;360,176;494,026;510,202;544,090;569,115;686,174;705,041;743,212;897,041;919,257;965,176;1047,213;1110,167;1151,141
187:0,019;46,007;97,122;144,248;172,193;578,073;581,249;674,029;792,027;901,080
188:0,019;56,159;93,034;104,093;115,151;123,026;179,088;303,235;337,094;412,258;562,026;628,102;801,180;803,081;881,219;886,260;895,100;958,215;1105,153;1120,038
189:0,019;35,109;47,103;190,133;199,240;209,201;267,135;321,210;337,151;634,103;740,153;762,041;1056,082;1136,041
190:0,019;112,258;184,095;355,107;486,221;492,145;570,140;673,119;746,039;758,209;801,221;931,043;1056,082
191:0,020;126,090;175,272;379,109;387,059;494,245;511,062;791,107;877,135;928,234;968,109;1046,209;1054,092
192:0,020;22,085;54,011;115,076;297,240;373,132;451,212;507,194;641,029;749,112;777,100;823,135;951,053;960,214;1135,273
193:0,020;22,009;156,251;316,199;387,059;447,109;458,244;511,062;610,146;627,133;641,029;683,075;764,052;777,100;888,143;964,258;1106,043
194:0,020;173,194;205,133;302,088;387,059;479,026;573,062;748,204;779,136;877,085
195:0,020;180,063;221,271;231,180;248,271;323,088;412,272;428,238;531,062;641,029;683,075;824,173;825,028;836,209;953,134;1011,249;1066,146;1115,176
196:0,020;112,167;221,271;312,095;453,169;462,109;494,156;606,249;683,075;763,245;769,216;829,134;839,101;844,112;911,167;951,053;955,075;1013,226;1052,178;1127,201;1184,143;1187,107
197:0,020;22,085;167,072;191,182;355,202;432,174;479,125;496,180;795,245;951,053;1023,200;1063,043
198:0,020;150,240;173,194;274,032;288,228;297,254;303,090;358,194;387,059;486,178;507,247;511,062;736,074;757,129;790,197;945,030;960,077;973,171;1019,134
199:0,020;150,240;189,063;193,204;350,245;387,059;457,172;562,046;638,263;653,257;911,204;1026,041
200:0,020;143,085;149,169;261,247;511,062;641,029;683,075;746,215;951,053;1041,076
