001:0,001;64,210;72,096;211,112;215,035;251,190;325,272;327,180;368,095;452,076;506,043;559,104;627,169;751,022;780,257;821,041;872,057;946,045;1070,202;1160,176
002:0,001;193,056;233,067;317,174;408,180;411,253;458,273;546,033;601,229;734,118;751,022;765,260;826,079;929,038;1002,079;1101,177;1147,070
003:0,001;46,235;75,113;107,192;178,150;335,274;407,250;551,061;645,076;663,136;751,022;801,247;811,180;860,192;1122,087;1185,202
004:0,001;72,016;75,250;184,113;188,015;237,035;336,236;344,141;438,154;441,101;449,145;462,109;489,058;492,270;592,257;610,259;751,022;808,162;868,249;926,057;957,045;990,275
005:0,001;18,204;140,188;214,067;327,030;363,077;387,244;438,091;454,241;528,154;546,033;694,252;715,231;751,022;963,268
006:0,001;142,242;189,266;214,067;358,083;389,233;666,039;892,164
007:0,001;70,002;89,274;196,112;214,067;215,035;268,048;333,060;407,136;553,251;558,129;588,096;629,213;666,039;774,224;816,222;1185,105
008:0,001;72,096;129,192;155,235;215,035;284,174;389,267;396,158;546,033;574,118;699,229;751,022;785,129;963,268
009:0,001;170,245;183,120;214,067;215,035;313,138;375,043;546,033;580,121;709,118;751,022;804,162;806,161;931,167;1130,213
010:0,001;64,210;159,057;214,067;284,174;289,180;303,029;368,095;416,043;554,092;558,169;581,069;583,186;703,095;746,173;751,022;755,067;809,039;1109,258
011:0,002;57,072;131,213;187,235;211,015;222,076;342,030;373,263;390,043;480,058;874,115;946,045;951,245;1104,115
012:0,002;31,262;129,049;160,229;240,003;302,198;449,076;480,058;920,193;1015,174;1065,045
013:0,002;120,112;193,056;273,210;524,121;662,192;712,058;875,196;909,229;955,039;1015,174;1091,260
014:0,002;148,229;242,101;316,102;480,058;876,104;894,115
015:0,002;110,170;181,233;202,253;384,231;502,263;507,238;549,174;623,136;662,257;744,167;763,138;773,233;1037,138
016:0,002;111,225;118,242;131,003;252,029;318,225;417,107;470,042;558,257;564,229;637,058;661,272;851,086;919,183;1055,095;1079,274
017:0,002;31,262;139,003;285,029;334,202;346,233;385,151;457,271;546,033;626,261;736,245;774,178;806,049;809,274;1121,246;1122,220
018:0,002;120,112;199,178;392,210;706,231;714,128;787,132;814,187;872,095;924,068;989,092;1181,128
019:0,002;71,026;132,235;134,168;154,015;259,056;307,270;468,101;484,076;631,049;767,198;864,041;874,115;883,272;923,240;948,273;1092,220;1112,080
020:0,002;123,162;194,168;230,237;249,188;273,173;311,163;383,254;425,040;472,078;474,132;480,058;908,275;956,115;1101,090;1103,174;1156,100
021:0,003;304,136;436,254;449,180;456,081;816,185;832,142;907,197;1015,196;1030,045;1088,117
022:0,003;60,198;310,043;315,259;375,173;464,197;539,041;643,164;748,275;758,220;899,208;1055,077;1122,045
023:0,003;304,136;310,043;426,234;809,127;1157,220
024:0,003;181,192;243,183;258,128;279,080;596,092;642,198;643,037;690,105;1129,275
025:0,003;315,259;366,172;444,069;574,188;764,162;841,041;903,220;1081,121;1089,079;1200,161
026:0,003;214,067;248,164;258,112;292,052;348,136;357,160;426,234;709,045;869,198;968,202;985,141;1078,120;1086,259;1101,045
027:0,003;5,028;60,149;143,003;282,167;310,043;337,089;367,255;392,031;398,221;453,043;500,161;779,171;780,037;870,195;907,077;1032,176
028:0,003;284,015;285,127;310,043;415,113;466,168;638,132;721,273;741,225;1000,266;1167,246
029:0,003;268,048;292,052;433,031;523,083;561,136;699,127;721,224;784,220;1155,253;1183,256
030:0,003;89,257;164,067;167,050;271,270;277,135;292,052;310,043;470,107;714,138;755,067;841,081;893,264;949,045;1134,070
031:0,004;101,260;345,077;360,198;515,174;532,257;654,061;678,121;756,068;1067,150
032:0,004;239,015;283,067;312,244;362,028;396,185;654,135;848,255
033:0,004;171,050;192,260;298,221;388,119;425,043;441,261;467,237;502,249;513,260;518,061;692,222;693,218;707,240;756,068;948,104;961,257;1130,105
034:0,004;6,170;85,274;86,002;188,218;191,128;344,149;423,220;579,076;645,271;732,150;748,128;756,068;834,167;891,079;1081,266;1082,116
035:0,004;160,067;175,019;202,015;290,187;356,031;496,101;518,061;729,220;756,068;926,107;936,127;1114,084
036:0,004;160,049;190,011;243,135;270,227;453,107;461,096;525,180;533,042;539,087;685,101;803,058;903,118
037:0,004;209,258;323,173;439,031;441,261;518,061;600,150;664,109;841,121;855,185;961,138;993,275;1000,195
038:0,004;193,170;260,250;367,272;518,061;532,257;544,158;580,240;669,251;700,079;800,222;804,039;876,181;920,068;1061,177;1105,138
039:0,004;48,226;58,020;101,260;147,210;195,082;197,245;300,262;328,049;346,114;366,259;418,026;421,121;531,069;540,042;550,173;680,141;713,251;734,048;742,167;783,089;808,068;958,066;979,231;1044,142;1109,113
040:0,004;129,262;234,074;276,188;290,187;374,031;398,178;408,030;420,240;533,101;591,188;763,077;810,037;827,221;853,057;903,273;1001,077;1115,251;1161,048
041:0,005;20,004;47,266;50,093;57,072;87,237;219,249;239,056;342,048;345,077;518,086;586,169;618,056;655,095;867,039;1070,212
042:0,005;21,019;83,015;97,006;123,015;168,040;183,145;218,149;309,047;327,130;368,188;448,129;618,056;743,252;767,161;1014,189
043:0,005;57,072;77,128;165,192;223,039;230,112;331,031;381,275;407,151;412,270;993,222;1002,240
044:0,005;48,274;97,266;269,183;432,196;490,198;702,089;743,104;850,136
045:0,005;29,027;42,231;64,097;223,039;232,109;239,056;264,241;266,221;279,067;420,028;436,238;456,263;484,064;508,135;566,069;681,105;756,129;808,272;862,225
046:0,005;71,080;132,040;139,049;148,257;223,039;249,190;328,185;344,127;559,104;618,056;642,259;687,208;699,178;720,208;827,119;1096,075;1118,154
047:0,005;28,253;47,266;128,057;179,040;218,149;440,127;783,039;784,186;870,195;944,229;1020,193;1084,101
048:0,005;8,238;140,019;293,030;324,101;737,078;759,192;1024,132;1055,245;1092,218;1096,075;1108,245;1114,162
049:0,005;21,155;57,072;113,183;211,176;239,056;240,151;389,273;710,210;736,218;1028,073;1122,185
050:0,005;26,231;185,040;239,056;327,130;383,187;598,129;748,270;1094,131;1117,258
051:0,006;237,096;452,263;455,188;480,196;525,275;542,041;608,258;800,131;818,037;845,045;862,087;966,252;1035,197;1131,131
052:0,006;192,218;237,221;268,048;396,086;482,115;491,261;580,239;663,273;944,195;996,086;1103,073
053:0,006;214,188;226,275;296,057;351,212;367,028;414,174;487,223;508,145;666,233;687,150;724,087;813,078;938,057;956,066;972,185;1046,229;1055,196
054:0,006;219,227;268,048;380,171;393,239;463,064;506,157;838,266;945,116;1081,168;1188,196
055:0,006;192,084;276,229;295,127;322,079;328,273;396,086;490,188;551,261;1058,131
056:0,006;108,244;131,006;226,275;268,048;270,015;296,057;325,198;351,150;419,026;421,028;426,249;428,188;516,058;535,118;730,098;824,095;953,168
057:0,006;267,081;268,048;301,158;392,151;396,168;437,136;576,150;809,183;908,129;960,274;1067,270;1077,247;1172,239
058:0,006;229,132;234,074;281,138;296,057;338,221;404,028;508,042;567,089;694,173;695,213;916,259;1077,081
059:0,006;192,084;250,060;296,057;333,040;351,212;537,133;557,240;854,145;967,104;1020,275;1107,273
060:0,006;255,056;292,048;363,092;461,116;696,260;854,208;855,240;867,260;896,240
061:0,007;99,019;129,150;222,145;540,220;782,180;817,251;841,109
062:0,007;80,100;227,188;375,037;465,240;480,238;504,154;523,047;543,188;566,186;568,138;661,038;821,077;882,039;954,249;1081,162;1092,245
063:0,007;80,100;199,231;281,275;375,037;418,115;433,135;463,255;519,260;532,238;652,092;661,038;730,249;784,068;831,168;868,039;895,162;920,195;1041,095;1055,225;1067,117;1106,233;1156,142;1184,095
064:0,007;85,079;98,254;109,257;110,274;188,082;237,067;252,192;375,037;406,249;731,151;834,150;1009,081;1062,104;1074,253;1149,181
065:0,007;48,188;244,227;616,218;769,037;775,116;908,100;910,038;1052,246;1119,271;1135,232;1155,229
066:0,007;90,004;137,198;198,145;341,040;418,115;452,069;598,049;661,038;746,127;861,107;898,104
067:0,007;79,089;207,109;289,035;293,174;301,260;384,138;434,275;477,121;519,170;1103,251;1136,142;1178,084
068:0,007;79,089;326,188;342,210;343,192;375,037;414,251;657,198;661,038;947,039;1008,129;1147,154;1191,181
069:0,007;98,254;315,128;396,131;416,077;460,253;815,259;985,231;1114,070
070:0,007;119,254;466,223;494,132;619,089;656,229;698,255;873,100;904,089;950,202
071:0,008;23,140;173,060;349,078;451,109;453,247;470,095;569,084;596,241;636,037;680,264;701,274;718,245;722,038;774,100;834,107;847,098;1138,251
072:0,008;23,094;32,245;75,155;112,226;138,140;189,113;344,162;650,109;654,170;677,049;682,039;699,136;834,039;838,266;1068,195;1113,181;1134,107;1191,262
073:0,008;48,226;72,028;117,158;206,011;291,225;474,107;497,048;583,061;631,045;732,225;808,101;1051,107;1076,185;1159,177
074:0,008;110,119;255,262;493,242;545,069;567,098;672,077;761,121;771,107;993,105;1141,073
075:0,008;23,094;59,019;68,252;100,049;110,119;117,158;173,060;327,249;328,060;423,220;468,213;533,224;669,168;814,164;824,140;1059,073;1107,080
076:0,008;48,094;72,028;173,060;311,271;409,157;497,238;512,095;631,045;755,171;788,173;791,058;815,253
077:0,008;72,028;94,026;194,087;377,239;388,153;438,242;447,115;474,225;692,180;703,107;747,208;790,171;845,132
078:0,008;41,274;72,028;230,114;375,213;457,225;741,249;861,261;1017,073;1065,226;1114,259;1133,079
079:0,008;30,120;173,060;349,078;512,231;744,174;760,095;792,138;888,131;1078,045;1172,256
080:0,008;30,120;189,133;257,060;399,030;493,208;673,061;738,180;793,141;999,247;1082,055;1094,104;1166,157
081:0,009;5,150;139,245;167,114;169,238;206,233;307,047;342,263;554,260;620,213;974,081;1003,245;1044,227;1080,073;1108,142;1143,197;1146,270
082:0,009;134,245;307,047;409,150;555,107;566,119;573,061;755,067;759,259;764,274;777,119;829,202;876,196;885,202;940,039;956,066;997,189;1011,255;1116,055;1169,249
083:0,009;172,225;288,138;467,242;546,241;693,259;911,142;1107,189
084:0,009;5,150;42,170;124,176;208,210;321,049;332,208;414,032;469,239;493,213;605,061;637,272;792,140;848,162;855,171;1123,229;1148,230;1190,226
085:0,009;133,019;158,223;180,040;192,029;283,067;320,162;385,107;414,032;424,099;444,275;516,263;534,210;666,239;750,045;792,140;819,227;827,264;869,227;1121,142;1124,262;1187,127
086:0,009;189,183;450,096;670,162;690,240;702,058;759,204;766,150;1051,231
087:0,009;192,029;261,107;452,138;558,212;1069,132;1112,173
088:0,009;131,019;156,223;202,162;332,208;369,132;469,043;577,155;621,202;956,066;1117,055;1157,105;1177,090
089:0,009;138,085;178,172;183,003;192,029;311,127;404,141;414,032;426,119;485,086;513,271;522,119;536,167;558,061;621,202;808,178;822,241;956,066;984,128;1010,273
090:0,009;128,082;190,153;192,029;307,047;451,119;751,022;779,161;798,095;816,231;895,196;1061,084;1087,045;1096,109
091:0,010;37,113;152,237;461,172;517,041;564,273;619,037;1006,213;1027,073;1047,038;1052,117;1082,055
092:0,010;44,223;107,067;258,151;381,237;482,173;546,033;657,081;804,154;813,176;1008,073;1077,270;1138,260;1170,174
093:0,010;57,241;151,149;162,019;216,171;299,079;325,254;376,188;407,208;448,043;470,220;517,041;619,037;887,068;934,210;1043,249
094:0,010;190,101;420,241;579,185;599,031;639,231;691,084;989,073;1083,232;1084,249;1158,128;1165,245
095:0,010;30,097;72,019;183,073;216,171;274,087;313,172;461,212;480,253;485,212;515,078;619,037;853,057;953,218;1083,232
096:0,010;89,198;107,067;169,270;380,141;403,145;415,040;430,041;510,069;516,133;564,198;575,031;619,037;660,049;710,186;758,224;767,079;853,057;936,084;946,081;970,087;989,073;1082,055;1131,170;1158,136
097:0,010;35,018;44,223;107,067;177,221;249,218;491,086;821,129;891,058;902,057;989,073
098:0,010;32,245;57,133;177,221;236,029;264,153;424,259;493,081;612,079;644,174;734,045;902,118;913,258;956,138;960,241;989,073;1059,120;1082,055;1124,245;1128,230
099:0,010;35,016;107,067;190,101;236,172;285,091;427,225;428,153;519,135;611,197;718,252;847,109;853,057;863,109;918,196;1014,150;1079,251;1082,055;1128,195;1189,247
100:0,010;30,097;64,249;210,015;236,153;250,270;268,213;314,155;322,048;366,131;517,041;622,104;818,068;897,168;939,121;1072,174
101:0,011;8,238;207,239;249,190;251,155;307,249;332,028;506,186;542,074;661,192;845,258;892,089;1101,048
102:0,011;207,239;290,049;332,028;412,187;535,132;1015,129;1058,033;1101,048
103:0,011;123,160;225,003;298,109;449,102;477,231;532,173;798,045;838,239;1089,033
104:0,011;195,113;208,262;274,003;326,210;332,028;536,167;542,074;605,261;622,132;627,238;640,119;736,145;972,095;1033,185;1099,033
105:0,011;266,271;290,049;349,272;634,178;693,098;758,045;778,058;811,210;933,109;1085,251;1095,210
106:0,011;258,015;308,171;319,275;444,251;529,129;546,109;675,098;724,186;872,208;894,234;1101,048
107:0,011;290,049;331,040;332,028;337,093;381,096;423,151;435,183;490,089;541,145;542,074;639,183;799,173;819,089;899,038;1058,033;1158,123
108:0,011;266,271;312,229;469,145;498,259;638,061;755,067;793,210;801,170;1182,164
109:0,011;269,229;332,028;461,183;637,186;718,168;743,229;862,162;1058,033;1084,247
110:0,011;255,015;264,083;290,049;337,093;542,074;559,133;581,247;763,098;764,167;827,218;830,208;839,227;1039,089;1058,033;1096,075;1101,048
111:0,012;8,078;25,155;112,235;135,040;424,141;452,172;470,042;587,220;701,187;766,247;855,057;894,091;1030,181;1060,257;1070,070
112:0,012;134,255;281,029;311,231;401,212;439,028;454,222;679,061;840,260;1123,048;1152,123
113:0,012;6,170;20,009;24,149;83,258;284,267;341,043;367,239;454,222;470,267;499,262;557,042;584,275;661,096;666,039;826,038;1012,270;1026,128;1070,070
114:0,012;5,028;187,136;194,155;239,074;291,170;361,089;470,042;635,100;721,048;725,185;809,212;875,252;956,039;964,193
115:0,012;5,028;237,180;276,056;298,132;372,089;511,169;635,100
116:0,012;59,016;61,102;135,235;182,028;245,257;296,067;317,087;712,173;744,039;830,271;1023,167;1169,091
117:0,012;5,028;49,196;165,244;225,003;270,096;272,060;284,267;294,107;364,084;572,255;682,089;756,101;1194,233
118:0,012;5,028;47,244;289,030;357,031;377,040;448,084;489,237;523,047;537,272;654,260;761,164;864,218;912,091;1044,271;1075,229
119:0,012;14,011;44,219;173,133;231,219;255,029;315,052;327,047;389,080;595,161;720,192;750,241;1070,070
120:0,012;49,196;370,260;376,076;451,253;470,042;584,275;740,258;826,041;875,239;943,218;947,079;998,241;1070,070;1144,193;1192,087
121:0,013;56,244;102,080;133,015;134,102;294,052;362,043;394,031;396,242;416,141;419,178;551,239;615,227;839,058;950,068;990,217
122:0,013;31,019;61,102;85,114;214,172;328,171;384,229;423,131;713,121;791,167;964,262;1114,045
123:0,013;60,002;87,241;182,079;290,168;717,039;890,233;946,045
124:0,013;20,008;43,249;160,183;177,158;275,096;312,047;332,274;528,131;578,119;620,227;629,212;786,171;875,116;1122,197
125:0,013;12,005;16,188;130,006;193,253;236,173;367,170;516,107;539,255;571,180;595,135;806,105;984,213;1002,154;1125,255;1160,232;1180,266
126:0,013;34,253;109,252;135,051;201,180;771,240;817,098;990,217
127:0,013;13,219;46,002;135,051;182,079;308,242;477,259;554,145;596,136;613,031;643,241;725,048;789,264;824,154;929,193;953,233;1095,196;1099,161
128:0,013;35,140;135,051;152,102;267,249;309,060;425,170;465,208;512,043;547,227;596,198;635,107;698,049;830,058;871,247;929,038;940,154;1001,107;1133,246;1151,129
129:0,013;58,093;73,176;138,085;178,140;226,040;236,173;266,150;287,185;303,272;304,233;815,261;855,157;943,161;1151,070
130:0,013;33,160;75,026;85,114;166,049;256,084;298,167;393,132;452,064;494,161;587,109;647,131;747,048;756,231;774,271;782,187;995,098;1008,257;1036,100;1079,257;1180,233;1191,045
131:0,014;33,179;149,116;234,074;246,128;257,119;319,096;342,084;362,026;456,081;486,064;499,218;614,084;667,045;693,274;709,154;768,068;781,231;891,222;946,045;1041,252
132:0,014;55,160;351,060;360,092;530,076;548,240;577,158;583,069;605,258;704,222;770,198;998,212;1144,261
133:0,014;41,007;104,049;280,250;384,259;461,239;466,185;514,196;550,154;618,081;647,180;687,087;894,167;928,087;1092,266
134:0,014;27,093;71,204;125,231;146,176;232,040;342,263;351,076;375,250;472,138;507,076;519,151;727,132;743,271;1090,177;1099,119
135:0,014;19,017;100,049;287,084;442,109;465,092;480,218;535,260;550,167;567,041;637,154;702,162;800,078;858,275;903,078;1099,239;1165,197
136:0,014;33,179;118,028;149,150;172,168;356,187;401,006;447,247;542,074;577,098;611,185;719,257;931,118;1116,127
137:0,014;15,252;138,170;424,150;452,249;467,135;496,077;663,255;843,176;1139,259;1174,104
138:0,014;34,176;100,049;151,119;445,157;461,077;495,064;503,243;511,271;512,089;531,249;721,048;754,176;837,151
139:0,014;21,020;27,093;34,176;35,016;100,049;234,074;253,217;292,052;330,272;355,153;377,196;384,163;425,208;476,151;653,077;721,048;754,170;758,022;765,092
140:0,014;106,049;253,060;267,164;520,077;649,104;721,048;806,038;922,100;1009,225;1048,233
141:0,015;305,118;366,109;395,162;729,264;743,210
142:0,015;265,255;363,267;493,109;543,187;666,039;729,084;841,239;862,121;917,128;971,275;991,229;1070,070;1127,116;1196,222
143:0,015;305,118;414,032;415,113;444,153;484,170;617,239;839,119;1139,150
144:0,015;321,233;328,251;336,178;618,056;637,037;714,131;884,230;1119,118
145:0,015;336,236;351,185;424,121;465,091;546,099;580,257;588,260;673,187;696,241;748,132;779,178;822,104;943,057;972,090;1086,261;1148,218;1196,257
146:0,015;225,257;226,035;282,185;376,158;404,040;429,129;520,042;523,047;557,245;600,178;775,239;808,045;884,230;1050,157
147:0,015;7,080;46,003;131,133;160,241;186,250;259,056;278,197;499,153;703,045;716,141;773,218;779,154;788,224;818,038;844,084;935,162;977,197;1121,048
148:0,015;311,150;405,260;491,255;656,151;963,068;1053,185;1075,090
149:0,015;356,224;464,093;523,047;574,141;956,197;972,090;1017,261;1138,132;1198,116
150:0,015;63,019;227,066;260,060;359,224;480,247;523,047;558,049;690,138;694,233;764,234;787,252;1055,230;1083,091
151:0,016;48,255;250,210;266,158;361,026;440,064;544,031;554,100;583,107;624,170;630,098;685,157;879,039;948,239
152:0,016;118,242;248,109;361,026;418,109;440,064;478,176;623,037;826,142;1038,192;1139,167
153:0,016;110,228;186,210;223,242;335,267;383,116;440,064;554,100;586,041;657,185;1019,162;1170,127;1183,092
154:0,016;101,102;110,113;130,050;267,116;367,026;397,037;478,176;516,185;521,212;612,208;729,038;803,208;1118,177;1125,117;1185,170
155:0,016;75,245;130,050;184,270;207,167;286,251;405,231;454,154;598,145;732,092;762,128
156:0,016;81,145;137,004;190,011;194,076;221,089;255,164;267,116;743,241;796,173;1053,140
157:0,016;48,219;130,050;260,040;269,080;361,026;441,197;462,231;472,239;522,238;526,176;570,245;790,037;829,128;843,145;848,225;857,272;924,168;1063,181;1102,107
158:0,016;50,255;115,015;124,170;130,050;272,132;274,029;398,157;440,064;524,153;660,076;668,145;714,274;798,245;950,247;1068,252;1191,195
159:0,016;40,080;75,231;110,228;223,039;224,152;301,160;310,164;396,174;749,231;814,247;986,162;1005,222;1053,210;1066,045;1099,073
160:0,016;99,161;117,003;169,172;236,167;271,089;361,026;483,099;523,208;584,131;631,045;883,057;937,213;1112,196;1168,185
161:0,017;24,133;70,057;172,249;275,162;307,040;326,273;385,253;450,229;534,247;700,225;718,234;764,038;789,068;991,038;1182,261;1184,151;1192,230
162:0,017;110,176;115,004;183,155;190,097;224,019;299,163;430,041;509,239;575,141;649,078;716,180;724,109;831,240;923,138;1089,271
163:0,017;102,167;137,219;250,152;304,135;331,031;665,049;775,121;876,140;1010,253;1023,098;1193,117
164:0,017;24,133;41,176;70,057;219,060;244,091;366,135;382,251;425,229;441,030;513,243;538,031;678,045;817,049;843,038;1111,141
165:0,017;70,057;197,028;227,066;270,221;331,031;404,118;409,274;489,031;631,045;680,039;758,038;810,081
166:0,017;70,057;216,082;240,249;254,253;405,093;430,041;458,213;465,109;557,271;633,079;725,241;738,178;752,261;783,170;786,136;1151,231
167:0,017;102,167;227,066;286,158;297,197;430,041;480,250;584,084;703,116;846,229;938,107;1039,038
168:0,017;126,057;183,155;325,114;331,031;580,133;594,086;605,270;698,045;789,234;880,255;1001,141;1176,251
169:0,017;87,245;139,257;148,250;227,066;389,031;641,129;775,245;777,038;892,187;1019,161;1097,164;1125,171
170:0,017;69,192;112,153;149,128;212,060;222,100;274,107;279,171;378,037;438,154;485,158;538,118;572,078;811,077;996,138;1007,039;1016,121;1089,222;1094,230;1130,226;1176,271
171:0,018;84,168;132,096;141,145;177,225;216,113;314,271;448,151;500,223;503,240;549,091;683,264;904,081;941,078
172:0,018;67,258;148,262;174,231;364,028;396,241;444,069;597,180;643,169;748,273;780,218;821,041;847,164;1085,055;1090,140
173:0,018;71,026;176,109;193,056;212,128;244,091;282,218;415,030;427,180;444,069;585,155;650,227;809,039;856,275;976,084;1057,229;1101,225
174:0,018;71,026;131,213;259,237;310,043;351,210;388,087;444,069;514,222;824,089;881,127;926,260;1066,129;1160,274;1176,170
175:0,018;43,237;71,026;84,168;193,056;203,198;278,040;415,099;568,213;622,031;627,058;737,107;821,041;844,234;1098,100;1102,232;1104,086
176:0,018;66,237;122,026;135,051;147,178;212,011;220,213;482,043;562,197;884,157;1047,213
177:0,018;99,009;100,011;122,161;147,178;160,096;264,083;430,240;452,132;519,197;603,154;1095,128;1147,177
178:0,018;68,128;71,026;132,040;396,241;414,091;683,038;787,262
179:0,018;67,258;68,128;132,040;298,231;309,060;317,258;356,128;400,076;440,238;490,253;792,273;878,171
180:0,018;132,040;231,225;312,167;373,180;394,083;438,095;508,243;529,271;747,089;821,041;877,168;922,264;946,057;1028,090;1063,208;1117,222
181:0,019;237,217;262,056;289,030;391,135;519,183;1052,218;1191,260
182:0,019;63,079;87,145;150,028;171,233;289,030;479,169;558,049;930,113;936,086;968,151;1152,070
183:0,019;227,035;299,255;488,078;530,164;787,274;930,113;1081,150;1118,077;1124,078;1140,098
184:0,019;289,272;340,229;379,260;576,218;677,092;969,167;1009,189;1089,095
185:0,019;226,035;247,135;417,095;428,135;432,185;459,173;514,138;956,113
186:0,019;29,027;78,015;107,226;125,028;147,116;249,132;267,266;289,030;318,141;377,212;393,040;481,172;517,041;542,180;559,188;578,164;635,257;699,170;752,168;822,181;1191,270
187:0,019;7,080;29,027;79,004;107,049;155,145;196,257;305,030;473,164;546,247;559,127;672,210;783,245;995,187;1022,131;1052,246
188:0,019;234,178;332,119;358,135;363,262;558,049;821,258;955,089;1037,091;1126,270;1152,212
189:0,019;29,027;58,018;63,079;81,235;111,250;136,266;147,019;249,132;356,096;377,119;386,208;405,164;468,157;665,049;822,181;862,079;888,212;996,202;1070,226
190:0,019;289,030;511,069;538,119;559,238;626,187;801,253;951,095;1164,119
191:0,020;100,161;149,113;189,228;190,073;194,162;231,192;332,160;401,006;411,255;413,221;456,150;580,079;602,245;711,061;720,145;830,180;843,251;1067,033
192:0,020;69,153;103,265;182,109;228,250;260,244;401,006;455,186;494,239;497,048;525,084;547,158;561,251;765,197;932,181;1029,253;1068,173;1096,075;1121,132;1135,192;1142,078
193:0,020;68,218;273,102;415,026;447,212;455,186;595,101;682,224;705,247;794,262;955,266;992,087;1198,274
194:0,020;68,218;165,028;245,168;267,242;299,112;315,237;357,030;362,136;401,006;516,229;580,176;789,249;1042,270;1055,073;1200,087
195:0,020;46,235;126,179;187,136;198,056;199,196;456,115;491,119;497,048;502,092;727,275;768,259;807,086;1172,167
196:0,020;103,265;159,015;174,178;191,114;316,257;401,006;457,223;475,224;722,107;736,119;784,039;823,131;981,157;1136,257
197:0,020;89,257;102,210;127,026;128,082;183,073;197,087;265,035;316,257;401,006;417,196;423,271;505,058;569,079;630,086;735,077;816,135;843,173
198:0,020;69,153;355,030;428,026;479,275;542,096;567,089;602,095;696,252;721,037;818,168;887,121;986,259
199:0,020;72,019;143,011;183,073;206,076;393,037;401,006;427,026;481,227;529,198;554,231;558,049;625,056;637,176;712,045;775,229;829,257;1004,084;1155,033;1194,168
200:0,020;40,002;69,150;89,149;165,258;183,073;236,251;307,047;324,113;347,145;401,006;464,180;497,048;519,061;699,128;718,274;756,251;1106,218;1125,090;1175,129
