001:0,001;18,056;142,179;143,142;241,237;271,238;274,163;283,261;357,036;461,134;586,030;588,062;618,134;640,205;660,231;696,056;736,173;759,242;859,236;952,275;1135,170
002:0,001;72,006;108,001;155,027;239,036;334,181;383,053;439,045;458,085;486,113;559,043;578,268;588,247;650,190;813,259;1011,118;1092,131;1175,105
003:0,001;163,237;367,132;383,053;427,123;588,062;773,138;814,240;833,244;1093,224
004:0,001;155,027;240,182;357,036;442,158;480,085;622,150;667,221;790,204;920,117;964,257;974,158;1083,142
005:0,001;243,058;327,101;439,045;512,099;567,264;581,249;696,056;753,062;821,158;945,105
006:0,001;155,027;239,036;312,062;357,036;439,045;474,225;588,062;696,056;707,236;911,127;1088,267;1124,055
007:0,001;169,258;239,036;351,245;357,079;379,069;383,053;389,104;428,091;439,045;461,248;465,168;611,146;613,078;666,060;703,204;989,145;1026,126;1047,254;1064,218;1180,142
008:0,001;181,155;189,003;240,117;253,236;312,062;334,181;383,053;402,068;510,092;542,127;588,062;667,221;677,261;750,073;837,209;935,184;1018,222;1137,166
009:0,001;158,206;160,027;239,036;302,238;312,062;323,101;550,268;568,036;597,092;805,104;887,260;1030,218;1188,077
010:0,001;155,027;163,237;229,106;297,163;346,136;357,036;467,205;628,100;696,056;697,031;712,027;760,155;771,274;881,118;991,092;1036,026;1061,131;1082,260;1184,244
011:0,002;117,174;201,050;226,225;362,153;365,036;397,151;542,047;593,153;895,070;944,237;1079,099;1117,126;1158,070
012:0,002;149,085;298,258;508,262;520,112;542,047;597,240;629,060;682,222;807,155;920,238;1016,157;1047,240
013:0,002;95,072;173,248;225,221;304,074;372,144;644,256;711,253;779,110;789,113;851,092;901,145;986,134;1056,026;1110,086
014:0,002;102,017;161,222;201,050;272,178;388,079;397,068;444,109;447,221;448,151;467,160;721,093;822,168;856,080;879,254;923,155;1000,159;1189,140
015:0,002;103,041;105,238;177,059;201,050;224,071;226,225;339,178;375,036;426,184;432,226;453,052;463,238;703,098;718,245;807,124;951,086
016:0,002;141,143;197,083;309,145;373,153;383,092;565,261;567,217;806,113;823,234;845,078;958,037;1062,240
017:0,002;15,266;260,150;272,189;468,151;475,061;516,154;529,275;730,203;756,236;782,118;792,121;958,037;1067,070
018:0,002;105,238;116,017;138,185;212,238;227,239;364,036;374,161;426,184;476,154;477,189;499,042;503,187;540,121;855,091;920,253;976,151;1000,171;1025,170;1057,134;1097,037
019:0,002;117,174;374,128;381,111;599,042;741,113;799,252
020:0,002;113,258;368,066;381,111;542,047;641,194;653,207;703,215;713,217;760,155;1083,201;1156,037
021:0,003;44,137;165,134;450,045;476,042;509,040;545,180;605,154;931,045;1162,201
022:0,003;95,154;172,162;233,057;243,034;274,027;278,201;279,269;386,154;395,220;522,104;601,127;677,091;753,175;824,070;872,062;931,045;1037,257
023:0,003;28,221;72,087;158,047;165,080;213,030;226,071;247,091;377,115;412,130;464,124;678,080;1066,252;1077,268
024:0,003;36,219;158,047;213,269;274,027;322,066;362,265;373,268;514,189;760,171;986,242;1082,204;1089,138
025:0,003;65,006;94,239;203,073;233,057;259,248;272,216;274,027;299,091;322,066;380,258;391,132;456,226;504,040;519,264;540,043;563,136;643,060;652,248;821,256;931,045;1005,081
026:0,003;46,005;55,258;74,106;140,068;158,047;191,155;206,273;211,073;219,247;239,003;249,090;271,054;278,201;341,050;352,161;513,099;525,242;1147,055;1176,263;1187,144
027:0,003;44,137;100,138;240,073;353,170;476,091;487,127;503,154;551,100;553,030;607,175;734,031;806,189;989,121;1065,045;1074,247
028:0,003;31,001;72,087;214,166;233,057;269,236;274,027;293,226;307,269;378,221;414,217;598,209;715,247;770,124;785,192;931,045;1166,242
029:0,003;6,056;36,219;132,191;140,083;225,101;237,191;246,124;664,248;832,252;945,267;1101,124;1124,215
030:0,003;28,221;137,273;150,085;158,047;165,134;201,106;227,202;322,066;393,203;431,123;458,138;569,274;667,043;718,117;844,215;1084,126;1119,236
031:0,004;29,073;39,256;64,001;110,185;124,008;147,143;162,071;169,030;213,124;292,231;379,134;465,127;540,043;578,077;609,231;638,220;661,173;703,100;780,207;799,127;899,184;927,190
032:0,004;72,226;107,008;129,220;387,239;456,257;474,042;731,128;903,027;951,086;1052,182;1084,252;1140,055;1154,112
033:0,004;48,256;80,258;146,030;251,081;406,042;439,172;604,165;749,146;923,066;943,113;1142,126
034:0,004;18,179;122,137;543,069;567,085;607,192;923,066;1004,055;1039,252;1050,235;1137,155
035:0,004;64,080;129,220;302,104;335,032;383,126;409,042;624,142;986,268;1066,026;1109,055
036:0,004;29,073;43,115;108,257;180,160;274,134;348,053;355,265;356,112;373,145;393,150;397,036;400,126;543,069;572,089;622,190;643,136;656,127;865,242;907,103
037:0,004;25,188;169,104;519,061;543,069;561,153;628,126;676,142;802,100;831,191;987,085;988,253;1021,155;1169,173;1188,099
038:0,004;29,073;81,118;95,017;106,072;125,003;180,137;406,042;445,219;555,226;818,173;848,175;1051,263
039:0,004;25,188;146,243;193,032;228,030;329,234;406,042;780,138;785,203;865,173;871,191;947,231;1052,203
040:0,004;83,071;268,083;291,085;363,107;376,231;406,042;572,089;656,042;726,240;770,244;827,215;901,165;923,066;985,146
041:0,005;35,034;122,206;210,249;253,163;254,071;260,231;342,140;543,069;561,274;597,225;652,028;768,168;1075,254;1113,105;1171,191
042:0,005;61,016;75,259;102,036;194,032;205,058;230,064;241,236;258,140;539,231;554,166;604,142;652,028;811,221
043:0,005;59,014;102,268;150,159;266,160;293,171;313,226;322,228;347,261;442,172;553,171;613,042;814,112
044:0,005;67,090;92,006;93,003;122,206;156,068;163,242;482,245;547,043;583,258;597,187;635,203;727,268;753,245;835,113;904,274;1048,145;1187,254
045:0,005;31,222;151,187;214,202;221,030;275,219;287,128;310,113;448,107;462,194;471,146;538,167;606,065;652,028;807,109;913,113;958,037;1017,112;1153,153
046:0,005;81,159;165,143;361,274;563,209;576,078;606,065;633,101;742,085;973,168;990,190;1053,113
047:0,005;98,231;102,036;179,160;233,057;255,150;260,239;292,143;385,171;462,268;658,239;776,037;791,259;817,275;1020,248
048:0,005;52,232;98,231;283,064;386,118;702,028;824,240;860,184;874,136;913,213;1034,275
049:0,005;61,104;170,219;442,213;497,178;569,100;606,065;617,149;652,028;808,118;818,184;898,231
050:0,005;102,036;174,008;178,059;210,249;239,027;244,226;471,113;519,258;566,118;586,231;649,134;759,144;786,267;823,222;850,248
051:0,006;125,213;172,268;238,054;384,149;530,080;577,275;598,148;762,238;886,267;999,045;1092,154;1147,236
052:0,006;129,071;180,161;204,085;205,104;246,160;253,054;318,140;331,091;333,243;338,154;366,069;389,148;414,204;536,205;538,043;562,113;755,268;912,027;922,254;937,073;979,166;1136,182
053:0,006;90,163;99,123;100,161;175,140;195,046;256,196;272,241;283,221;373,205;408,248;416,258;475,248;499,239;538,043;592,141;615,220;769,113;783,221;805,207;1000,267;1073,055;1107,070
054:0,006;124,008;180,128;182,154;195,046;298,192;464,109;549,047;557,191;559,080;676,110;761,028;798,252;827,118;877,259;977,224;998,204;1070,170;1122,133;1128,099;1166,126
055:0,006;91,273;92,207;232,030;251,107;260,115;329,208;405,160;453,239;567,111;575,047;645,057;763,182;783,134;788,150;938,073;1064,026;1124,151
056:0,006;90,163;220,003;284,079;290,118;326,074;526,080;538,043;596,157;622,092;686,184;708,187;727,027;735,237;830,194;853,268;985,170
057:0,006;91,192;128,213;188,166;211,241;300,268;377,113;384,149;491,264;515,150;568,105;827,073;977,224;1058,086;1072,191;1088,225
058:0,006;122,068;209,123;226,268;366,069;391,257;450,262;485,168;509,256;793,167;966,026;1009,081;1030,153;1134,124
059:0,006;88,202;91,192;141,238;195,046;284,079;398,242;415,097;421,159;556,047;597,234;797,125;878,150;1061,070;1128,117
060:0,006;139,155;195,046;251,107;298,192;467,072;498,253;532,109;538,043;568,105;601,180;617,267;706,057;850,153;955,134;976,073;1125,253
061:0,007;32,052;36,261;65,117;154,003;319,078;333,213;548,150;713,125;1143,275
062:0,007;37,008;44,154;145,110;254,153;260,174;322,066;383,092;465,038;476,036;590,066;686,093;698,192;712,027;799,191;846,223;1057,026;1122,133
063:0,007;61,273;200,120;224,106;285,142;308,072;389,215;578,101;621,151;658,089;712,027;845,261;998,177
064:0,007;32,052;118,036;126,262;234,083;239,123;294,213;303,240;431,262;465,038;474,092;491,194;582,107;655,146;765,223
065:0,007;39,171;65,241;66,273;86,030;164,273;214,064;233,081;245,112;279,205;464,192;484,046;505,145;509,192;560,167;590,066;665,093;712,027;868,237;958,154;1168,194
066:0,007;32,052;41,123;124,176;148,178;163,117;190,100;250,190;320,219;333,257;459,113;484,046;529,275;537,242;590,066;635,146;662,136;712,159;715,211;725,219;809,222;821,247;1054,045
067:0,007;41,123;97,034;105,128;169,257;335,196;348,163;362,225;645,219;732,057;796,028;837,240;912,173
068:0,007;65,117;182,257;316,191;475,256;491,148;536,142;599,157;781,028;879,203;1000,218;1023,263;1088,219;1178,231
069:0,007;32,052;44,115;184,187;250,032;274,178;319,196;328,083;367,248;383,128;465,264;484,046;560,114;571,258;586,192;606,065;755,101;800,221;858,168;958,037;1004,259;1097,168
070:0,007;126,262;207,213;436,168;458,231;465,038;470,173;502,132;526,036;541,158;547,072;590,066;634,217;665,093;685,030;688,173;821,177
071:0,008;187,239;219,171;284,191;392,072;599,253;767,189;799,191;830,145;842,210;1009,109;1011,080;1048,219
072:0,008;192,059;210,034;279,205;332,050;369,072;410,142;474,107;519,134;918,158
073:0,008;29,073;188,240;226,058;306,215;419,205;525,171;553,158;638,099;955,244;1019,093;1056,207;1154,134
074:0,008;192,081;225,253;312,239;321,202;322,073;346,201;438,061;477,036;493,234;577,081;675,204;780,194;1163,085
075:0,008;255,089;292,072;541,080;550,099;623,146;638,081;753,107;803,138;1062,093
076:0,008;223,187;231,231;234,027;266,268;285,238;292,072;632,260;829,190;926,204;1167,048
077:0,008;234,248;360,036;362,072;372,144;457,036;586,211;618,264;666,099;698,124;737,219;867,194;969,177;988,093;1167,048
078:0,008;158,047;240,174;255,089;292,072;615,167;626,157;646,042;655,225;667,268;705,078;768,148
079:0,008;82,221;229,154;235,073;339,072;506,061;659,190;986,138;1167,048
080:0,008;238,187;250,127;292,072;354,180;537,081;540,078;586,211;646,151;685,201
081:0,009;11,242;142,261;212,132;318,081;423,166;497,154;510,217;560,109;667,043;684,103;781,062;1039,064;1097,237
082:0,009;23,008;35,266;38,243;75,014;117,093;202,119;206,054;257,166;313,074;318,238;352,073;368,182;400,196;416,072;567,159;970,187;992,136
083:0,009;65,071;380,178;550,154;859,102;888,144;936,215;1000,045;1060,080
084:0,009;61,159;134,036;188,240;301,124;409,203;777,261;826,173;975,159;1127,235
085:0,009;11,242;162,124;224,242;282,173;403,231;446,072;523,148;586,080;719,104;734,080;851,027;917,236;1080,145
086:0,009;21,222;65,071;282,173;597,118;759,077;962,055;969,037
087:0,009;22,176;120,238;130,071;171,269;202,027;219,081;259,163;367,262;376,174;494,061;538,043;553,153;558,081;565,244;616,180;659,128;671,124;1039,064;1045,213;1079,185;1166,224
088:0,009;55,187;127,074;182,243;335,123;390,196;395,153;436,036;482,158;484,046;506,145;667,043;715,145;766,125;792,057;794,062;971,248;1002,102;1087,026;1112,134;1152,259
089:0,009;21,222;28,198;65,071;161,266;295,180;349,225;435,061;471,244;523,113;681,109;726,165;893,127;971,222;996,189;1039,064;1093,037;1133,081;1144,175
090:0,009;30,017;45,192;65,071;275,190;288,032;289,153;398,274;468,261;517,110;624,077;632,182;667,150;861,222;1039,064;1063,194
091:0,010;7,147;84,030;249,153;285,196;286,150;322,078;382,268;403,236;628,215;832,259;854,197;1160,222
092:0,010;19,243;138,163;270,119;311,241;312,127;366,069;383,160;417,042;432,171;611,103;700,037;836,187;1144,125;1179,138
093:0,010;73,239;161,147;306,110;365,222;413,268;455,153;585,158;678,204;690,077;699,127;753,165;786,062;810,218;1051,153
094:0,010;107,008;114,071;124,161;282,160;306,220;340,189;391,078;515,107;769,146;815,201;890,092;982,127;1048,189;1099,191;1192,104
095:0,010;6,056;43,138;222,125;256,117;302,236;397,120;411,107;418,119;439,256;604,042;621,211;725,119;743,242;750,194;774,109;775,153;827,144;974,077;1100,118
096:0,010;19,243;36,268;224,050;287,136;341,180;428,042;462,247;550,130;656,028;718,197;761,127;796,166;888,197
097:0,010;6,056;27,147;188,118;283,032;337,078;490,036;509,226;590,261;651,262;691,221;775,217;810,218;998,103;1019,185
098:0,010;36,268;99,261;133,036;185,106;219,117;220,265;259,243;266,171;342,109;393,113;416,081;501,110;746,239;775,247;798,037;833,187;963,121;1000,026;1075,173;1098,158;1123,101
099:0,010;6,056;43,138;96,002;123,147;160,036;187,027;192,147;341,104;386,112;812,254;921,092;1035,219;1071,080
100:0,010;27,013;44,104;135,140;209,087;312,062;368,190;652,197;827,245;845,117;916,073;941,146;1066,077;1177,127
101:0,011;41,001;49,159;70,241;124,031;143,020;159,132;188,253;215,232;226,134;265,130;304,190;405,067;485,158;502,040;518,261;558,231;605,268;718,171;1103,104;1184,171
102:0,011;110,185;120,231;123,090;132,166;143,020;156,232;219,228;228,064;273,097;405,067;479,203;565,030;586,234;592,062;602,057;836,105;933,126;936,128;1003,248;1012,151;1115,102;1181,219
103:0,011;31,265;157,059;181,087;199,189;219,085;287,243;320,147;431,228;444,247;461,061;492,046;521,268;544,047;650,119;714,057;748,213;897,184;1004,224;1146,081
104:0,011;48,002;60,098;143,020;232,127;318,253;425,148;433,170;502,040;509,137;543,205;661,201;683,151;1051,099
105:0,011;40,257;143,020;169,036;237,261;269,154;502,040;550,126;566,148;601,189;1112,167
106:0,011;49,171;117,093;121,118;143,020;157,059;188,253;474,231;569,220;619,184;848,070;891,104;1074,223
107:0,011;43,012;66,017;86,232;117,090;119,115;124,031;134,192;143,020;168,103;194,243;229,030;262,126;352,231;369,143;422,100;491,134;504,091;553,030;624,182;1011,037
108:0,011;54,017;73,272;124,031;157,059;232,054;243,165;503,226;553,030;639,231;897,167;1027,109;1089,127;1143,191;1159,252;1183,154
109:0,011;55,017;140,123;159,132;225,054;278,165;405,067;472,228;504,158;553,030;567,127;649,042;696,113;697,073;750,236;753,109;1091,102;1128,108
110:0,011;31,265;127,261;143,020;167,115;262,036;354,262;405,067;490,121;535,201;688,182;753,104;791,158;812,245;825,027;834,102;1112,127;1174,093
111:0,012;13,106;153,008;199,235;206,050;356,266;500,068;504,128;530,167;531,117;603,160;656,171;713,262;747,254;854,027;917,112;943,254;1142,070
112:0,012;71,178;194,054;222,150;252,074;265,153;329,117;388,107;397,068;528,167;556,112;609,104;722,028;756,192;773,220;1021,091;1179,131
113:0,012;89,124;195,039;214,064;296,113;375,083;397,068;515,209;516,036;747,254;783,103;851,027;927,123
114:0,012;75,034;82,130;139,124;150,090;214,064;250,032;317,208;366,069;397,068;577,197;714,150;725,184;803,247;981,026;1122,254;1187,085
115:0,012;69,207;214,064;288,242;386,118;403,072;429,161;494,191;575,092;590,264;611,145;821,226;860,253;909,220;1033,134;1035,167;1068,073;1086,070
116:0,012;13,106;70,071;71,178;72,120;318,117;327,074;390,204;409,100;417,113;457,191;512,072;562,267;595,126;620,101;704,247;705,167;820,219;884,123;1021,175;1095,146
117:0,012;72,120;195,039;222,150;248,247;436,085;454,113;464,132;575,128;598,166;824,236;826,070;868,123;906,166;974,117;1070,175;1105,244;1118,140;1148,127
118:0,012;112,081;136,017;162,269;214,064;296,113;300,050;403,036;603,184;678,030;729,191;738,126;925,254;991,240;1046,123
119:0,012;65,171;145,106;182,179;220,117;503,209;507,100;523,173;528,262;616,166;788,091;1050,117;1120,189
120:0,012;165,178;174,081;195,039;219,247;374,085;475,123;542,047;554,092;613,171;719,105;1108,175
121:0,013;88,003;290,109;317,118;340,041;427,244;462,144;586,077;642,158;789,070;1001,131
122:0,013;88,003;293,154;317,083;324,074;343,066;348,053;352,085;407,231;423,215;681,213;740,167;781,070;1061,078
123:0,013;83,110;144,171;249,046;251,191;308,082;340,041;366,194;427,244;580,149;602,057;837,245;864,121;945,126;1010,136;1057,274;1065,136;1184,267
124:0,013;65,071;70,223;88,003;354,240;379,262;443,160;594,239;712,231;731,267;943,112;1016,210;1037,134;1169,204
125:0,013;33,209;88,003;127,166;131,031;141,130;241,119;597,173;602,057;695,275;793,254;798,136;851,104;977,173;1016,101;1038,073;1064,224;1071,055;1078,225
126:0,013;88,003;301,109;348,053;368,110;509,127;512,165;602,057;741,119;781,070;838,159;998,085;1128,133
127:0,013;88,003;308,082;358,136;365,220;605,128;722,073;748,150;781,070
128:0,013;18,179;151,231;229,222;340,041;348,053;366,194;529,136;785,037;866,093;960,209;967,153;980,125;1038,055
129:0,013;88,003;157,059;219,228;291,241;340,041;360,138;383,240;689,220;722,192;729,136;999,080;1009,254;1024,209;1138,159
130:0,013;96,001;103,130;256,228;415,153;545,109;753,037;769,118;781,070;1001,131;1048,073;1061,078
131:0,014;114,036;147,118;178,142;205,058;338,073;351,245;428,068;440,158;457,036;462,123;472,119;575,184;590,118;596,104;615,105;678,274;689,100;832,231;933,237;934,055
132:0,014;85,112;205,058;253,128;328,166;420,238;482,258;576,150;608,085;688,073;785,272;829,073;873,221;1015,128
133:0,014;83,110;393,117;412,168;475,262;575,068;579,119;699,078;837,272;934,055;1195,197
134:0,014;20,198;54,083;152,100;167,003;194,196;223,136;234,071;250,190;267,222;436,240;442,201;506,118;558,236;565,172;674,153;764,256;905,261;934,055;1031,171
135:0,014;108,226;143,020;152,209;205,058;286,120;411,068;466,171;473,180;575,068;597,226;688,073;729,104;810,057;825,092;881,151;912,027;934,185;1029,168
136:0,014;88,003;340,239;423,126;437,231;520,209;550,036;566,192;584,146;587,262;638,144;728,234;849,101;1014,182;1038,244;1136,151;1159,101
137:0,014;85,112;342,234;367,219;570,151;575,068;688,073;998,142;1068,231;1129,158
138:0,014;141,241;265,266;347,050;359,238;371,201;394,072;429,081;451,159;540,239;633,180;688,073;788,101;1144,142;1179,070
139:0,014;44,154;92,209;96,071;112,218;160,221;176,232;204,140;314,119;370,261;415,173;438,072;454,184;607,275;681,264;712,260;794,157;854,113;942,213
140:0,014;93,003;161,265;410,221;467,158;536,194;617,261;854,062;931,142;934,055
141:0,015;28,034;69,207;76,235;181,213;229,221;240,215;370,174;644,167;694,037;748,223;836,062;964,257;1031,238;1040,144
142:0,015;50,128;61,189;73,230;93,100;131,171;143,179;204,050;233,145;414,091;624,085;734,168;748,109;764,057;869,167;895,153;1046,238
143:0,015;73,230;96,189;270,243;283,130;370,103;633,077;820,244;836,062;933,078;968,154;998,073;1092,193
144:0,015;33,189;148,235;224,087;279,237;694,037;792,109;799,117;1015,168;1025,253;1038,221
145:0,015;50,128;132,218;233,145;297,083;300,103;367,239;374,237;611,148;671,146;682,127;694,037;847,245;865,203;866,240;976,236;1128,055;1146,070
146:0,015;31,013;117,142;120,081;180,238;415,109;524,127;561,168;719,103;991,263;1047,253;1136,037
147:0,015;33,189;43,002;117,142;153,154;279,100;677,028;694,037;737,121;758,203;801,057;880,244;947,121;983,070;1101,175;1126,244
148:0,015;33,209;158,189;185,159;211,081;214,269;306,201;367,236;489,171;512,247;569,191;577,154;604,144;617,262;832,248;966,191;1057,151;1136,260;1149,103
149:0,015;42,266;138,219;270,103;280,110;291,159;345,265;351,090;371,150;513,213;536,158;539,146;629,060;667,043;674,249;699,274;717,121;726,158;917,151;935,272;950,109;996,237
150:0,015;61,241;95,072;119,068;168,103;293,160;397,166;582,126;588,215;615,167;719,201;775,240;790,110;854,220;872,027;923,066;965,261;982,260;1106,173;1143,235
151:0,016;76,119;161,054;266,115;309,073;311,130;351,066;400,168;432,150;543,204;617,256;642,103;672,148;682,180;688,146;736,220;842,073;923,272;946,252;999,168;1005,113;1035,259;1199,190
152:0,016;75,124;136,176;161,054;214,140;224,073;242,054;316,128;347,091;388,061;535,107;557,128;610,119;648,264;694,240;817,078;923,077;1047,210;1065,125;1179,091
153:0,016;80,162;252,074;348,097;388,061;561,149;641,197;644,168;759,173;785,197;859,110;937,242;985,257;1129,171;1167,260
154:0,016;81,232;84,030;252,074;339,115;388,061;533,249;646,098;707,151;802,203;1042,222
155:0,016;76,222;84,030;116,068;179,248;252,074;327,123;353,126;380,123;382,091;404,189;589,078;704,238
156:0,016;100,161;103,243;161,191;252,074;347,090;406,145;413,165;711,144;861,154;964,268
157:0,016;75,160;103,232;161,054;234,196;247,104;290,107;508,104;582,204;659,107;751,091;837,070;941,055;958,240;1007,187
158:0,016;84,030;192,196;289,201;301,083;400,191;417,126;420,190;616,117;792,194;823,146;975,142;1028,037
159:0,016;77,124;80,162;161,054;252,074;296,072;320,274;370,228;511,068;517,136;539,128;544,069;646,098;683,117;709,073;817,151;833,093;862,136;872,219;983,201;1078,274
160:0,016;84,030;214,119;222,118;294,127;307,125;317,236;341,128;567,184;571,236;719,101;760,028;798,253;1089,155;1120,193
161:0,017;139,125;198,034;295,097;306,221;404,061;470,146;571,036;625,175;751,062;756,272;914,080;995,167
162:0,017;64,080;193,032;198,034;250,032;258,120;271,136;434,248;453,052;573,260;614,141;621,204;678,030;692,223;751,062;843,134;1029,073;1068,045;1091,108;1122,267;1165,209
163:0,017;163,188;245,180;316,032;395,264;452,097;490,266;499,274;547,187;700,112;885,219;1037,215
164:0,017;139,265;199,188;223,073;250,032;413,103;495,149;573,260;692,223;738,031;751,062;842,213;939,150;1048,127;1105,091;1164,197;1173,185
165:0,017;51,068;137,128;193,032;197,030;214,261;339,160;360,245;568,247;674,043;675,187;720,238;739,027;899,173;911,070;1084,117
166:0,017;213,202;285,265;319,100;402,110;408,159;410,110;496,148;501,238;641,237;854,261;900,102;991,219;1023,145;1051,101;1091,108;1199,145
167:0,017;146,171;193,032;198,034;250,032;373,136;441,138;453,052;479,192;667,211;705,268;829,166
168:0,017;83,272;124,142;139,125;378,036;386,123;395,264;638,112;678,030;697,085;1156,154
169:0,017;156,258;168,123;199,136;212,050;245,180;289,248;397,143;420,117;652,238;710,081;753,159;831,165;919,210;966,070;977,263;1007,121;1078,167;1089,213
170:0,017;148,242;176,106;198,034;242,188;250,032;453,052;537,132;575,068;582,173;678,030;712,256;725,207;751,062;801,177;954,073;977,144;1178,254
171:0,018;5,272;81,118;213,103;266,126;397,091;425,261;609,172;640,236;683,030;745,175;1005,073;1019,104
172:0,018;5,272;51,068;193,132;203,073;205,058;238,138;358,150;366,147;441,242;508,081;533,154;539,236;552,253;651,172;678,030;882,210;906,128;1068,148
173:0,018;64,068;262,159;396,231;402,097;482,068;529,249;576,245;701,099;774,253;821,027;953,170;1020,045;1035,103;1145,102
174:0,018;83,105;166,119;195,039;206,226;251,150;381,238;443,173;460,239;497,085;558,245;749,110;937,073;964,078;966,026;1095,091;1096,210
175:0,018;95,072;168,218;228,189;324,142;609,194;737,027;857,128;913,109;942,151;975,113;992,191;1141,253
176:0,018;52,083;123,166;388,061;409,097;411,154;441,225;465,038;518,234;714,213;836,237;931,136;975,124;1185,102
177:0,018;75,105;160,206;203,073;367,159;429,107;439,203;449,261;461,240;585,267;759,119;779,126;919,070;929,091;1017,118
178:0,018;84,187;95,072;195,155;203,073;354,171;408,201;650,110;664,144;675,244;756,168;790,138;798,134;825,077;914,201;966,026;1044,037;1075,209
179:0,018;51,068;95,072;123,166;124,031;132,201;178,104;203,073;382,217;461,154;475,253;592,244;819,260;966,026;1115,182;1132,128
180:0,018;51,068;122,241;203,073;247,142;400,204;446,180;451,253;496,174;652,247;818,027;837,210;855,062;884,157;1007,045;1027,154;1084,242
181:0,019;39,226;115,209;127,074;196,093;201,050;252,064;349,127;469,101;575,030;629,060;641,089;712,119;736,118;1009,026;1010,247
182:0,019;45,232;72,068;95,034;123,215;304,213;332,073;356,134;374,265;394,178;495,078;564,042;602,091;667,043;721,274;771,027;774,145;1009,203
183:0,019;51,261;127,074;217,246;224,207;629,060;721,222;964,099;1060,157
184:0,019;28,034;103,041;131,100;144,166;155,261;225,142;272,182;398,036;569,099;665,157
185:0,019;28,034;109,136;177,209;712,148;1047,037;1115,077
186:0,019;95,003;103,041;133,140;159,003;186,101;325,115;368,127;421,124;434,067;443,247;508,126;702,093;995,118;1016,221;1022,026;1040,235;1106,263;1151,187
187:0,019;39,226;64,235;119,072;127,074;189,117;237,228;239,240;265,209;502,040;594,242;688,092;851,138;971,210
188:0,019;28,034;103,041;126,068;187,165;258,258;281,112;511,166;545,159;692,194;786,236;812,142;922,126;1076,190;1187,134
189:0,019;28,034;123,215;225,232;226,030;250,207;350,109;433,148;458,081;629,060;693,126;736,275;940,144;1034,240;1048,126;1111,189
190:0,019;37,018;55,235;72,258;101,187;171,071;198,242;209,239;246,101;316,266;372,274;395,138;618,274;1167,048
191:0,020;48,136;63,100;71,090;103,222;259,132;502,151;592,203;627,057;665,213;697,031;797,182
192:0,020;21,081;97,090;280,050;377,266;490,121;553,145;603,219;630,091;697,031;787,073;1178,113;1182,055
193:0,020;78,006;113,191;115,123;280,050;288,196;416,262;423,061;436,256;463,204;565,114;574,267;580,207;882,125;975,194;1041,070;1144,085;1165,207
194:0,020;21,081;113,191;226,161;275,107;280,050;288,123;335,103;389,247;406,148;493,234;512,191;544,123;587,072;599,125;678,078;681,128;846,209;1044,081;1064,124;1076,128;1115,204
195:0,020;56,176;133,216;247,143;279,138;429,191;448,118;501,242;532,220;551,101;615,173;647,240;717,126;772,037;864,145;893,140;1111,081;1127,267
196:0,020;48,136;280,050;303,087;322,125;422,042;475,151;485,184;556,219;720,215;805,073;893,140
197:0,020;40,257;102,036;133,216;280,050;354,130;659,253;696,158;697,031;773,262
198:0,020;120,185;200,115;248,188;250,130;282,103;331,171;378,208;397,125;431,137;503,187;580,151;638,104;702,226;887,207
199:0,020;100,119;268,240;335,190;354,226;384,248;501,103;599,125;735,109;745,037;829,062;847,262
200:0,020;63,100;310,079;352,207;567,121;697,031;780,099;1029,221;1036,142;1143,257
