001:0,001;82,017;121,090;213,213;241,153;321,222;490,254;495,141;615,258;684,021;691,102;739,164;1055,117
002:0,001;68,233;161,159;187,141;242,185;248,126;347,206;405,212;419,161;426,254;581,162;656,272;679,086;722,088;753,272;773,127;1069,272
003:0,001;32,030;248,172;289,258;347,209;463,181;487,213;550,165;631,052;665,021;864,137
004:0,001;32,030;165,176;364,047;398,038;441,137;650,155
005:0,001;32,030;71,014;132,135;135,065;248,172;496,087;810,021;826,179;833,127;855,026;956,264;1090,104
006:0,001;32,030;77,065;178,196;263,137;843,214;952,131;1019,258;1056,102;1164,051
007:0,001;32,030;135,138;433,126;517,213;656,163;781,101;795,195
008:0,001;26,019;35,266;54,030;68,233;151,269;191,102;311,126;507,255;634,112;768,203;910,127;955,143;1072,086
009:0,001;32,030;168,120;190,118;265,144;293,199;325,104;599,195;949,124;1033,211;1074,160
010:0,001;32,018;39,266;164,130;186,161;187,030;386,193;422,263;515,205;550,222;563,055;678,187;690,087;798,274;806,201;858,104;968,100
011:0,002;75,107;115,213;365,206;422,266;520,155;538,052;571,259;664,212;697,266;705,144;738,248;747,064;773,089;991,037
012:0,002;20,100;63,013;117,208;319,172;341,260;426,038;428,117;489,050;533,075;598,093;776,165;798,213
013:0,002;51,030;64,185;67,029;117,208;156,199;258,185;369,039;483,244;561,052;621,187;642,163;701,158;784,222;849,177;907,102;984,193;1014,049;1045,161;1086,089;1192,057
014:0,002;64,185;381,049;484,203;538,052;641,175;658,143;708,021;890,110;1043,267
015:0,002;49,104;87,019;144,083;363,270;419,222;546,052;657,190;745,206;771,134;951,267;1083,203;1165,124
016:0,002;48,188;79,151;172,063;178,111;399,049;403,160;454,036;570,122;577,213;853,117;912,156;1036,216;1091,267
017:0,002;20,100;36,018;67,029;221,267;327,213;344,256;379,171;417,036;608,156;900,037;951,267;1001,195;1081,151;1161,121
018:0,002;49,250;122,039;176,190;247,143;343,138;381,049;399,218;538,052;608,156;627,094;732,239;933,160;1184,127
019:0,002;58,064;89,032;108,130;147,026;175,190;176,112;268,195;296,090;375,144;381,049;422,036;585,266;590,111;637,274;674,064;703,131;804,156;816,101;1123,119
020:0,002;83,029;174,208;233,027;285,108;322,196;381,049;401,179;538,052;627,094;888,137;890,246;961,037;1052,105
021:0,003;50,217;71,007;145,165;307,196;340,079;434,196;453,055;662,260;799,133;1016,233
022:0,003;42,269;58,161;109,254;145,165;242,064;376,039;383,028;453,055;520,259;563,163;634,032;667,059;820,193;908,123;936,189;937,094;1114,090;1141,135
023:0,003;46,079;252,196;301,034;383,028;651,032;778,206;807,021;814,087;916,138;1083,195
024:0,003;66,254;213,148;223,256;312,201;327,188;348,196;443,079;590,266;620,021;634,032;737,266;742,135;763,270;804,043;806,179;895,026;1005,190;1030,121;1064,245
025:0,003;39,006;66,254;99,019;124,206;130,111;133,195;169,026;181,143;200,139;292,034;347,194;417,036;474,255;545,126;578,209;629,266;684,214;688,260;704,179;721,065;839,224;979,144;1075,222
026:0,003;99,253;130,193;221,103;383,028;456,270;469,242;602,182;667,059;849,100;996,151;1142,226;1199,141
027:0,003;53,090;58,013;213,121;233,036;262,079;667,059;820,052;851,118;861,144;947,089;957,213;1077,124;1121,189
028:0,003;42,269;242,064;279,196;315,214;417,036;485,098;652,165;697,021;712,092;797,135;811,158;872,259;900,125;928,274;995,121;1061,246
029:0,003;46,079;183,034;383,028;453,055;609,101;768,106;771,088;982,260;1008,263;1098,138
030:0,003;46,193;73,213;95,126;114,256;390,093;403,208;417,036;453,055;632,026;634,032;667,059;761,095;829,164;955,216;1001,179;1013,180
031:0,004;34,195;98,151;116,205;276,231;430,171;489,040;527,092;592,210;679,111;799,101
032:0,004;14,258;72,014;141,148;142,111;162,126;242,148;249,264;307,139;412,039;429,142;546,177;670,226;719,171;779,122;932,216;943,141;1188,144
033:0,004;29,122;119,120;184,027;256,199;376,039;418,088;571,055;585,144;838,142;994,182;1055,094
034:0,004;54,135;86,032;89,101;100,256;109,162;189,032;194,095;372,163;527,092;599,106;802,043;840,102;892,176;1036,106;1047,203;1078,144;1184,226
035:0,004;27,017;29,018;30,218;90,026;177,256;221,043;302,034;328,215;372,106;394,254;398,212;964,172;986,236;1008,150;1032,243
036:0,004;39,151;63,209;194,185;223,153;236,034;262,027;309,215;391,245;407,133;425,059;430,120;485,215;520,058;527,143;580,058;781,092;789,167;859,201;969,212;987,164
037:0,004;25,102;34,195;223,037;374,179;391,231;429,218;615,138;804,216;889,134;988,160;1014,057;1019,232
038:0,004;36,141;53,049;92,095;430,112;445,047;520,210;787,093;798,127;828,216;1026,243
039:0,004;81,013;111,030;214,254;237,034;266,027;276,231;384,179;468,138;521,176;528,229;567,246;786,153;800,106;1014,055;1037,160;1055,158;1177,118
040:0,004;25,102;36,141;366,269;389,258;468,112;480,100;487,107;496,171;812,125;1009,247;1112,158;1163,172
041:0,005;24,013;33,250;121,006;153,139;170,229;229,036;372,163;386,161;570,153;677,172;730,063;820,218;987,031;989,049;1028,226;1115,247
042:0,005;47,090;90,026;187,144;250,162;297,039;379,190;382,044;506,219;507,214;544,139;695,208;723,260;782,052;834,094;1054,051
043:0,005;31,231;229,036;260,236;286,036;336,048;398,120;440,164;553,203;640,248;720,250;802,043;913,129
044:0,005;50,083;135,017;184,027;268,088;331,254;382,044;388,188;482,214;502,112;608,248;635,239;858,107;869,230;1019,232
045:0,005;40,271;50,118;184,027;285,166;286,218;419,195;473,258;826,156;842,218;1200,182
046:0,005;28,151;95,135;115,099;127,144;431,090;489,040;602,263;701,171;718,182;730,063;817,214;842,043;903,225;1104,189;1197,100
047:0,005;51,228;76,099;114,243;140,006;155,093;184,027;416,206;679,131;682,143;842,236;879,119;965,246;992,110;1132,190
048:0,005;90,026;218,090;229,036;410,214;529,185;565,075;568,272;600,117;608,052;637,098;730,063;869,230;975,143;1001,218
049:0,005;13,228;54,064;58,113;90,026;170,229;184,027;314,135;394,203;474,120;542,031;573,160;595,154;682,098;773,135;774,086;788,150;814,052;909,182;916,214;989,049;1063,121
050:0,005;58,113;90,026;184,027;229,036;351,269;373,194;390,141;399,248;666,251;711,212;788,136;802,043;871,118;989,049;1017,105;1045,159;1093,133
051:0,006;157,116;241,098;286,058;348,222;411,106;710,163;748,270;921,182;927,225;941,031;1006,263;1149,161
052:0,006;166,101;246,058;366,213;426,038;473,131;618,201;812,138;825,098;826,026;1033,159;1039,105
053:0,006;157,030;238,208;408,266;439,121;489,050;514,031;638,086;826,258;1014,265
054:0,006;155,243;165,116;246,058;456,101;505,144;514,031;538,274;916,087;928,031;983,203;1035,144;1199,093
055:0,006;53,049;64,190;161,253;193,142;233,143;246,058;514,031;628,188;694,222;793,119;928,031;1034,129;1161,179
056:0,006;168,191;320,208;398,217;503,244;514,031;535,254;575,167;686,258;785,151;1033,159;1141,090
057:0,006;53,049;67,013;72,137;246,058;459,038;489,050;554,161;630,158;638,086;674,260;681,153;694,193;816,089;888,117;928,031;989,171;1004,274
058:0,006;166,101;290,214;291,203;353,188;395,196;427,214;469,167;573,109;645,187;795,182;809,235;921,026;928,031;1014,265
059:0,006;158,251;192,195;231,260;240,090;346,259;575,134;611,141;666,151;682,201;798,087;836,260;985,088;1177,258
060:0,006;44,032;49,104;191,201;193,270;456,160;489,050;514,031;618,167;654,111;734,175;1017,141;1047,090
061:0,007;112,096;175,037;355,203;561,126;569,244;606,126;615,127;653,112;701,052;866,172;945,117;1031,103;1063,160;1069,200;1087,190
062:0,007;136,145;175,037;329,176;336,058;459,151;573,126;601,164;678,272;709,102;773,112;878,212;1079,057;1131,132
063:0,007;122,039;200,263;346,248;373,212;393,274;394,125;795,172;1137,201
064:0,007;207,177;236,258;302,037;344,108;470,144;498,179;816,065;857,139;929,055;983,121;1012,251;1106,225
065:0,007;27,121;149,026;160,214;198,193;237,037;329,199;349,266;396,263;406,190;437,162;772,163;929,226;1169,270
066:0,007;139,135;311,030;364,258;607,163;652,151;664,119;719,266;812,210;840,206;870,110;889,087
067:0,007;115,088;243,030;310,043;400,239;459,151;525,244;594,164;816,135;868,243;1022,111;1076,123
068:0,007;139,206;168,218;295,171;344,153;401,162;513,139;798,052;929,258;1154,112
069:0,007;132,139;357,267;667,172;668,182;715,104;757,176;760,138;905,239;1010,112;1024,175
070:0,007;113,195;128,116;146,039;175,037;207,177;390,269;431,260;433,138;464,036;509,135;515,195;589,205;659,026;772,098;842,190;947,239;974,156;1014,193;1059,260
071:0,008;44,032;197,124;207,154;236,030;326,245;338,043;347,197;398,038;493,118;505,058;634,257;645,172;666,177;763,026;839,211;1077,092
072:0,008;25,154;141,133;174,274;248,036;259,259;340,164;350,239;380,165;546,052;562,190;629,111;671,203;693,065;911,259;983,179;990,131;1063,110;1115,100;1195,236
073:0,008;25,268;44,032;259,043;308,069;322,165;371,047;506,109;693,065;737,117;747,094;782,026;799,216;817,274;845,156;973,138;1007,142;1078,225
074:0,008;25,154;45,214;78,185;165,167;203,253;255,177;318,125;381,112;580,251;681,171;693,065;749,150;1030,230;1179,239
075:0,008;25,268;299,124;398,038;506,109;520,030;567,208;711,210;826,092
076:0,008;44,032;242,064;290,106;509,144;531,214;779,193;783,162;821,136;1161,057;1185,264
077:0,008;30,014;33,196;97,212;114,034;273,093;295,213;304,162;305,043;321,217;388,059;483,244;485,121;501,133;543,109;552,188;693,065;842,136;923,143;969,110;985,087;1098,159;1101,103;1196,246
078:0,008;27,121;44,032;92,095;96,218;132,118;318,058;350,239;511,167;591,058;643,158;710,205;995,246;1182,203
079:0,008;95,161;133,267;400,172;420,047;513,036;531,239;630,104;735,098;739,065;760,026;771,104;858,251;996,201;1018,109
080:0,008;33,196;204,176;319,039;326,245;553,218;559,176;925,093;1081,247;1183,088
081:0,009;63,162;242,064;347,143;470,108;472,270;518,224;831,163;844,210
082:0,009;27,117;99,104;375,269;393,251;406,087;495,090;535,144;702,112;820,150;971,111;1003,143;1016,100;1099,180
083:0,009;26,270;189,222;237,100;394,044;426,180;429,208;433,245;658,045;718,200;912,055;926,100;952,138;954,270;1106,165;1127,222
084:0,009;161,191;172,185;184,121;186,195;191,162;249,165;416,143;625,134;652,212;658,104;695,211;836,106;992,239
085:0,009;8,018;25,118;27,117;193,104;228,087;327,217;377,108;467,093;597,079;658,045;665,122;779,211;850,123;885,077;1016,144;1025,131;1071,258;1175,214;1176,171
086:0,009;25,118;117,124;260,069;276,108;368,263;433,048;479,195;503,176;504,224;687,251;761,248;854,179;942,123;1074,165
087:0,009;27,148;103,110;223,032;242,236;624,219;639,092;658,045;662,226;710,243;900,245;1059,153
088:0,009;23,019;128,147;134,095;189,229;295,037;338,166;356,229;523,075;568,138;586,151;634,117;718,200;762,193;767,179;776,102;833,210
089:0,009;15,124;130,102;161,254;303,048;325,030;346,087;381,137;409,088;515,110;569,190;671,122;747,144;999,260;1050,171;1166,127;1183,214
090:0,009;8,002;15,124;104,017;189,222;337,036;354,090;573,201;658,045;709,180;883,163
091:0,010;23,203;200,201;486,163;505,193;725,181;766,176;829,043;857,165;965,177
092:0,010;33,017;34,271;54,135;502,172;506,219;521,136;746,187;783,154;1050,270;1123,264;1144,245;1196,089
093:0,010;23,203;45,182;78,032;88,243;128,030;270,034;336,258;386,193;394,047;463,181;667,141;673,179;699,165;704,100;889,205;902,156;907,201;908,043;925,205;951,136;968,214;1048,124;1058,141;1131,274
094:0,010;26,239;148,031;177,212;401,077;418,267;495,118;519,095;550,209;593,119;789,095;796,171;975,136;1039,190;1085,086
095:0,010;68,212;86,100;230,104;314,215;326,097;379,126;383,233;438,047;440,165;939,176;990,172;1017,236;1041,051;1091,093
096:0,010;72,122;82,218;264,259;514,172;757,226;935,224;966,089;1114,159
097:0,010;37,138;117,190;555,142;568,141;576,161;583,133;716,059;728,226;913,200;945,189;983,119;998,112
098:0,010;30,188;320,043;343,251;360,201;592,167;611,208;664,213;667,021;830,162;901,259;1068,225;1078,177;1124,135
099:0,010;31,007;119,126;135,270;332,274;386,044;401,077;476,110;535,201;567,218;789,199;800,092;1041,051
100:0,010;24,182;68,212;111,196;177,212;365,110;449,217;463,269;485,030;546,134;737,100;746,266
101:0,011;21,107;26,239;158,151;162,069;347,190;364,047;597,104;650,154;729,052;914,135;971,104;1085,259
102:0,011;52,270;105,122;144,107;241,266;409,124;488,181;548,047;598,127;655,236;713,272;1028,200
103:0,011;39,199;247,036;305,030;364,047;399,160;555,103;605,267;636,136;707,142;770,021;785,065;818,181;929,236
104:0,011;23,251;94,017;143,075;162,069;364,047;523,075;663,219;922,105;997,179
105:0,011;18,137;143,075;243,162;430,193;688,154;755,059;766,190;800,259;832,112;971,225;1067,214;1094,213
106:0,011;25,270;49,126;162,069;466,119;564,058;582,219;751,154;872,239;895,100;909,153;1008,049;1053,193;1072,216
107:0,011;21,107;190,191;322,256;338,030;444,120;449,266;555,031;560,169;625,131;672,245;895,270;947,122
108:0,011;72,205;269,110;507,161;523,075;574,203;946,201;1128,214;1148,124;1159,251
109:0,011;23,251;143,075;162,069;248,206;364,047;382,044;407,167;420,098;433,121;454,125;517,205;824,043;922,105;1028,154
110:0,011;24,002;72,205;109,268;143,075;162,069;364,047;408,185;523,075;567,021;594,101;808,243;866,043;920,203;1102,214;1116,270;1145,172;1178,266
111:0,012;63,274;117,065;167,062;209,097;297,039;473,177;544,133;828,037;909,055;969,139;1059,236;1189,111
112:0,012;31,231;40,258;255,274;349,111;527,266;732,124;796,100;812,227;819,139
113:0,012;49,126;93,268;105,258;147,161;176,037;209,097;293,248;302,098;307,036;367,248;568,272;673,125;764,236;780,213;785,214;815,260;828,037;944,125;1020,153;1030,049;1085,193
114:0,012;11,274;169,143;326,039;460,036;475,143;501,208;609,160;672,167;909,055;1045,161
115:0,012;31,188;37,065;88,102;195,079;331,036;387,059;459,136;584,119;638,021;862,037;1011,260;1126,094
116:0,012;7,018;107,264;251,213;289,141;299,166;325,141;461,112;465,136;514,227;790,158;1022,216;1063,167;1082,142;1155,051
117:0,012;20,272;37,065;170,148;207,124;297,039;438,098;441,236;583,219;611,272;650,156;802,199;814,177;1077,192
118:0,012;11,274;37,065;63,162;78,065;150,006;152,148;284,209;297,039;478,107;588,021;595,185;889,122;909,055;1077,192
119:0,012;28,017;96,007;112,103;195,171;268,233;274,048;346,088;387,059;395,043;411,135;723,136;828,037;909,055;1052,077;1091,193
120:0,012;20,272;37,065;107,264;237,043;278,205;383,039;387,059;514,227;828,037;863,274;1125,167
121:0,013;32,007;92,120;114,034;273,166;284,260;443,208;567,021;667,059;733,133;737,203;764,251;1022,201
122:0,013;74,143;174,268;252,167;364,048;381,217;433,161;504,100;567,021;852,259;858,222;877,248;944,037;973,057
123:0,013;122,201;185,093;214,043;261,131;454,103;486,274;517,160;534,263;581,135;772,142;785,026;962,102;965,057
124:0,013;219,087;458,036;554,182;587,161;594,021;759,178;815,026;877,141;1016,259;1200,206
125:0,013;126,203;372,197;381,104;448,171;549,134;567,021;717,143;831,205;883,222;934,031;948,163;1000,272;1067,103;1078,182;1184,158
126:0,013;122,201;302,148;443,190;512,030;521,270;567,021;800,123;806,034;811,251;853,110;947,248;965,057
127:0,013;105,260;276,166;317,236;440,263;567,021;829,026;853,110;863,160;947,144;965,057
128:0,013;74,143;114,034;326,164;401,142;456,058;530,162;567,021;809,224;848,266;1153,270;1163,158
129:0,013;137,034;296,097;388,102;411,208;499,117;567,021;754,122;880,211;990,135;1107,057;1121,127;1127,216
130:0,013;105,260;114,034;197,037;261,131;359,164;432,176;730,063;800,123;849,248;965,057
131:0,014;62,099;82,084;196,258;214,196;220,043;257,171;399,269;468,155;645,185;875,181;924,122;1147,151;1200,212
132:0,014;96,256;172,063;211,167;382,044;485,030;505,138;660,124;723,026;816,222;1053,239;1150,119
133:0,014;91,111;340,098;390,163;426,111;434,217;439,079;441,219;487,188;621,259;634,187;675,092;767,135;1136,141
134:0,014;63,193;97,099;248,243;459,141;471,172;542,106;558,154;617,199;816,200;1042,136
135:0,014;83,121;415,038;422,177;657,021;679,243;806,034;844,155
136:0,014;82,084;207,133;403,111;410,251;495,124;745,086;772,106;781,065;806,034;821,212;841,026;959,264
137:0,014;101,006;120,029;123,144;172,063;317,037;357,221;409,171;435,077;485,030;557,214;672,213;747,158;806,034;838,143;949,037;1171,159
138:0,014;138,243;691,167;765,200;798,131;956,117
139:0,014;82,193;118,034;468,155;485,030;576,263;704,190;1110,182
140:0,014;172,063;223,027;244,214;373,185;403,148;443,111;586,164;601,131;712,208;713,203;727,251;790,193;849,098;981,165;1104,143;1188,102
141:0,015;5,064;58,006;159,032;231,110;268,190;313,144;317,102;409,093;526,138;563,093;913,177;923,235;940,219;1088,161;1133,132;1190,230
142:0,015;36,214;155,093;373,251;519,119;591,021;709,175;728,214;803,111
143:0,015;15,088;179,142;412,095;507,251;656,137;799,165;834,201;886,125;890,180;898,089;941,226;1004,163;1160,142
144:0,015;5,064;81,228;94,083;195,107;234,142;320,256;321,039;327,108;340,144;364,176;395,205;433,119;463,087;674,064;754,098;763,124
145:0,015;39,003;68,267;198,037;262,030;300,093;466,124;514,126;553,199;668,248;755,259;834,093;866,167;899,193;1001,103;1020,239;1039,251
146:0,015;16,122;43,013;53,049;62,213;125,122;148,031;164,065;190,037;278,233;375,177;442,205;517,267;543,151;836,117;837,065;921,117;948,165;1046,172;1152,214;1193,129
147:0,015;26,161;87,032;243,117;346,264;393,047;603,180;695,153
148:0,015;5,064;68,267;119,116;157,233;473,209;570,248;591,021;634,250;799,236;828,098
149:0,015;5,064;100,147;155,193;194,117;646,255;667,259;744,274;793,092;815,123;989,049;1042,092;1062,139
150:0,015;15,088;115,117;205,027;274,254;448,098;634,250;716,259;797,124;899,094;932,031;938,193;961,055;1041,051;1161,122
151:0,016;39,100;109,006;122,039;156,121;176,043;398,038;498,058;589,142;704,127;746,182;907,043;987,233
152:0,016;21,110;58,141;147,030;218,203;287,101;497,047;578,169;594,092;678,153;679,092;694,203;700,274;719,106;741,172;856,127;899,179;973,093;1167,051
153:0,016;63,132;185,043;463,141;566,047;582,112;638,257;643,267;676,270;753,095;788,179;802,043;914,129;994,089;1078,112;1152,111;1185,247
154:0,016;63,132;176,043;266,121;286,112;325,248;341,176;500,222;557,171;596,058;676,270;689,052;720,270;743,104;1128,177
155:0,016;6,077;51,083;88,029;115,253;284,133;314,118;319,083;358,221;417,219;438,199;597,138;604,236;913,043;961,118;978,219;1086,212;1128,104
156:0,016;4,228;21,110;93,188;150,112;426,270;547,107;676,182;758,219;967,222;1124,089
157:0,016;28,228;40,274;50,017;176,043;226,248;356,162;397,199;415,242;476,142;592,136;617,141;698,138;754,102;788,260;970,179;1000,123;1022,088
158:0,016;27,193;56,077;122,039;195,099;231,209;539,185;645,032;704,127;777,089;798,258;923,270;1050,151;1072,121;1146,101
159:0,016;4,163;6,077;176,043;417,219;489,095;605,172;631,103;720,164;731,065;784,139;845,175
160:0,016;65,266;101,199;134,077;136,145;172,233;180,133;229,032;241,098;469,047;572,164;592,126;615,161;626,088;667,109;689,052;793,026;826,107;839,133;900,236;960,246;1039,272
161:0,017;282,264;397,188;411,193;489,040;528,246;625,218;694,065;715,165;766,177;835,171;858,037;996,214;1164,258
162:0,017;167,062;179,142;193,206;312,037;346,124;352,199;552,267;589,107;808,214;880,109;960,110;967,109;1016,179;1048,138
163:0,017;191,171;242,137;366,117;422,154;592,142
164:0,017;193,269;244,141;281,100;436,206
165:0,017;187,027;198,043;211,180;408,058;630,158;695,141;806,160;931,139;965,057;1064,124;1074,154
166:0,017;133,124;172,191;189,034;211,180;420,164;584,095;759,178;790,102;950,160;987,230;1145,127
167:0,017;167,062;175,037;185,100;273,124;333,264;341,143;396,088;412,121;435,038;547,047;623,209;631,246;885,224;906,112;1005,049;1009,267;1038,133
168:0,017;184,137;209,109;399,195;414,274;425,215;689,052;739,107;863,171;924,103
169:0,017;67,029;154,120;167,062;186,188;383,124;458,104;584,155;809,137;870,026;956,247;1002,106;1197,163
170:0,017;116,193;138,017;209,109;384,215;452,100;479,179;489,040;506,242;547,155;562,245;705,117;884,043;1043,196
171:0,018;148,153;784,094;800,075;934,163;939,243;1027,211;1031,098
172:0,018;18,112;140,100;148,031;243,116;245,229;270,048;415,058;637,064;681,272;750,111;971,247;1053,106
173:0,018;67,029;129,139;139,274;311,195;373,131;574,047;595,169;632,154;637,064;727,199;772,125;880,213;952,090;1040,123;1189,160
174:0,018;135,199;151,214;268,254;270,048;312,088;397,185;534,135;580,182;675,175;779,040;800,175;840,160;850,235;948,103;989,212
175:0,018;80,103;101,214;118,065;124,206;231,102;275,205;487,103;538,111;602,212;643,259;714,226;746,065;750,177;800,075;878,109
176:0,018;18,148;148,031;158,159;270,048;517,163;594,143;671,098;679,162;800,075;859,138;947,026;958,247;965,203;970,086;1079,143;1101,087;1119,251;1144,165
177:0,018;85,162;107,120;148,031;300,229;308,097;314,218;366,048;435,154;540,179;647,175;699,139;707,064;785,272;1000,119;1093,111;1129,270
178:0,018;96,116;127,266;215,037;290,106;315,206;338,142;391,048;492,224;511,047;543,241;547,125;637,064;664,215;683,064;689,052;952,090;1052,179;1152,263
179:0,018;18,112;167,176;200,266;261,148;398,120;424,039;429,188;543,241;558,222;620,095;745,119;844,144;855,118;945,171
180:0,018;90,167;124,143;148,031;164,258;193,159;270,048;637,064;766,182;774,172;788,098;824,270;892,154;1000,127;1108,200
181:0,019;199,233;252,154;428,133;577,181;720,021;752,248;843,138;853,259;908,167;1035,143
182:0,019;90,167;95,007;117,096;177,153;219,117;228,263;377,090;387,144;509,254;514,026;529,031;540,088;1015,125;1024,158;1052,051
183:0,019;182,088;306,101;444,233;465,217;514,026;527,144;573,222;749,103;828,246;931,160;933,137
184:0,019;138,167;145,126;284,102;388,103;449,212;599,201;606,100;703,218;838,153;851,212;861,037;1041,051;1150,118;1151,159;1164,151
185:0,019;74,103;929,087;970,205
186:0,019;155,039;189,161;396,138;404,100;704,141;913,167;1121,263
187:0,019;37,065;124,251;330,058;416,119;514,026;525,231;527,215;634,032;650,222;689,224;806,131;940,182;990,189;1119,087
188:0,019;72,228;114,100;131,099;179,032;229,093;256,248;278,268;289,121;379,274;469,239;685,134;878,206;1200,123
189:0,019;144,090;249,260;321,166;348,213;514,026;532,031;614,058;660,064;728,151;781,021;813,206;827,086;846,103;917,158;1100,167
190:0,019;139,133;197,251;387,059;502,210;583,124;659,026;673,181;871,093;927,219;934,171;943,119;1150,118
191:0,020;46,102;47,019;75,154;402,141;421,167;458,139;541,160;838,087;858,086;967,102;1067,164
192:0,020;56,231;229,195;385,133;476,180;587,274;618,171;659,026;800,075;881,077
193:0,020;115,260;221,143;224,196;236,030;410,180;448,213;465,274;568,243;574,031;632,026;651,064;774,040;809,235;837,151;996,102;1043,196
194:0,020;118,161;372,167;508,055;632,026;936,189;1078,102
195:0,020;37,138;331,229;349,242;404,028;417,153;535,090;546,255;659,026;815,162;907,137;913,180;1083,127;1152,230
196:0,020;58,190;96,167;241,030;270,229;553,055;576,088;613,052;632,026;640,211;691,210;703,270;712,139;749,150;774,040;839,037;942,180;1006,205
197:0,020;137,030;278,036;316,125;441,138;500,030;577,259;584,243;677,199;683,160;774,040;826,182;1094,216;1126,124;1139,260
198:0,020;40,209;270,266;318,058;321,133;385,195;739,131;774,040;791,086;1056,090;1108,203
199:0,020;42,218;77,110;361,139;490,242;497,050;640,211;709,245;1127,077
200:0,020;10,004;18,137;46,102;108,130;201,083;311,043;315,254;324,048;349,242;435,180;918,133;1089,057
