001:0,001;150,071;242,056;299,061;332,274;422,071;475,275;501,063;625,100;628,151;798,183;802,008;911,275;928,117;1020,172;1091,036;1131,213;1188,057
002:0,001;150,071;242,056;390,048;421,072;583,067;627,154;697,034;777,053;802,008;885,057;1046,264;1073,061;1126,087
003:0,001;135,018;155,016;206,031;242,056;348,158;382,035;421,072;583,067;697,034;802,008;957,235;1011,063;1075,221;1173,169
004:0,001;137,151;150,071;475,046;583,067;673,097;714,034;802,008;959,093;965,207;1177,152;1196,057
005:0,001;131,010;150,071;502,070;526,258;556,028;758,199;804,056;898,176;982,062;988,040;1019,257;1051,110;1070,230;1155,236
006:0,001;111,010;121,051;150,071;421,072;597,204;609,127;690,050;753,088;802,008;890,042;996,121
007:0,001;121,051;161,019;298,223;360,009;384,071;421,072;556,240;708,039;736,253;744,195;753,088;802,008;898,117;989,221;1057,047
008:0,001;143,006;171,016;219,071;501,063;610,191;637,028;697,034;898,176;900,057;958,255;1009,026;1028,127;1123,043
009:0,001;136,013;161,006;200,072;229,035;236,040;314,197;389,162;431,027;472,072;501,063;708,099;724,202;749,082;1024,010;1102,210
010:0,001;121,051;200,013;242,056;325,071;404,257;420,048;436,027;501,063;632,058;697,034;803,183;909,129;1039,182;1052,090;1057,047;1139,082;1184,028
011:0,002;474,070;592,134;657,211;721,037;738,221;911,073;965,100;996,195;1034,169;1043,233;1062,221
012:0,002;400,239;432,035;436,039;465,211;496,019;559,030;634,070;644,195;710,263;766,063
013:0,002;452,234;554,069;632,207;684,039;702,110;710,215;776,063;1044,118;1054,184;1131,100;1186,180
014:0,002;400,143;439,113;448,066;481,105;514,265;554,069;687,054;714,121;823,147;848,063;1166,207
015:0,002;494,256;563,211;789,049;883,260;894,044;897,001;953,270;1029,131;1119,129;1180,094
016:0,002;403,034;512,003;559,030;676,119;946,001;1180,059
017:0,002;499,231;514,173;550,234;554,069;868,056;894,044;911,073;1072,063
018:0,002;399,215;520,255;559,030;656,039;699,275;714,121;855,040;950,233
019:0,002;479,222;676,119;696,207;727,010;768,037;802,008;894,044;896,135;908,042;911,073;992,083;1026,082;1145,125;1146,118
020:0,002;302,043;368,020;398,087;413,043;465,158;498,019;559,030;766,063;894,044;911,073;987,247;995,012;1061,250;1152,204
021:0,003;145,067;169,040;323,173;448,223;494,027;590,158;597,079;617,136;656,001;726,101;840,026;1111,065;1127,240
022:0,003;144,247;301,097;408,069;460,071;526,167;550,027;617,136;633,035;648,168;655,049;854,152;861,273;947,173;1052,057;1070,075;1168,195;1170,263
023:0,003;169,040;423,261;431,027;478,068;522,241;562,243;704,051;733,152;1127,087;1139,121;1145,036
024:0,003;117,075;125,018;210,072;240,269;367,188;438,269;588,254;655,049;874,225;882,213;961,260;968,199;1019,061;1027,193;1162,250;1195,028
025:0,003;145,067;177,018;202,140;212,040;265,002;279,114;305,100;313,261;408,069;431,027;496,019;530,154;615,252;628,169;764,110;784,147;835,243;861,009;869,265;914,110;1015,100;1089,090;1184,051
026:0,003;170,074;243,056;410,071;526,167;618,102;655,049;845,008;894,026;1036,075
027:0,003;145,151;169,040;268,057;301,040;431,027;595,201;606,069;627,094;667,069;684,273;1036,075
028:0,003;145,067;183,019;234,070;252,111;322,011;391,201;418,047;427,223;431,027;556,073;565,003;582,055;634,070;725,234;817,087;827,031;833,045;846,054;853,106;886,183;1036,075
029:0,003;169,040;460,243;545,062;585,250
030:0,003;144,247;145,067;169,040;250,072;277,097;323,126;329,040;408,069;431,027;585,250;590,054;634,070;655,049;757,039;762,081;827,132;908,081;1040,183
031:0,004;474,108;493,162;676,225;698,082;777,056;903,131;1084,062;1155,063
032:0,004;474,041;487,053;494,273;548,050;637,162;697,133;714,240;716,258;794,240;849,154;901,162;989,211;995,100;1148,096
033:0,004;466,103;474,041;478,068;589,258;641,098;735,195;736,118;765,098;769,059;819,028;972,094;1070,096;1123,063;1150,197
034:0,004;474,041;501,079;561,133;789,184;838,028;1039,019;1122,079;1178,087;1188,057
035:0,004;474,041;478,068;548,050;769,083;867,223;868,040;873,170;952,028;957,269;1043,246;1090,201;1188,057
036:0,004;408,069;454,193;478,068;557,255;645,052;695,043;755,147;777,056;860,260
037:0,004;440,073;473,035;475,204;484,042;584,191;587,098;609,272;659,252;726,258;795,147;819,028;849,055;894,195;973,082;976,010;1010,118;1187,043
038:0,004;442,036;478,068;548,050;640,275;655,001;798,056;819,028;849,055;937,268;1002,269;1080,047;1116,079;1118,110;1121,065;1138,063;1188,057
039:0,004;457,079;533,037;548,050;777,035;819,213;957,063;987,094
040:0,004;466,103;510,052;511,162;529,003;626,067;641,136;777,056;849,055;896,225
041:0,005;206,180;249,114;280,016;435,123;449,066;477,184;526,199;609,162;617,243;862,101;906,043;937,118;956,057;1012,114;1054,113;1125,047;1199,246
042:0,005;149,074;245,057;433,043;487,169;549,035;635,045;747,133;753,029;766,063;785,026;1125,047
043:0,005;162,011;199,064;241,199;308,040;325,188;342,260;430,042;580,076;671,001;721,244;755,069;785,026;906,043;978,075;995,213;1063,269;1079,081;1125,212;1144,207;1153,224;1176,059
044:0,005;199,064;245,057;498,254;524,177;551,254;648,073;742,029;840,147;846,133;906,043;996,053;1028,177;1085,049;1104,051;1199,246
045:0,005;137,169;143,002;149,074;266,017;325,188;471,057;535,265;557,035;700,060;716,193;733,039;784,154;785,026;1104,051
046:0,005;149,074;231,201;233,075;282,040;347,211;424,057;433,039;662,253;720,039;764,253;785,131;903,176;956,223;1000,026;1003,093;1036,162;1084,099;1125,047
047:0,005;125,016;242,056;245,057;430,087;451,273;538,125;589,181;628,073;654,001;811,026;850,021;929,039;975,090;1000,247;1001,049;1125,047
048:0,005;184,011;227,016;306,056;433,108;598,113;753,135;826,110;882,184;895,253;935,040;954,207;978,275;1070,157;1192,262
049:0,005;226,075;241,199;287,032;312,020;319,007;421,255;475,113;531,158;630,148;693,235;718,243;749,255;827,032;870,010;885,169;906,043;917,070;952,223;1120,051
050:0,005;156,247;162,012;183,173;199,064;223,239;245,057;342,016;362,114;413,113;571,272;597,125;602,039;743,183;764,054;773,154;782,001;956,028;965,062;985,195;987,247;1053,173;1104,051
051:0,006;243,207;248,069;306,197;324,002;329,071;369,042;377,086;387,173;530,249;531,069;552,062;570,273;851,045;890,118;936,040;1007,270;1152,252;1194,010
052:0,006;248,069;369,042;377,068;401,054;403,034;418,213;483,034;487,204;503,086;512,149;696,103;711,038;721,037;840,263;849,028;890,118;1001,057;1193,054
053:0,006;241,171;243,207;309,158;345,162;403,034;499,103;531,069;546,035;696,103;732,051;733,272;773,221;793,099;828,154;839,153;860,121;950,138;1124,252;1129,157;1150,100
054:0,006;242,030;285,260;353,057;367,267;372,071;403,034;413,047;425,096;455,042;482,072;490,234;525,073;766,132;847,269;992,273;1001,135;1104,046
055:0,006;208,022;286,169;655,073;721,001;849,055;882,057;1045,205;1067,121;1139,156
056:0,006;253,086;297,114;425,096;500,243;541,079;679,100;783,101;794,082;929,001;1046,236
057:0,006;236,045;325,002;524,207;530,066;531,069;721,037;853,163;882,057;1043,230;1070,046
058:0,006;137,169;159,006;206,180;269,251;288,169;386,141;403,034;487,006;530,066;543,256;546,035;554,069;703,175;721,037;902,211;1103,170;1197,127
059:0,006;245,094;248,069;261,180;377,068;420,054;433,039;449,207;472,053;473,020;496,054;570,100;703,175;724,127;828,028;939,224;1015,195;1168,036
060:0,006;269,251;308,040;309,158;369,042;370,158;377,068;403,034;499,249;546,035;643,252;777,056;801,063;854,021;882,057;1154,260
061:0,007;466,066;474,070;596,195;620,052;680,177;1011,193;1022,049;1089,185;1129,260;1144,051;1177,031
062:0,007;206,031;297,078;507,019;544,223;638,029;763,125;799,073;869,221;1003,200;1162,010
063:0,007;237,189;256,101;434,052;451,272;558,162;602,125;609,261;638,029;671,118;725,031;807,199;895,265;1019,170;1159,083
064:0,007;70,086;206,031;239,007;496,246;513,037;557,181;582,055;749,190;895,272;1059,173;1086,162;1101,026;1153,082
065:0,007;474,070;479,173;496,246;499,249;523,037;544,223;658,052;750,169;811,162;843,034;862,270;981,184;1067,213;1164,184;1165,230;1187,183
066:0,007;475,046;558,173;638,029;649,110;675,149;695,099;862,127;892,028;926,212;1083,240;1136,057;1177,031
067:0,007;297,078;447,239;475,046;582,055;678,127;987,051;994,026;995,063;1062,079;1103,189;1118,062
068:0,007;475,046;592,195;642,069;694,136;703,240;802,008;862,270;914,001;921,169;989,072;1061,255;1177,031
069:0,007;505,172;533,193;534,131;621,229;761,101;775,059;814,113;838,275;908,085;959,265;965,177;1113,159;1177,031
070:0,007;473,122;515,231;516,058;557,194;582,055;638,029;643,040;671,108;697,034;759,184;996,053;1098,259;1121,152
071:0,008;96,212;224,036;249,122;314,045;341,215;403,065;450,213;468,054;481,254;582,030;631,054;674,169;698,131;799,073;824,085;829,045;870,012;977,176;1105,142
072:0,008;268,147;325,133;549,156;782,233;844,001;856,056;861,009;870,012;1016,046;1177,262
073:0,008;224,036;247,016;272,157;337,265;372,048;374,094;433,151;471,057;483,272;799,073;829,045;922,195;1007,142;1135,182;1150,184;1182,213
074:0,008;229,198;338,111;344,205;390,035;393,094;403,065;409,142;427,007;450,172;581,194;582,256;620,215;748,275;868,217;870,012;1022,063;1044,079;1146,050;1178,201
075:0,008;255,030;280,211;285,229;294,071;299,061;325,133;474,069;549,156;560,256;695,043;702,167;863,008;884,172;934,275;945,010;991,096
076:0,008;96,212;309,163;348,100;459,177;594,083;662,134;694,125;799,073;805,032;833,146;837,049;838,081;954,012;1016,046;1125,042
077:0,008;224,036;270,016;409,142;413,193;474,069;539,144;555,231;556,050;605,174;679,135;698,093;701,042;721,255;726,211;837,056;870,012;1016,046;1104,051;1152,224;1196,049
078:0,008;241,100;402,031;403,065;430,052;452,078;500,006;516,224;772,151;799,073;805,032;829,045;870,012;1083,160;1130,036;1140,049
079:0,008;224,036;277,066;344,205;474,069;508,056;639,038;656,215;683,038;805,032;824,085;870,012;964,125;1016,046;1200,213
080:0,008;229,090;403,065;474,069;542,062;619,235;805,032;829,045;851,163;870,012;1043,142;1093,036;1118,046;1199,028
081:0,009;242,140;359,016;530,193;609,052;637,038;737,041;899,026;903,063;1132,273
082:0,009;166,253;400,047;466,127;601,250;605,133;680,224;689,042;725,054;737,041;768,233;777,053;1063,157;1078,110;1156,195;1171,063
083:0,009;240,263;250,072;337,057;428,002;488,223;493,069;510,058;683,082;737,041;742,029;763,207;813,180;961,142;1008,213;1121,270;1146,255
084:0,009;227,022;253,071;357,087;388,054;461,215;651,067;698,038;737,041;752,207;757,087;780,082;787,054;798,135;842,071;852,195;889,169;934,131;958,182;1032,113;1042,063;1108,082;1110,118;1142,113;1165,201;1176,059
085:0,009;226,113;409,158;417,002;475,273;489,046;512,003;604,181;630,245;646,083;734,260;777,053;1076,036;1120,082;1124,103
086:0,009;166,008;189,101;391,177;518,146;523,037;594,045;697,043;725,038;768,136;832,066;885,057;914,026;928,072;1098,172;1119,204;1134,083;1176,059
087:0,009;250,072;282,033;356,143;424,273;432,066;466,127;658,038;662,245;732,235;777,053;977,159;1076,036;1176,059
088:0,009;221,048;222,211;314,016;335,087;366,002;485,131;487,006;512,003;646,231;742,029;777,053;907,028;979,039;982,096;1001,211;1025,110;1098,098;1108,075;1124,103
089:0,009;249,269;250,072;334,097;394,269;421,042;439,257;484,102;485,131;510,125;745,031;777,053;1037,125;1076,036;1189,174;1199,101
090:0,009;337,140;353,016;471,002;484,102;500,149;606,250;626,177;738,193;780,114;790,100;921,110;1047,026;1101,207;1136,125;1140,036
091:0,010;210,049;301,257;351,076;377,068;412,213;429,274;557,131;695,043;731,154;733,167;738,153;779,243;832,121;990,169;1171,170
092:0,010;210,049;281,020;356,223;418,162;507,256;534,073;562,233;695,043;725,069;907,036;993,051;1035,046;1057,169;1175,101;1197,039
093:0,010;211,106;216,087;308,199;534,201;583,199;652,070;665,083;700,042;714,233;1011,235;1029,255;1055,075
094:0,010;184,046;199,064;216,087;245,031;348,066;380,275;501,063;526,233;741,071;784,066;841,177;868,034;871,040;989,275;1034,260;1099,173;1104,010;1199,273
095:0,010;149,074;184,046;245,031;429,274;616,035;677,098;705,066;843,083;854,162;1028,101;1050,057;1153,157
096:0,010;202,095;248,069;351,076;412,043;446,256;448,254;496,019;530,046;557,070;630,202;697,255;701,066;863,225;870,012;1040,148
097:0,010;194,111;210,049;240,007;275,031;412,043;440,071;493,201;625,067;721,050;816,032;828,069;860,100;993,057;1139,050;1183,200;1197,039
098:0,010;184,046;215,206;226,211;245,031;403,034;412,043;458,098;576,229;632,222;701,066;819,101;1095,010
099:0,010;184,046;251,069;351,135;356,066;404,035;410,198;444,054;512,019;563,224;628,261;630,255;683,222;701,066;838,040;863,225;878,106;888,093;947,252;1043,273;1197,039
100:0,010;184,046;210,049;245,031;448,254;476,098;637,125;645,167;695,042;701,066;838,049;841,045;852,169;870,156;974,053;1024,098;1027,273;1123,010;1131,043;1197,039
101:0,011;383,257;396,151;401,081;410,151;412,081;423,234;429,052;579,090;672,125;690,255;793,054;841,269;861,009;882,028;904,234;949,053;959,246;961,070;987,230;1045,156
102:0,011;387,115;396,042;429,052;634,070;647,097;657,001;693,217;899,072;1074,156;1131,026
103:0,011;406,273;442,036;485,100;556,036;578,181;596,255;627,195;823,031;829,066;839,142;853,093;861,008;899,053;959,234;1087,193;1190,066
104:0,011;410,193;429,052;643,040;659,114;749,094;781,272;861,009;904,234;966,039;977,159;1043,176;1174,075;1177,182;1181,240;1192,207
105:0,011;194,111;291,011;396,042;469,185;546,199;549,027;569,144;651,156;657,153;861,009;902,137;953,212;1131,026;1190,066
106:0,011;178,086;428,100;621,052;672,156;861,009;926,180;977,192;1078,159;1131,026;1190,066
107:0,011;387,066;432,143;446,201;512,078;657,158;693,217;760,071;780,180;809,053;859,267;861,009;882,063;900,250;988,072;1083,240;1103,083;1131,026
108:0,011;396,042;403,065;415,142;442,036;473,122;538,072;596,063;613,078;662,060;685,221;751,083;829,127;844,068;855,106;861,009;901,040;920,233;941,172;984,036;1056,101;1162,049;1163,026
109:0,011;396,151;429,052;652,110;698,154;729,158;861,009;880,233;917,070;965,072;977,192;987,230;1021,099;1080,057;1094,036
110:0,011;391,158;420,275;442,036;484,199;520,072;579,090;636,250;716,071;719,110;847,142;920,127;1113,049;1120,197;1165,099;1190,066
111:0,012;256,075;278,055;294,126;396,042;546,273;573,269;579,273;671,113;785,026;882,057;895,042;905,172;1019,061;1157,125;1164,162
112:0,012;245,031;246,204;271,165;326,243;330,049;362,091;385,047;426,151;441,158;457,020;460,114;556,036;580,076;710,071;844,068;871,142;976,001;1111,065
113:0,012;271,165;280,108;301,011;385,047;387,159;396,234;457,042;513,158;580,154;634,201;643,040;676,052;710,071;844,068;850,021;854,083;998,085;1007,192;1019,061
114:0,012;246,204;278,055;326,243;414,042;511,052;513,058;525,270;638,253;666,101;689,042;708,183;794,180;815,081;873,044;879,036;996,172;1101,101
115:0,012;294,126;322,269;385,047;441,158;525,270;625,035;689,042;710,071;844,068;860,104;879,036;948,138;992,036;999,207;1012,225;1019,061;1140,212;1187,083
116:0,012;256,155;269,177;295,035;364,197;385,047;433,039;536,083;540,204;556,036;617,053;653,152;705,039;710,071;844,193;1029,001;1166,262;1178,031;1189,104
117:0,012;269,177;355,243;363,007;369,042;419,176;449,039;524,146;536,083;643,040;696,193;715,119;727,183;739,231;770,010;844,068;873,044;922,116;924,036;1157,063
118:0,012;209,101;238,031;278,055;297,175;316,177;338,243;347,020;362,007;419,176;460,114;556,036;671,050;722,250;770,035;813,034;873,044;893,200;914,152;931,113;966,152;970,036;1023,162;1148,233
119:0,012;302,071;316,020;319,207;425,034;479,222;597,073;602,101;620,274;643,040;689,042;727,010;873,044;879,036;1001,138;1029,026;1030,061;1111,065
120:0,012;256,155;278,055;359,086;367,215;385,047;423,215;433,039;528,133;584,053;610,125;613,274;638,107;656,097;708,183;719,154;874,044;879,036;1019,061;1061,236;1100,049;1107,162;1111,065;1148,121
121:0,013;244,239;282,033;299,061;307,165;327,049;447,172;463,265;510,043;518,072;584,058;605,073;642,079;652,093;696,191;701,065;728,093;900,129
122:0,013;119,108;121,051;160,012;177,239;242,030;263,223;290,031;328,053;481,057;539,045;712,031;830,099;1009,234;1176,199
123:0,013;119,108;128,013;250,247;299,061;350,049;390,135;442,036;472,146;539,045;701,065;704,051;712,031;833,049;852,183;884,039;1011,143;1123,043
124:0,013;282,033;327,049;445,243;488,073;537,063;586,056;589,099;704,051;753,162;819,028;880,225;994,118;1017,143;1028,207;1063,247;1165,259
125:0,013;295,045;316,014;327,049;353,053;373,087;448,072;472,146;501,133;524,053;642,100;676,079;677,045;704,051;712,031;828,200;871,053;889,193;1008,026;1120,183;1123,043
126:0,013;246,066;274,142;328,053;474,073;493,185;497,102;537,079;539,045;662,060;704,051;828,200;902,190;955,169;1030,199;1180,192;1191,230
127:0,013;299,061;327,049;328,053;644,149;662,060;704,051;747,073;757,037;775,069;848,054;857,113;870,012;1026,152;1047,129;1114,042;1115,234
128:0,013;255,017;262,100;264,075;282,033;330,223;345,035;365,053;505,068;556,058;566,177;638,202;800,001;815,071;855,260;872,163;1021,173;1056,211;1086,073;1129,252
129:0,013;274,142;285,140;299,061;327,049;457,204;539,045;662,060;696,258;701,065;718,224;993,093;1016,252;1048,143;1123,043
130:0,013;252,017;267,147;282,033;320,090;328,053;416,035;463,265;533,052;539,045;664,258;691,240;701,065;723,108;728,275;750,101;759,093;847,250;856,069;884,039;1016,082;1041,001;1045,114
131:0,014;186,130;204,162;242,030;263,069;341,177;428,239;538,210;580,269;618,134;890,042;931,093;1001,049
132:0,014;192,182;202,113;207,035;486,058;708,132;736,049;871,118;884,039;990,176;1040,057;1041,026;1087,131
133:0,014;70,086;126,008;207,035;512,053;539,045;542,229;551,028;749,190;968,075;1001,049
134:0,014;202,113;279,004;285,229;348,035;486,058;710,263;769,059;850,021;890,042;950,001;1117,180;1184,028
135:0,014;204,162;371,243;386,128;420,239;425,135;435,123;478,205;491,053;592,215;595,050;726,037;778,224;796,133;829,272;885,154;913,042;1006,156;1066,125;1105,026;1119,204
136:0,014;192,199;202,140;212,004;229,198;486,058;548,229;615,167;698,076;769,059;850,021;896,177;911,073;940,260;953,062;1108,099;1180,234;1182,189;1185,174
137:0,014;207,035;363,056;368,191;386,035;513,233;527,254;551,028;682,050;708,241;714,083;758,104;850,021;890,042;1001,049;1166,110;1184,047
138:0,014;226,013;242,030;275,040;298,175;315,257;417,086;551,028;761,099;766,063;829,183;848,195;850,021;871,118;874,217;890,042;968,075;1006,247;1155,046;1171,172
139:0,014;185,154;207,035;486,058;712,198;732,098;769,059;826,153;835,053;846,063;850,021;890,042;936,001;1184,028
140:0,014;185,154;215,206;276,157;296,035;454,020;465,229;530,066;540,163;551,028;653,152;850,021;888,129;906,083;968,075;987,051;1001,049
141:0,015;78,005;81,173;131,156;190,089;212,075;221,048;260,162;310,229;317,199;351,126;353,135;417,260;419,257;440,073;441,169;486,016;506,078;601,039;828,135;888,195;902,199;1053,057;1091,047;1146,010;1185,148;1190,182
142:0,015;87,201;117,075;131,156;190,072;199,064;203,095;212,075;221,048;237,108;287,032;375,128;404,141;508,056;510,125;532,162;543,173;561,172;583,067;733,114;791,118;864,211;871,085;903,113;1167,046
143:0,015;117,075;133,004;135,066;212,075;301,163;378,153;478,070;626,148;632,174;690,035;838,040;895,127;917,070;979,210;1081,057;1109,177;1114,042
144:0,015;45,104;117,075;138,089;212,075;245,057;277,066;360,020;385,053;598,173;690,035;785,133;882,099;889,087;1126,127
145:0,015;81,173;190,072;246,114;277,066;287,032;380,141;381,269;542,062;562,208;679,060;725,069;862,255;867,233;871,063;911,093;917,070;986,094;987,113;1027,072;1052,272;1057,047;1119,010
146:0,015;115,166;190,072;212,075;221,048;278,011;287,032;378,153;527,046;630,245;673,076;690,118;837,113;920,001;996,131;1013,012;1054,125;1059,193;1084,235;1095,270;1104,087;1114,042;1161,152;1162,042
147:0,015;45,104;86,066;190,072;212,075;289,265;377,048;443,188;460,151;486,027;577,151;647,191;690,035;772,162;792,234;838,040;1084,235;1175,075;1190,051
148:0,015;86,066;221,048;268,040;277,066;279,253;289,265;306,111;378,157;415,205;444,253;451,255;551,073;564,191;697,001;729,100;743,167;823,255;944,040;1062,148;1174,197
149:0,015;86,066;190,072;237,108;271,073;287,032;307,211;396,020;434,157;443,143;480,053;638,093;640,108;658,204;679,094;739,167;741,050;772,081;789,275;809,131;826,253;910,040;971,183;1114,042
150:0,015;87,201;130,066;212,075;336,090;345,011;387,159;405,169;437,034;438,053;474,070;577,151;621,199;641,070;675,240;690,035;769,183;821,250;832,037;838,040;1035,083;1056,026;1114,042
151:0,016;554,193;884,039;1038,270;1086,073;1147,062;1178,258
152:0,016;517,240;630,099;654,001;1119,062;1139,240;1178,258
153:0,016;130,223;312,180;326,016;519,252;531,069;537,153;618,069;646,231;654,001;672,221;682,028;786,193;793,034;819,211;971,246;1086,073;1087,157;1127,131;1193,054
154:0,016;530,066;613,220;614,054;629,275;730,073;761,217;836,104;878,246;1038,192;1134,174;1168,075
155:0,016;406,053;422,048;438,241;506,072;519,144;654,001;1121,235
156:0,016;521,252;644,258;654,001;890,042;904,235;999,010;1013,057;1096,174;1188,079;1193,054
157:0,016;130,066;300,157;438,241;464,253;654,001;1145,010
158:0,016;517,240;541,113;604,099;621,256;654,001;688,154;703,073;758,104;783,134;790,253;818,228;845,135;1036,138;1116,049
159:0,016;130,223;226,049;296,201;453,101;462,073;479,258;630,167;638,240;673,001;875,109;878,001;1086,073;1102,172
160:0,016;278,173;354,253;597,053;637,229;654,001;1100,094;1155,079;1193,054
161:0,017;271,073;322,201;355,042;379,223;412,043;423,042;455,036;595,056;671,225;683,060;725,069;845,156;1042,211;1052,205;1070,182;1196,047
162:0,017;307,147;309,014;358,020;377,054;496,019;536,207;594,169;627,131;760,177;828,054;899,072;988,260;1006,019;1082,184;1159,075
163:0,017;309,014;355,042;358,262;377,054;409,101;416,223;477,101;501,239;517,153;545,243;584,102;638,258;724,135;742,029;800,053;845,054;947,173;1006,019;1087,046;1101,189;1180,075;1194,241
164:0,017;309,014;355,042;377,054;899,072;1006,019;1153,104;1168,170;1169,184
165:0,017;309,014;377,054;753,252;779,136;815,059;856,021;892,012;909,043;910,072;987,051;1006,019;1080,170;1092,118;1095,049;1141,026;1186,221;1195,059
166:0,017;92,182;201,071;215,200;221,048;229,004;271,073;301,086;309,014;372,141;493,072;515,054;941,039;1006,019;1049,221;1068,199;1161,047
167:0,017;271,073;299,011;309,014;341,215;355,042;377,054;837,131;884,170;1006,019;1071,230;1195,046;1200,039
168:0,017;302,043;309,014;377,054;503,102;615,108;725,069;851,056;875,272;933,028;958,252;1006,019;1085,063;1106,125;1122,010;1198,075
169:0,017;309,014;358,262;379,049;438,273;463,002;497,071;550,052;559,261;623,101;632,028;663,231;714,134;725,069;734,260;746,049;775,169;888,172;899,072;1006,019;1084,125
170:0,017;367,207;767,184;781,195;870,275;987,051;1024,225;1153,104
171:0,018;236,045;329,011;330,038;366,048;487,006;513,037;542,062;591,107;656,090;674,253;879,125;961,121;1032,257;1044,135;1114,061;1139,050
172:0,018;208,022;237,189;303,056;386,016;512,003;640,094;765,100;842,246;853,184;881,110;915,265;953,062;1127,189
173:0,018;75,092;208,022;236,007;330,038;366,048;500,149;508,056;512,003;623,038;859,098;999,210;1166,225
174:0,018;208,022;234,070;236,045;330,038;348,066;508,056;623,038;769,099;782,199;855,132;953,062
175:0,018;234,070;241,017;291,189;330,038;400,002;472,162;476,034;487,006;538,210;542,062;561,135;770,132;778,113;816,169;848,045;879,125;1051,223;1099,047;1109,098;1139,050;1152,211;1164,050
176:0,018;207,035;208,022;237,234;348,066;487,006;508,056;654,255;691,110;735,228;809,031;842,246;940,026;961,170;1065,062
177:0,018;208,022;242,004;249,234;278,087;348,066;487,006;508,056;512,003;607,073;623,038;915,252;953,062
178:0,018;208,022;235,086;236,045;310,002;366,048;487,006;513,037;536,053;542,062;585,107;609,158;857,223;953,062;1024,083;1139,050
179:0,018;225,031;234,070;254,261;293,234;329,084;350,090;366,048;487,006;508,056;512,003;561,135;607,201;646,223;859,098;1083,075;1098,259
180:0,018;208,022;250,072;254,261;464,054;474,123;482,048;487,006;512,003;623,038;662,229;708,228;750,240;791,211;813,037;871,001;872,269;880,001;965,081;1130,061;1139,050;1184,028;1196,062
181:0,019;217,202;246,020;302,043;389,016;390,167;420,049;440,073;787,037;885,010;1045,252;1118,100;1125,062
182:0,019;86,066;136,020;186,007;440,073;508,056;665,035;821,162;877,177;888,163;1043,096;1050,152;1069,098;1102,211
183:0,019;237,266;288,031;302,043;360,009;420,135;423,020;492,069;500,231;556,039;626,098;664,001;718,132;737,035;792,034;893,010
184:0,019;246,066;250,084;360,009;399,047;489,241;556,039;766,001;951,182;1109,062;1114,127;1156,090
185:0,019;246,066;282,197;310,007;340,234;404,211;612,056;710,101;716,169;744,035;767,050;820,059;857,085;1008,049;1034,201;1079,099;1097,252;1151,062
186:0,019;246,057;250,122;302,043;360,009;389,081;412,049;440,073;444,215;453,205;488,131;550,210;556,039;688,054;882,212;942,099;1055,159;1084,114;1138,142
187:0,019;250,084;287,033;293,057;305,032;360,009;390,167;421,199;461,073;772,031;868,199;932,137;959,053;968,075;1002,114;1036,075;1137,110;1174,010;1186,059
188:0,019;206,031;265,045;288,108;360,009;451,101;521,224;545,027;556,039;742,223;797,034;930,244;944,070;971,012;972,090;1132,152;1140,047;1144,263
189:0,019;217,202;246,066;306,207;360,009;440,073;619,235;682,052;696,228;711,043;728,119;830,134;835,001;907,200;1010,221;1032,200
190:0,019;229,090;302,043;360,009;416,229;520,086;530,204;596,073;660,114;729,028;747,234;763,054;801,071;845,026;873,212;887,255;977,152;1023,260;1030,019;1090,234;1094,192;1169,050
191:0,020;560,204;688,045;712,031;727,010;1154,207;1155,192
192:0,020;498,108;626,204;642,070;668,221;727,010
193:0,020;496,019;513,037;581,052;721,103;727,010
194:0,020;496,019;551,050;561,093;610,050;709,229;716,076;727,010;755,147;786,235;806,010
195:0,020;297,033;365,113;425,101;452,176;455,020;510,043;546,035;571,083;575,093;754,202;770,228;842,119;907,269;913,042;1002,255;1105,098;1125,162
196:0,020;507,101;727,010;1057,047;1110,075;1142,090;1153,159
197:0,020;471,057;496,019;510,043;532,208;727,010;1076,036;1161,212;1190,235
198:0,020;549,056;553,003;642,039;664,223;723,093;727,010;1108,260;1113,255;1119,172;1144,180
199:0,020;510,043;535,052;634,113;667,154;684,028;707,087;1061,201;1125,176
200:0,020;496,019;561,153;693,245;734,136;740,234;741,010;1149,057
