001:0,001;100,030;119,058;148,072;177,049;242,051;278,165;280,049;346,275;481,257;510,243;565,171;608,047;620,153;757,064;773,031;786,035;812,004;836,081;859,116;917,045;1003,192;1106,060
002:0,001;96,032;130,031;177,049;205,091;209,037;242,051;291,151;293,013;315,194;429,075;458,054;469,103;606,255;616,055;754,130;756,089;762,224;812,004;853,080;924,213
003:0,001;100,030;119,058;124,247;177,049;293,013;384,036;404,239;443,075;479,027;483,069;506,039;563,159;633,047;647,170;651,109;705,221;812,004;841,083;945,207;951,056;973,144;1072,045;1093,227;1125,240
004:0,001;113,075;126,048;148,072;154,175;227,047;231,249;293,013;394,226;401,043;486,071;527,030;562,019;589,251;598,153;603,268;639,053;707,228;871,031;874,098;938,185;958,231;978,051;1044,214;1129,222;1177,181;1198,098
005:0,001;96,032;119,058;177,049;269,041;315,194;328,166;344,027;415,171;442,030;443,075;449,169;468,240;495,111;579,108;581,157;812,004;841,092;897,053;901,063;991,046;1070,099;1194,032
006:0,001;103,238;223,098;269,041;293,013;384,036;411,074;449,169;540,111;643,058;656,120;771,100;821,173;902,138;1004,108;1037,065;1065,044;1135,204;1166,071;1188,117;1193,033;1198,048;1199,230
007:0,001;126,048;227,047;243,043;274,076;293,013;398,065;411,074;440,272;465,071;577,159;612,130;632,109;637,045;708,152;793,071;818,231;830,188;857,208;871,201;986,176;1136,060
008:0,001;96,032;126,048;152,072;177,049;242,051;293,013;384,036;402,234;423,074;470,068;536,251;603,157;743,055;793,071;812,004;843,223;901,063;907,214;937,225;1024,145;1070,091;1168,237;1175,076;1183,225
009:0,001;96,032;178,076;252,077;269,041;324,043;411,074;443,049;460,130;758,123;772,156;793,071;812,004;943,173;1020,158;1030,065;1156,032
010:0,001;96,258;100,030;119,058;126,048;165,163;166,118;168,045;242,051;293,013;393,036;394,226;423,043;510,243;574,039;582,019;621,055;735,156;738,224;812,004;871,201;900,048;901,063;1043,248;1169,226
011:0,002;142,157;252,202;324,183;333,094;361,066;397,044;404,239;416,017;419,159;480,069;483,134;497,071;553,189;558,020;609,064;794,114;850,046;967,045;982,059
012:0,002;60,256;103,222;138,165;150,068;165,019;203,057;369,199;558,020;616,226;854,046;1133,260
013:0,002;262,051;314,149;341,247;471,161;475,251;483,134;497,268;558,020;634,226;678,159;696,264;703,144;800,149;972,069;982,059
014:0,002;13,046;60,256;118,012;150,068;175,009;182,006;243,138;343,229;347,138;450,102;511,251;531,083;558,020;609,064;761,094;1043,012;1141,250;1199,214
015:0,002;203,057;275,051;303,131;363,233;388,113;403,102;532,233;558,020;609,134;663,026;787,067;819,251;850,046;916,222;949,140;978,185;1020,238
016:0,002;203,057;311,065;538,248;554,210;558,020;581,173;605,055;609,064;663,026;741,077;782,035;787,067;841,204;1186,173;1190,062
017:0,002;251,076;317,043;360,066;471,268;663,026;787,067;836,081;1006,068;1014,123;1025,071;1038,101;1113,071;1139,241;1183,238;1199,059
018:0,002;150,068;165,119;279,034;358,099;360,066;475,251;581,151;609,134;663,026;850,046;982,059
019:0,002;203,057;369,208;413,138;475,159;534,239;558,020;605,055;664,064;737,056;850,046;967,102;973,146;982,059
020:0,002;207,238;372,099;476,269;636,055;663,026;807,031;866,032;1062,012;1066,181;1169,059
021:0,003;13,046;53,004;85,102;183,045;204,056;210,075;341,112;378,048;405,106;427,255;493,226;524,233;573,039;595,252;673,033;809,054;910,084;919,208;1081,192;1102,209
022:0,003;156,022;173,118;185,193;216,269;325,101;381,040;489,003;502,168;525,047;593,260;620,181;628,176;639,184;671,188;672,055;673,033;704,062;788,077;984,068;991,012;1044,114;1053,031;1068,133;1076,044;1094,201
023:0,003;185,193;210,075;357,013;381,040;489,233;500,255;518,091;580,067;617,102;1038,149
024:0,003;185,235;201,045;211,268;241,075;246,271;301,176;312,013;381,040;469,059;489,027;502,168;722,052;766,054;912,207;1186,076
025:0,003;212,086;247,149;309,195;337,210;524,229;574,047;600,246;697,066;743,174;775,176;805,258;846,204;851,111;862,110;881,171;938,044;949,231;1068,133;1072,208
026:0,003;199,261;253,249;281,035;393,221;714,245;722,052;827,146;833,035;907,146
027:0,003;204,056;206,034;211,268;217,074;242,226;265,054;269,131;281,035;317,043;516,237;673,033;753,255;799,217;879,027;880,031;1057,095;1107,159;1113,158;1132,124;1136,076
028:0,003;204,056;214,180;291,183;317,043;447,003;463,056;480,105;558,048;568,246;630,217;703,176;878,235;911,100;933,144;961,156;1002,048;1020,012;1087,044;1132,128;1170,100
029:0,003;177,043;190,190;210,075;281,035;317,043;492,191;526,065;555,182;650,171;732,235;912,064;988,208;997,226;1146,065
030:0,003;204,056;210,075;360,033;362,013;381,040;567,272;601,065;686,168;991,260;1080,122;1104,123;1126,059;1139,275;1160,159
031:0,004;188,226;232,034;299,057;372,224;405,031;514,108;519,240;552,072;555,206;562,060;575,124;580,048;659,170;682,238;755,012;784,103;806,245;830,159;938,038;942,012;1093,065;1137,078;1151,186
032:0,004;90,034;176,044;254,061;279,053;325,017;485,039;526,025;565,243;618,169;641,258;720,100;755,012;813,207;856,102;916,064;938,038;998,168;1042,031;1065,044
033:0,004;188,045;190,005;194,172;195,039;246,100;254,107;279,053;325,017;497,042;521,047;552,072;553,238;698,250;743,052;747,191;778,032;942,012;1067,095;1092,053
034:0,004;188,226;316,197;323,069;325,017;552,072;553,214;570,060;671,214;719,193;801,073;812,088;844,228;942,012;1100,060
035:0,004;209,134;218,209;227,093;253,193;254,061;278,105;305,111;486,077;499,060;504,150;536,149;673,037;714,111;832,088;855,045;912,064;936,048;938,038;969,053;1058,059;1100,060
036:0,004;254,034;312,091;326,057;489,019;494,116;662,229;737,063;747,035;791,208;942,012;1093,227
037:0,004;166,037;176,044;209,107;251,075;254,061;270,229;325,017;499,003;514,108;541,084;567,130;587,053;673,037;713,134;747,159;748,045;755,012;778,032;972,189;1089,191;1100,060;1146,075;1184,048;1194,099
038:0,004;176,044;254,061;302,103;325,017;513,042;539,103;549,067;646,170;755,012;811,240;888,255;942,012;1128,027;1170,160
039:0,004;236,103;279,053;325,017;537,025;539,067;637,053;673,037;770,045;778,032;938,021;942,012;1096,059;1176,267
040:0,004;212,093;306,151;325,017;561,181;647,077;737,181;755,012;792,054;885,032;942,012;1100,060
041:0,005;321,098;366,032;394,269;407,071;484,169;490,048;611,123;615,120;714,030;745,062;747,269;749,048;1126,126
042:0,005;313,102;405,074;407,060;584,149;619,019;655,144;698,185;726,041;749,026;757,048;765,171;806,046;1151,235
043:0,005;311,065;319,063;372,051;385,224;405,074;462,040;490,048;507,188;564,260;666,189;713,145;1177,123
044:0,005;194,157;227,073;249,154;366,032;378,048;405,074;498,151;510,060;666,011;726,041;765,171;836,138;882,188;907,108;917,138;947,012;1011,071;1094,141
045:0,005;311,065;321,098;369,131;372,051;401,055;405,074;411,027;429,094;717,099;738,138;806,046;811,133;965,100;1031,048
046:0,005;246,067;248,057;275,193;311,065;350,055;362,194;366,032;378,048;394,269;490,048;669,050;735,094;749,048;974,190;1032,235;1065,109;1102,053
047:0,005;198,028;246,271;366,032;391,169;410,194;489,084;490,048;673,066;687,178;698,238;702,011;715,062;726,041;749,048;924,084;943,032;1066,056;1163,145
048:0,005;366,262;378,048;407,060;790,220;866,138;915,046;917,064;949,029;956,048
049:0,005;311,065;319,063;373,051;395,009;407,060;490,048;568,221;580,060;726,175;776,048;870,033;909,250;981,048;1056,225;1080,048
050:0,005;319,063;372,051;391,169;407,060;806,046;829,116;866,033;935,044;968,204;1074,173;1087,056
051:0,006;63,019;94,029;105,037;131,240;141,051;165,198;270,075;319,037;381,173;639,130;720,046;722,052;800,123;812,004;866,033;925,158;955,235;1023,048;1053,108;1079,214;1149,168
052:0,006;134,044;217,202;243,186;320,044;326,061;507,238;534,184;542,048;562,114;720,046;741,207;746,031;759,116;824,065;929,124;970,077;982,140;1058,114;1063,146
053:0,006;254,201;300,252;334,061;413,051;503,272;600,214;644,153;664,135;726,119;821,191;848,231;938,032;962,145;1017,156;1065,044
054:0,006;283,275;326,061;514,065;561,214;684,053;696,248;720,046;753,122;824,065;866,033;923,124;1116,095
055:0,006;206,015;254,073;255,167;353,027;437,173;562,114;632,068;741,230;773,152;779,123;793,067;801,146;817,149;824,065;1017,145;1018,094;1105,044
056:0,006;239,213;319,037;326,061;502,167;575,229;666,068;676,275;807,188;979,235;1030,197;1128,041;1141,176
057:0,006;270,273;297,054;303,075;312,076;319,037;326,061;490,048;632,068;719,265;720,046;787,220;866,033;891,185;974,209;1116,205;1135,185
058:0,006;256,198;270,273;319,037;360,063;372,154;377,055;570,239;583,053;611,188;816,032;819,214;890,056;925,098;1162,095
059:0,006;254,201;283,275;310,183;384,027;632,068;719,265;733,026;761,119;812,108;824,065;879,123;957,126;1017,081;1022,149;1027,250;1089,208
060:0,006;233,234;440,176;483,027;647,245;659,267;686,217;815,171;988,029;1009,045;1065,044;1173,185
061:0,007;34,247;121,058;134,240;141,051;185,006;186,073;194,068;207,214;316,161;354,075;390,056;533,169;585,108;621,047;627,171;657,195;673,030;724,116;774,188;786,069;1048,181;1095,055;1172,268
062:0,007;85,165;95,019;206,058;217,031;347,149;390,059;482,065;515,071;533,226;553,189;570,030;617,258;678,153;786,069;980,188;1000,126;1117,114;1141,205;1151,258;1166,227;1171,048;1184,036
063:0,007;60,127;64,002;88,039;194,068;206,058;276,183;279,103;333,059;381,208;390,199;452,056;548,094;565,020;613,159;717,189;767,264;786,069;973,031;985,197
064:0,007;52,180;88,039;136,265;205,240;215,149;246,172;289,105;328,031;510,071;560,248;676,064;709,257;766,111;1048,123;1056,140;1088,143;1095,055;1129,069;1175,091
065:0,007;118,039;134,002;206,015;217,031;223,197;330,026;370,149;522,234;553,038;605,055;791,250;908,226;1103,029;1121,031;1163,036
066:0,007;25,116;88,039;141,051;207,214;292,119;299,056;306,210;344,183;350,071;417,233;418,208;443,109;472,055;473,217;644,248;696,255;734,060;786,069;847,250;884,213;924,046;987,138;1013,260;1024,243;1132,123;1177,170
067:0,007;25,116;88,039;133,019;183,037;194,068;206,058;239,072;313,273;319,176;343,195;411,074;422,123;467,060;515,054;517,135;608,019;632,068;705,050;745,030;770,168;799,190;853,080;932,108;1084,241;1159,072
068:0,007;42,198;117,010;141,051;186,073;196,184;202,066;212,039;214,149;278,031;289,233;446,060;464,019;502,230;560,238;649,003;696,011;757,095;778,228;779,226;993,103;1011,046;1019,056;1079,240;1142,117;1185,036
069:0,007;26,009;34,247;47,003;53,175;64,002;217,031;434,123;438,165;507,060;532,181;575,269;679,103;683,055;780,217;786,069;938,021;953,149;993,201;1016,186;1142,059;1150,197
070:0,007;42,198;63,002;105,008;155,196;157,246;186,073;217,031;475,209;481,123;607,243;742,246;765,153;786,069;953,209;956,044;981,102;1044,217
071:0,008;110,118;162,022;181,037;188,024;263,156;277,131;291,163;507,026;517,039;671,174;753,077;950,056;1068,260
072:0,008;167,254;188,024;222,075;236,010;261,193;348,055;474,069;527,030;530,238;559,217;603,171;644,048;652,094;773,058;787,099;942,048;966,098;1005,046;1012,084;1091,051;1141,027;1154,044
073:0,008;180,202;188,024;223,144;250,269;344,040;348,055;588,007;615,103;927,141;1133,075
074:0,008;89,037;152,072;183,067;188,024;212,161;222,075;225,119;346,151;348,055;390,165;472,055;602,108;760,058;847,061;900,033;909,126;996,081;1133,075
075:0,008;155,062;182,067;185,229;188,024;209,037;220,073;305,238;344,040;419,143;474,069;538,030;553,153;570,252;571,263;628,233;647,245;697,026;726,017;755,058;793,071;835,149;848,061;877,126;940,141;998,078;1006,051;1115,144;1164,058
076:0,008;147,124;188,024;209,037;220,073;311,106;333,178;344,040;354,049;473,165;507,026;534,239;539,195;703,159;980,031;1021,071
077:0,008;168,184;188,024;234,094;236,086;263,178;300,068;301,031;321,162;344,040;384,176;459,068;460,026;474,069;532,055;596,047;628,233;674,145;693,111;755,058;875,116;911,092;919,029;1013,205;1102,044;1113,250;1133,075;1156,156
078:0,008;152,072;156,022;185,229;188,024;220,073;308,119;313,102;326,164;334,163;336,075;360,164;460,026;481,019;713,248;729,019;825,056;828,108;847,061;884,103;957,146;970,230
079:0,008;43,058;100,171;147,036;159,144;181,037;276,248;414,210;430,030;457,258;460,026;493,071;507,026;553,153;596,109;643,176;684,170;693,123;701,156;934,100;946,158;1133,075
080:0,008;152,072;181,037;186,073;188,024;213,107;348,055;411,170;465,059;484,233;507,026;553,135;656,019;842,054;843,146;847,061;896,122;1033,114;1083,177;1162,075
081:0,009;214,250;264,059;474,105;531,027;604,045;643,054;685,011;696,031;887,053;906,177;980,053;997,045;1131,072
082:0,009;176,044;186,043;255,264;264,059;324,034;413,051;484,255;696,031;976,056;1032,031;1044,069;1116,236;1144,069
083:0,009;179,098;185,261;187,102;211,132;220,058;315,193;334,027;340,057;397,232;477,074;481,077;656,022;709,229;892,190;989,045;1076,031;1128,036;1197,213
084:0,009;228,058;251,239;324,034;413,051;497,184;518,188;532,099;546,071;590,130;604,045;626,182;656,022;671,174;677,058;696,031;712,027;901,031;906,176;996,207;1052,053;1091,051;1135,207;1190,062;1200,123
085:0,009;180,154;203,006;231,186;259,165;269,041;301,176;399,044;413,051;496,252;550,171;558,257;598,061;604,045;656,022;676,275;700,064;794,190;971,068;978,170
086:0,009;211,132;270,057;324,034;371,059;460,239;474,027;489,251;505,209;534,232;584,047;588,007;604,045;624,221;656,022;757,027;867,241;934,209;1049,231;1116,084
087:0,009;103,222;162,066;194,068;197,002;199,074;276,184;334,161;384,040;394,130;406,084;415,113;417,111;528,108;594,077;642,050;696,031;931,230;946,045;1116,236
088:0,009;199,249;241,057;264,059;397,232;407,167;409,173;433,017;443,130;459,199;513,072;515,071;535,255;549,239;585,065;619,156;728,060;801,027;850,214;884,186;887,053;964,111;1031,141;1054,068;1101,235;1192,258;1195,227
089:0,009;85,165;297,075;368,017;460,113;469,061;490,240;516,257;519,049;521,083;552,072;575,231;690,258;799,056;848,109;873,019;934,209;950,223;975,051;1021,243;1190,062
090:0,009;148,072;153,175;257,072;290,170;324,034;381,040;406,217;504,210;656,022;696,031;887,053;901,063;906,177;1056,275;1190,062
091:0,010;155,062;178,183;261,261;276,051;289,163;308,252;328,043;336,255;383,009;420,051;459,068;471,074;505,077;584,102;592,003;604,045;671,229;676,102;734,130;746,102;747,035;912,197;1028,053;1058,248;1174,205
092:0,010;155,062;167,180;265,247;296,056;316,027;355,267;418,075;485,039;532,100;592,003;666,011;726,041;745,157;747,035;759,185;794,170;878,069;996,240;1074,222;1134,213;1193,033
093:0,010;141,051;205,247;284,131;330,026;413,091;459,068;485,039;564,103;592,003;709,089;763,111;765,035;898,044;922,168;933,053;975,051;1149,036
094:0,010;154,254;165,119;202,141;213,164;328,102;330,026;402,272;421,141;424,059;481,209;550,181;560,234;592,003;735,123;744,207;908,223;948,176;980,192;984,250;1015,053;1096,159;1159,071
095:0,010;52,180;155,124;165,051;223,197;288,156;330,026;383,009;418,051;441,123;538,019;592,003;666,011;751,189;830,134;839,268;1158,036;1193,033
096:0,010;199,210;296,056;380,059;466,068;502,147;569,105;592,003;666,011;811,019;821,044;914,264;987,231;1046,140;1052,275;1054,168;1066,100;1071,231;1104,268;1193,033
097:0,010;43,058;64,030;85,013;100,122;155,062;184,261;281,035;310,075;326,275;354,202;361,131;383,009;425,084;455,138;459,068;471,074;547,207;588,221;592,003;651,100;676,050;689,173;715,077;747,035;839,045;1019,181;1045,260;1066,044;1155,160
098:0,010;146,162;155,062;165,013;246,209;296,056;319,053;327,046;352,061;383,009;413,102;415,049;417,202;431,027;441,003;471,074;485,039;651,100;1121,044;1132,071;1139,237;1175,098
099:0,010;151,112;330,026;383,009;421,141;445,184;475,060;476,047;547,207;592,003;734,188;747,035;888,250;933,064;941,260;1007,188;1025,098;1191,173
100:0,010;148,072;151,112;360,063;379,176;383,009;419,163;446,055;523,150;543,039;628,149;639,102;666,011;791,250;841,045;879,156;948,068;968,048;1191,062
101:0,011;85,129;132,269;147,036;157,202;171,226;173,147;182,067;196,064;329,099;529,049;554,065;591,242;605,186;613,040;658,054;670,108;740,062;749,048;786,233;803,071;859,186;950,222;1081,204;1134,176
102:0,011;47,055;88,144;143,061;148,045;196,064;274,067;329,099;353,113;390,248;535,067;611,185;860,029;951,081;972,191;1051,173;1073,188;1102,230;1111,126
103:0,011;60,255;82,037;103,052;125,265;143,061;147,124;148,045;192,138;238,074;256,210;332,240;348,055;360,066;382,003;420,054;464,019;532,231;557,169;612,189;718,231;811,019;914,044;940,217;1063,126;1088,225;1172,072
104:0,011;47,055;76,198;82,037;109,075;120,067;146,053;196,246;218,202;371,054;512,030;532,231;957,204;960,144;1043,078;1108,051;1123,072
105:0,011;8,175;82,037;94,269;103,052;120,067;196,064;246,057;298,073;365,167;381,017;490,202;535,067;599,185;652,019;656,022;687,203;749,048;766,054;859,204;877,029;886,081;890,204;919,091;1091,081;1198,248
106:0,011;103,052;109,075;151,147;182,067;217,005;236,204;246,199;286,247;324,067;372,051;385,229;430,030;465,195;535,067;593,258;604,252;683,066;701,149;808,045;1148,178
107:0,011;47,055;72,144;82,037;118,084;120,067;148,045;178,131;275,073;313,049;326,107;341,003;353,113;362,091;366,003;535,067;666,011;754,064;766,054;782,058;790,110;849,099;920,045;956,044;982,189;1183,186
108:0,011;82,214;103,010;109,075;141,131;146,053;182,067;196,064;270,229;515,149;542,060;556,237;641,109;666,144;766,054;940,217;1042,110;1104,027
109:0,011;8,175;47,055;60,255;61,127;76,175;120,067;171,226;178,183;183,002;192,138;257,031;273,221;398,054;465,195;543,109;611,167;616,173;801,032;872,207;882,110;934,204;942,156;1148,178
110:0,011;99,029;143,061;146,053;186,045;196,064;209,134;215,039;246,199;247,131;267,034;450,054;624,263;699,017;737,019;778,032;935,094;1003,012;1083,144;1106,091;1127,181
111:0,012;143,061;169,031;359,044;449,190;471,054;556,264;748,045;867,185;880,122;889,207;938,021;1129,124;1130,227;1164,177;1197,048
112:0,012;90,034;121,246;217,045;246,161;296,149;320,057;361,054;688,011;777,211;938,021;955,110;1024,065;1144,071;1187,191
113:0,012;158,236;252,183;302,268;359,162;361,054;497,042;556,116;647,108;666,011;749,176;757,226;769,102;832,123;848,108;883,211;926,099;1018,171;1020,185;1123,072;1180,267
114:0,012;166,037;198,028;254,255;276,044;432,165;434,269;455,257;494,091;514,240;559,099;609,064;673,033;699,017;748,045;796,073;849,185;895,098;907,173;930,065;1059,141;1085,145;1123,072
115:0,012;158,236;276,044;424,074;457,258;624,047;699,017;743,122;744,193;753,186;850,035;857,141;938,021;992,101;1024,046;1029,124;1140,075;1191,032
116:0,012;166,037;209,058;232,077;276,044;430,030;448,060;459,068;548,099;549,188;616,054;638,003;681,064;699,017;782,144;790,019;875,065;930,241;1135,230;1183,159
117:0,012;201,207;212,103;217,045;300,140;361,054;699,017;803,134;837,069;938,021;995,065;1123,072;1175,204
118:0,012;198,028;217,045;335,031;435,242;488,049;494,103;497,042;523,054;699,017;756,241;886,228;912,048;933,144;956,240;1102,168;1180,081
119:0,012;80,162;149,122;166,037;204,240;212,064;217,045;254,255;276,044;421,049;449,190;497,042;555,027;556,264;579,123;674,257;685,248;699,017;737,063;808,221;857,141;886,214;1038,181;1054,213;1123,072;1127,071
120:0,012;246,161;331,140;336,151;341,003;389,109;497,042;644,152;697,026;699,017;748,045;975,099;1137,059
121:0,013;154,254;253,068;311,065;341,003;430,030;442,003;525,100;586,187;607,058;705,072;712,027;847,054;887,059;956,044;1033,248;1047,091;1061,027
122:0,013;205,056;217,031;218,075;225,248;253,068;341,003;361,054;393,113;499,030;558,263;571,020;625,178;646,149;792,229;846,048;903,053;1175,241
123:0,013;222,190;318,094;329,067;341,003;530,177;531,157;568,151;656,022;698,235;712,027;903,053;1095,071
124:0,013;228,252;303,154;315,071;341,003;531,157;596,184;628,263;705,072;723,186;741,133;811,027;956,044;994,084;998,122;1074,071
125:0,013;238,235;253,068;264,059;279,053;341,003;521,099;778,230;847,019;851,221;1007,110;1114,101;1193,052
126:0,013;148,045;220,210;253,068;328,170;499,030;545,267;588,120;611,267;653,188;657,077;705,072;712,027;887,059;912,064;980,192;1061,027;1193,052
127:0,013;280,048;341,003;471,268;490,275;499,030;525,100;526,030;588,120;633,210;636,068;708,060;723,181;729,056;751,084;847,103;858,190;860,046;887,059;903,053;1034,122;1045,048;1061,027;1095,189;1103,117;1170,044;1182,149
128:0,013;220,039;298,056;341,003;582,111;705,072;730,133;763,045;798,110;982,069;1015,098;1024,046;1042,170;1077,048;1088,170;1154,101
129:0,013;250,199;336,164;414,267;698,235;836,031;839,240;885,048;905,091;1038,146;1061,027;1193,052
130:0,013;212,161;228,252;253,068;324,271;351,075;369,275;499,030;531,116;539,135;551,255;595,169;656,246;816,027;824,122;912,064;942,069;944,048;976,233;981,250;1193,052
131:0,014;125,140;129,015;145,009;232,183;249,005;280,041;296,056;303,166;347,019;354,027;359,039;383,009;407,075;459,151;573,168;593,053;825,240;832,056
132:0,014;120,067;130,031;177,043;329,247;347,019;362,230;474,069;505,055;565,027;567,065;673,066;713,145;736,214;814,185;847,061;928,029;975,051;981,158;1011,071;1141,029
133:0,014;133,157;134,154;265,054;340,034;347,019;388,094;419,075;423,226;473,209;474,176;567,065;693,129;720,062;755,012;785,258;860,029;1035,075;1056,209;1100,068;1150,258
134:0,014;96,032;130,031;141,131;187,209;483,047;567,065;673,066;801,146;954,214;1071,114;1124,109
135:0,014;76,029;130,031;192,049;225,184;272,156;347,019;384,036;421,143;455,047;597,050;600,257;860,029;1011,071;1041,109
136:0,014;134,154;177,043;291,093;347,019;364,084;579,167;602,065;666,011;693,129;733,233;936,069;950,065;1081,217;1111,189
137:0,014;133,157;177,043;246,067;327,046;374,034;425,248;583,053;644,047;680,109;690,103;767,099;827,056
138:0,014;124,196;130,031;177,043;265,054;312,233;347,019;393,106;492,191;616,048;673,066;705,072;719,233;773,268;806,046;857,217;880,208;911,046;1001,029;1011,071;1147,065
139:0,014;130,031;184,235;239,005;274,215;295,226;324,170;327,046;356,248;380,209;439,091;567,065;583,053;673,066;681,230;1024,056
140:0,014;125,016;126,196;160,004;173,006;214,250;243,031;265,054;311,213;327,046;347,019;359,049;374,091;429,161;444,040;455,047;538,067;567,065;583,053;706,217;722,052;775,207;778,094;860,029;1041,109;1063,191
141:0,015;174,141;193,074;236,010;302,069;355,056;415,171;571,065;593,230;632,060;738,170;785,191;816,233;851,149;869,044;950,138;968,173;975,051;1077,100;1092,032
142:0,015;147,036;193,074;236,010;273,034;278,045;282,069;360,102;361,066;420,159;424,164;426,221;455,047;658,269;794,241;824,035;866,233;978,081;986,046;1055,051;1099,071;1118,149;1145,044
143:0,015;166,051;195,039;227,047;236,010;286,221;313,053;361,017;464,019;796,073;814,019;876,213;882,168;917,201;984,031;1130,100;1160,236
144:0,015;159,102;236,010;273,213;286,138;327,151;328,162;365,202;378,056;464,019;855,222;864,019;961,170;975,056;983,149;1103,065
145:0,015;193,074;240,010;298,005;299,190;355,056;464,019;796,073;861,044;870,255;886,031;975,051;986,201;1198,128
146:0,015;153,162;156,161;195,039;236,010;265,054;303,240;346,190;353,026;355,056;417,202;544,195;594,103;673,066;695,050;748,045;771,189;796,073;855,222;966,108;994,159;1040,046;1041,032;1120,217;1199,181
147:0,015;147,036;199,064;236,010;293,165;402,044;404,257;430,164;464,019;887,059;915,129;938,021;1036,185;1141,128
148:0,015;103,052;147,036;166,051;193,074;255,234;273,154;282,069;464,019;957,250;961,170;1032,201;1090,222;1095,055;1112,032
149:0,015;156,161;195,039;280,053;333,046;347,043;355,056;464,019;926,225
150:0,015;9,269;184,163;215,076;225,141;232,198;236,010;282,069;368,061;466,194;497,019;899,094;916,031;1083,044;1090,053;1191,189
151:0,016;146,053;175,061;211,178;236,091;407,075;430,239;468,019;723,095;768,245;784,275;799,268;1042,222;1063,268;1098,029
152:0,016;175,061;181,037;198,249;206,015;255,105;283,106;333,164;359,039;400,184;595,058;652,182;659,058;672,019;827,217;853,114;911,056;943,240;980,032;1080,123;1186,214
153:0,016;227,047;304,195;367,013;403,003;460,026;513,072;514,026;517,135;526,025;609,045;669,145;713,134;814,044;946,084;993,076;1087,053;1098,029
154:0,016;31,014;81,184;251,005;305,199;337,163;407,075;502,233;526,025;595,058;670,250;696,193;711,060;834,019;874,065;957,261;970,031;1117,100
155:0,016;175,061;206,015;230,178;341,017;377,138;407,075;440,230;516,109;526,025;569,233;594,065;595,058;703,055;782,060;814,044;952,213;1006,176;1091,076;1101,181;1105,095;1136,114
156:0,016;206,015;229,238;233,049;372,255;471,019;526,025;573,047;692,064;766,054;800,257;857,230;891,145;959,168;1022,208;1023,068;1059,122;1098,029;1172,027
157:0,016;185,183;206,015;215,193;268,184;432,059;514,030;520,274;526,025;573,198;595,058;681,099;700,053;710,174;715,027;723,095;755,012;788,223;796,208;814,044;916,122;988,177;1013,059;1094,173
158:0,016;175,061;206,015;224,118;228,049;293,013;359,039;384,036;424,055;435,066;463,040;491,047;495,260;526,025;573,198;585,027;592,264;624,058;647,181;748,188;749,030;832,065;977,221;984,173;1035,075;1049,032;1098,029
159:0,016;183,164;222,049;576,050;586,047;725,019;788,223;954,032;1147,091
160:0,016;175,061;183,164;206,015;218,235;220,073;303,273;304,059;338,209;359,039;405,055;526,025;558,020;587,153;633,050;688,255;690,064;696,193;736,064;755,058;814,044;860,019;902,048;925,065;1026,173;1098,029;1113,159;1172,027;1198,188
161:0,017;111,039;114,084;158,213;257,067;381,173;400,208;455,047;495,159;570,091;588,007;628,138;722,159;729,056;991,205;1012,029;1041,259;1159,191;1177,275
162:0,017;103,052;132,009;154,180;210,056;223,111;231,175;260,048;282,069;308,093;316,027;373,111;414,044;451,226;539,105;588,007;626,179;668,030;783,088;830,026;896,140;927,197;970,114;1035,075;1083,207;1118,226;1148,099
163:0,017;149,163;203,098;246,067;260,048;329,046;360,017;391,184;393,233;398,027;513,072;626,179;670,171;695,191;958,069;1043,051;1095,055
164:0,017;74,190;241,102;246,067;383,009;484,167;494,171;513,072;561,108;573,171;588,007;628,138;755,058;991,205
165:0,017;158,213;206,058;237,075;246,067;274,215;298,075;316,027;429,247;471,074;542,159;551,130;564,189;637,168;652,116;729,056;1073,094;1099,065
166:0,017;129,098;206,034;219,172;223,111;358,026;384,017;394,130;500,116;513,072;552,151;562,191;668,030;755,012;830,026;940,261;975,069
167:0,017;110,118;246,067;275,059;315,053;316,027;588,007;621,099;663,053;830,026;849,083;916,188;1107,189;1108,068;1120,032
168:0,017;131,015;156,265;238,204;260,048;319,154;377,262;507,048;588,007;644,054;659,260;668,030;840,032;961,185;1031,051;1035,075;1041,259
169:0,017;109,005;121,084;196,254;233,157;368,208;373,065;378,161;494,047;575,184;650,156;668,030;701,275;775,114;789,188;798,228;844,032;864,191;1068,156
170:0,017;72,144;260,048;316,027;545,049;576,054;588,007;630,054;668,030;698,203;729,056;830,026;874,226;876,140;879,111;963,069;1198,075
171:0,018;43,058;90,034;162,066;219,268;303,180;317,065;377,066;532,019;570,176;625,175;654,191;709,238;1150,243;1190,075
172:0,018;75,127;82,214;122,032;139,126;143,048;162,066;180,202;202,066;229,151;479,149;503,039;513,072;539,039;576,094;651,003;652,250;660,175;729,120;771,048;814,119;833,189;979,048;990,143;1093,186;1164,058
173:0,018;96,032;148,246;153,222;154,269;221,235;236,164;242,094;519,230;733,114;1027,177
174:0,018;88,029;101,076;202,066;203,091;269,167;304,049;559,050;709,053;720,076;1164,058
175:0,018;43,058;71,238;87,012;101,076;172,002;208,186;224,165;255,057;283,233;303,239;308,045;317,221;339,049;581,185;607,257;630,178;709,053;755,193;797,056;802,035;803,189;942,012;966,053;986,260;989,056;992,101;1136,048
176:0,018;87,186;139,126;151,184;162,066;206,034;315,045;332,237;425,233;484,221;559,050;692,127;709,053;752,108;965,123;1090,053
177:0,018;90,034;143,048;178,103;206,034;304,049;533,025;559,050;692,019;697,050;725,119;756,159;760,145;887,053;900,221;961,044;975,078
178:0,018;71,238;206,034;304,049;308,186;332,237;524,102;637,108;644,064;652,250;773,055;784,045;847,061;885,149;927,158;937,156;938,038;990,143;1077,168;1099,032;1164,058
179:0,018;82,037;117,180;139,006;146,150;148,045;206,034;303,180;319,063;364,109;391,065;394,272;553,027;559,050;605,055;624,175;692,127;702,248;709,053;720,076;971,032
180:0,018;87,186;178,103;273,045;304,049;353,151;443,229;526,025;551,185;586,050;720,224;751,250;772,138;855,109;874,221;897,186;1059,031;1092,027;1157,226
181:0,019;222,265;239,072;244,071;508,260;584,273;631,064;694,122;704,171;734,173;951,159;1098,041;1143,137
182:0,019;208,186;239,072;339,167;369,065;537,234;570,030;613,040;683,233;707,135;712,114;760,241;763,170;824,065;876,213;945,068;1145,209
183:0,019;253,101;393,036;449,240;484,109;515,038;570,030;584,273;626,243;709,255;862,054;919,235;945,068;1098,041;1170,248
184:0,019;221,102;244,071;515,038;570,030;621,144;652,268;681,019;720,264;782,221;791,116;826,255;945,068;1143,137
185:0,019;209,037;244,071;508,257;570,030;739,229;792,048;871,130;945,068;1045,031;1095,117;1128,036
186:0,019;88,039;113,247;239,058;241,072;322,149;363,255;369,065;570,030;593,210;596,152;643,173;669,055;707,050;732,221;751,157;797,122;855,035;873,140;1040,065;1132,029;1145,240;1199,071
187:0,019;218,058;233,234;247,111;252,098;315,067;316,069;334,059;356,170;361,003;364,059;365,208;369,065;573,084;613,040;621,191;639,135;705,100;712,264;715,135;737,063;767,084;1179,029
188:0,019;239,072;345,147;369,065;515,038;585,268;588,084;613,040;673,026;686,268;694,122;787,067;800,133;945,068;1128,036
189:0,019;230,044;239,072;244,071;338,138;357,238;369,065;515,038;570,030;596,152;709,176;722,031;737,063;754,134;783,045;945,068;1098,041;1151,162
190:0,019;233,094;244,071;459,003;532,229;607,055;621,144;664,268;798,048;866,130;919,235;967,103;1001,046;1098,041;1168,244
191:0,020;43,122;101,129;134,044;156,022;197,044;237,045;325,017;383,262;523,176;704,062;854,098;891,054;945,208;949,241;1046,053;1051,144
192:0,020;46,071;76,029;184,141;232,111;240,039;253,101;315,165;358,003;407,040;498,055;507,188;513,071;596,186;620,135;630,055;656,233;723,186;879,275;1047,056;1059,159;1093,065;1173,212
193:0,020;54,114;60,067;74,190;95,239;121,075;134,044;146,009;227,273;251,045;330,059;408,003;409,257;449,027;451,232;592,003;642,181;712,026;794,207;799,126;903,053;1025,168;1145,185;1153,162
194:0,020;13,046;46,071;64,030;76,029;95,012;104,198;210,168;318,247;335,033;370,061;469,234;510,267;534,252;598,061;617,255;661,245;830,156;862,081;885,100;899,081;942,044;1065,031;1128,036;1161,075
195:0,020;46,071;60,067;71,114;134,044;150,068;156,022;211,154;240,248;295,098;309,167;335,033;347,019;349,184;386,247;428,003;508,109;585,257;598,061;637,114;682,060;690,185;695,214;847,258;861,031;909,048;945,275;1136,222
196:0,020;43,262;60,067;64,030;76,029;134,044;257,061;272,071;320,164;325,202;335,033;378,167;651,055;779,211;828,176;938,021;944,171;1028,235;1143,071;1173,212;1199,240
197:0,020;60,067;70,008;80,162;109,075;156,022;209,168;275,059;335,033;374,031;431,234;525,187;577,182;616,123;990,222;1020,069;1177,029
198:0,020;13,046;46,071;54,114;134,044;156,022;187,209;198,028;256,106;291,234;373,031;491,071;525,187;598,061;611,151;635,058;737,026;749,188;768,238;988,069;1096,048;1156,214;1178,117
199:0,020;64,030;83,175;100,030;147,198;156,022;192,044;227,273;256,045;321,067;422,242;618,229;656,022;678,264;691,195;704,062;794,126;814,092;931,103;971,029;1112,031;1133,214;1192,222
200:0,020;95,239;118,269;124,016;126,009;156,022;191,172;268,068;292,107;293,170;335,033;360,066;438,149;446,257;459,027;478,069;515,242;564,039;634,167;673,037;704,062;725,168;761,064;814,092;822,251;825,065;879,275;913,048;1034,069
