001:0,001;80,059;97,217;267,018;274,054;428,027;462,159;496,169;513,027;579,178;639,188;759,056;770,178;822,138;848,270;1137,046
002:0,001;122,016;158,267;254,091;348,270;360,059;369,027;424,051;486,042;558,241;587,043;687,119;759,056;776,197;783,164;794,153;998,228;1030,215
003:0,001;97,196;150,014;253,181;273,190;302,018;326,215;369,027;587,043;605,229;696,172;739,179;765,075;766,245;820,204;882,249;966,065;1048,238;1164,082;1175,043;1195,141;1196,175
004:0,001;88,192;93,224;223,117;302,097;495,123;498,059;640,198;672,233;724,223;769,058;1026,049;1091,092;1153,264
005:0,001;85,018;189,036;210,244;360,059;486,042;488,129;500,205;510,026;561,229;590,036;625,138;631,114;661,242;692,178;716,145;783,197;828,050;883,128;988,114;1029,050;1052,091
006:0,001;82,005;93,224;360,059;510,026;624,086;641,208;735,263;757,219;769,041;843,050;993,119;1117,026;1137,046;1169,170
007:0,001;14,151;80,059;97,217;98,005;119,113;147,107;293,159;360,059;467,236;545,262;573,077;798,042;821,253;934,124;940,137;997,031;1002,061;1012,050;1055,019;1108,034;1137,046
008:0,001;80,059;116,232;177,068;182,064;195,111;199,018;229,253;270,036;294,097;436,169;445,097;510,026;625,229;659,104;712,164;731,121;759,056;774,189;874,275;935,086;980,185;990,242;1017,100;1174,090
009:0,001;117,114;126,027;143,150;210,244;272,269;369,027;409,059;510,026;620,036;665,141;736,261;769,041;864,258;911,063;916,085;1049,132;1076,215;1191,043
010:0,001;149,002;177,068;198,186;293,113;351,244;369,027;486,042;535,046;555,205;568,077;580,188;588,059;589,233;670,200;769,041;828,050;912,228;1137,046
011:0,002;176,084;300,036;375,072;380,084;398,024;427,255;430,082;595,217;604,232;608,241;617,196;662,057;670,261;680,175;1101,270;1150,181
012:0,002;223,014;299,114;333,201;391,074;439,241;554,265;581,075;628,175;655,062;662,057;744,218;964,115;1010,267
013:0,002;193,086;199,072;272,198;273,054;274,128;307,056;345,039;428,051;439,241;517,046;527,059;568,154;633,067;670,261;716,172;717,095;744,218;865,261;1132,220
014:0,002;150,009;176,084;285,111;349,056;414,082;419,140;422,196;478,200;505,071;527,059;537,109;639,163;730,172;910,096;933,215;1012,074;1026,043;1123,146
015:0,002;191,253;243,044;244,268;298,270;301,082;466,037;477,218;505,071;517,024;544,062;550,220;585,262;595,196;610,257;633,067;675,036;689,272;727,234;832,216;1003,019;1058,132;1084,181
016:0,002;202,240;272,229;307,056;345,175;503,093;686,171;831,063;849,213;962,108;1006,187;1061,210;1133,236;1148,165;1183,269
017:0,002;199,072;298,249;307,056;357,121;366,124;380,084;395,054;414,217;505,071;527,118;547,193;564,062;582,253;613,193;633,067;717,095;833,121;884,185;962,193;1012,074;1040,043;1138,082
018:0,002;202,240;306,099;307,056;427,255;518,062;693,088;790,233;810,184;837,050;910,238;960,061;1012,074;1112,271;1154,162
019:0,002;56,253;153,220;199,072;272,229;375,072;380,082;407,181;414,024;463,046;466,037;505,062;633,067;662,057;710,174;745,175;853,063;893,075;966,216;1178,185;1179,220
020:0,002;146,227;298,249;326,266;375,072;389,129;399,056;466,037;473,059;488,058;523,059;548,254;550,069;612,197;633,067;662,057;682,086;770,210;1030,050
021:0,003;137,012;167,217;228,039;329,170;430,075;492,062;511,029;540,263;551,175;730,122;766,092;859,148;918,061;1028,023;1127,269;1181,093
022:0,003;208,016;267,214;424,091;504,235;565,269;703,063;796,146;855,256;991,035;1009,138;1028,023;1037,100;1054,222;1088,049;1095,065;1120,137
023:0,003;260,274;266,273;299,089;351,069;411,104;481,263;561,213;667,179;871,095;926,256;1104,192;1112,097;1142,192;1162,271;1175,118
024:0,003;40,250;167,039;409,118;483,164;620,113;703,063;782,125;801,051;901,091;994,049;1011,232
025:0,003;173,047;235,273;311,223;411,104;412,214;513,219;581,077;588,265;783,229;962,124;996,172;1028,023;1144,243
026:0,003;167,039;343,027;367,213;380,039;395,233;421,216;504,185;507,235;513,177;628,142;691,219;805,027;828,050;918,061;997,186;1002,096;1028,023;1036,256;1063,104;1075,256;1111,261;1185,238;1200,222
027:0,003;167,039;367,213;455,075;534,120;747,261;885,215;918,061;1028,023;1080,220;1153,061
028:0,003;182,079;191,115;204,088;240,250;247,253;294,214;410,202;440,066;494,096;613,056;628,142;811,058;864,181;886,272;942,104;953,061;994,192;1048,142;1106,043;1120,108
029:0,003;188,148;260,274;278,122;306,201;308,273;314,124;316,200;340,133;343,027;369,233;373,121;377,270;387,212;408,058;440,193;539,042;555,130;569,235;650,217;748,032;781,215;854,077;864,071;918,061;999,086;1005,093;1126,092
030:0,003;143,150;167,039;212,275;371,219;546,121;569,110;602,188;610,190;682,164;703,063;762,174;801,051;847,082;870,272;879,221;929,064;1028,023;1121,101;1187,216
031:0,004;43,011;90,198;121,236;141,173;199,204;339,042;352,080;415,148;619,235;655,067;782,088;801,253;807,124;892,170;1019,260;1181,089
032:0,004;49,114;86,133;101,014;109,045;120,093;257,195;279,093;486,042;600,043;601,234;665,216;771,049;842,208;896,190;986,244
033:0,004;38,045;321,148;393,240;489,262;493,059;534,120;574,099;584,092;612,074;629,163;636,074;686,227;713,216;852,050;876,262;936,275;946,096;975,038;1019,260;1030,085;1118,153
034:0,004;38,045;270,018;298,001;309,177;414,199;452,263;459,027;489,262;561,118;571,256;585,044;627,059;641,192;678,185;805,033;823,049;837,064;948,063;956,242;975,038;1013,131;1075,260;1090,188;1143,184
035:0,004;38,045;309,188;434,042;585,044;588,241;596,082;608,193;612,074;638,253;902,032;1024,049;1029,104;1165,140;1169,235
036:0,004;64,015;114,063;162,107;284,070;330,069;340,056;342,080;372,085;382,160;473,077;490,205;538,091;585,044;600,229;612,074;672,043;772,064;806,124;975,038;1001,185;1036,019;1138,182
037:0,004;96,116;122,217;160,066;170,141;215,122;302,069;467,213;501,141;603,094;612,074;646,045;705,222;749,163;770,095;781,064;800,179;917,221;929,096;1021,108;1032,035;1080,264;1098,026;1144,052;1154,270
038:0,004;38,045;146,014;168,113;174,055;225,056;300,148;429,175;542,192;571,185;1107,213;1132,061;1179,026
039:0,004;147,119;256,039;309,188;384,173;422,042;561,241;616,217;619,036;623,260;682,083;735,193;772,064;946,187;1076,049;1079,071
040:0,004;38,146;49,114;52,151;144,045;304,047;340,179;353,111;381,201;479,093;508,097;542,185;554,228;628,234;696,075;772,064;855,240;964,122;1004,091;1078,235
041:0,005;180,023;249,027;319,056;395,032;457,062;852,138;934,049;975,229;1082,100
042:0,005;157,181;173,074;180,023;220,018;263,159;291,057;395,032;457,062;770,174;806,075;966,019;1105,193
043:0,005;180,023;231,251;256,173;297,085;311,198;323,054;335,094;457,062;740,171;756,222;770,171;806,075;930,082;1086,258
044:0,005;16,020;21,204;173,074;180,023;264,033;296,057;383,123;571,205;657,236;757,033;818,035;843,244;897,176;935,075;953,264;965,219;968,235;1159,046;1160,220;1166,240
045:0,005;149,201;249,027;283,244;305,270;319,229;341,248;391,027;456,214;464,104;623,275;649,120;757,033;818,035;855,188;954,206;967,063;1019,186;1113,175
046:0,005;173,074;180,023;257,220;264,033;291,057;411,032;481,226;488,201;515,109;524,223;574,196;584,192;599,112;613,128;757,033;806,075;829,197;895,130;988,050;1030,204;1142,046
047:0,005;21,204;149,201;291,057;296,187;356,094;373,027;386,157;438,123;486,104;559,138;710,229;762,198
048:0,005;173,074;180,023;207,182;264,033;326,056;335,094;341,219;365,075;395,032;457,062;722,198;818,035;828,032;841,147;856,265;904,075;959,071;969,233;1158,137
049:0,005;154,151;173,074;180,023;217,111;234,091;263,099;319,233;336,202;396,094;457,062;817,233;888,091;890,261;899,193;949,035;1129,162
050:0,005;157,115;198,119;245,257;249,027;263,159;440,032;471,149;509,229;516,193;740,227;757,033;910,130;921,218;964,161;966,190;1193,026
051:0,006;89,227;360,113;461,256;569,242;617,077;634,083;676,110;728,248;748,187;892,075;927,085;975,082;1011,108;1018,208;1025,019;1106,170
052:0,006;89,082;197,226;353,054;401,223;517,149;609,105;683,213;795,208;801,042;816,058;880,019;905,114;1093,031;1144,269;1150,048
053:0,006;97,005;152,257;331,057;374,256;395,032;428,111;636,193;729,058;757,249;880,019;935,134;961,019;1173,206
054:0,006;30,011;83,099;112,244;178,016;201,110;249,027;270,201;314,057;414,190;438,244;858,245;880,019
055:0,006;89,227;98,005;234,044;268,236;459,233;561,266;574,083;643,249;663,153;665,123;729,058;880,019;1035,119;1080,026;1106,043;1131,031
056:0,006;80,059;85,173;430,075;463,110;729,058;939,137;975,238;1067,162;1143,270;1159,184
057:0,006;85,173;133,064;177,117;217,242;234,044;341,036;442,185;474,244;538,269;558,046;588,219;688,265;729,058;911,233
058:0,006;202,220;234,217;287,250;385,186;414,217;615,244;813,178;825,238;880,019;1103,085;1155,076;1163,204;1185,061
059:0,006;120,226;234,044;282,240;368,039;402,121;405,005;413,067;460,198;474,263;476,024;519,217;581,263;782,222;809,185;880,019;1159,223;1178,043
060:0,006;191,018;291,057;339,195;361,254;409,229;505,058;523,080;553,111;670,219;710,261;746,164;759,082;771,229;797,192;799,030;875,032;880,019
061:0,007;89,226;142,002;232,224;277,204;535,208;634,178;668,196;691,093;792,261;837,075;859,267;898,208;924,198;937,229;1087,275
062:0,007;85,186;160,242;354,269;515,235;587,043;850,101;1038,089;1069,101;1117,065;1160,253;1177,207
063:0,007;91,119;105,196;430,201;561,214;566,257;587,043;602,208;720,046;724,182;850,101;968,238;974,071;1149,260
064:0,007;87,218;166,226;195,267;196,099;274,275;287,198;298,069;305,253;375,240;417,121;466,185;587,043;678,199;699,198;738,141;804,270;873,219;933,258;962,272;1025,160
065:0,007;115,116;189,036;667,125;726,046;734,043;752,174;758,066;777,049;781,086;1111,253
066:0,007;85,186;89,226;116,273;158,253;189,036;587,043;593,113;611,043;637,072;648,172;692,033;731,109;802,092;921,063;944,222;957,186;1040,272
067:0,007;116,273;189,036;690,253;791,221;866,267;1027,092;1059,236;1109,076;1119,188
068:0,007;121,099;258,212;409,013;420,219;491,269;622,123;650,097;729,032;750,189;756,032;794,184;1000,256;1033,043;1042,185;1165,026
069:0,007;91,055;94,093;149,198;268,122;273,064;321,129;405,005;434,250;490,077;510,024;565,262;648,185;673,265;686,062;724,182
070:0,007;72,254;144,206;189,036;241,182;248,047;280,123;359,085;368,089;370,054;400,105;587,043;789,032;810,075;828,119;935,095;938,198;969,122;1040,160
071:0,008;58,027;153,244;166,220;298,001;367,044;377,075;391,242;397,226;448,218;470,235;497,186;535,266;637,072;692,033;719,238;781,073;834,258;860,104;1024,035;1058,034;1113,087
072:0,008;58,270;65,011;66,027;132,066;199,056;298,001;323,125;335,170;362,187;374,244;408,257;637,072;702,145;733,228;822,210;984,065;1052,210;1058,034;1069,192
073:0,008;10,240;58,027;132,066;211,089;419,200;493,046;650,178;652,072;697,104;764,272;912,181;1026,235;1058,034;1105,090
074:0,008;48,003;124,218;131,270;180,150;185,219;246,056;317,063;328,164;353,092;354,254;401,195;448,227;487,083;587,002;591,242;637,072;698,260;846,075;951,165;971,258;989,161;1018,215;1029,242;1193,100
075:0,008;56,133;162,064;298,001;341,112;477,092;483,198;637,072;663,262;696,187;745,032;771,041;788,189;871,030;910,064;929,272;973,206;1106,165;1150,107
076:0,008;58,027;135,009;163,186;220,016;247,175;343,048;365,059;466,121;497,080;509,198;550,197;604,033;614,123;748,228;962,175;977,136;1013,258;1136,142
077:0,008;10,240;66,107;105,270;120,082;132,066;297,092;572,118;588,046;593,074;672,171;678,042;683,174;694,232;726,240;736,270;781,153;844,184;901,222;968,242
078:0,008;56,010;132,066;199,056;298,001;353,112;421,080;528,024;714,158;721,270;831,130;834,258;879,188;912,063;936,257;951,165;1000,140;1065,082;1157,161
079:0,008;58,027;132,066;199,056;244,133;250,257;279,175;298,001;361,092;461,091;560,128;922,035;926,091;959,142
080:0,008;66,107;154,204;199,056;298,001;333,088;349,048;350,108;382,048;403,254;585,223;693,269;732,042;773,147;897,124;919,035;968,136;983,208;1032,071;1132,049;1147,244
081:0,009;206,128;297,018;306,218;367,229;444,255;519,188;541,236;692,033;710,073;830,170;888,262;935,142;1037,114;1052,043;1086,238;1107,207;1110,185;1130,061;1181,085;1195,092
082:0,009;205,189;235,061;265,215;279,058;537,201;692,033;745,233;803,170;825,049;917,091;920,172;1028,138;1078,252;1100,077;1130,061
083:0,009;176,091;252,119;283,058;609,042;685,174;770,217;776,064;1044,137;1141,026;1167,214
084:0,009;306,223;315,091;461,266;511,123;529,083;569,096;604,033;609,042;800,077;838,075;880,019;941,170;1018,184;1130,061
085:0,009;167,049;206,128;265,220;279,058;459,190;561,236;609,042;892,216;941,077;1019,217
086:0,009;167,049;176,091;205,189;226,270;286,220;330,048;385,140;412,004;438,059;572,198;604,033;612,236;647,196;685,109;714,262;755,042;783,215;1075,034;1149,043
087:0,009;241,199;318,240;390,056;484,046;555,138;609,042;760,138;776,170;844,235;904,050;946,031;1167,214
088:0,009;153,222;167,049;211,079;213,059;279,058;290,233;296,063;311,099;443,275;480,214;615,036;686,147;688,042;714,141;862,198;910,192;1025,240;1086,118;1126,031;1144,131
089:0,009;80,270;92,055;153,222;279,058;554,177;604,033;618,046;677,119;683,043;696,187;769,041;848,234;974,264;1163,061
090:0,009;264,197;404,236;479,253;519,234;564,218;594,256;609,042;825,235;1004,165;1131,124
091:0,010;150,220;163,273;258,117;267,061;334,224;346,177;351,123;398,036;401,263;431,254;509,213;552,141;587,002;603,094;615,232;652,275;752,121;815,176;887,093;969,240;1013,272;1070,165;1102,207;1103,253;1105,086;1177,046;1179,104;1180,046
092:0,010;122,046;199,117;230,042;466,037;481,109;542,059;543,087;587,002;603,097;758,066;784,068;805,233;947,164
093:0,010;122,046;158,218;192,198;230,042;246,199;336,092;343,042;458,077;561,122;580,265;664,228;681,043;798,176;807,122;869,192;926,253;1072,222
094:0,010;138,104;223,141;230,042;246,216;302,175;347,187;380,121;383,074;399,200;401,229;407,233;517,097;623,056;644,084;756,049;784,068;805,027;859,222;914,267;1004,249;1066,228;1091,182;1119,138
095:0,010;122,046;226,105;230,042;450,161;456,093;463,046;523,210;550,069;577,254;587,002;603,059;639,270;727,036;741,265;848,196;863,147
096:0,010;163,088;317,085;401,069;434,233;455,177;463,046;567,161;587,002;598,232;751,043;758,066;759,056;760,091;905,236;921,061;958,077;1080,220;1092,162;1124,086
097:0,010;226,105;512,161;555,253;671,122;951,063;975,217;1046,161;1146,261;1167,188
098:0,010;154,151;162,177;194,273;230,042;383,074;399,219;418,164;442,024;449,036;463,046;523,200;587,002;760,091;787,042;936,253;1143,256;1184,076
099:0,010;173,045;195,104;208,063;230,042;383,074;408,148;415,198;460,213;544,128;550,069;580,200;650,169;672,171;692,118;758,066;805,027;881,019;996,124
100:0,010;122,046;177,068;185,219;284,177;308,036;352,181;369,226;383,074;403,146;418,032;431,196;463,046;551,026;611,121;653,232;673,043;722,208;831,228;900,153;1102,026
101:0,011;178,110;224,018;398,024;405,005;505,071;509,029;549,196;644,086;666,045;669,105;674,275;753,118;759,084;780,138;832,064;872,063;1149,195
102:0,011;152,257;233,047;330,164;518,263;534,148;557,109;576,148;599,262;614,198;720,160;775,043;806,192;900,035;1067,232;1195,164
103:0,011;134,187;181,236;382,181;384,237;398,024;549,196;570,036;618,112;729,058;764,188;776,082;963,091;1029,035;1100,082;1134,210
104:0,011;146,128;173,047;332,237;398,024;573,108;800,042;934,092;984,275;1066,034;1101,267
105:0,011;131,104;173,047;315,242;375,263;381,039;398,024;562,084;573,108;620,147;660,200;668,130;748,208;767,148;815,242;900,029;906,242;965,019;981,222;1069,140;1148,168;1166,238
106:0,011;100,064;131,104;135,187;155,003;196,204;210,187;254,218;306,220;398,024;555,128;562,084;613,059;662,072;668,189;734,145;801,119;900,035;938,115;1168,233
107:0,011;137,206;167,049;175,018;243,266;293,064;314,124;366,220;382,027;385,059;389,157;398,024;527,046;606,034;693,088;769,188;855,030;900,035;1012,074;1016,082;1034,261;1096,204
108:0,011;147,016;155,013;159,115;173,047;324,201;336,237;342,253;346,200;398,024;594,130;685,192;722,062;758,193;1022,216
109:0,011;107,018;348,110;357,237;375,199;398,024;592,234;595,046;786,260;900,029;904,119;986,101
110:0,011;74,114;129,250;215,104;243,072;248,214;272,216;394,256;515,062;531,164;547,213;593,141;624,262;730,036;764,083;784,188;818,222;884,077;900,029;926,257;943,115;948,188;1007,251
111:0,012;184,061;273,054;298,069;446,181;598,075;613,122;644,121;746,049;1016,137;1020,049;1147,047;1200,198
112:0,012;184,061;273,054;354,044;399,013;445,034;457,122;461,083;471,192;483,240;567,201;689,272;757,130;776,197;859,049;1106,114;1115,049;1188,260
113:0,012;184,061;309,079;310,069;400,129;431,073;461,083;506,121;526,228;746,049;779,083;796,049;1042,124;1115,034;1124,047
114:0,012;128,181;346,069;354,044;418,177;445,034;462,109;487,059;498,226;523,241;559,093;564,245;863,093;1018,115;1124,047;1165,264
115:0,012;175,044;186,061;273,054;387,169;462,109;479,067;491,108;504,099;539,222;606,141;669,148;675,036;786,216;790,088;796,146;831,063;898,146;961,063;1056,186;1101,049;1115,140;1124,076
116:0,012;167,039;249,027;298,069;326,199;366,075;391,227;445,034;457,122;685,197;746,049;1013,131;1124,047
117:0,012;191,261;199,072;253,266;273,054;372,177;550,069;675,036;769,077;957,049;1159,052
118:0,012;89,198;90,011;109,186;184,061;303,092;308,181;354,044;405,108;498,160;1035,181;1147,228
119:0,012;239,085;288,084;313,173;354,044;409,129;612,217;657,062;675,036;818,142;862,197;914,275;1124,047
120:0,012;188,218;375,234;445,034;498,188;554,056;635,169;652,235;746,049;1028,023;1089,207;1092,034;1141,207;1153,052
121:0,013;174,055;189,059;234,123;254,242;297,248;413,067;569,082;839,172;944,031;1141,065;1154,047
122:0,013;230,118;753,217;765,240;846,058;880,049;895,071;945,138;1121,048
123:0,013;66,198;160,187;346,227;400,159;477,112;497,263;516,240;612,082;750,153;788,272;862,064;934,061;959,035;995,090;1028,023;1067,264;1074,217;1132,090;1152,165
124:0,013;198,196;413,067;577,059;606,074;607,119;670,075;674,043;686,153;752,223;769,234;922,108;1028,077;1116,087
125:0,013;174,055;189,059;231,103;234,123;312,222;557,188;767,263;816,244;820,119;825,164;944,031;1121,048
126:0,013;174,055;202,173;251,114;389,140;587,002;595,248;663,263;696,142;944,031;980,137;1103,186;1108,256
127:0,013;165,018;356,181;413,067;557,164;1189,193
128:0,013;73,215;87,218;115,009;169,066;189,059;230,118;382,042;441,066;448,248;737,272;772,187;924,128;1044,107;1121,048
129:0,013;189,059;251,114;295,141;301,233;303,057;324,039;326,257;446,148;452,099;500,190;647,223;734,147;743,240;900,029;963,236;1145,243
130:0,013;198,254;205,195;235,089;289,195;414,250;503,029;532,248;542,059;605,119;805,236;985,092;1121,048;1137,227
131:0,014;262,259;304,079;308,275;609,083;624,084;634,067;642,270;714,083;772,064;911,187;912,232;1005,122
132:0,014;49,148;267,215;298,069;355,186;525,113;583,154;626,034;682,075;839,146;877,270;966,065;969,035;1027,175;1195,210
133:0,014;274,085;329,215;395,141;507,091;526,109;527,257;548,046;731,215;747,242;802,093;867,049;993,104;1045,228;1066,244;1128,093;1169,122
134:0,014;277,042;355,186;384,266;416,205;477,253;582,178;615,118;690,075;695,046;798,236;880,122;966,065;984,121;1028,153
135:0,014;275,253;338,099;423,173;460,067;466,149;529,092;762,245;764,256;851,071;855,146;966,065;1117,131
136:0,014;255,190;488,236;499,059;603,109;758,213;910,240;984,242;990,065;1146,198;1183,108;1192,204
137:0,014;262,198;320,146;366,205;493,275;657,197;678,121;706,242;770,192;857,216;882,224;966,065
138:0,014;255,190;272,217;288,105;382,220;412,004;436,075;443,269;481,027;519,205;599,059;626,199;676,198;681,148;837,138;950,049;953,121;997,206
139:0,014;49,148;130,003;145,014;170,141;454,086;469,216;702,075;716,192;773,219;1179,269
140:0,014;300,234;395,257;403,080;447,027;541,128;557,223;624,034;699,233;750,170;773,109;797,263;833,221;900,244;966,065;1164,104
141:0,015;196,182;229,036;252,064;297,080;343,233;396,121;642,077;705,063;747,215;781,238;988,071;1067,249;1125,071
142:0,015;135,149;146,082;175,044;235,070;361,175;424,051;430,075;921,217;961,146
143:0,015;180,195;316,117;348,129;366,170;374,054;412,188;441,181;697,075;701,196;806,075;1015,146;1105,193;1173,147;1188,101;1196,165
144:0,015;234,070;352,075;385,146;424,051;434,024;462,067;535,175;594,077;610,200;624,269;652,190;963,061;1040,031;1144,052
145:0,015;191,111;284,113;286,018;352,075;401,227;424,051;441,181;445,193;497,075;688,213;750,172;837,160;994,219;1039,188;1041,192;1089,207;1127,238;1182,047
146:0,015;192,054;211,218;234,070;352,075;388,270;396,170;430,075;691,125;735,058;822,064;848,196;916,184;965,071;985,130;989,147;1020,093
147:0,015;176,188;192,054;225,036;231,215;234,070;290,233;350,190;402,160;464,092;470,075;828,049;832,188;855,141
148:0,015;135,003;176,188;202,036;231,215;267,018;330,197;736,097;767,249;1144,052
149:0,015;192,054;234,070;387,056;411,234;608,096;828,095;975,038;976,198;1142,140
150:0,015;175,044;189,150;192,188;228,204;275,117;324,177;345,088;352,075;424,067;511,223;547,248;574,266;624,242;730,236;748,196;807,104;925,235;955,104;980,019;1090,210;1144,052;1160,195;1163,207;1192,046
151:0,016;295,263;336,220;338,199;516,066;605,175;616,229;617,227;685,032;841,130;906,176
152:0,016;337,234;355,253;454,229;600,087;646,104;693,046;765,221;780,046;823,108;961,019;987,168;1068,134
153:0,016;68,261;78,016;291,057;323,170;330,048;338,219;395,058;452,235;504,037;505,027;562,260;612,074;655,135;728,062;755,075;797,049;801,051;882,224;942,176;987,168;1161,185;1179,115
154:0,016;365,210;516,066;585,147;625,045;659,072;664,213;685,032;1001,050;1089,097;1119,049;1154,047
155:0,016;297,248;318,063;328,205;356,216;465,062;507,161;510,200;516,066;527,216;615,148;667,108;865,075;899,032;963,222;991,258;1040,147;1152,066
156:0,016;365,210;560,263;578,149;625,045;685,032;753,232;773,242;938,130;971,188;1106,065;1117,192;1129,115
157:0,016;202,269;328,125;489,248;516,066;562,260;585,147;590,074;652,046;720,172;729,075;770,122;798,138;805,208;998,176;1112,271;1138,138
158:0,016;67,007;232,018;242,212;256,226;334,124;376,249;452,235;468,257;516,066;554,105;625,045;685,032;690,130;811,032;914,148;917,232;1059,043;1172,223
159:0,016;301,200;460,148;533,026;551,130;623,253;625,045;685,032;943,217;994,031;1001,100;1031,086;1088,071;1108,076;1150,176
160:0,016;320,146;402,266;470,110;554,219;639,181;683,190;858,244;1058,034;1133,249;1144,089
161:0,017;35,099;40,177;275,219;284,202;368,114;409,013;438,204;441,024;533,227;610,110;672,229;780,128;817,229;855,030;875,108;880,071
162:0,017;44,269;168,088;175,074;177,139;192,054;227,045;228,200;307,263;310,224;330,048;399,013;436,197;479,227;538,253;549,227
163:0,017;47,270;399,013;412,004;416,086;501,112;590,074;602,205;624,096;801,071;910,204;911,071;1016,065;1052,049;1095,119;1122,048
164:0,017;36,119;142,003;190,212;330,048;399,013;423,113;491,036;664,045;703,063;737,170;801,071;1082,118
165:0,017;62,034;89,099;177,093;269,197;282,039;390,083;399,013;412,004;431,227;473,058;494,109;498,222;526,256;786,217;801,071
166:0,017;44,269;259,268;294,099;303,122;399,013;412,004;436,093;440,066;509,059;650,075;765,221;798,216;818,035;821,128;829,030;878,089;946,234;991,185;999,049;1128,138;1130,048
167:0,017;54,020;107,119;175,044;181,116;190,212;214,018;311,122;375,072;377,266;399,013;412,004;424,027;450,102;508,185;531,123;587,256;590,074;606,034;699,217;828,050;900,035;969,063;1058,114;1138,258
168:0,017;72,259;330,048;416,086;440,066;450,111;504,037;510,036;521,269;530,046;801,071;1107,168;1146,271;1175,061;1181,091
169:0,017;33,115;72,259;105,016;135,242;212,063;264,033;284,202;330,048;412,004;453,192;504,037;539,244;590,074;661,160;674,234;764,109;766,119;786,095;811,235;831,050;953,089;966,031;982,251;1047,270;1086,019
170:0,017;33,003;40,177;139,003;140,253;218,267;230,189;237,177;322,197;328,205;399,013;412,004;436,069;440,066;471,062;492,223;504,037;520,140;551,077;571,113;691,138;788,256;801,071;872,092;903,019;973,161;1006,134
171:0,018;330,223;397,072;405,005;430,102;431,073;448,164;471,160;644,148;746,178;777,193;871,229;912,092;1026,043;1046,031;1061,162;1088,091;1160,043
172:0,018;112,133;177,068;178,113;180,023;259,175;263,110;335,117;351,058;374,160;397,072;405,005;428,186;431,073;480,161;585,044;593,257;606,034;656,075;681,235;818,096;920,187;1005,261;1026,043;1070,019;1139,217
173:0,018;23,236;184,113;397,072;412,213;463,161;499,042;541,114;616,192;701,210;815,091;884,089;1026,043;1044,019;1112,236;1126,104;1150,251;1200,232
174:0,018;214,082;324,121;341,048;347,042;397,072;417,265;433,240;434,107;483,102;541,114;916,147;984,119;1026,043
175:0,018;23,236;43,012;96,244;149,259;207,045;379,269;417,197;431,073;445,034;511,029;543,027;596,163;782,032;807,221;818,148;907,197;910,032;1074,252;1089,097;1106,228
176:0,018;119,113;223,204;226,275;235,082;282,018;344,212;347,204;405,005;417,265;547,097;580,121;606,034;644,153;698,147;728,125;801,051;885,030;920,107;1026,043;1109,089;1172,192
177:0,018;180,044;214,082;229,200;241,110;355,075;405,005;434,107;454,204;494,200;524,265;580,093;716,036;758,248;784,068;920,107
178:0,018;297,133;325,123;339,056;397,072;424,099;587,199;596,163;622,164;677,036;737,248;775,208;793,121;899,267;913,019;1049,132;1051,267;1088,019;1131,131;1136,043
179:0,018;222,222;395,085;405,005;445,265;521,096;554,210;689,196;746,049;792,073;802,041;837,265;903,258;995,222;1053,019;1059,251;1128,043;1131,275;1198,141
180:0,018;324,121;397,072;405,005;424,027;573,263;663,233;692,033;758,176;800,088;804,032;953,264;1066,122;1156,048;1174,270
181:0,019;194,177;212,036;225,186;253,079;298,128;305,111;448,032;546,112;724,042;753,043;784,068;820,204;982,165;1014,161
182:0,019;190,133;224,047;250,088;336,249;368,218;593,260;773,058;784,084;799,030;881,258;888,179;916,213;1152,066
183:0,019;178,110;200,250;426,140;506,122;544,188;567,104;657,083;712,046;799,030;831,063;959,161;987,240;1152,066
184:0,019;212,222;216,212;237,254;360,242;537,112;539,075;554,056;628,200;720,263;729,073;831,063;1000,140;1092,240
185:0,019;234,113;284,111;302,227;318,141;388,202;429,214;430,042;477,113;554,056;587,002;635,249;664,210;728,077;752,235;803,042;914,204;1083,219
186:0,019;192,236;263,093;416,242;590,084;799,030;831,063;877,141;1145,184;1152,066
187:0,019;207,122;257,200;285,266;380,044;412,198;503,029;530,266;554,056;635,185;641,092;799,030;967,089;974,213;1080,065;1097,034;1159,213;1199,253
188:0,019;167,133;343,027;350,108;436,222;454,186;476,082;503,029;534,245;554,056;644,179;723,238;775,114;831,063;977,089;1139,213
189:0,019;141,254;337,039;427,266;460,226;503,029;517,036;534,245;728,093;848,170;902,261;992,210;1066,065;1152,066
190:0,019;229,079;315,249;448,058;547,129;608,213;623,056;652,178;769,042;789,145;799,030;926,114;986,019;990,124;1011,121;1029,065;1110,206;1152,066
191:0,020;62,034;73,215;74,055;114,063;355,048;389,091;406,069;525,208;594,240;710,073;805,027;859,275;902,227;1130,061
192:0,020;48,198;69,038;114,063;347,229;364,263;484,125;548,099;570,222;855,032;874,153;883,182;1073,272;1166,195
193:0,020;62,034;69,038;74,055;100,064;178,063;355,044;366,244;454,222;492,086;763,227;884,175;946,172;988,050;1012,035;1065,043;1168,141;1188,272
194:0,020;62,034;74,055;100,064;226,036;550,220;585,062;609,222;692,036;694,171;708,141;714,153;736,232;915,032;943,206;988,050;1122,085;1193,048
195:0,020;84,254;114,063;335,161;376,069;488,169;508,112;516,082;547,233;658,138;674,189;777,043;791,232;906,063;957,186;985,184;1145,026
196:0,020;74,055;100,064;297,080;330,263;372,125;440,159;453,102;478,046;496,228;542,229;559,087;584,125;657,172;703,228;710,073;802,130;891,071;944,031;1059,170;1075,065;1080,026;1111,207;1166,092;1180,082
197:0,020;69,038;84,117;187,079;247,018;265,033;298,001;319,063;337,042;341,114;348,070;358,136;377,242;380,218;418,253;478,108;488,192;632,240;749,147;806,176;900,035;988,050;1080,026
198:0,020;66,011;140,064;343,027;347,226;480,266;535,125;618,256;734,104;843,256;890,142;891,218;912,188;948,031;987,190
199:0,020;69,038;101,232;142,063;234,044;290,036;587,199;681,036;710,073;767,086;871,181;1076,104;1080,026
200:0,020;100,064;296,129;335,161;478,112;508,086;585,087;652,147;759,042;849,114;862,096;908,019;922,217;927,019;935,134;1054,049;1059,170;1151,210;1194,147
