001:0,001;324,232;416,069;453,225;486,244;495,258;504,198;508,041;596,201;676,093;694,067;883,146;993,225;1053,143;1169,216
002:0,001;284,038;324,220;329,264;331,092;405,010;437,152;480,124;508,041;574,054;674,038;918,031;957,184;985,039;1039,193;1053,027;1194,143
003:0,001;304,103;346,003;405,010;443,063;445,079;463,250;506,261;535,265;580,079;585,056;605,149;611,275;694,067;887,169;973,210;1045,093
004:0,001;192,081;217,155;304,103;357,035;405,010;426,106;552,269;795,072;1112,166;1177,101;1190,031
005:0,001;321,003;398,058;405,010;458,104;508,041;674,038;717,050;816,097;1071,144
006:0,001;356,125;362,140;405,010;418,108;466,153;498,253;507,250;588,041;674,038;880,238;1155,194
007:0,001;308,058;405,010;484,029;508,041;511,258;591,050;669,137;729,146;731,152;916,222;934,265;1019,162;1156,215
008:0,001;300,003;405,010;413,136;508,041;670,052;674,038;875,257;1051,205;1144,096
009:0,001;301,125;350,097;363,081;369,269;414,124;443,069;463,250;508,041;579,247;608,185;662,228;694,067;762,176;814,245;935,083;977,097
010:0,001;315,127;454,169;638,032;674,038;846,060;864,111;917,257;962,162
011:0,002;208,043;339,185;386,239;403,198;567,261;658,124;684,120;691,192;696,033;1194,205
012:0,002;317,034;349,126;370,040;454,258;458,127;482,118;490,163;620,191;634,046;694,035;696,033;931,045;941,205;979,041;993,051
013:0,002;322,251;398,040;486,171;718,115;723,072;728,084;739,228;740,072;803,136;893,048;931,275;939,119;969,033;1166,205;1198,166
014:0,002;276,264;291,140;329,159;342,232;452,193;634,046;700,072;784,089;867,178;949,082;952,178;994,051;1019,029;1077,206;1105,274;1174,181;1189,143
015:0,002;288,018;486,275;559,035;610,052;614,167;654,224;704,072;745,188;748,225;759,245;876,197;887,151;963,119;990,051;1117,146;1197,264
016:0,002;230,077;366,111;370,040;498,272;511,062;620,191;696,033;879,140;955,033;1033,109;1056,206;1063,173;1099,117;1102,182
017:0,002;279,053;395,082;447,058;498,188;576,163;609,054;633,219;634,046;684,050;808,152;983,071;1022,030;1046,051;1139,135;1166,127
018:0,002;141,082;292,018;327,064;361,214;425,077;439,063;508,129;510,140;708,033;823,228;931,045;988,032;1160,046
019:0,002;226,083;318,209;337,072;370,040;493,115;771,194;843,234;851,159;869,209;907,060;917,031;965,051;1056,175
020:0,002;291,140;370,040;452,193;485,035;498,188;538,198;644,116;685,050;696,033;821,066;931,045;948,115;982,104;1053,027;1121,051;1141,027;1166,125
021:0,003;503,131;542,018;576,210;585,227;658,167;737,145;746,228;822,198;911,071;1061,041;1082,143;1096,207;1124,032
022:0,003;430,269;525,198;538,140;708,160;722,050;849,039;897,261;926,096;962,194;1189,085
023:0,003;427,275;429,018;559,040;642,225;659,048;678,045;766,197;789,032;849,048;890,122;911,071;935,122;1044,175;1049,035;1058,135;1105,257
024:0,003;427,124;473,159;522,199;633,235;663,205;679,082;779,050;865,179;918,093;937,182;973,090;1061,041;1115,059
025:0,003;443,177;476,029;496,107;720,205;734,144;845,227;849,039;913,134;1061,041;1073,193;1078,030
026:0,003;167,078;209,020;232,159;322,059;339,018;344,106;459,082;543,172;561,045;628,041;654,052;766,197;873,261;1019,093;1153,222;1171,073
027:0,003;192,176;219,002;300,183;323,127;465,053;471,163;513,251;619,127;665,210;754,067;861,151;872,173;906,093;911,071;1070,183;1115,059;1137,269
028:0,003;310,136;397,096;492,018;656,048;668,199;816,210;822,115;849,039;911,071;997,146;1115,059;1198,132
029:0,003;261,010;270,082;684,050;723,045;754,253;978,083;1061,041;1063,099;1147,035
030:0,003;415,053;489,045;516,053;595,056;644,052;659,120;699,149;722,171;748,093;1033,046;1118,101;1166,172
031:0,004;85,209;95,059;106,154;465,225;635,100;719,183;878,239;917,041;979,051;983,225;989,039;1016,120;1167,070
032:0,004;42,127;65,015;106,154;282,155;322,275;382,185;413,269;452,140;462,045;541,092;600,219;622,081;911,194;939,175;1018,100;1136,197
033:0,004;36,077;260,043;261,010;274,129;286,269;387,265;395,031;446,153;461,129;503,122;715,079;721,081;767,239;812,054;882,257;912,107;1059,033;1065,174;1090,041;1171,207
034:0,004;36,077;185,112;221,175;353,244;477,194;898,146;903,066;1126,030
035:0,004;28,169;157,218;257,066;261,010;293,003;369,245;390,155;443,177;489,193;544,205;649,169;707,150;754,145;847,182;856,095;957,146;1147,089;1149,144
036:0,004;54,078;190,115;261,010;274,176;315,060;446,143;456,210;1138,206
037:0,004;31,020;118,269;261,010;329,090;447,256;466,079;544,116;748,084;812,054;825,166;873,206;1187,274
038:0,004;33,127;261,010;274,269;354,102;606,045;716,239;756,041;915,031;921,096;1006,194;1018,125;1122,051;1139,169
039:0,004;31,002;45,136;95,175;118,269;146,011;152,123;370,082;389,194;409,051;477,227;812,054;908,269;1046,119
040:0,004;68,006;181,106;200,027;206,066;246,099;261,010;282,275;286,058;361,045;375,176;568,219;587,115;696,183;795,057;814,041;903,032;929,060;985,039;996,051;998,164;1096,027;1117,110;1133,129
041:0,005;85,197;148,254;192,066;228,251;307,107;351,226;367,051;517,221;565,167;571,165;644,272;717,176;967,227;989,060;1039,066;1068,048;1122,031
042:0,005;199,066;247,115;252,061;270,077;277,165;367,051;565,167;773,275;807,255;878,031;931,045;965,051;1053,027;1177,166;1184,073;1195,080
043:0,005;166,034;367,051;374,108;539,048;616,172;641,193;744,097;843,117;866,194;874,041;877,216;1104,151;1140,155
044:0,005;192,066;243,180;272,058;321,187;371,088;407,175;567,104;702,103;731,192;937,031;965,051;1027,184;1198,222
045:0,005;189,067;192,066;239,270;262,165;267,003;308,195;310,244;315,060;321,187;333,058;367,051;539,048;616,173;621,207;677,239;690,162;774,102;924,071;989,265;1053,027;1096,144;1119,059;1156,215
046:0,005;206,107;348,185;367,051;536,081;710,120;774,207;906,095;911,133;964,140;1011,119;1088,222;1089,068;1148,119
047:0,005;247,043;272,058;448,118;503,034;554,048;702,103;920,152;957,104;965,051
048:0,005;210,043;218,066;230,165;334,058;495,018;544,263;622,124;848,144;944,041;1044,138;1165,238;1191,182
049:0,005;206,107;285,034;422,115;426,069;448,118;474,028;513,163;538,173;718,122;845,032;852,198;985,172;1029,137;1089,068;1091,085;1158,146;1166,070
050:0,005;128,205;192,066;228,251;272,058;358,255;361,215;367,051;389,209;539,048;719,077;879,090;945,192;975,224;1089,068
051:0,006;196,220;239,044;263,003;270,106;380,097;570,041;580,122;626,263;662,032;784,181
052:0,006;205,144;239,111;461,062;559,149;561,045;810,216;974,072;1097,194;1144,164
053:0,006;127,247;176,053;310,245;474,165;658,215;660,035;732,118;784,095;891,102;1045,184;1181,103
054:0,006;174,244;176,053;345,011;368,209;584,219;704,032;723,173;764,146;769,097;780,240;845,162;936,081;1140,035
055:0,006;127,247;208,043;329,011;386,218;394,042;412,058;501,018;505,205;547,261;597,169;755,193;877,182;908,264;983,197
056:0,006;53,019;62,097;389,124;426,185;461,062;521,255;581,092;679,030;753,187;800,193;841,237;869,248;873,250;909,169;966,226;1010,039;1085,051;1142,070
057:0,006;176,053;523,055;579,160;679,030;730,176;740,075;785,182;829,067;928,173;938,071;993,185
058:0,006;94,097;344,082;361,226;384,165;461,062;597,090;707,255;793,234;821,239;855,222;958,184;1045,033;1194,089
059:0,006;188,001;208,043;295,222;373,125;386,153;395,185;578,048;589,255;980,032;1199,149
060:0,006;208,043;255,169;461,062;554,052;679,030;731,240;1113,216;1161,059
061:0,007;100,231;209,195;246,086;262,068;322,118;327,064;357,035;395,115;400,083;611,061;701,202;770,198;806,048;973,035;984,257;1017,030;1037,029;1056,046;1118,221;1198,135
062:0,007;131,215;306,264;368,051;369,153;415,097;513,077;707,072;905,176;1020,224;1056,029;1156,195
063:0,007;162,120;357,035;400,227;571,018;581,269;596,198;604,032;735,215;739,265;811,072;1028,089;1083,176;1168,195
064:0,007;146,102;188,020;237,123;244,003;245,061;262,068;297,037;357,035;404,055;430,189;499,062;503,034;611,061;677,181;777,269;832,050;858,072;923,224;961,032;1193,250
065:0,007;131,061;297,037;329,068;358,115;369,214;378,058;385,117;409,245;455,100;472,085;508,083;514,055;535,173;611,061;726,152;734,072;802,100;806,048;969,035;1011,235;1074,216;1088,027;1108,164;1168,031;1175,211;1193,250
066:0,007;136,087;167,179;313,028;327,064;381,050;405,055;586,035;626,093;739,127;777,038;783,209;790,227;791,226;827,115;975,120;1009,135
067:0,007;100,087;131,061;189,067;205,020;264,102;291,154;322,118;327,064;382,210;450,165;549,175;561,045;764,079;806,048;1017,030
068:0,007;131,061;261,010;262,068;357,035;402,063;474,028;517,055;583,150;726,185;736,095;752,100;768,077;796,083;806,048;1000,093;1017,030
069:0,007;173,197;176,044;213,175;217,086;262,068;337,187;527,051;541,264;627,173;724,160;801,060;804,122;822,089;851,269;947,264;1120,134
070:0,007;45,136;54,178;59,019;79,003;131,215;247,152;274,180;297,037;340,184;416,052;507,118;530,058;553,129;711,275;897,245;972,207;1014,255;1023,265;1162,231;1183,118
071:0,008;52,007;156,131;161,058;173,044;194,027;283,077;413,052;911,109;988,176;1087,089
072:0,008;61,220;70,037;125,026;239,261;458,115;474,028;513,124;532,127;613,083;795,205;805,038;815,269;905,066;1002,035;1020,197;1124,032;1136,070
073:0,008;70,037;124,136;148,026;173,044;206,003;356,052;431,264;501,035;549,145;569,048;664,248;914,059;946,275;1134,109
074:0,008;16,178;70,037;120,074;149,163;161,058;197,127;247,167;258,183;277,068;356,052;648,035;649,269;686,205;906,104;928,206;1025,257;1090,137;1111,100;1139,221;1189,029
075:0,008;63,237;70,037;120,074;125,026;173,044;184,092;194,027;299,129;308,083;376,222;461,104;551,018;607,117;695,127;733,115;825,183;996,151;1016,198
076:0,008;16,178;34,019;100,002;156,131;173,044;194,027;245,129;269,261;338,053;535,043;538,058;572,050;626,052;840,209;850,265;858,066;1115,059;1167,128
077:0,008;130,226;153,197;161,058;184,092;266,197;389,053;444,187;568,095;666,089;682,035;694,067;907,097;937,245;974,183;1012,264;1086,066;1162,169
078:0,008;130,226;209,027;258,044;285,239;449,018;474,028;518,269;541,144;549,145;643,275;768,072;947,136
079:0,008;61,220;70,037;125,026;189,106;256,220;272,003;300,226;301,176;541,104;675,045;799,134;898,210;968,137;1064,225;1136,070;1169,120
080:0,008;67,239;356,052;496,169;580,048;666,089;684,050;852,205;936,198;962,102;993,066;1176,072
081:0,009;50,224;66,019;91,074;101,205;154,150;536,041;546,176;655,054;673,201;789,081;869,041;1054,102;1096,185;1158,073
082:0,009;71,129;86,179;132,002;191,129;257,066;287,220;353,029;416,042;527,095;534,159;654,172;788,041;997,103;1158,073
083:0,009;62,102;234,275;250,065;345,179;381,187;441,198;456,143;476,120;479,245;521,105;571,172;738,066;752,202;770,173;883,041;1014,227;1070,117;1073,164;1142,133
084:0,009;53,231;97,239;102,020;183,247;189,067;198,075;228,184;248,020;288,150;377,255;406,115;433,206;455,226;473,106;529,127;869,072;870,033;1147,182;1189,210
085:0,009;38,141;55,017;90,102;123,115;214,020;221,061;362,264;515,081;545,119;798,227;949,193;1018,082;1163,046
086:0,009;40,003;108,020;322,115;347,220;357,028;421,194;742,045;792,093;862,241;874,081;1033,216;1071,100;1105,231;1158,073
087:0,009;50,224;206,102;239,092;322,115;416,069;456,035;595,077;764,124;809,171;879,082;996,133;1027,150;1192,070
088:0,009;53,231;110,006;178,113;191,150;233,206;285,215;293,100;494,171;634,046;677,248;719,258;728,090;752,222;876,032;911,031;1008,029;1193,245
089:0,009;30,237;136,136;338,068;363,072;430,228;538,226;668,145;779,172;819,264;841,199;847,143;973,151;974,032;1050,210
090:0,009;43,006;208,270;241,001;284,034;316,125;416,069;433,206;523,058;528,228;603,032;727,227;743,133;812,054;818,119;838,102;850,224;942,164;987,198;1013,046
091:0,010;240,200;337,072;352,140;353,154;364,261;379,050;384,169;450,040;468,201;472,096;581,187;712,066;900,173;1084,134;1108,153;1137,046;1198,207
092:0,010;224,106;279,088;402,063;496,100;554,124;608,117;622,045;684,097;712,066;833,137;839,124
093:0,010;44,175;45,007;87,176;194,027;240,200;341,175;520,115;557,077;584,205;707,124;760,052;792,185;799,150
094:0,010;172,001;192,195;231,223;243,055;375,210;379,050;402,063;506,199;702,239;718,085;830,149;888,218;1163,224;1195,176
095:0,010;243,055;426,275;473,077;542,018;567,221;687,226;712,066;878,072;888,218
096:0,010;231,223;237,152;243,055;256,233;445,079;619,149;693,079;712,066;910,060;1031,274;1100,143;1190,184
097:0,010;243,055;304,053;331,105;337,072;375,210;497,092;549,083;570,050;635,041;654,171;848,173;854,060;874,107;938,089;999,090;1115,059;1148,265
098:0,010;236,111;243,055;297,037;324,232;337,072;418,060;440,052;499,217;500,118;514,053;559,149;897,241;935,033;1029,140;1044,030;1070,035;1086,102;1094,176
099:0,010;250,123;296,157;311,167;402,063;471,062;573,228;856,209;877,169;895,194;980,115;992,143;1034,066;1060,255;1081,194;1083,097
100:0,010;270,088;340,072;370,040;379,050;422,226;541,050;600,041;606,228;609,045;627,079;688,245;750,239;918,120;1139,222;1146,095
101:0,011;391,031;411,140;487,120;679,035;697,239;715,042;734,087;738,041;779,085;797,172;893,103;1120,118;1161,209
102:0,011;340,183;391,031;455,055;463,159;520,108;657,136;697,225;720,129;753,194;760,067;796,182;1076,096;1132,032;1142,128
103:0,011;262,068;373,060;378,030;391,031;453,225;456,085;591,250;835,072;851,122;940,155;1031,046;1067,118
104:0,011;378,030;405,265;494,081;509,058;598,178;686,041;702,258;738,041;946,222
105:0,011;417,085;452,221;504,265;570,144;574,097;753,205;781,086;822,197;911,183;972,152;1071,151
106:0,011;405,227;425,140;452,045;523,097;598,178;621,035;738,041;803,145;818,181;990,048;994,039;1025,127;1142,128;1147,078
107:0,011;378,030;391,031;412,189;754,240;774,264;795,057;814,133;1125,027
108:0,011;378,030;409,028;424,055;449,120;496,174;509,058;565,234
109:0,011;414,060;460,045;496,174;509,058;555,188;597,079;635,198;738,041;882,235;1074,035;1148,059;1184,078
110:0,011;169,136;246,011;272,183;509,058;582,041;720,264;938,241;945,095;968,104;1020,135;1032,104
111:0,012;58,136;129,169;183,076;192,231;308,059;373,157;386,029;392,144;405,055;409,233;444,056;684,207;715,042;731,104;733,033;868,111;888,150;1017,209;1159,089;1188,164
112:0,012;23,175;83,059;149,163;191,075;226,083;288,111;331,055;353,197;356,129;444,056;572,275;606,054;674,095;700,221;800,060;984,205;985,033;1047,144;1067,118;1115,240
113:0,012;34,009;60,007;87,001;105,003;191,075;217,026;225,044;230,112;243,029;355,042;463,269;503,056;685,162;799,192;800,060;1004,046;1077,155;1136,070;1189,162
114:0,012;16,185;63,141;69,074;174,105;204,108;212,043;254,011;337,055;426,129;537,133;556,108;640,129;755,221;794,197;797,253;862,216;869,253;895,060;920,205;1061,109;1070,183;1113,166
115:0,012;18,179;31,006;56,011;69,074;125,026;133,231;151,209;161,058;195,179;337,082;340,100;450,275;501,222;763,181;813,050;829,241;845,193;933,228;1004,046;1093,119;1124,225
116:0,012;33,155;66,202;76,153;161,039;175,112;243,029;590,179;745,075;800,060;1004,046
117:0,012;28,129;44,001;69,074;191,075;221,053;348,198;404,125;450,056;571,105;596,050;624,097;653,188;677,041;680,038;699,202;739,207;744,103;782,149;824,192;869,104;947,142;1088,207;1165,255
118:0,012;21,014;52,153;85,187;118,001;243,029;290,018;308,059;404,051;426,035;481,093;511,189;521,100;568,056;590,179;858,082;872,143;891,032;1004,046
119:0,012;21,141;69,074;154,039;201,075;242,180;308,059;361,003;476,115;501,275;641,056;711,188;759,075;839,237;869,264;876,151;1065,041;1112,224
120:0,012;16,185;31,129;243,029;261,129;371,167;413,154;435,053;444,056;589,207;800,060;1000,041;1036,234;1041,238;1175,138
121:0,013;168,239;189,218;258,020;275,157;287,251;361,045;400,183;413,031;420,138;428,040;440,063;484,116;535,043;541,050;643,122;771,179;902,033;962,274;1020,207;1088,027;1130,208
122:0,013;144,061;250,065;337,059;359,011;392,060;468,081;492,251;618,050;640,079;817,100;949,224;970,222;985,039;1075,041;1097,174;1120,035;1144,120
123:0,013;192,181;250,065;387,018;448,172;584,144;782,166;823,176;873,274;884,048;1077,182;1085,152
124:0,013;16,236;18,179;87,224;263,124;357,011;395,140;413,031;420,116;574,054;667,041;700,072;1002,209;1089,046
125:0,013;157,018;175,248;189,044;201,268;361,045;442,255;535,043;568,117;569,150;574,054;702,137;830,145;896,072;985,255
126:0,013;131,061;193,181;250,065;313,082;336,140;343,123;360,255;438,221;440,040;464,131;541,050;587,145;603,054;690,166;736,137;790,235;985,039;1055,176;1066,027;1156,174;1162,078;1167,082
127:0,013;144,076;178,034;258,001;270,100;275,157;413,031;420,138;432,272;435,125;450,154;535,043;549,263;574,054;668,239;675,198;690,166;868,039;902,119;944,104;981,048;1000,100;1027,205;1036,081;1079,181;1170,029;1194,194
128:0,013;192,081;337,176;344,053;541,050;574,160;700,072;729,149;777,100;1017,030;1194,140
129:0,013;175,248;250,065;263,124;413,031;417,085;467,051;496,055;574,054;582,189;583,176;700,072;714,035;755,173;801,103;883,228;992,222;1076,205;1187,240
130:0,013;144,076;201,268;361,045;394,272;454,052;473,201;490,052;541,050;604,145;708,100;789,136;799,050;908,274;1131,031
131:0,014;142,197;339,105;536,136;652,150;666,041;719,226;869,127;1113,233;1149,225
132:0,014;152,011;231,165;258,028;432,144;467,108;502,035;562,057;583,207;620,035;667,041;683,265;728,045;781,086;824,134;1005,173;1053,122;1066,138
133:0,014;147,171;198,209;258,028;413,035;435,157;486,028;511,095;707,224;824,133;908,060;916,109;965,224;1009,198
134:0,014;142,057;227,231;288,092;503,035;679,030;698,235;881,178;959,035;1097,231
135:0,014;149,082;258,028;316,233;382,150;483,226;503,051;538,058;596,235;724,248;803,140;861,228;871,102;879,041;882,175;897,111;1136,070;1173,178
136:0,014;142,057;200,183;213,120;413,035;509,150;527,250;564,133;575,100;674,221;752,224;864,119;916,193;989,269;1022,124;1122,030;1132,129
137:0,014;142,057;209,176;258,028;413,035;777,199;849,039;894,222;899,145;942,072;947,125;1158,156
138:0,014;147,171;245,043;258,028;362,058;460,051;529,090;567,105;600,041;694,198;792,032;799,171;809,173;833,048;1076,085
139:0,014;142,057;231,259;311,155;393,060;413,035;785,144;1042,133;1047,136
140:0,014;200,183;258,028;375,129;413,035;594,235;622,116;632,222;645,226;781,082;826,187;911,265;987,216;1029,178
141:0,015;144,061;150,100;254,036;290,058;297,018;433,256;465,029;491,219;576,167;592,096;727,100;744,215;824,107;902,197;978,103;992,082
142:0,015;113,054;193,078;295,126;332,183;339,226;340,068;378,198;400,077;464,251;506,062;508,096;785,090;803,225;921,145;959,100;992,178;1065,099;1119,066;1128,101;1189,070
143:0,015;111,168;113,054;150,100;214,226;257,066;276,264;321,222;402,157;481,100;503,120;654,189;689,178;871,151;886,175
144:0,015;113,054;190,229;254,036;263,167;274,065;374,133;816,104;899,172;1065,029;1115,208
145:0,015;190,259;335,117;374,133;528,129;610,228;619,092;665,178;845,164;1044,172
146:0,015;85,197;106,078;161,231;184,209;316,106;335,058;343,090;504,264;691,090;869,117;1029,275;1067,030;1089,068;1154,029
147:0,015;120,137;252,197;254,036;257,066;290,053;291,038;321,060;333,105;495,051;515,129;528,245;682,215;707,052;711,093;755,191;811,216;813,127;850,137;867,122;872,145;907,060;910,124;917,033;1014,048;1115,208;1119,099;1190,096
148:0,015;87,209;190,259;225,044;274,102;305,117;356,052;373,226;453,052;637,215;789,066;985,198;1001,029;1033,048;1104,224;1152,151;1183,185
149:0,015;54,187;113,054;171,221;192,066;208,167;318,102;419,184;455,090;477,055;502,122;561,045;615,061;628,084;797,162;1001,029;1153,156;1184,124
150:0,015;128,026;197,018;251,195;254,036;289,078;373,042;444,056;491,219;524,119;882,033;1001,029
151:0,016;46,254;104,013;144,150;148,239;160,061;225,044;282,092;287,034;331,199;519,239;657,183;715,042;717,185;916,197;1014,185;1050,181;1073,032;1179,174
152:0,016;53,185;62,254;145,208;175,044;194,026;246,029;487,090;574,018;594,272;780,096;785,201;795,057;827,078;1111,032;1123,264;1170,152
153:0,016;203,275;345,264;357,064;414,111;466,261;564,057;576,041;591,210;664,187;874,089;880,238;1005,159;1078,090;1106,264
154:0,016;64,208;194,026;225,044;290,096;444,102;569,245;715,042;729,146;817,060;818,274;910,137;973,119;1034,117;1063,033;1166,072
155:0,016;64,198;112,254;194,026;211,020;287,106;313,028;320,244;398,042;454,018;460,029;470,185;530,052;558,193;762,253;781,265;931,071;982,139;1110,096;1186,027
156:0,016;42,155;189,208;193,057;236,150;272,029;465,136;752,159;841,122;860,097;871,275;961,095
157:0,016;121,120;144,150;184,176;189,067;218,184;299,215;332,152;519,052;524,119;537,187;604,188;643,250;769,222;841,072;847,078;1153,046;1166,072
158:0,016;51,113;70,155;121,120;194,026;236,081;533,150;593,167;595,189;632,052;657,183;684,264;771,146;795,057;818,274;849,032;897,031;913,209;960,111;1132,144;1146,124;1166,072
159:0,016;44,202;51,113;290,096;357,117;396,111;402,120;467,206;471,199;501,210;565,234;721,052;786,115;795,057;843,143;852,124;902,117;1166,072
160:0,016;44,202;156,155;225,044;331,199;449,261;472,245;560,209;780,150;800,137;905,227;1044,107;1057,035;1124,174
161:0,017;12,221;355,042;404,233;409,255;512,057;611,061;621,228;628,117;812,072;843,164;864,207;944,255;971,144;976,109;1001,029;1026,269;1136,103;1188,218
162:0,017;12,221;105,001;115,168;284,038;320,245;356,198;367,221;663,176;728,181;746,166;780,120;894,089;899,136;929,143;949,090;962,125;1006,066;1112,139
163:0,017;56,115;166,123;193,137;255,003;412,194;468,201;485,183;521,057;690,032;737,104;803,185;853,117;887,097;893,234;1032,051;1046,140;1094,142;1135,152;1139,031
164:0,017;70,039;196,269;284,038;294,058;443,077;512,057;654,265;774,033;847,226;1003,162;1010,134
165:0,017;70,039;205,075;212,086;237,176;283,244;329,157;364,052;433,228;500,144;512,057;645,187;662,227;712,209;866,048;885,226;931,209;1008,193;1081,066;1172,217
166:0,017;104,168;275,221;425,244;512,057;638,178;642,084;694,160;773,093;787,169;885,187;904,120;939,207;1081,257
167:0,017;56,115;70,039;191,075;220,034;240,018;249,043;255,233;268,175;338,209;355,042;460,172;520,159;738,272;780,261;874,137;924,207;933,103;969,035
168:0,017;66,110;70,039;166,058;174,244;278,183;292,209;380,058;383,251;467,154;524,253;584,172;611,057;641,224;734,136;1036,032;1171,132
169:0,017;73,153;74,175;100,179;187,226;355,042;389,194;416,069;449,124;644,199;668,097;676,100;697,120;758,052;846,110
170:0,017;58,205;115,014;204,244;284,038;387,106;412,081;439,116;482,177;483,152;512,057;539,048;568,093;648,239;697,082;917,066;1030,151;1096,216
171:0,018;578,032;608,052;735,241;827,248;849,115;884,193;911,071;981,144;1088,137;1122,031;1159,207;1191,099
172:0,018;578,032;682,085;712,159;854,127;1018,142;1105,035;1172,146
173:0,018;592,201;662,159;695,124;704,191;831,261;857,227;898,206;919,089;925,225;1122,031;1173,176;1193,181
174:0,018;325,003;363,265;513,108;516,045;521,041;539,048;545,189;578,032;703,199;767,150;770,152;798,146;816,205;829,033;914,155;1103,255;1148,109
175:0,018;94,005;190,175;247,018;610,250;643,219;703,189;785,160;835,120;904,146;946,122;1122,031;1149,099
176:0,018;575,082;607,261;825,250;867,159;985,275;1015,152;1122,031
177:0,018;48,237;58,205;79,018;308,059;380,214;398,155;437,222;555,163;564,100;623,226;641,215;653,056;689,192;735,241;944,253;978,255;1007,182;1142,031
178:0,018;503,034;569,107;591,083;1061,133
179:0,018;577,263;669,261;772,192;780,045;816,083;877,159;1065,174;1142,274
180:0,018;590,048;669,248;671,225;683,222;687,201;750,107;769,090;777,033;827,078;846,250;927,124;951,031;959,143;1078,109;1139,169;1157,195;1159,093
181:0,019;83,059;100,034;228,152;233,003;255,044;289,244;293,184;452,045;581,177;640,085;661,108;849,215;867,031;984,182;993,048;1081,081;1093,275;1094,035;1186,027;1188,151
182:0,019;83,059;100,034;107,218;167,169;306,256;331,055;340,179;413,239;636,191;726,045;807,248;813,077;858,185;914,059;971,211;993,264;1006,102;1085,265;1109,135;1137,125
183:0,019;83,059;92,275;100,034;385,136;433,183;458,258;714,066;717,095;732,102;823,275;867,031;959,035
184:0,019;28,169;83,059;142,020;185,206;223,034;303,256;338,028;381,153;386,029;452,045;544,093;559,040;617,187;626,188;665,054;703,095;849,240;1186,027
185:0,019;107,218;122,147;218,020;229,220;307,144;684,050;742,150;789,117;845,264;851,090;986,139
186:0,019;83,059;100,034;185,206;273,029;503,034;578,032;643,108;867,031;914,059;972,035
187:0,019;100,136;113,209;119,087;142,005;206,144;387,218;405,010;406,261;410,040;450,115;452,045;464,222;467,140;511,127;526,056;797,198;824,172;962,060;1027,096;1067,172;1146,210;1186,027
188:0,019;92,275;100,034;288,001;302,102;331,055;559,040;566,085;718,035;778,066;797,215;852,089;1110,275;1158,073
189:0,019;122,147;156,005;203,003;214,159;331,055;509,041;541,045;547,085;561,040;577,250;596,188;614,082;675,188;742,169;867,031;914,059;959,035;1119,117;1157,035;1190,217
190:0,019;100,034;219,018;228,152;375,215;452,045;559,040;581,177;596,093;626,107;869,239;874,192;959,035;1056,269
191:0,020;266,060;584,247;599,209;711,075;772,032;881,142;941,107;971,250;997,041;1108,140
192:0,020;192,077;203,220;227,100;314,215;395,153;499,093;574,090;689,116;749,234;772,032;1003,250;1048,234
193:0,020;176,053;260,028;297,117;314,179;338,083;495,062;515,272;576,133;738,245;798,038;803,140;967,135;985,096;1108,029
194:0,020;270,090;272,058;312,078;410,136;412,215;441,060;479,127;530,225;967,032;1093,153;1112,081;1158,070
195:0,020;204,108;344,165;441,055;540,269;558,185;722,107;740,269;772,032;873,206;896,143;919,250;1073,122;1127,209;1192,046
196:0,020;204,002;266,060;537,058;594,258;671,137;698,222;711,075;835,067;919,274;958,048;967,135;1016,033;1110,233;1145,110
197:0,020;277,126;347,060;476,206;537,255;691,030;711,075;807,150;851,110;1096,104
198:0,020;275,108;402,018;483,253;598,102;761,120;793,032;877,031;881,142;1000,109;1123,127
199:0,020;266,060;431,115;483,239;497,198;504,028;515,272;636,102;711,075;772,032;862,210;891,039;907,032;1078,033;1101,209;1123,122;1130,155;1179,132;1189,073
200:0,020;266,060;325,018;338,244;340,126;379,050;399,053;617,265;681,104;860,032;978,071;998,140;1189,155
