001:0,001;51,132;88,056;144,048;169,065;290,175;380,119;383,027;411,058;615,153;642,187;786,152;845,210;862,183;1090,160;1118,059
002:0,001;32,129;75,053;107,075;149,219;158,078;220,182;257,109;350,124;383,027;393,061;426,107;528,056;648,171;749,156;1032,144;1101,052
003:0,001;70,105;88,056;96,197;97,123;113,132;120,031;169,065;187,106;313,058;389,177;496,231;571,069;583,027;598,041;609,038;661,120;720,062;795,076;848,090;852,157;1130,230
004:0,001;75,053;134,259;270,058;404,077;465,069;629,220;641,096;720,062;750,049;947,078;968,249;980,149;1103,199
005:0,001;87,016;105,154;169,065;226,152;358,212;378,086;406,203;413,029;641,096;797,268;984,113;1042,192;1106,080
006:0,001;71,160;75,053;103,160;113,243;129,231;134,259;218,033;270,058;364,262;393,061;439,177;456,145;465,069;747,156;836,096;957,163;1104,178;1118,059;1174,228
007:0,001;88,056;101,095;195,219;220,047;245,211;260,042;270,049;321,099;334,156;383,027;413,061;455,011;465,069;712,200;745,192;785,129;841,158;986,157;1159,092
008:0,001;51,080;65,230;75,053;88,056;153,195;251,106;345,212;363,254;393,129;430,137;470,026;490,058;551,150;574,090;605,056;634,118;780,062;841,158;880,235;944,148;1118,059;1134,032
009:0,001;65,268;76,015;88,056;132,054;153,195;381,143;383,027;393,061;422,143;474,040;585,054;677,231;720,062;819,162;833,272;916,113;942,247;1046,241;1054,052;1099,269;1133,165;1146,240
010:0,001;65,230;75,053;88,056;178,015;184,213;185,119;264,170;270,058;353,089;393,061;420,053;430,118;839,033;894,158;982,084;1070,254;1118,059;1126,199
011:0,002;174,178;220,013;229,129;248,064;272,234;391,055;557,193;701,055;956,052;1043,266;1052,052;1107,159;1123,191;1177,144
012:0,002;171,144;192,105;263,004;306,251;323,015;344,195;348,055;1023,269;1091,209;1132,163
013:0,002;110,268;209,080;215,034;364,106;428,063;445,162;502,026;538,257;592,200;669,217;692,150;736,193;746,155;829,063;885,117;1003,183;1062,257;1077,084;1122,056;1152,183;1184,056;1200,251
014:0,002;201,077;263,004;314,268;343,242;358,268;532,178;723,272;823,097;843,063;853,163;856,055;973,056;1192,149
015:0,002;127,044;137,091;142,141;213,043;245,216;263,004;272,234;348,055;401,246;408,043;488,068;517,165;566,139;636,055;773,067;774,072;916,199;956,052;1043,261;1107,052;1176,148
016:0,002;169,084;243,075;248,064;263,004;283,034;299,111;348,055;623,163;651,209;712,165;951,209;1007,054
017:0,002;178,230;215,034;245,216;263,004;281,124;348,055;807,035;894,146;916,199;1005,140;1064,080;1162,247
018:0,002;110,008;126,148;135,044;139,054;142,141;177,048;254,129;356,262;359,040;367,042;408,043;500,109;514,178;723,200;754,072;812,082;837,051;885,196;941,034;942,109;956,052;1133,158;1158,042
019:0,002;215,034;233,035;236,034;248,064;263,004;277,143;282,011;292,034;356,114;451,035;483,267;557,186;624,265;731,082;782,213;847,088;903,272;956,052;971,142;1015,178;1094,242;1194,214
020:0,002;137,091;169,230;215,034;263,004;340,242;367,190;405,061;408,043;487,178;495,267;528,132;550,055;1072,096
021:0,003;61,123;109,067;132,026;148,105;239,149;375,117;382,091;389,105;413,041;458,106;514,198;531,265;539,106;688,200;711,030;837,051;866,034;1021,242;1078,117;1106,221
022:0,003;70,244;127,044;211,015;230,089;269,009;336,254;514,075;523,044;531,232;585,195;642,139;752,216;763,035;769,186;798,162;808,179;868,109;928,049;1008,226;1151,157;1159,026
023:0,003;72,144;378,181;411,160;467,139;511,107;742,209;819,090;824,275;898,156;1032,092;1041,052;1074,156
024:0,003;84,197;120,031;159,029;169,175;294,117;382,149;455,187;558,129;571,068;575,132;658,212;660,037;680,149;950,113;979,198
025:0,003;78,008;109,067;120,031;189,089;224,029;261,181;282,232;330,030;336,254;358,046;361,129;384,239;413,041;422,212;448,231;477,256;508,199;511,213;514,075;519,069;542,155;762,072;851,257;870,090;906,192;1074,156
026:0,003;61,123;82,004;127,044;337,228;358,046;372,245;514,075;518,228;553,040;555,172;576,106;758,030;901,140;1131,257
027:0,003;109,067;222,047;235,177;317,258;549,252;665,200;713,150;718,146;768,095;792,063;797,216;804,057;840,140;892,131;932,241;997,166;1040,256;1046,056;1177,099;1194,197
028:0,003;64,008;119,019;127,044;314,058;358,046;395,011;413,041;453,232;528,056;602,248;687,152;734,248;747,184;800,095;834,209;1146,067;1147,078;1179,239
029:0,003;79,131;120,031;249,034;282,232;435,239;682,248;685,048;689,228;696,244;726,106;780,195;966,266;974,078;1001,172;1054,166;1066,248;1078,199;1125,042
030:0,003;14,014;95,243;127,044;296,026;297,096;358,046;394,195;413,041;472,249;654,254;671,200;681,098;924,233;966,076;1090,145;1109,144;1194,056
031:0,004;148,257;159,148;202,106;247,257;338,149;432,083;433,221;453,058;469,232;499,051;519,040;567,137;631,030;654,097;897,195;1124,032
032:0,004;178,119;190,096;194,080;207,261;238,228;808,144;916,105;949,075;1084,106
033:0,004;101,186;168,131;184,043;230,193;430,053;545,197;643,043;656,054;751,210;854,162
034:0,004;184,043;245,142;251,171;304,226;391,084;455,195;499,051;518,029;526,257;649,197;652,213;699,195;805,066;822,078;900,248
035:0,004;203,193;312,050;331,085;433,145;461,245;515,258;538,165;608,252;625,143;627,075;684,206;785,033;883,257;924,239;1129,084
036:0,004;97,051;131,079;184,043;251,171;269,034;276,053;461,155;492,272;633,085;637,054;822,251;882,223;1034,056;1084,106;1130,195
037:0,004;194,080;270,058;301,093;356,111;418,062;421,083;450,107;457,049;480,086;506,085;509,234;615,040;623,230;785,033;822,092;866,257;1055,084;1148,248
038:0,004;184,043;193,257;262,195;276,053;407,095;410,182;423,041;828,231;897,163;966,239;1116,149;1192,098
039:0,004;190,096;240,117;276,053;288,119;316,034;324,099;408,043;424,035;487,153;738,051;802,193;812,184;861,051;943,172;1026,192;1042,105;1053,221;1120,056
040:0,004;106,149;147,009;203,029;207,101;217,257;245,142;361,055;413,041;428,234;575,143;785,033;822,078;1088,243;1126,267;1147,032
041:0,005;199,011;352,091;374,228;428,150;507,155;512,228;514,152;538,192;555,070;556,041;630,198;860,053;912,170;957,071;1007,032;1050,166;1054,160;1082,217
042:0,005;199,011;524,055;549,041;580,228;663,146;751,096;887,033;1029,250;1118,165;1133,141;1182,233
043:0,005;129,039;199,011;472,212;591,179;867,072;969,086;1033,052;1084,172;1136,122
044:0,005;157,117;199,011;530,095;569,054;640,043;678,210;755,233;868,092;955,054;1002,142;1017,131;1093,129
045:0,005;199,011;297,009;318,267;337,242;341,011;409,150;474,163;487,173;640,043;646,027;685,101;867,072;912,170;1007,032;1074,166;1133,052
046:0,005;174,009;202,214;256,011;534,140;633,064;661,030;754,171;905,072;954,054;1007,032;1136,122;1177,165
047:0,005;155,170;196,186;199,011;499,051;514,075;640,043;662,111;671,197;752,144;778,228;843,084;1027,233;1036,054;1073,067
048:0,005;157,129;199,011;534,233;640,043;728,055;733,144;869,272;889,111;918,171;955,256;964,131;1007,032;1200,215
049:0,005;199,011;554,090;629,217;722,084;867,072;941,167
050:0,005;170,145;242,217;427,050;500,232;718,065;752,207;783,101;800,197;861,243;877,086;919,144;945,075;953,223;1031,142;1127,230;1128,098;1174,236
051:0,006;39,008;77,116;114,015;279,171;405,011;504,129;551,265;804,057;890,033;902,035;926,098;1069,105
052:0,006;100,105;181,160;343,096;446,203;543,075;606,184;693,030;832,197;933,240;1108,257
053:0,006;41,009;44,047;75,105;116,175;123,189;129,009;278,258;290,257;528,175;636,146;662,257;818,035;847,265;903,111;1044,149;1182,240
054:0,006;62,170;91,231;138,029;345,262;419,063;537,089;752,129;775,088;804,057;865,217;884,231;954,146;972,195
055:0,006;46,080;51,188;65,231;129,144;138,029;506,089;585,217;668,270;804,057;839,198;871,176;977,033;1096,275;1107,085;1122,076
056:0,006;43,016;104,010;116,175;138,029;597,272;653,153;666,155;688,095;723,163;802,073;806,172;901,034;910,129;922,075;1061,254;1147,032;1187,204;1195,167
057:0,006;80,145;118,124;131,154;190,141;236,073;248,145;274,269;497,011;505,094;508,044;601,216;650,219;660,037;679,088;684,184;717,225;753,101;772,157;804,057;843,244;849,129;956,070;1009,032;1045,275;1085,081;1188,269
058:0,006;45,188;95,009;322,171;643,165;758,250;901,143;922,075;1004,086;1021,080;1098,085;1160,225
059:0,006;41,085;44,047;88,126;133,271;146,055;184,029;383,027;386,029;417,028;444,053;537,040;539,054;588,056;680,244;741,082;836,143;847,252;938,166;939,076;968,070;1054,199;1091,042;1114,158;1131,081;1160,032
060:0,006;44,047;80,145;135,039;138,029;334,232;338,182;403,153;453,035;497,155;501,203;688,179;731,268;816,228;910,076;920,098;957,257;1114,158
061:0,007;124,148;261,118;266,080;349,029;381,256;469,272;501,195;741,035;751,037;760,067;827,266;960,111;1051,081;1127,085
062:0,007;39,219;366,055;508,200;610,129;633,230;721,251;797,070;821,268;831,055;1039,228;1065,140
063:0,007;80,027;195,009;208,093;395,091;410,220;428,223;472,015;495,250;500,109;750,193;816,146;882,249;992,232;1189,096
064:0,007;39,219;121,089;179,065;234,219;373,071;439,232;455,062;503,240;574,027;585,083;629,252;790,221;836,249;947,231;976,228;999,241
065:0,007;88,010;155,044;296,034;367,042;393,096;399,040;481,068;577,254;624,064;698,166;798,237;810,163;950,144;1027,113;1105,071;1146,100;1169,226
066:0,007;80,027;120,092;177,243;201,186;231,091;275,178;517,075;541,083;614,212;661,101;719,231;880,072;908,078;941,166;992,267;1105,071;1167,099
067:0,007;95,089;365,139;373,071;399,040;515,150;523,199;625,186;638,244;684,065;734,252;827,266;856,053;864,049;865,055;890,134;915,097;922,075;960,096;1060,069;1170,030;1179,251
068:0,007;78,121;80,027;215,047;300,166;356,042;399,040;645,038;659,157;725,230;900,086;1000,192;1016,142;1031,261;1039,242;1105,071;1200,052
069:0,007;44,047;50,213;79,131;80,027;156,026;200,043;240,226;277,034;373,071;399,040;463,026;560,179;574,142;611,131;750,223;798,072;998,243;1020,226
070:0,007;89,078;300,166;326,267;373,071;407,035;503,240;720,249;856,033;988,160;1069,085;1102,236;1106,115;1119,067;1169,173;1191,183
071:0,008;128,244;151,200;195,213;235,204;247,051;257,026;281,015;312,213;368,162;371,137;433,153;595,212;601,209;642,142;802,073;973,191;1104,076;1121,250
072:0,008;134,086;247,051;263,098;407,035;480,050;554,085;577,064;618,038;660,257;718,111;727,183;845,063;857,086;880,148;955,132;975,167;1173,042
073:0,008;76,020;100,129;128,243;228,145;368,013;372,186;402,231;670,146;694,239;802,073;861,243;925,069;993,143;1141,086;1190,117
074:0,008;130,217;150,086;369,150;418,267;441,258;485,142;563,149;596,173;617,267;634,143;884,054;1037,270;1092,134
075:0,008;130,217;247,051;263,098;280,132;295,044;323,186;328,042;378,181;407,035;550,152;612,265;615,257;660,132;679,252;708,223;736,154;754,072;802,073;854,117;919,132;925,069;1133,187;1183,052
076:0,008;100,129;165,048;195,129;369,250;376,011;410,223;639,184;682,082;717,132;901,184;1044,026;1092,176
077:0,008;128,244;157,028;176,213;179,047;219,274;257,026;314,112;361,029;594,215;797,070;802,073;856,035;944,142;966,275;1041,249;1046,170
078:0,008;80,027;172,093;195,268;215,034;247,051;274,246;407,035;644,041;812,166;947,249;955,054;988,261;993,052;1068,026;1153,249
079:0,008;135,247;263,004;274,246;386,114;462,035;517,192;668,154;738,257;857,166;925,069;1046,026;1122,239;1136,100
080:0,008;156,109;257,026;349,178;371,055;403,153;410,096;439,190;504,026;586,041;593,040;605,075;616,198;622,152;782,149;787,157;821,148;934,092;1028,086;1070,240;1079,165;1116,257;1126,032;1131,141
081:0,009;127,044;135,242;151,010;227,242;313,015;330,030;344,146;367,050;494,060;495,143;535,083;538,146;582,199;593,064;610,026;631,030;715,051;718,056;737,179;739,067;848,235;878,054;927,176;1083,098;1101,233
082:0,009;96,013;114,100;247,149;296,067;306,251;369,086;536,198;715,051;739,067;791,197;821,033;861,198
083:0,009;330,030;373,058;535,171;684,193;762,269;823,054;1041,240;1062,067;1158,173
084:0,009;367,050;484,192;526,272;589,095;700,269;715,051;739,067;823,054;1000,221;1050,272
085:0,009;330,030;367,050;441,249;506,068;528,107;631,030;798,239;938,071;985,067;1129,239
086:0,009;359,040;374,267;438,257;485,029;491,097;641,040;712,187;823,054;977,267;980,105;1032,032
087:0,009;123,018;135,242;338,013;359,040;377,085;491,097;669,040;813,267;820,072;823,054;824,270;945,033;963,067;1005,171;1192,090
088:0,009;368,143;455,011;538,146;556,132;715,051;739,067;748,095;769,240;773,210;828,176;924,134;985,054;1034,172;1105,071
089:0,009;344,146;359,040;373,058;433,220;459,175;465,069;635,040;724,051;730,198;756,173;767,213;779,095;823,054;894,252;942,213;1039,178;1116,171;1151,172;1175,105;1185,135
090:0,009;367,050;373,058;441,259;481,231;492,254;631,030;668,163;715,051;745,223;747,269;767,221;775,140;803,239;823,072;834,155;869,228;873,217;957,056;1131,243
091:0,010;201,258;395,152;569,268;791,100;1051,026
092:0,010;168,049;204,081;225,132;260,042;391,068;573,259;653,150;701,041;765,100;1021,067;1133,159
093:0,010;168,049;187,089;188,152;436,155;456,060;674,254;813,213;979,240;1029,275;1125,254
094:0,010;16,009;54,117;366,234;497,040;674,157;786,265;1166,134
095:0,010;180,111;260,042;396,187;512,029;641,254;882,198;896,144;928,157;970,272
096:0,010;178,093;260,042;292,239;339,042;382,178;474,213;477,268;563,193;612,270;639,140;698,184;755,207;768,063;867,072;880,140;925,069;1002,228
097:0,010;188,152;216,034;290,053;314,050;316,094;371,145;396,187;425,262;489,026;492,212;508,200;554,198;586,085;633,239;717,090;760,251;808,090;816,272;851,213;891,165;1076,269;1197,049
098:0,010;198,077;211,170;268,116;282,226;306,145;419,068;513,070;548,101;671,173;823,223;830,247;928,072;971,143
099:0,010;168,049;189,139;335,084;355,068;388,134;463,262;610,216;745,244;852,186;862,200;938,243;995,087
100:0,010;112,019;131,172;168,049;208,181;221,258;229,243;237,124;238,096;314,193;467,060;526,129;636,223;948,155;1003,131;1031,045;1083,091;1102,144;1105,042;1135,275;1174,265
101:0,011;33,241;97,051;138,100;182,119;184,043;226,178;324,034;387,155;518,254;545,197;547,109;629,192;685,048;799,099;809,037;880,072;978,217;1077,026
102:0,011;92,086;97,051;144,048;251,029;253,118;264,084;394,155;407,060;422,163;460,029;465,050;496,132;571,192;615,251;751,037;852,256;858,055;882,134;941,056;1055,100;1138,056;1152,217
103:0,011;60,185;92,005;97,051;147,182;178,047;191,197;193,119;363,146;366,212;422,163;504,179;683,111;685,048;696,166;844,225;958,217;973,230
104:0,011;231,035;279,268;380,272;459,251;705,206;762,109;865,256;871,266;890,248;961,055;1005,249;1150,209;1173,030
105:0,011;60,185;94,032;144,048;270,186;556,054;557,251;600,038;656,082;740,150;771,192;994,217;1016,054;1043,184;1189,149
106:0,011;70,010;77,018;94,032;144,048;147,182;211,073;251,124;295,067;298,075;314,112;338,144;345,053;400,175;632,254;634,129;751,037;870,131;878,051;981,265;1120,091;1154,087
107:0,011;44,047;67,166;97,051;152,204;225,048;297,142;342,267;388,060;396,036;436,228;466,120;622,193;643,267;685,048;728,150;755,037;893,096;964,071;1050,100;1129,160;1175,142
108:0,011;92,086;137,124;144,048;192,274;244,003;249,011;254,186;257,261;391,036;486,228;487,162;673,041;694,269;754,152;791,143;829,270;941,056
109:0,011;144,048;247,226;297,213;324,177;391,036;432,193;491,070;515,131;750,219;751,037;853,267;937,250;941,056;1013,261;1018,241;1044,026
110:0,011;67,166;94,032;178,213;224,079;275,058;298,085;312,058;322,119;391,036;397,015;502,064;659,272;707,065;749,035;774,030;798,076;941,056;1044,026
111:0,012;42,015;74,075;158,175;267,105;382,062;499,044;527,064;742,261;954,165;1035,033;1116,054;1187,158
112:0,012;33,241;74,075;316,156;332,182;360,213;382,062;474,064;539,027;686,049;938,071;1197,049
113:0,012;55,200;193,131;295,269;316,156;382,062;474,064;564,154;699,132;948,034;989,249;1034,082;1052,069;1125,172
114:0,012;72,268;166,219;194,116;214,009;297,217;391,036;426,203;456,220;474,064;665,035;716,107;731,049;756,085;787,106;807,063;824,275;919,265;971,096;1049,225;1054,033;1139,056;1155,171
115:0,012;54,089;59,008;65,231;74,075;300,109;319,098;418,139;441,152;469,269;474,064;686,049;938,071;956,052;998,033;1100,196;1120,224;1189,042
116:0,012;74,075;314,177;354,160;481,240;499,044;520,139;554,184;609,217;616,262;686,049;1079,054;1197,049
117:0,012;33,011;54,089;104,075;278,011;321,261;373,195;574,095;644,030;675,153;739,062;765,140;828,187;938,071;967,033;1120,224;1197,049
118:0,012;35,160;400,105;401,032;415,265;456,153;487,134;492,186;499,044;527,187;592,197;716,154;734,107;760,106;804,176;814,149;884,155;947,230;1039,166;1134,052;1192,204
119:0,012;88,132;181,028;301,011;396,029;418,139;443,179;459,040;462,268;469,149;590,233;769,207;787,146;799,049;925,146;1043,159;1098,042;1176,275;1199,184
120:0,012;65,016;83,170;258,144;318,269;336,179;382,062;493,258;499,044;564,154;646,095;652,109;665,030;686,049;936,054;1092,247;1130,054
121:0,013;383,032;419,063;456,114;491,070;590,250;615,055;647,030;703,095;767,163;845,049;860,241;931,084;944,142;984,070;1054,054;1165,082
122:0,013;414,177;419,063;454,062;488,053;491,070;585,064;594,163;751,049;764,196;837,035;856,053;948,034;968,159;1040,243;1077,054;1112,056;1128,030
123:0,013;310,162;320,089;334,058;343,099;383,032;449,093;475,060;491,070;527,249;642,090;682,097;803,152;858,034;925,075;1082,115;1128,030
124:0,013;62,170;68,117;82,075;159,161;215,034;297,220;383,032;441,137;544,027;549,244;673,223;704,127;845,152;856,053;947,228;1037,272;1045,032;1128,030
125:0,013;398,262;430,212;484,011;526,118;630,047;682,173;684,065;777,054;786,037;794,033;818,148;858,034;951,070;972,075;1058,209;1070,249;1083,096;1182,081
126:0,013;383,032;451,209;525,265;571,203;608,054;630,047;640,221;815,200;858,034;1043,247
127:0,013;116,004;190,228;335,106;378,129;402,106;418,011;419,063;481,251;496,027;549,244;630,047;658,054;684,065;760,162;766,127;856,053;858,034;908,217;927,075;954,067;968,159;1144,239;1176,100
128:0,013;169,065;292,011;310,162;379,251;474,049;498,029;509,251;531,177;544,084;687,267;739,067;777,094;1016,134;1033,054;1090,236;1095,232;1112,242;1114,236;1128,030
129:0,013;399,231;400,060;405,134;491,070;562,172;575,146;666,206;696,250;713,054;788,037;857,117;878,034;1022,032;1109,228;1165,076;1173,080;1197,106
130:0,013;420,221;630,047;644,040;666,206;684,065;702,127;744,228;764,196;805,033;856,053;888,035;959,052;1057,165;1181,191
131:0,014;128,055;259,078;432,068;574,152;638,085;726,232;743,065;754,072;784,237;981,056;1044,026;1140,030;1162,265
132:0,014;109,140;128,055;159,091;412,061;413,041;655,038;659,249;836,176;854,049;974,236;1061,067;1093,248;1142,162
133:0,014;130,186;208,143;271,262;336,068;408,028;420,251;442,060;454,139;471,179;512,212;651,231;701,055;703,162;789,240;934,129;1103,240;1181,167;1185,160
134:0,014;104,261;271,080;299,067;341,068;439,222;474,054;589,234;600,120;608,090;883,233;1148,090;1197,081
135:0,014;105,154;120,086;126,015;127,173;270,184;336,068;456,054;598,215;781,239;793,184;879,256;1035,269;1057,067;1141,176;1176,090;1178,159
136:0,014;118,124;195,144;251,086;336,068;578,270;619,142;629,041;675,040;680,098;747,179;754,072;786,037;814,066;925,198;932,086;948,261;974,256
137:0,014;114,178;264,049;371,213;545,259;643,249;678,144;688,055;789,230;818,221;867,049;939,187;963,267
138:0,014;104,261;170,075;243,208;264,049;371,094;507,262;549,139;765,231;769,146;933,217;989,184;1040,129;1091,042;1137,209
139:0,014;127,173;239,044;327,175;451,050;456,054;853,200;974,236;1135,091
140:0,014;114,178;128,055;201,143;369,232;439,222;456,054;662,111;852,221;999,199;1051,235;1074,228;1091,042;1115,225;1130,117
141:0,015;492,040;650,157;660,037;705,094;772,041;811,101;822,063;887,113;988,160;1047,090;1170,267
142:0,015;170,271;206,033;222,035;282,058;325,015;488,163;576,240;672,129;808,140;873,076;888,114;952,275;995,162;1137,225;1154,143;1162,054
143:0,015;563,217;571,197;590,027;696,217;749,088;768,072;840,239;857,249;875,184;900,053;948,237;978,082;1173,042
144:0,015;459,265;477,027;701,225;774,200;840,156;889,184;967,071;973,163;1015,148;1038,131;1057,082;1156,084;1195,071
145:0,015;514,252;600,038;669,195;680,152;687,248;710,233;751,200;809,157;910,051;937,053;973,166;1030,187;1130,145
146:0,015;477,027;600,038;615,027;727,062;796,033;929,132;1026,056;1048,086;1063,056;1066,256
147:0,015;186,092;323,109;351,015;526,131;604,248;660,037;697,041;774,225;809,269;833,101;868,268;1017,070;1030,129;1031,067;1035,117;1072,241
148:0,015;483,209;771,265;784,272;815,035;887,228;955,167;964,117;1126,071
149:0,015;371,029;415,011;477,027;563,217;600,038;670,109;765,150;787,261;788,192;903,033;1082,032
150:0,015;318,124;366,182;477,027;693,219;754,197;785,033;1014,170
151:0,016;108,047;260,011;278,085;323,220;337,166;357,053;406,226;435,262;457,049;507,132;515,177;542,155;619,120;702,054;715,051;729,193;733,063;830,171;835,037;857,035;911,105;1166,091
152:0,016;106,004;108,047;285,053;527,198;539,268;716,065;733,063;878,254;882,055;1004,078;1013,213
153:0,016;108,047;225,272;272,120;379,142;397,250;457,049;629,173;674,027;702,127;704,088;732,197;733,063;841,225;1023,076;1127,132;1150,242
154:0,016;106,149;125,026;203,193;205,013;208,181;274,182;338,049;359,013;392,124;427,053;457,085;670,040;678,144;751,270;780,165;793,063;815,085;843,066;851,248;882,066;897,087;981,225
155:0,016;119,005;227,111;320,085;350,058;357,078;431,182;457,049;462,015;473,199;545,186;814,066;899,133;907,132;915,149;1030,075;1055,033;1064,183
156:0,016;134,084;331,034;337,053;440,226;456,054;477,240;483,054;558,270;594,149;744,062;811,155;1089,249;1180,155
157:0,016;110,271;210,243;257,173;290,053;499,051;505,080;526,239;628,254;649,075;674,162;744,197;799,231;826,230;971,250
158:0,016;108,047;229,213;307,120;424,141;488,150;548,267;779,109;947,272;964,261;1050,092;1179,172;1184,082
159:0,016;184,124;279,177;289,150;313,053;346,058;347,013;393,203;429,063;454,029;457,049;505,080;530,143;621,064;711,171;808,187;1097,054;1195,172
160:0,016;32,013;225,272;484,199;508,070;594,165;693,210;737,051;791,144;800,165;831,090;839,223;854,171;927,034;951,191;1199,204
161:0,017;129,039;154,217;171,132;297,120;305,092;319,143;360,095;387,028;415,245;444,041;710,056;730,041;812,209;949,200;960,221;1089,131;1137,148;1170,143
162:0,017;126,002;157,028;248,064;255,177;262,114;344,226;448,149;504,095;580,265;611,041;634,250;695,065;706,102;712,066;894,247;992,235;1196,084;1198,171
163:0,017;55,019;76,126;109,140;217,081;257,026;365,265;526,150;608,267;612,041;764,090;774,155;798,252;847,097;979,146;985,067;998,268;1079,192;1104,078
164:0,017;109,067;114,116;276,053;369,141;404,269;460,041;717,183;880,247;890,094;899,033;963,082;989,067;994,081;1024,176;1130,067;1179,214
165:0,017;52,011;92,018;189,079;272,075;309,143;317,095;496,064;543,075;699,041;710,056;745,054;807,186;852,256;951,070;1117,223
166:0,017;119,189;129,039;144,149;177,013;415,142;495,164;525,027;543,075;688,065;710,056;712,066;840,186;859,035;862,235;884,146;887,113;903,221;932,143;956,171;981,055;989,232;1018,199;1072,261;1080,032;1084,209;1086,052
167:0,017;112,047;114,100;119,002;157,028;262,114;369,141;439,118;514,075;693,111;710,056;739,213;758,092;878,131;967,092;1146,056
168:0,017;157,028;257,120;288,044;297,094;490,058;495,164;543,075;571,165;576,041;593,199;611,203;712,066;921,197;927,196;951,070;1063,236;1085,052;1157,235
169:0,017;113,116;190,111;224,065;245,100;259,105;389,265;408,035;459,177;518,173;556,101;655,216;871,237;939,087;1056,232;1074,160
170:0,017;129,039;160,145;205,048;249,013;401,230;411,095;525,209;595,231;622,270;712,066;871,035;887,114;951,070;1084,184
171:0,018;25,003;32,015;48,205;76,018;128,139;218,148;244,003;290,095;301,173;477,058;536,221;733,244;765,198;770,162;925,228;931,162;955,071;994,080;1043,113;1095,132;1120,129
172:0,018;156,204;291,095;341,251;411,145;438,084;799,244;806,172;974,085;1078,235;1129,030;1136,173;1162,085
173:0,018;25,007;81,131;206,033;244,003;331,137;366,028;380,220;433,040;696,065;796,098;885,267;969,233;976,132;1176,140
174:0,018;171,197;206,033;263,217;283,029;360,250;367,050;387,053;440,083;522,058;710,056;713,066;733,063;780,233;894,142;922,075;1006,144;1137,131;1186,141
175:0,018;103,079;113,170;135,078;144,054;152,047;159,241;232,078;244,003;260,042;360,250;935,266;1075,270;1089,197
176:0,018;173,065;176,048;201,149;206,033;244,003;279,150;403,058;502,265;523,163;601,089;620,150;688,239;693,248;899,051;902,235;967,170;1020,117;1021,142
177:0,018;128,139;174,091;226,186;282,173;509,054;521,250;554,262;675,035;683,204;703,140;773,111;890,243;1063,078;1121,115;1129,236
178:0,018;103,079;201,149;244,003;296,239;456,259;542,233;574,129;579,120;589,150;642,232;745,267;752,067;765,094;868,051;955,035;962,105;974,162;993,178;1020,067;1086,091;1117,232
179:0,018;140,241;216,131;244,003;254,204;284,042;333,179;496,053;497,198;523,162;685,173;755,267;879,084;907,087;931,094;935,171;1111,117;1176,158;1181,132
180:0,018;150,095;207,048;219,116;244,003;260,269;284,195;312,091;319,042;362,011;378,124;395,179;427,186;472,114;481,137;625,083;720,062;808,118;836,268;856,053;937,240;969,134;1045,197;1136,173;1141,221
181:0,019;188,054;238,213;280,131;297,258;313,050;480,239;507,250;514,069;518,056;686,085;1029,075;1093,042;1181,151
182:0,019;169,230;174,109;273,247;295,067;312,050;357,060;505,069;526,213;634,075;679,088;787,269;797,070;810,129;906,172;933,090;1095,155
183:0,019;128,161;216,035;312,050;503,029;545,184;600,149;654,095;676,240;927,275;960,098
184:0,019;135,247;136,092;264,049;360,112;364,257;397,120;518,056;728,142;847,085;941,094;1017,209;1040,230;1104,091;1128,078;1132,069;1181,151;1200,215
185:0,019;148,257;196,182;295,067;356,085;357,060;534,140;717,192;729,250;756,225;809,195;874,216;900,035;933,111;935,097;980,233;1000,069;1178,030
186:0,019;128,161;157,028;188,054;202,051;244,139;373,058;543,055;616,199;628,055;652,186;728,066;840,142;889,183;930,144;987,140;996,075;1017,069;1066,086
187:0,019;140,247;295,067;339,139;354,186;357,060;498,142;718,051;758,092;798,179;800,086;859,034;868,143;983,076;996,197;1021,243;1033,155;1138,269;1150,132
188:0,019;202,051;216,035;281,009;284,137;312,050;336,068;375,162;397,256;518,056;641,272;744,035;758,139;763,146;782,248;841,261;929,197;1087,086;1136,052;1195,232
189:0,019;128,055;188,054;202,051;226,011;518,056;675,173;681,192;756,179;789,037;804,251;888,090;962,235;1038,134;1157,254
190:0,019;188,054;202,051;216,035;264,049;357,060;536,086;557,213;791,066;796,176;831,066;882,142;913,275;929,069
191:0,020;94,032;256,013;333,111;368,124;373,071;408,077;463,026;624,219;741,054;758,030;837,051;982,090;984,069;998,266;1021,242;1027,045;1077,145;1182,165
192:0,020;130,056;132,054;163,026;271,262;354,028;421,086;463,026;629,120;655,086;852,254;872,197;909,250;1021,054;1027,045;1056,196;1120,275
193:0,020;89,078;125,026;132,054;174,242;208,073;262,029;354,028;395,231;413,129;502,083;564,075;574,086;780,035;959,272;1030,146;1105,187
194:0,020;125,026;208,073;217,047;245,240;265,015;349,142;463,026;629,056;634,035;837,051;918,067;1027,045;1039,213
195:0,020;132,054;339,212;354,028;451,129;509,259;573,056;582,187;683,054;811,196;918,067;1123,223
196:0,020;182,254;203,257;208,073;259,184;354,028;463,026;480,173;484,060;519,086;634,035;983,178;1005,082;1017,217;1130,131
197:0,020;125,026;169,140;196,124;208,073;344,190;506,139;530,223;602,232;634,035;658,193;663,083;711,030;746,195;761,030;793,055;837,051;918,067;1068,243
198:0,020;125,026;245,240;259,116;263,015;293,272;344,190;354,028;392,268;459,058;471,212;472,254;484,269;500,026;616,054;624,165;632,231;644,035;827,247;868,053;894,241;1002,090;1039,085;1060,148
199:0,020;125,026;132,054;154,026;304,029;345,086;353,162;354,028;412,171;469,209;473,171;532,054;624,219;641,030;847,088;900,035;960,129;1012,081;1067,052;1091,042;1184,135
200:0,020;129,145;167,075;171,248;182,254;216,035;276,029;299,137;417,055;423,106;544,068;561,029;634,035;797,070;824,216;918,067;998,146;1027,045;1044,163
