001:0,001;162,105;244,088;372,216;405,052;434,099;503,031;595,193;642,130;692,172;693,218;744,034;752,199;861,254;895,261;941,169;1116,111
002:0,001;125,039;147,006;195,275;313,177;614,045;626,228;735,253;783,028;981,191;1162,245;1189,242
003:0,001;219,083;250,084;528,040;658,091;1029,201
004:0,001;125,039;281,052;313,146;327,084;503,031;566,149;699,082;743,206;799,228;905,082;981,191
005:0,001;163,149;202,168;309,088;329,075;566,040;646,044;734,147;873,214;882,160;1023,230;1073,133;1121,229;1137,096;1162,253
006:0,001;138,168;280,221;301,112;307,195;411,124;443,033;540,107;654,083;694,250;728,099;838,146;877,094;879,079;918,097;999,272;1142,253
007:0,001;99,191;125,039;234,271;329,075;443,033;481,100;537,160;963,147;1067,160;1074,084
008:0,001;49,191;81,094;125,039;309,103;405,052;474,107;521,075;528,040;655,091;829,034;830,254
009:0,001;89,272;162,213;219,083;303,259;309,103;405,052;446,182;476,099;478,151;503,031;580,225;662,160;815,201;859,212
010:0,001;31,062;84,123;166,271;221,062;329,075;416,088;443,033;503,031;646,044;701,126;732,170;783,028;854,114;979,232;996,123;1101,134;1192,229
011:0,002;119,195;201,145;257,116;350,207;576,215;587,154;611,111;701,052;812,147;867,063;927,232;966,250;1093,242;1147,199;1149,134
012:0,002;20,264;34,094;66,099;231,273;232,222;348,058;429,111;552,256;690,225;697,088;786,030;845,156;1171,160
013:0,002;102,202;119,108;348,058;517,198;573,207;945,269;1131,182
014:0,002;64,100;136,235;145,195;195,102;205,195;233,078;395,197;424,218;440,060;482,075;704,163;746,043;786,030;914,200;922,212;935,273;952,270;1132,263;1169,264
015:0,002;72,180;136,216;171,232;307,158;655,267;673,180;867,063;881,163;996,216
016:0,002;80,242;287,188;296,214;348,058;415,218;489,075;584,263;704,163;786,030;839,275;864,244;1158,102
017:0,002;66,099;110,090;117,109;134,259;288,256;318,133;350,253;479,039;531,082;664,045;702,161;703,044;716,103;746,043;786,030;872,103;947,254
018:0,002;34,094;158,200;234,100;292,062;325,187;344,032;348,058;448,126;461,088;484,222;506,115;547,242;668,094;678,044;712,265;746,043;839,275;866,201;901,048;960,218;1027,090;1055,134;1090,246;1110,104
019:0,002;80,242;120,251;174,147;178,250;188,264;215,158;224,114;234,211;413,252;506,201;511,075;583,082;623,181;647,063;653,250;874,088;1153,230;1184,104
020:0,002;55,121;223,100;334,159;346,196;528,040;569,139;622,151;746,043;790,133;826,118;843,028;933,130;1124,169;1168,270
021:0,003;73,205;76,155;79,012;96,149;156,275;163,272;253,134;290,259;483,139;486,222;532,103;797,142;999,245;1128,267
022:0,003;64,232;74,158;211,109;226,041;352,109;377,214;474,079;669,035;704,256;779,129;843,246;850,084;889,272;1061,168;1091,071;1138,180;1148,168
023:0,003;10,191;226,041;253,134;363,087;380,216;589,259;620,188;631,239;687,197;890,058;921,150;924,047;937,242;1091,071;1156,086
024:0,003;72,102;131,069;162,198;292,058;321,261;438,172;486,087;490,039;528,029;568,129;583,216;623,063;669,035;687,124;723,212;794,123;823,073;844,084;848,181;881,215;924,047;929,180;950,261;1095,118;1126,094
025:0,003;10,191;29,019;42,003;68,009;128,080;152,200;226,041;413,079;578,089;793,142;804,180;823,073;919,036;947,210;1109,062
026:0,003;54,050;75,155;90,014;96,251;160,109;223,140;280,116;411,136;459,058;466,206;478,108;495,060;507,123;669,035;796,256
027:0,003;59,114;155,264;178,039;321,261;797,158;873,188;924,047;935,262;978,188;1019,076
028:0,003;62,182;287,230;392,200;628,034;634,145;819,034;898,139;924,047;991,203;1164,218
029:0,003;72,102;162,198;169,242;294,041;318,094;347,149;412,216;475,145;641,030;669,035;690,244;823,073;845,034;876,106;898,174;951,186;972,085;1091,071;1177,193
030:0,003;62,182;226,041;400,183;811,142;955,272;995,256;1156,086
031:0,004;72,006;79,001;114,042;129,219;154,100;157,059;201,232;215,251;651,044;742,185;796,089;1162,062
032:0,004;121,200;156,235;178,059;325,087;405,159;605,254;749,151;875,034;951,202;1013,167;1020,062;1086,218;1151,047;1193,209
033:0,004;72,218;167,251;325,087;354,204;613,187;626,198;660,207;851,268;1091,071;1151,047
034:0,004;90,205;358,099;461,180;761,201;796,190;1111,230
035:0,004;200,172;303,204;566,157;608,251;642,045;734,169;754,190;870,111;1090,062
036:0,004;75,199;183,107;636,040;643,254;731,202;757,169;809,239;909,228;929,190;994,236;1151,047;1177,154
037:0,004;75,199;833,250
038:0,004;99,256;206,251;211,121;248,112;289,187;310,230;318,182;439,157;525,256;558,115;590,275;665,130;681,158;792,036;994,236;1151,047
039:0,004;98,193;213,187;234,121;238,112;253,059;274,200;370,089
040:0,004;72,218;104,159;616,204;658,129;1196,126
041:0,005;72,160;377,039;404,075;457,243;474,187;528,094;690,034;716,151;806,183;989,273;1010,076;1016,107;1130,131
042:0,005;123,243;135,057;136,235;294,269;328,132;452,100;464,275;546,029;553,076;618,154;620,034;664,064;691,167;835,218;836,257;867,216;982,034;983,103;1198,099
043:0,005;67,120;321,108;399,232;621,034;671,136;678,107;690,034;960,170;1119,062;1177,193;1179,085
044:0,005;67,120;116,099;172,218;179,207;250,059;261,043;269,216;364,075;599,205;673,079;707,260
045:0,005;123,180;463,060;532,103;582,200;721,111;781,034;829,244;976,202;1001,197;1072,214;1076,066;1095,096;1137,224
046:0,005;12,244;70,127;90,161;96,250;98,121;123,243;138,232;161,214;237,115;270,090;286,176;312,043;337,126;401,173;425,058;484,049;485,126;510,083;518,221;561,160;648,029;663,145;711,154;890,058;1074,062;1105,182
047:0,005;73,205;232,094;266,196;355,039;448,097;479,232;566,257;759,250;770,268;811,145;887,106;906,147;924,253;973,129;1029,253;1096,267
048:0,005;114,042;165,102;183,253;223,215;361,275;457,181;472,154;645,251;688,206;734,079;783,028;840,260;981,034;1092,115;1148,130
049:0,005;20,264;274,041;284,072;336,206;355,088;419,207;451,188;459,273;679,251;690,034;1053,129
050:0,005;12,244;122,057;173,176;321,225;448,097;474,149;577,130;623,175;635,170;1041,062;1072,131
051:0,006;182,030;286,039;308,273;364,145;396,058;461,049;471,239;477,058;489,154;586,198;620,149;701,052;712,227;792,242;824,214;847,270;913,201;1028,144;1042,253;1154,154
052:0,006;72,222;182,030;342,136;485,158;587,211;620,167;639,040;669,247;715,085;803,030;837,263;862,048;1003,066
053:0,006;170,058;228,189;235,123;316,158;333,220;481,039;583,139;664,064;728,267;822,145;967,196;1011,147;1099,071;1150,269
054:0,006;139,176;198,157;234,212;240,264;307,159;323,271;327,080;348,115;371,230;411,109;451,267;1117,157
055:0,006;139,145;182,030;257,186;264,123;286,178;523,211;654,081;664,064;756,178;799,196;852,169;1036,242;1067,188;1138,270;1173,161
056:0,006;100,202;126,059;220,197;335,252;405,052;422,075;436,158;464,248;721,230;813,261;891,079;976,200;1011,078;1178,203
057:0,006;183,173;229,256;263,122;279,104;281,204;314,187;324,100;418,049;532,249;664,064;685,142;794,227;809,055;811,184;861,156;966,067;1042,265;1154,168
058:0,006;101,250;102,161;125,006;208,246;252,062;268,186;305,147;313,126;318,210;418,049;532,249;667,265;699,239;892,151;973,184;1071,090;1146,184
059:0,006;139,145;244,189;249,157;339,038;361,218;418,049;533,130;582,045;664,064;771,085;1185,191
060:0,006;182,030;220,197;288,186;497,267;608,029;621,154;706,133;786,111;791,028;824,214;1134,123
061:0,007;58,264;104,256;163,230;187,218;277,275;385,265;387,123;473,078;505,172;771,173;846,185;958,091;1039,229
062:0,007;132,136;181,178;270,151;337,178;428,275;600,263;756,055;762,118;800,083;929,076;954,084
063:0,007;125,221;131,069;179,204;211,214;289,157;561,146;833,181;844,083;1171,242
064:0,007;144,161;561,269;663,230;858,048;1117,210
065:0,007;122,001;218,078;243,136;327,160;352,109;506,222;508,170;566,134;739,257;742,185;1180,224
066:0,007;173,090;339,038;389,240;454,222;471,253;587,083;601,218;668,144;829,272;879,036;941,145;943,097;1096,232;1178,067
067:0,007;138,149;339,038;376,139;457,262;481,268;492,109;577,075;583,144
068:0,007;150,227;267,267;340,259;441,104;583,144;629,275;642,039;663,230;713,123;894,242;920,062;921,177;951,247;987,214;1034,197
069:0,007;122,139;131,069;165,212;490,170;502,225;529,111;537,231;548,183;643,275;649,096;839,126;867,151;904,239;1095,231;1125,260
070:0,007;131,069;174,006;209,222;291,041;359,132;378,212;515,269;531,083;786,099;789,163;961,142;1120,081;1198,247
071:0,008;32,187;207,030;293,113;350,159;401,265;456,075;497,207;525,222;679,123;701,052;734,157;840,168;855,167;884,134;889,118;1039,091;1083,178;1179,083
072:0,008;70,178;122,057;170,267;180,256;318,041;329,075;385,265;589,268;672,250;680,082;687,130;813,166;830,180;928,067;935,188;956,062;1141,265
073:0,008;70,178;226,041;288,243;327,134;344,273;466,049;475,240;509,257;535,040;630,029;633,082;755,257;823,073;871,147;886,186;1005,184;1172,107
074:0,008;64,131;85,160;220,232;233,146;558,031;620,118;739,055;778,232;797,197;1029,167
075:0,008;32,187;122,057;180,107;256,039;415,197;442,268;478,049;499,259;620,118;739,055;861,274;972,133;1023,200;1116,197;1157,170
076:0,008;87,155;122,254;170,267;213,133;301,197;409,078;440,181;443,033;591,103;658,275;701,052;739,055;867,063;905,145;927,246;1064,078;1199,090
077:0,008;64,131;228,189;284,072;504,220;523,029;605,040;635,096;701,052;837,160;876,036;889,258;902,197;910,154;1151,178;1182,068
078:0,008;69,158;182,115;288,243;340,146;450,058;512,084;530,178;645,107;739,055;834,148;870,084;926,215;994,249
079:0,008;82,104;93,155;298,107;434,075;511,169;525,205;530,207;565,124;738,254;854,200;976,168;1149,090
080:0,008;82,104;272,058;307,162;362,267;377,216;379,054;402,058;416,181;585,239;623,177;740,228;773,158;823,073;861,168;1047,066;1060,144
081:0,009;79,114;103,210;171,112;208,158;239,162;246,052;288,220;299,113;317,054;400,244;730,273;740,166;848,249;913,084;949,067;1193,079
082:0,009;80,012;96,254;114,149;124,252;210,058;246,052;322,162;530,123;559,029;599,180;620,034;686,084;791,036;959,066
083:0,009;23,090;63,251;102,016;125,259;214,204;292,127;401,126;463,183;530,216;582,207;641,200;646,044;887,099;1057,206;1135,068
084:0,009;176,211;224,259;274,094;386,205;577,081;608,175;758,187;959,066;1042,079;1091,160;1135,068
085:0,009;106,271;158,080;252,030;285,144;340,232;365,162;425,066;426,231;501,182;528,075;537,201;689,154;873,269;906,218;926,147;957,058;1004,139
086:0,009;23,090;175,058;176,211;378,273;388,145;620,034;669,158;670,206;793,263;932,036;985,151;1102,264;1163,256
087:0,009;106,007;152,252;165,229;194,062;246,052;315,236;404,145;425,066;608,175;620,034;655,175;658,166;723,084;791,036;934,148;946,144;1026,268;1029,247;1135,068
088:0,009;152,152;237,058;247,151;302,198;425,066;484,134;562,126;585,268;587,253;624,063;723,247;737,190;791,036;826,260;830,055;926,178;1107,096;1164,199
089:0,009;106,061;128,213;215,100;224,199;226,158;246,052;364,079;401,180;409,127;442,259;579,040;678,181;680,215;683,269;751,181;791,036;946,058;959,066;1091,230;1125,228;1152,232;1154,107
090:0,009;128,213;135,018;143,191;246,244;285,144;364,079;425,066;577,081;1115,199;1135,068
091:0,010;70,180;102,109;154,232;179,204;224,059;246,058;279,254;294,218;390,147;502,218;595,265;662,178;784,250;792,253;923,147;933,218;991,034;1014,145;1043,157;1082,062;1189,114
092:0,010;23,062;39,007;97,225;127,042;130,006;216,196;254,112;343,251;452,218;540,197;788,127;883,206;893,067;896,130;931,196;936,147;965,231;1068,118
093:0,010;27,013;60,210;82,018;121,115;170,275;249,254;294,263;312,127;320,188;536,136;660,029;665,247;781,269;956,082;1091,066;1155,244
094:0,010;23,062;61,014;70,089;193,254;241,176;260,030;294,263;335,269;407,058;456,033;548,039;664,175;727,227;804,212;817,230;926,231;989,215;1027,133;1045,263;1140,142
095:0,010;23,062;37,216;180,059;297,115;500,126;662,045;663,169;865,230;959,078;984,257;1016,156;1094,174;1166,215
096:0,010;56,127;126,059;154,116;274,200;415,206;432,094;519,177;634,139;887,216;1125,273
097:0,010;23,062;97,225;126,059;194,230;274,078;284,115;342,197;377,041;434,126;438,257;501,060;569,075;580,111;591,158;712,139;846,225;1197,161
098:0,010;23,062;56,210;258,204;265,149;556,151;614,273;722,263;808,130;918,151;940,146;1059,114;1145,068
099:0,010;56,231;130,254;256,193;262,205;275,220;365,215;384,232;444,160;487,206;523,060;532,211;535,196;567,099;570,166;654,193;674,035;788,127;863,055;926,111;975,160;1082,147;1162,089
100:0,010;124,215;338,168;350,097;397,115;469,198;663,169;727,034;732,083;748,187;752,273;855,036;897,250;947,034;1054,114;1190,263
101:0,011;231,253;254,227;260,089;271,041;277,210;300,161;512,151;533,254;635,030;644,270;838,167;920,127;944,168;948,151;1010,186
102:0,011;75,227;248,052;278,160;315,102;421,211;433,197;646,044;751,249;793,250;803,200;852,048;938,212;959,066;1099,264;1147,072;1152,261
103:0,011;40,251;55,214;79,112;164,193;278,146;310,111;514,186;800,028;950,079;1120,200;1197,210
104:0,011;76,076;137,136;186,114;261,172;328,127;443,102;470,178;663,103;713,096;852,048;1000,094;1107,079;1182,103
105:0,011;54,050;134,122;256,187;606,126;748,103;1169,196
106:0,011;40,267;54,050;101,168;178,122;184,136;217,267;250,273;271,043;312,176;322,112;442,222;485,083;489,239;513,166;533,200;570,236;597,216;615,039;683,097;707,098;852,048;974,076;1032,215;1172,246
107:0,011;292,104;308,186;414,236;582,040;613,063;636,124;668,139;698,267;713,034;732,052;852,048;940,107;1162,067
108:0,011;79,112;245,158;311,097;322,090;337,102;478,185;560,269;613,063;627,187;734,269;767,247;1167,079;1169,147;1171,229;1189,169
109:0,011;45,008;54,050;81,219;128,155;221,180;351,216;374,206;410,158;435,088;643,256;644,270;705,029;735,126;805,182;839,076;926,180;1117,167
110:0,011;40,251;71,250;113,012;143,116;209,267;372,196;613,063;684,172;687,098;813,218;942,084;1052,206;1054,066;1069,242;1183,193
111:0,012;89,001;128,039;179,147;211,062;239,160;256,080;363,054;366,151;435,157;438,178;462,039;564,087;635,030;666,245;830,184;982,139;999,058;1000,229;1031,218;1068,272
112:0,012;139,130;462,039;688,183;801,126;817,163;876,272;888,161;1115,261
113:0,012;93,267;126,059;202,269;266,159;292,242;354,134;534,187;642,097;685,142;776,055;908,123;919,168;931,036;939,107;951,148;958,211;968,034;1013,190;1091,067;1128,181;1172,126;1189,074
114:0,012;127,059;289,052;317,190;533,273;572,256;635,030;666,246;839,081;890,058;959,078;1059,062;1189,074
115:0,012;75,160;79,044;139,130;208,122;278,059;308,066;364,039;370,041;380,239;567,136;678,173;860,273;863,269;868,127;911,174;1094,123;1189,074
116:0,012;137,133;206,102;264,192;308,066;454,207;478,097;512,029;517,240;577,129;762,172;860,048;868,231;923,126;1089,082;1159,268;1171,079
117:0,012;137,133;229,172;230,130;501,100;866,169;892,058;948,114;965,180;991,127;1061,170
118:0,012;182,252;248,269;354,094;430,079;462,039;707,029;713,245;890,058;1006,244;1102,126
119:0,012;156,275;172,122;175,210;408,087;462,039;633,097;635,030;646,183;678,094;851,146;890,058;1071,146;1189,074
120:0,012;176,162;315,080;317,190;554,088;666,246;799,273;995,156;1001,081;1053,201;1139,066;1189,074
121:0,013;54,016;122,057;143,090;148,108;169,058;180,123;261,105;324,113;352,060;361,244;395,089;437,214;461,033;475,115;579,232;583,079;726,034;738,145;794,079;890,146;952,062;975,178;1068,263;1112,174
122:0,013;60,139;79,044;167,253;286,177;350,172;520,124;605,151;695,172;735,250;758,097;905,058;926,211;954,228;1032,161;1189,078
123:0,013;6,049;76,076;101,227;106,216;134,147;164,109;192,028;256,188;284,084;322,236;539,190;747,082;805,034;814,183;845,157;924,123;955,174;1010,142;1197,225
124:0,013;79,044;91,132;321,204;330,147;375,182;717,270;734,244;842,151;866,062;1040,104;1115,168;1142,066;1144,102
125:0,013;54,223;108,007;145,114;192,028;287,232;336,206;571,161;690,199;748,043;792,172;932,211
126:0,013;63,232;79,044;110,227;126,242;148,090;167,253;175,115;178,006;192,028;247,178;256,188;310,052;321,225;345,215;536,182;874,177;947,081;969,211
127:0,013;81,219;148,006;296,043;305,111;429,172;433,239;466,060;483,177;503,212;517,148;825,232;927,197;975,186
128:0,013;55,121;95,104;425,257;477,251;589,129;645,232;680,177;862,218;866,062;879,036;884,127;1170,274
129:0,013;91,132;347,054;350,229;448,140;566,265;734,218;835,073;866,062;883,154;1167,097
130:0,013;54,223;129,007;178,126;192,028;237,114;308,066;344,213;399,116;464,089;577,148;714,107;716,079;872,172;900,214;970,230;974,261;1109,250;1192,232
131:0,014;117,173;176,216;237,196;339,230;367,268;913,167;1099,067
132:0,014;101,140;366,134;474,180;489,130;528,173;601,130;656,200;797,206;893,067;1195,250
133:0,014;38,250;96,139;117,114;132,231;246,216;252,136;394,094;665,197;685,218;693,260;700,225;798,181;877,247;939,230;1017,188
134:0,014;134,147;147,094;306,188;421,200;488,253;633,157;675,193;730,134;1038,268;1125,203
135:0,014;139,127;221,116;240,039;313,066;341,157;425,149;456,201;535,147;797,248;893,067
136:0,014;156,123;230,155;300,205;497,160;554,082;574,045;705,064;719,107;724,148;725,268;761,254;823,130;874,148;893,067;941,129;953,067;1142,188
137:0,014;95,127;148,218;336,123;385,078;454,066;596,087;654,076;711,094
138:0,014;117,173;141,069;242,099;256,108;287,207;372,140;614,231;620,216;697,257;725,034;796,083;818,268;841,199;1079,270;1099,085;1169,232
139:0,014;101,140;217,147;302,043;353,268;418,049;438,066;523,180;598,196;790,099;872,207;893,067;995,274;1158,197
140:0,014;40,254;128,187;257,070;306,249;476,066;496,076;551,211;569,206;616,173;672,253;894,183;992,206;1048,083
141:0,015;22,161;141,109;147,180;187,062;327,172;352,108;507,029;513,166;552,111;578,231;603,232;766,242;843,218;853,129;918,130;1005,273;1111,246;1130,067
142:0,015;63,272;75,157;187,062;214,088;242,205;256,212;376,269;464,231;635,076;637,216;669,035;689,260;753,083;799,034;826,168;890,034;1017,066;1149,272
143:0,015;6,049;64,100;199,146;264,178;317,054;389,240;397,211;515,130;566,222;575,204;678,239;802,225;836,144;943,083;1003,196;1172,111;1190,269
144:0,015;72,222;96,061;167,114;183,215;187,062;338,218;350,231;461,058;466,223;487,033;518,060;545,167;668,029;730,200;751,175;840,100;871,184;899,126;921,058;926,178;962,185;1096,081;1151,127
145:0,015;6,049;55,009;88,159;257,070;315,242;511,162;575,099;783,028;861,274;895,048;916,034;988,229;1114,214;1168,118
146:0,015;31,146;169,256;178,120;192,102;194,090;257,070;317,054;408,105;429,249;482,211;528,040;582,222;641,172;663,256;970,107;1013,218;1139,206
147:0,015;31,146;194,084;256,230;257,070;322,104;527,242;533,185;550,111;870,190;920,058;1095,224;1172,196
148:0,015;6,049;75,157;267,099;429,049;515,148;523,172;540,100;586,188;607,039;634,140;772,228;826,250;832,269;834,133;970,146;1149,178;1151,218
149:0,015;7,014;23,089;187,062;245,089;332,198;376,187;473,185;478,136;526,157;1042,206
150:0,015;13,005;42,002;49,049;99,012;129,057;145,069;150,230;206,235;317,054;387,229;449,244;654,187;956,210;1162,265
151:0,016;174,152;227,127;305,039;425,108;469,072;503,097;645,088;993,180
152:0,016;141,250;199,195;371,225;567,040;589,147;706,215;964,148
153:0,016;118,090;141,250;175,099;206,062;390,158;401,160;426,269;561,275;590,170;621,269;628,083;640,253;660,222;690,216;832,123;1030,245
154:0,016;174,094;220,207;267,231;420,215;469,072;566,031;570,140;709,216;751,200;891,126;1152,216;1180,156
155:0,016;212,058;256,207;321,066;372,242;775,134;869,273;876,246;1161,082
156:0,016;149,088;289,168;352,100;499,181;715,097;938,262;995,231;1127,115;1136,214
157:0,016;175,162;234,133;355,039;410,154;469,072;506,136;550,188;851,099
158:0,016;43,214;197,120;363,160;500,033;543,205;677,167;844,158;909,148
159:0,016;218,043;410,154;478,087;494,269;513,033;590,098;700,097;756,034;812,085;955,034;959,127;975,200
160:0,016;11,271;239,232;257,083;297,253;308,123;512,124;520,169;561,186;610,124;622,206;655,244;686,188;996,247;1028,067;1082,099;1196,147
161:0,017;13,227;78,216;83,001;88,244;345,158;371,177;477,075;534,225;683,273;785,170;880,062;888,174;910,026;922,169;938,067;1024,199
162:0,017;36,004;71,221;524,186;546,146;736,270;1074,127;1142,072;1156,139
163:0,017;44,231;271,253;453,197;485,060;489,273;508,076;829,228;1083,184;1142,072;1182,214
164:0,017;13,018;178,126;430,060;527,212;713,076;838,186;846,036;867,063;883,180;887,272;945,139;1110,067;1139,247
165:0,017;85,232;139,221;191,235;203,109;210,136;251,127;284,072;320,078;376,139;438,105;488,139;541,218;567,254;601,083;628,253;707,029;760,216;877,257;1017,232;1142,072;1160,146;1196,062
166:0,017;14,139;30,192;159,147;574,123;762,175;837,103;852,183;883,147;910,026;922,268;1025,273;1092,168;1105,253;1124,270;1151,145
167:0,017;30,192;143,244;235,172;256,189;276,173;763,148;910,026;992,206;1010,215;1119,147
168:0,017;13,227;70,012;106,006;128,080;284,072;343,256;536,252;606,099;723,140;769,180;799,111;857,177;899,253;1021,097;1158,201
169:0,017;63,006;187,062;188,199;212,099;343,112;629,133;690,034;756,232;1085,157;1185,085
170:0,017;14,139;126,161;160,192;175,006;197,198;315,221;393,195;405,052;426,105;515,033;657,269;716,064;772,163;811,126;899,212;904,207;949,263;1043,228
171:0,018;201,136;210,229;352,060;368,172;418,240;524,097;589,100;835,245;980,167;1009,267;1032,151;1100,224;1127,145
172:0,018;82,227;86,018;165,229;322,029;398,124;512,099;529,257;694,130;787,034;982,269;1180,088
173:0,018;179,146;217,221;227,246;268,070;285,230;308,066;366,257;419,060;606,133;622,186;830,076;892,196;927,245;1027,130;1152,264;1194,157
174:0,018;113,084;192,028;236,199;550,134;720,145;730,182;801,186;904,184;954,249;1181,185
175:0,018;209,273;322,029;359,257;437,243;465,186;515,146;524,031;575,193;587,206;675,081;704,161;1010,111;1171,062;1198,114
176:0,018;179,254;192,215;211,126;276,145;295,108;306,151;590,215;628,040;661,167;690,181;824,212;857,267;1004,232;1016,157;1109,239;1167,228
177:0,018;143,088;201,105;322,029;448,078;495,105;583,172;631,196;989,245;994,088
178:0,018;214,216;277,259;296,244;322,029;330,222;447,173;495,254;533,188;560,167;613,063;700,202;727,081;805,246;912,026;987,079;1019,196;1125,097
179:0,018;113,084;242,271;322,029;352,060;495,254;546,170;700,202;760,260;801,247;851,242;882,193;935,239
180:0,018;165,212;231,221;245,145;352,060;370,075;385,198;410,058;424,185;459,124;531,161;881,231;957,145;1132,079;1166,081
181:0,019;79,109;114,042;165,207;214,149;238,269;243,041;394,185;498,099;578,193;872,182;876,263;1049,265;1135,118;1165,180;1199,081
182:0,019;85,262;111,076;127,058;186,220;279,039;508,268;539,162;574,045;663,188;680,064;726,248;876,082;892,062;1031,174;1098,273
183:0,019;100,115;127,058;193,220;271,193;292,182;352,041;386,267;401,039;473,139;576,190;732,158;757,126;797,103;827,082;871,126;885,062;910,133
184:0,019;28,267;85,262;110,258;121,232;127,058;331,244;376,267;460,112;625,180;655,045;757,082;955,167;970,215;983,253;1039,076;1178,244
185:0,019;77,221;109,001;167,059;339,038;385,244;444,256;458,275;462,146;511,109;540,166;801,185;844,084;866,062;1077,067;1102,233
186:0,019;67,168;127,058;312,249;424,183;449,220;516,212;877,139;972,058;1099,082
187:0,019;110,258;127,058;277,097;349,267;355,214;361,075;384,041;429,132;474,060;494,215;869,114;879,094;993,260;1096,261;1119,161;1167,263
188:0,019;79,109;100,115;120,123;140,121;196,192;260,039;378,220;420,116;448,139;480,223;489,265;529,104;574,045;622,098;662,228;721,064;747,193;908,167;911,274
189:0,019;137,115;231,182;312,252;610,133;902,146;933,062;1037,104;1077,160;1189,230
190:0,019;92,012;114,042;148,109;162,161;286,216;308,052;318,232;394,185;408,213;417,039;463,248;485,049;499,066;539,215;574,045;685,245;686,064;729,148;750,218;812,088;866,062;1193,249
191:0,020;50,272;223,102;334,032;374,201;428,060;435,211;469,072;489,126;493,136;502,029;712,085;761,249;991,230;1104,244;1129,139;1139,115;1142,072;1152,233
192:0,020;16,001;55,195;111,105;193,180;217,028;238,186;271,058;406,075;413,198;502,029;726,201;757,269;832,151;839,242;997,203;1108,268
193:0,020;80,251;85,014;147,192;299,089;316,145;374,201;492,049;496,080;502,029;829,272;859,118;862,199;1023,188;1056,081;1096,156
194:0,020;52,016;127,215;161,100;219,112;228,252;316,089;334,032;419,060;470,225;483,207;490,248;785,257;980,147;1008,067;1019,090;1175,184;1198,134
195:0,020;39,012;62,064;96,061;110,252;134,102;218,043;285,177;306,231;334,032;365,089;391,213;419,060;458,083;479,058;493,261;864,206;877,261;952,076;993,212
196:0,020;62,064;96,061;111,105;154,152;171,108;233,039;267,214;421,221;502,029;757,263;778,118;1095,214;1108,185
197:0,020;50,272;62,064;74,108;96,061;130,222;218,043;329,097;359,041;401,169;418,186;425,087;479,216;513,239;671,124;684,178;739,146;848,055;897,036;910,269;934,084;940,200;957,134;1139,160;1155,246
198:0,020;55,195;131,131;218,043;334,032;345,256;426,060;457,262;460,083;574,218;726,228;756,177;850,091;880,158;910,026;921,076;950,157;990,082;1084,104;1096,131;1127,133
199:0,020;60,267;118,120;166,173;388,087;419,060;435,243;451,058;490,170;539,269;557,031;575,199;673,225
200:0,020;40,254;62,064;74,108;133,006;175,127;247,162;256,107;290,140;447,162;479,265;484,257;509,252;513,201;1038,169
