001:0,001;26,159;76,164;139,005;187,079;235,067;525,050;530,170;784,137;887,197;942,131;1094,139;1130,231;1149,116
002:0,001;41,238;106,187;112,115;284,207;313,070;366,038;552,153;566,231;703,203;720,103;879,152;1059,132;1159,107;1192,180
003:0,001;16,255;37,150;223,250;264,266;298,183;359,116;391,237;582,257;624,131;846,084;1106,148
004:0,001;72,067;322,192;379,038;438,078;488,186;565,197;602,156;642,188;723,215;755,240;864,105;982,215;1033,219;1063,230;1167,132
005:0,001;29,187;72,067;369,256;501,125;599,105;609,217;635,138;641,112;661,202;714,240;786,192;815,053;827,114;831,187;892,037;971,157;997,186;1150,229
006:0,001;63,260;72,067;275,217;414,174;487,275;561,229;600,189;882,107;1006,137
007:0,001;36,076;46,159;54,003;72,067;83,226;135,238;162,112;208,166;240,050;255,213;276,189;661,267;754,247;804,114;825,231;941,090
008:0,001;11,032;68,159;88,063;113,159;183,067;205,105;222,151;337,099;369,256;415,195;467,267;489,100;846,194;903,233;929,257;1018,271
009:0,001;67,135;74,262;366,038;527,174;714,183;771,197;824,084;1027,273;1097,045;1106,163
010:0,001;31,002;67,135;114,136;217,110;332,090;366,038;529,092;621,143;667,127;688,234;689,088;802,251;898,215
011:0,002;52,197;109,050;325,090;366,038;461,192;647,194;702,088;981,263;1016,077;1079,098
012:0,002;112,198;137,029;242,202;334,100;373,274;408,213;452,092;477,107;586,027;684,247;704,234;734,240;749,248;792,213;1089,045
013:0,002;24,012;53,100;102,035;133,234;216,050;340,106;480,229;692,103;769,100;882,037;915,275
014:0,002;74,035;106,110;109,050;208,253;223,151;255,145;314,108;358,268;385,222;516,177;609,136;995,093;1083,169
015:0,002;74,035;115,088;168,217;294,108;493,114;503,166;609,242;620,268;663,189;716,222;763,114;799,129;842,241;875,108
016:0,002;46,212;60,142;246,061;254,066;335,161;366,185;412,169;467,221;992,233;1003,110;1076,202
017:0,002;44,238;74,035;106,110;156,108;254,066;302,030;351,265;366,262;385,162;407,185;505,235;586,027;649,084;719,169
018:0,002;46,054;74,035;238,045;298,032;321,132;360,103;635,053;666,155;784,037;830,183;1110,090;1152,080;1175,129
019:0,002;60,142;74,035;109,050;287,143;322,070;343,032;408,149;434,192;508,242;566,192;600,266;824,034;831,257;852,113;867,197;885,234;950,085;1075,108
020:0,002;53,056;109,050;224,194;367,265;472,165;586,027;628,229;675,104;748,183;885,064;973,037;974,148;1058,194;1069,275
021:0,003;115,264;119,067;130,258;137,096;308,087;928,167;994,155
022:0,003;61,221;191,227;209,043;327,209;392,079;449,268;592,136;705,194;783,241;792,152;894,186
023:0,003;134,076;205,029;254,194;281,185;372,210;473,046;495,038;575,211;580,087;885,064;906,210;1000,080;1034,233;1077,157
024:0,003;56,008;104,253;147,110;175,207;205,145;272,120;335,274;464,108;653,156;673,051;714,181;728,265;786,119;1039,234;1103,167
025:0,003;62,138;151,005;175,207;264,209;278,106;332,054;503,055;516,203;585,165;607,107;879,189;928,252;930,202;1074,174;1127,268
026:0,003;222,054;240,043;258,106;529,196;547,053;627,061;638,175;684,040;841,089
027:0,003;61,221;376,100;480,248;649,037;684,040;783,113;847,034;881,186;892,113
028:0,003;93,137;222,274;292,194;413,267;451,038;457,054;556,187;741,051;762,104;792,051;923,137;976,102;1072,161
029:0,003;92,210;287,209;354,131;387,194;400,262;495,181;684,040;743,144;916,200;1015,095;1060,103
030:0,003;14,096;189,128;194,070;264,209;312,195;370,054;422,084;592,153;684,040;717,111;812,248;817,194;841,262;927,139;1192,148
031:0,004;93,187;100,193;166,060;171,178;253,067;298,132;361,079;402,038;560,131;640,105;773,152;784,037;919,186;922,234;1013,195
032:0,004;58,250;139,202;213,090;313,070;406,136;592,165;747,225;908,037;958,271;1080,045;1082,233;1094,227
033:0,004;75,238;287,162;383,103;509,092;750,090;774,275;783,090;784,037;903,219;915,152;1071,207
034:0,004;93,141;313,070;335,162;419,112;555,081;598,037;780,231;854,161;907,230;967,194;989,234
035:0,004;52,194;70,178;266,164;299,211;479,194;500,262;534,108;574,053;578,108;598,037;736,241;740,194;1135,102;1168,161
036:0,004;52,146;75,274;132,260;160,258;240,181;270,115;285,116;420,161;585,241;631,210;679,090;730,152;750,156;784,037;1050,045;1059,155;1094,222;1103,129;1112,210
037:0,004;81,210;139,253;197,197;292,262;302,238;339,137;344,159;394,046;453,072;480,093;515,192;557,061;666,155;702,251;848,100;853,256;928,114;1054,111
038:0,004;75,274;217,196;223,135;315,181;484,161;656,037;714,040;738,053;834,092;874,114
039:0,004;111,265;201,050;217,196;249,079;266,088;690,086;708,155;711,034;834,092;897,182;931,227;985,174;1050,084
040:0,004;93,187;287,253;380,264;384,258;598,037;699,185;701,256;789,080;853,232;918,195;1011,078;1081,095
041:0,005;52,178;147,054;150,275;161,078;221,036;247,098;298,032;354,046;481,079;625,144;825,215;903,086;939,275;993,221;1037,090;1081,232
042:0,005;154,249;181,110;354,046;490,138;666,236;902,251;980,252;994,098;1061,236;1077,213;1109,222
043:0,005;197,198;263,143;354,046;357,050;386,192;457,195;810,141;830,144;947,236;1058,033;1062,148;1103,054;1133,161;1168,158
044:0,005;220,142;354,046;528,090;661,177;667,051;683,080;786,202;804,224;822,265;1162,232;1200,252
045:0,005;132,260;160,054;161,078;172,275;195,173;274,099;335,171;354,046;551,131;623,034;625,144;731,258;750,237;754,095;862,251;1128,180
046:0,005;191,120;263,118;357,217;475,215;887,127;909,236;988,207;1020,265;1103,054;1148,237;1185,252;1194,192
047:0,005;18,063;77,202;126,050;179,027;221,036;269,131;287,029;292,137;331,032;349,258;447,097;448,258;499,054;533,207;573,222;581,113;776,137;778,265;944,093
048:0,005;172,050;179,027;214,105;255,029;274,067;349,110;422,217;531,173;592,107;603,081;673,106;677,099;731,038;919,227;1089,119
049:0,005;179,027;209,054;221,036;335,171;354,046;462,053;475,215;657,117;721,247;725,086;818,164;888,100;1103,054;1133,084
050:0,005;192,145;196,070;259,045;274,099;491,104;655,236;738,182;807,086;836,197;864,045;876,099;980,026;1006,227;1127,111;1186,081
051:0,006;91,043;145,149;255,197;342,047;401,054;528,117;568,165;582,034;934,215;950,181;1083,107;1154,092
052:0,006;105,227;168,163;298,067;342,047;396,268;730,143;823,129;1039,135;1056,092;1108,177
053:0,006;66,194;197,067;281,072;301,164;586,106;663,274;755,213;762,180;850,038;976,107;1073,088;1091,213;1168,233
054:0,006;59,060;97,268;172,054;178,177;499,159;837,125;843,051;966,105;980,127;1075,107;1076,152;1110,265
055:0,006;71,011;72,197;248,257;400,159;496,112;537,194;736,207;986,108;1034,111;1038,153
056:0,006;29,003;59,060;69,132;192,238;219,195;390,202;693,207;699,235;963,203;1116,183;1164,265
057:0,006;56,266;78,054;89,122;145,149;157,264;200,174;292,105;382,120;421,042;457,038;525,119;548,112;609,262;722,182;894,232;1044,181
058:0,006;29,003;56,266;287,053;439,156;446,187;468,151;482,196;504,120;582,034;628,114;707,175;890,047;1058,100;1078,258
059:0,006;59,060;166,180;342,047;355,211;549,265;728,135;832,093;835,275;914,183;1142,159
060:0,006;68,032;92,207;166,180;212,221;243,053;303,137;394,228;410,242;620,037;625,034;710,141;763,155;979,195;1143,183
061:0,007;46,174;87,163;147,198;317,057;343,196;529,148;890,047;897,129;1145,077
062:0,007;105,116;141,189;325,173;417,029;433,256;582,232;646,092;665,031;858,085;1011,157;1072,089;1154,033
063:0,007;37,112;140,143;286,092;449,236;648,241;651,137;693,116;926,188
064:0,007;24,100;37,112;88,147;136,234;147,057;209,217;212,159;216,092;519,050;685,119;764,174;890,047;1023,230
065:0,007;27,012;85,264;105,181;127,029;160,275;183,268;241,135;363,192;402,029;438,138;519,050;642,117;649,186;911,033;1193,139
066:0,007;17,008;91,268;148,162;324,210;330,072;420,228;438,181;649,031;655,192;748,084;819,033;1012,027;1151,231
067:0,007;154,249;160,242;490,074;519,050;545,234;600,031;639,231;794,053;811,177;1106,153;1172,188
068:0,007;36,014;50,217;85,264;279,173;311,111;363,050;400,169;538,072;662,235;765,241;838,114;890,047;900,080;1105,033
069:0,007;23,119;85,043;88,147;150,268;352,274;362,238;403,137;445,107;612,114;614,275;819,033;871,224;881,188;1150,271;1154,251;1193,158;1195,177
070:0,007;24,100;435,218;540,100;631,037;775,103;802,135;819,033;841,111;1108,078;1124,224
071:0,008;154,167;170,253;367,183;581,167;637,079;752,185;795,234;853,026;872,100;874,237;1114,234
072:0,008;177,231;616,098;1001,127
073:0,008;37,150;220,118;260,183;647,053;663,233;786,090;958,231;1110,246
074:0,008;220,118;245,180;252,275;272,066;317,161;356,113;644,167;694,034;704,108;747,051;819,088;918,037;1019,245
075:0,008;198,250;512,117;513,119;516,197;608,079;1090,251;1096,236;1113,027
076:0,008;292,236;456,072;542,247;634,187;813,256;853,026;909,157;985,098;986,258;997,148;1156,274;1188,119
077:0,008;175,249;236,043;267,250;455,194;458,275;593,203;667,159;668,213;752,093;787,233;816,037;877,244
078:0,008;171,193;185,115;211,193;229,238;412,145;462,088;481,093;848,051;927,093;992,137;1115,185
079:0,008;340,202;350,221;359,167;574,138;597,210;610,197;766,079;808,164;973,165;996,246;1093,241;1154,100;1191,163
080:0,008;217,131;224,253;279,114;475,207;519,093;748,081;853,026;961,090;1033,275;1061,033;1122,099;1141,129;1167,186
081:0,009;54,063;178,226;221,036;236,053;463,266;513,103;698,211;804,093;816,182;864,045;901,099;1109,085
082:0,009;21,056;71,255;124,029;259,183;294,236;418,194;586,027;654,258;715,051;827,089;850,125;864,045;916,200;1026,159
083:0,009;54,063;115,043;256,118;288,234;294,076;303,163;343,120;367,095;491,182;496,105;601,143;607,154;654,258;1051,077;1137,045;1189,177;1194,100
084:0,009;23,222;28,158;54,063;153,097;220,275;248,221;314,228;335,071;358,207;450,154;615,127;906,110
085:0,009;44,017;124,029;459,248;478,136;599,088;681,180;722,174;756,105;864,045;900,113;1025,263;1096,194
086:0,009;11,032;227,131;476,143;503,221;528,090;548,221;601,027;643,099;670,138;874,275;930,180;988,268;1144,158;1173,230
087:0,009;14,096;54,063;154,135;224,180;236,053;266,030;321,217;337,029;349,071;450,154;457,041;458,153;619,135;756,131;928,033;962,241;992,167
088:0,009;36,158;124,029;268,230;335,071;459,248;702,131;732,202;916,170;1188,153;1194,251
089:0,009;11,032;236,053;345,167;442,173;520,125;527,138;568,113;581,242;598,182;677,138;698,202;752,258;896,189;908,181;925,138;1012,175;1084,103
090:0,009;11,032;110,076;124,029;230,163;236,053;335,071;463,266;584,090;634,165;716,114;856,128;868,051;930,158;1090,114;1131,246;1187,089;1190,257
091:0,010;53,174;203,265;239,231;300,112;383,114;633,173;678,161;715,248;744,222;746,189;831,224;860,235;988,045;1189,131
092:0,010;66,094;255,029;422,218;582,034;724,081;731,099;822,135;988,045
093:0,010;116,043;207,054;255,029;455,189;579,050;609,034;851,181;902,153;1032,234;1033,085;1098,131;1100,045
094:0,010;55,043;332,054;514,117;518,222;560,218;586,031;687,170;877,165;979,037;988,045
095:0,010;64,054;255,029;401,166;495,228;501,203;565,235;586,031;758,210;800,143;825,037;881,207;905,194;917,189;1160,129
096:0,010;59,060;76,043;315,145;332,054;513,127;526,267;644,210;746,234;902,258;935,189
097:0,010;47,043;234,207;389,050;432,153;549,164;681,108;734,034;927,240;988,045
098:0,010;51,160;304,098;340,145;404,194;431,110;455,145;482,078;488,054;586,031;701,167;886,064;901,230;1017,185;1106,079;1121,102;1141,221
099:0,010;61,119;73,158;110,197;192,145;239,143;261,196;284,136;298,174;323,029;332,054;363,095;468,135;692,156;741,113;893,092;1054,165;1093,158;1161,102
100:0,010;66,094;239,043;332,054;363,267;597,164;780,034;885,170;902,240;986,144
101:0,011;138,170;180,114;273,240;357,050;468,229;476,250;550,114;563,053;864,246;875,274;1150,266
102:0,011;133,092;197,240;338,228;507,099;580,119;612,257;699,222;711,086;721,031;726,155;757,151;817,177;857,155;906,161;966,089;1039,215;1107,232;1161,125
103:0,011;108,054;153,185;192,050;298,032;341,182;357,050;387,264;398,105;433,271;506,182;727,180;760,232;831,189;878,100;963,077;1008,165;1134,100;1169,266
104:0,011;167,257;219,079;246,100;277,264;298,032;357,050;369,159;427,166;627,031;639,159;646,103;690,131;696,232;873,225;893,102;1134,092
105:0,011;166,060;186,166;208,159;298,032;346,136;468,229;520,081;544,095;668,159;1112,252;1174,153;1179,271
106:0,011;163,256;166,060;180,114;239,079;298,032;385,186;626,262;639,192;807,053;875,274
107:0,011;32,032;33,152;189,043;197,240;227,033;269,211;340,088;456,264;512,196;605,275;613,053;768,135;790,240;796,241;934,105;958,262
108:0,011;138,170;139,084;166,060;191,096;227,033;256,193;350,029;435,156;560,135;568,105;588,186;644,175;1149,203
109:0,011;139,084;227,033;282,066;301,275;467,063;520,081;649,207;659,114;662,232;688,257;1158,268
110:0,011;133,092;277,067;281,167;355,046;357,050;412,182;595,194;606,108;623,053;864,252;919,175;1007,079
111:0,012;69,005;80,008;83,226;168,117;226,210;244,227;263,053;270,173;345,174;379,189;447,165;457,104;742,108;862,037;918,195;976,230;1060,222;1064,258
112:0,012;67,217;147,242;154,185;218,054;231,057;289,196;358,161;479,274;731,164;817,079;990,210
113:0,012;69,082;175,088;301,030;305,079;358,180;418,104;447,137;608,183;732,099;887,180;923,159;929,037;1092,163;1181,213;1191,235
114:0,012;13,006;48,097;116,088;260,242;321,136;375,054;465,232;510,185;576,203;915,135;988,078;1183,227;1195,078
115:0,012;43,152;69,082;177,151;223,112;489,173;490,074;518,148;610,112;665,183;666,086;690,250;826,033;855,230;906,207;990,157
116:0,012;130,189;269,227;314,265;343,210;370,143;475,054;490,074;507,106;723,185;743,213;1059,257
117:0,012;78,067;238,141;296,210;633,050;655,234;787,275;845,080;903,137;1003,241;1087,271;1114,236;1144,097;1190,241
118:0,012;73,162;121,100;209,149;402,143;698,247;861,034;893,167;922,252;924,186;995,194;1054,164
119:0,012;48,097;77,125;126,212;258,108;274,198;410,079;472,084;503,211;703,143;799,170;989,099
120:0,012;73,162;140,227;374,221;490,074;518,072;698,031;753,086;801,107;806,233;1173,175
121:0,013;121,135;218,217;246,097;360,163;521,061;664,241;734,084;842,165;852,033;984,229;1086,033;1137,078
122:0,013;100,191;111,167;171,194;228,234;244,163;506,256;521,061;665,095;729,038;757,110;805,210;857,233;884,033
123:0,013;100,191;269,211;293,118;338,265;421,042;513,127;610,111;712,110;715,161;723,165;775,090;781,105;795,165;828,132;975,235;1079,085
124:0,013;61,012;98,143;120,187;552,088;569,098;582,034;668,251;718,132;730,105;731,268;885,219
125:0,013;10,160;194,164;252,174;402,116;421,042;521,061;681,268;932,092;1154,155
126:0,013;119,097;179,027;184,097;521,061;574,112;634,050;718,132
127:0,013;112,141;120,250;197,052;200,213;303,187;421,042;436,195;456,159;458,149;464,185;573,119;711,040;712,110;906,203;1027,245;1055,236;1142,139;1172,189
128:0,013;94,253;111,043;143,274;314,221;347,217;353,117;363,267;374,196;378,268;440,120;497,099;516,250;676,095;803,265;816,037;885,219;893,164;1040,221;1126,192;1180,139
129:0,013;154,090;217,131;267,149;328,227;372,046;402,264;447,104;484,235;555,222;644,247;692,229;821,116;982,265;1008,235
130:0,013;99,097;146,226;241,160;298,211;299,265;334,275;429,046;439,232;743,125;771,256;935,153;1099,263
131:0,014;47,043;102,142;166,052;254,066;263,177;392,078;482,072;603,151;818,086;885,064;1177,218
132:0,014;86,120;324,198;408,186;453,149;455,203;506,173;667,051;870,139;913,180;1177,100
133:0,014;68,108;113,191;143,125;187,076;247,196;332,054;358,078;377,099;421,120;534,072;610,234;652,131;674,084;743,051;751,038;757,181;831,051;872,230;887,139;1074,033;1096,192
134:0,014;47,043;86,163;161,052;283,213;466,167;737,189;740,274;754,038;817,247;943,127;972,161;1021,027;1093,229
135:0,014;65,128;177,191;227,067;229,078;429,274;477,197;554,096;630,177;656,169;667,051;913,078;975,268;981,087
136:0,014;47,043;83,152;86,120;155,217;161,052;372,237;707,185;894,138;920,273;965,078;1005,167;1074,045;1103,054
137:0,014;65,128;212,098;248,078;343,213;407,131;478,187;573,224;697,120;708,051;872,080;883,240;916,215;932,203;936,131;937,116
138:0,014;64,202;67,167;144,138;161,052;288,076;334,125;396,177;667,051;760,215;817,095;1139,165
139:0,014;104,005;136,136;142,067;162,110;213,275;286,090;313,070;335,120;432,111;1008,210;1082,078;1092,077;1198,158
140:0,014;112,238;121,262;246,243;424,265;662,181;737,231;763,148;858,230;863,165;864,246;934,119;1177,218
141:0,015;17,152;18,063;44,167;89,076;108,008;117,108;147,057;237,045;261,096;590,185;691,127;743,187;891,129;895,268;1108,033;1170,213
142:0,015;18,063;21,056;237,045;254,066;355,103;377,117;393,105;394,117;493,055;547,217;600,061;620,267;725,247;749,141;830,128;851,250;936,268;966,224;1039,131
143:0,015;17,152;38,076;166,170;196,070;210,061;224,136;266,030;297,197;468,097;477,195;511,111;594,096;680,233;806,183;815,161;900,038;908,037;980,026;1103,054;1197,213
144:0,015;21,056;70,108;188,159;199,249;235,105;276,043;296,274;346,197;493,055;576,156;578,114;604,197;1023,200;1111,135
145:0,015;28,158;34,090;206,151;210,174;237,045;266,030;368,165;402,029;441,107;466,086;521,084;529,050;639,188;877,085;947,266;1012,027;1038,135
146:0,015;18,063;147,057;239,061;266,030;332,231;477,217;493,055;591,196;604,120;698,262
147:0,015;23,119;52,076;79,168;147,057;266,030;330,161;334,149;542,099;728,161;805,103;909,157;955,233;988,165;1051,200;1111,174
148:0,015;17,011;111,103;152,057;205,141;237,045;319,096;492,125;493,055;560,072;602,099;607,161;840,159;906,185;1006,180;1118,263
149:0,015;21,056;79,168;147,057;246,087;288,167;333,143;395,216;538,170;632,096;748,203;906,095;1009,033;1157,148;1191,170
150:0,015;147,242;255,066;321,222;380,054;473,086;751,265;753,053;828,185;1055,252
151:0,016;183,257;579,187;611,053;632,037;733,225;872,135;891,246;1117,213;1176,080
152:0,016;105,116;356,209;406,257;517,232;540,084;660,161;677,224;1104,165
153:0,016;92,112;97,207;166,173;177,231;209,163;228,159;359,189;370,097;420,180;658,195;733,181;1022,170;1093,181
154:0,016;174,078;196,087;240,137;299,268;376,034;459,159;632,180;687,081;853,026;887,263;1116,027
155:0,016;227,226;278,275;325,242;401,180;604,084;640,086;642,090;941,037;974,033;1019,258;1065,197
156:0,016;113,143;180,116;262,117;342,047;348,151;413,038;547,240;678,051;727,152;865,128;870,210;883,266;889,224;931,159;1012,197
157:0,016;45,005;113,265;310,262;356,173;474,156;775,167;988,236;1053,229;1134,131;1180,164
158:0,016;196,087;569,153;590,053;731,275;765,051;844,033;958,077;1032,087
159:0,016;187,050;426,105;519,050;638,061;661,215;711,211;798,194;815,110;988,251;1084,110
160:0,016;78,159;212,213;235,240;254,117;395,038;422,192;425,173;439,105;462,038;544,240;546,081;554,262;611,143;619,107;626,031;732,257;820,034;887,153;911,080;990,170;1006,088;1072,107
161:0,017;77,115;112,063;123,217;193,070;201,061;226,098;247,114;361,182;481,169;498,096;547,053;580,207;639,107;792,051;845,252;1112,224
162:0,017;64,262;95,253;101,135;144,050;152,136;345,098;691,100;762,165;961,252;969,273;1077,266;1108,251
163:0,017;83,136;131,103;161,052;193,070;201,061;255,226;271,072;331,222;491,265;547,053;636,034;653,138;677,031;734,095;749,195;812,107;955,265;976,164;1142,194
164:0,017;77,193;271,072;369,111;498,088;539,256;760,053;822,128;857,257;919,219;921,231
165:0,017;77,115;83,136;101,266;128,117;256,210;318,029;430,271;460,156;470,100;506,074;540,241;769,237
166:0,017;128,117;153,005;161,067;201,061;271,072;348,180;354,054;402,125;515,195;519,257;592,256;698,248;819,155;851,131;887,250;912,138;1003,252;1055,113
167:0,017;86,152;201,061;284,145;437,099;504,231;509,222;547,053;598,250;878,241
168:0,017;64,202;656,148;697,096;711,141;744,116;751,038;882,102;951,182;980,026;1044,119;1071,135;1108,088
169:0,017;112,198;193,070;224,076;293,131;351,164;540,241;583,274;651,222;740,236;761,108;980,026;1081,235;1087,100;1150,195
170:0,017;96,115;168,052;178,141;193,070;201,061;275,193;282,100;316,135;396,119;574,185;719,136;905,037;912,131;1021,026;1064,129;1095,127
171:0,018;65,207;89,203;450,072;573,224;625,099;641,050;666,151;748,104;765,222;890,244
172:0,018;144,210;200,108;301,264;498,097;529,061;577,275;712,231;733,251;783,125;860,222;1058,185
173:0,018;66,096;114,008;143,177;184,084;227,033;230,181;376,034;447,235;450,072;542,247;665,237;859,231;918,229;951,136;994,026;1068,245
174:0,018;19,003;87,174;94,090;143,177;169,234;269,268;285,264;372,194;379,137;456,151;633,186;862,095;903,174;1096,093
175:0,018;77,193;89,122;135,162;257,180;371,195;432,153;450,072;471,262;607,194;631,105;637,034;764,080;838,086;1000,026;1112,233;1123,079
176:0,018;89,203;494,151;534,195;596,125;826,229;1030,207;1066,224;1119,159;1141,114
177:0,018;64,195;310,029;351,113;450,079;598,037;638,119;680,174;959,088;1127,152
178:0,018;102,174;165,266;261,125;376,034;382,108;450,072;459,086;469,072;502,258;574,117;746,222;851,089;953,169;1072,026;1103,054;1172,183
179:0,018;77,125;294,193;348,182;376,034;390,119;410,165;539,050;693,116;708,229;914,177;1052,027;1140,095
180:0,018;64,195;194,185;271,072;311,111;381,165;442,221;465,117;632,257;666,265;730,053;744,232;746,127;882,148;992,026;1177,076
181:0,019;104,041;131,005;176,166;397,186;407,135;458,165;459,154;603,125;721,038;1031,103;1081,102;1120,129;1123,137
182:0,019;73,194;158,137;271,079;385,221;437,041;532,125;586,031;639,213;700,098;721,038;746,262;812,202;926,219;1012,027;1113,080
183:0,019;36,032;85,258;104,041;294,228;392,207;872,182;1012,027;1159,125
184:0,019;42,054;193,070;204,160;227,173;266,030;298,043;403,054;434,215;437,041;482,046;492,210;588,222;658,248;682,164;712,119;930,158;1130,174
185:0,019;48,181;85,258;246,166;422,029;434,215;437,041;462,053;595,237;655,061;702,137;775,202;779,236;946,246;959,271;1009,098;1186,045;1192,111
186:0,019;42,054;227,185;305,132;308,104;437,041;462,053;473,274;537,086;628,224;670,053;721,038;885,087;998,197;1007,033;1076,219
187:0,019;52,164;65,207;95,159;104,041;215,071;256,192;361,110;467,063;477,149;495,217;630,195;642,236;661,031;695,106;721,038;916,148;966,033;997,182;1018,266;1164,099;1199,097
188:0,019;42,054;215,071;256,192;298,243;483,137;921,202
189:0,019;27,017;59,122;60,250;104,041;190,054;226,212;287,151;462,053;467,063;553,127;662,081;698,080;712,136;715,129;819,033;885,064;912,273;1012,027;1143,097
190:0,019;42,054;76,181;130,112;291,067;308,104;412,125;467,063;642,262;646,061;715,129;794,235;853,129;877,247;946,144
191:0,020;56,098;203,264;250,234;317,057;326,185;364,137;373,135;544,240;732,188;922,161;1110,215;1197,098
192:0,020;56,098;215,071;245,258;317,057;341,216;391,125;403,196;470,098;563,143;596,268;607,105;729,113;732,098;982,132;1039,080;1128,227;1168,088
193:0,020;196,125;220,071;242,243;292,098;445,046;506,114;544,169;936,033;975,100;1053,203
194:0,020;148,250;201,132;301,072;355,235;439,046;451,167;461,113;537,216;540,120;659,050;666,114;761,038;773,116;803,240;894,114;912,155;1058,177;1182,090
195:0,020;153,163;189,212;218,115;264,142;355,235;501,117;505,149;547,053;548,105;555,234;675,211;686,210;967,086;1000,207
196:0,020;47,043;60,173;227,090;271,230;340,071;362,114;377,182;398,174;636,170;656,108;690,051;698,180;905,266;946,222
197:0,020;23,090;29,187;44,167;60,173;150,054;177,151;188,177;260,258;365,262;442,119;509,169;645,113;716,224;796,093;798,105;924,232;1105,175
198:0,020;69,132;279,030;317,057;328,216;530,127;535,266;1067,152
199:0,020;21,056;23,090;51,212;188,275;215,071;238,191;261,105;426,243;485,097;486,236;630,108;671,143;710,138;906,127;983,116;1142,170
200:0,020;58,164;319,258;328,216;335,071;392,084;438,138;472,095;623,221;1165,033;1174,081
