001:0,001;185,185;993,035;1002,241
002:0,001;152,178
003:0,001;47,155
004:0,001;47,155;369,030;439,046;454,096;993,035;1067,155
005:0,001;230,115;332,274;369,030;464,274
006:0,001;169,058;184,075;351,228;459,160
007:0,001;194,080
008:0,001;169,058;322,034;369,030;472,107
009:0,001;169,058;230,115;369,030;459,160;569,025;675,169
010:0,001;152,178;322,034;332,274;1036,041;1037,176
011:0,002;17,250;115,097;359,161;362,270;369,038;386,021;488,254;815,106;955,051
012:0,002;104,051;215,262;386,021;463,013;868,230
013:0,002;17,250;369,038;386,021;443,038;459,161;955,051
014:0,002;115,097;281,070;369,038;386,021;452,060;463,013;868,112
015:0,002;102,083;210,032;359,161;386,021;463,013;884,210;1021,268
016:0,002;95,210;104,051;210,032;298,056;365,084;386,021;403,063;463,013;970,043
017:0,002;102,083;104,051;129,176;281,070;386,021;463,013;955,051;1179,159
018:0,002;124,264;210,032;318,251;344,030;361,187;386,021;463,013;552,068;568,070;671,270;955,051;970,043
019:0,002;104,051;154,152;245,032;281,070;463,013;967,228
020:0,002;129,176;210,032;334,098;386,021;459,161;970,043
021:0,003;266,183;290,042;360,134;828,068
022:0,003;258,132;263,020;301,102;307,026;453,215;470,053;778,221;1044,034;1047,036
023:0,003;258,132;263,020;271,002;307,026;425,067;439,046;470,053;753,036;822,028;1047,036
024:0,003;251,063;263,020;307,026;470,053;798,257;822,028;1178,058
025:0,003;251,063;263,020;290,042;307,026;470,053;747,156;753,036;828,068
026:0,003;225,188;263,020;307,026;365,084;470,053;778,221;1047,036
027:0,003;251,063;263,020;360,134;425,067;470,027;479,152;779,054;822,028;1178,058
028:0,003;251,063;263,020;365,237;425,067;478,092;753,036;881,195
029:0,003;263,020;290,042;301,102;353,031;365,237;425,067;470,053;478,092;566,022;662,222;798,257;828,068;1178,058
030:0,003;251,063;263,020;290,042;364,190;470,027;479,152;753,036;828,068
031:0,004;235,055;284,065;362,270;680,063;1008,142
032:0,004;261,137;284,065;336,049;463,013;516,146;614,044;680,063;939,243
033:0,004;220,042;235,055;284,203;614,044;1134,256
034:0,004;252,245;265,117;284,065;360,183
035:0,004;284,065;354,159;614,044;684,251
036:0,004;284,203;354,159;886,067;942,244
037:0,004;336,049;520,217;822,028;908,114
038:0,004;265,117;939,243
039:0,004;284,065;298,074;322,034;336,049;680,063;1177,036;1185,246
040:0,004;235,055;261,137;614,044;680,063;1021,268
041:0,005;194,241;197,046;223,078;473,069;546,131;605,071;683,066;736,233
042:0,005;50,137;202,210;207,030;303,194;313,075;544,118;561,034;626,255;683,066;719,155;736,233
043:0,005;194,007;202,210;207,030;232,136;313,075;538,170;1036,041;1052,139
044:0,005;191,206;338,073;348,148;493,241;594,016;605,071;683,066;713,232;1036,041
045:0,005;184,242;197,046;207,030;313,075;320,045;351,111;538,170
046:0,005;197,046;208,258;223,078;249,066;270,110;314,011;473,069;493,241;569,025;642,238
047:0,005;191,099;303,194;313,075;473,069;492,050;605,071;778,198
048:0,005;232,136;313,075;546,131
049:0,005;50,137;197,046;207,030;286,044;313,075;473,069;561,034;616,259
050:0,005;197,046;212,213;338,073;373,255;1164,200;1185,246
051:0,006;207,021;300,040;392,033;594,016;611,077
052:0,006;207,021;330,062;392,033;403,063;536,250;556,255;594,016;609,065;1156,221
053:0,006;153,073;231,275;282,041;442,244;609,065
054:0,006;153,073;201,062;207,021;282,041;336,049;403,063;508,230;594,016;605,071;642,150;677,111
055:0,006;153,073;207,021;327,275;574,175;594,016;624,109
056:0,006;201,062;230,041;392,033;573,003;594,016;677,111
057:0,006;197,121;207,021;300,040;555,264
058:0,006;153,073;201,062;207,021;263,005;282,041;346,045;349,262;403,063;560,158;594,016;609,065
059:0,006;207,021;300,040;501,165;563,207;594,016;611,077
060:0,006;207,021;282,041;383,172
061:0,007;573,003;901,115
062:0,007;216,209;398,275;452,060;558,259;569,075;573,003;888,038;901,115
063:0,007;491,101;514,054;573,003;871,158
064:0,007;452,060;569,075;573,003;627,040;773,048;815,106
065:0,007;452,060;514,054;627,040;791,177
066:0,007;454,096;573,003;752,150;888,038;1102,106
067:0,007;508,060;534,259;627,040;791,177
068:0,007;452,060;514,054;569,075;627,040;831,263
069:0,007;569,075;651,219
070:0,007;514,054;573,003;752,150;888,038;959,203
071:0,008;219,271;246,036;320,045;421,130
072:0,008;209,153;300,253;320,045;325,058;361,135;423,034;452,180;538,216;744,046;854,180;931,037;1012,128
073:0,008;209,153;218,087;372,130;485,031;538,216;931,037;988,047
074:0,008;222,233;246,036;320,045;330,091;847,059;951,138
075:0,008;197,046;201,200;246,036;320,045;337,226;361,135;448,269;485,031;560,220;847,059;945,033
076:0,008;246,036;330,091;485,031;704,055;847,059;931,037;966,181
077:0,008;123,147;263,005;311,191;369,038;442,219;485,031;744,046;789,205;875,059;1085,088
078:0,008;216,209;540,047;744,046;847,059;931,037;945,033
079:0,008;123,147;262,003;300,253;423,034;442,219;614,044;723,129;733,055;785,139;951,138;1026,128
080:0,008;219,271;423,034;448,269;931,037;945,033
081:0,009;262,003;264,034;343,221;569,025;717,056;801,123;886,067
082:0,009;261,112;262,003;270,258;298,056;318,247;343,221;569,025;681,236;684,029;749,227;886,067
083:0,009;194,241;262,003;296,119;298,056;320,059;569,025;886,067
084:0,009;261,112;320,059;529,043;774,133
085:0,009;169,058;230,041;239,095;264,034;298,056;345,123;529,043;723,120;755,062
086:0,009;243,244;257,036;262,003;306,204;320,059;563,207;684,029;799,122;886,067
087:0,009;262,003;306,204;529,043;569,025;675,169;684,029;717,056;755,062
088:0,009;262,003;264,034;298,056;320,059;412,265;529,043;569,025;722,187;743,037;749,227;755,062;967,067
089:0,009;261,088;529,043;569,025;684,029;717,056;935,094
090:0,009;239,095;262,003;318,247;423,034;460,060;529,043;684,029;769,115;888,067
091:0,010;327,275;346,045;497,071;537,124;555,264;570,120;595,061;955,051
092:0,010;231,159;245,019;295,157;352,128;722,209;1036,041;1129,214
093:0,010;338,273;341,125;346,045;358,051;403,063;497,071;566,022;595,061
094:0,010;346,045;537,124;760,100
095:0,010;338,273;773,048;935,256
096:0,010;358,051;504,088
097:0,010;341,125;346,045;448,074;497,071;595,061
098:0,010;352,128;358,051;448,074;483,263;490,108;497,071;595,061
099:0,010;241,196;271,002;281,070;406,092;448,074;497,071;722,209;970,043
100:0,010;358,051;492,085;935,256;966,051;988,047
101:0,011;249,066;303,089;330,062;601,258;743,037;888,038;908,083;993,035
102:0,011;206,270;219,043;322,034;361,268;449,033;593,240;676,200;807,029;999,117
103:0,011;189,079;249,066;298,074;322,222;568,070;609,065
104:0,011;212,182;433,257;568,070;676,200;743,037;1143,249
105:0,011;249,066;325,100;605,009;675,119;743,037;1001,102;1031,068
106:0,011;212,029;307,074;433,257;568,070;617,141;993,035
107:0,011;189,079;325,100;807,029;993,035
108:0,011;219,043;340,173;807,029;999,117
109:0,011;219,043;330,062;561,034;634,234;743,037;1037,178
110:0,011;219,043;322,222;415,062;594,016;595,061;634,234
111:0,012;366,058;389,089;564,013;566,022;605,009;773,179;1160,060
112:0,012;307,068;389,089;566,022;605,009;758,238;779,054;807,029;1069,137
113:0,012;356,208;566,022;569,025;819,105
114:0,012;344,030;366,058;448,153;514,054;566,022;614,075;765,219;792,141
115:0,012;307,068;344,030;354,263;552,068;574,175
116:0,012;307,068;344,030;388,202;552,068;566,022;573,003;605,009;747,156
117:0,012;305,151;311,068;354,263;366,058;417,115;773,048;779,054;825,104;1178,058
118:0,012;237,039;307,068;330,239;348,066;605,009;938,164
119:0,012;248,090;307,068;320,059;361,197;552,068;722,187;1037,062;1160,060
120:0,012;305,151;338,073;344,030;366,058;397,223;451,037;552,068;566,022;581,209;637,157;768,062;814,133;819,105;1160,060
121:0,013;121,193;609,045;722,032;773,048;901,002
122:0,013;111,145;187,028;225,188;366,058;383,172;526,252;561,034;609,045;773,048;901,002
123:0,013;156,238;322,147;359,171;443,038;491,101;609,045;722,032;901,002
124:0,013;121,235;170,037;187,028;230,041;271,002;372,130;389,253;443,038;526,252;538,154;722,032;790,042
125:0,013;111,145;230,041;271,002;315,099;609,045;753,185;773,048;901,002
126:0,013;127,006;170,037;201,062;243,244;271,002;463,171;723,129;890,086;901,002;1178,058
127:0,013;125,016;170,037;219,175;271,002;359,171;722,032;890,086;901,002
128:0,013;160,177;271,002;322,147;358,051;439,046;443,038;538,154
129:0,013;156,149;170,037;187,028;219,175;439,046;565,137;569,037;609,045;871,117;901,002
130:0,013;121,193;187,028;230,041;271,002;443,099
131:0,014;216,051;313,145;588,035;688,213;976,071;1072,151
132:0,014;169,058;218,239;263,005;264,034;353,108;717,056;777,174
133:0,014;263,005;282,041;374,120;588,035;605,009;856,234;1006,049
134:0,014;258,190;286,044;588,035;633,201;673,034;921,059;976,071;1077,165;1103,045
135:0,014;229,269;263,005;279,015;673,034;863,028;866,061;1006,049
136:0,014;231,159;279,002;323,189;588,035;673,034;921,084;976,071;1006,049
137:0,014;257,181;263,005;295,105;342,015;799,172;853,178;877,045;1006,049
138:0,014;252,099;258,190;263,005;275,021;317,056;371,258;685,132;704,055;976,071;1115,097
139:0,014;263,005;286,044;590,015;673,034;750,264;854,034;957,096;1022,061
140:0,014;229,232;230,041;281,206;286,044;633,201;901,002
141:0,015;518,132;651,015;745,122;768,047;900,062
142:0,015;721,254;737,003;959,126;1113,189
143:0,015;391,217;573,199;623,003;908,045
144:0,015;705,061
145:0,015;300,040;540,183;541,015;700,064;775,055;1077,190;1110,085;1127,035
146:0,015;519,061;584,174;690,061;700,064;847,257;1022,043;1184,058
147:0,015;124,016;248,010;264,015;272,109;301,099;373,051;485,013;518,144;700,064;893,104;937,175;1001,267
148:0,015;184,075;272,109;607,009;700,064;852,240;930,213;974,230;1017,160;1036,041;1113,189;1155,270;1181,189
149:0,015;605,009;778,107;811,013;966,181;1077,190;1160,060
150:0,015;518,144;557,031;877,045
151:0,016;237,039;358,138;605,009;715,235;718,031;819,151;1103,042
152:0,016;302,238;308,007;488,199;500,071;819,151;890,129;1044,034;1063,031
153:0,016;233,236;237,039;313,213;571,075;715,116;1052,139;1063,031;1169,062
154:0,016;266,183;307,026;376,062;535,132;546,031;845,247;1044,034;1164,200
155:0,016;263,218;269,029;325,058;362,143;404,059;545,043;688,124;941,042;983,061;1174,031
156:0,016;263,218;325,058;330,062;550,050;1044,034;1063,031
157:0,016;187,045;235,055;306,044;502,269;880,107;957,088;1044,034;1063,031
158:0,016;233,273;237,039;319,007;472,015;528,044;569,075;715,235;755,062;1090,002
159:0,016;328,040;488,199;600,244;621,003;852,013;975,187
160:0,016;197,071;233,273;325,058;392,033;422,015;717,034;877,045
161:0,017;274,045;282,270;353,031;843,166;849,216
162:0,017;91,175;156,017;230,007;259,156;349,049;492,050;1008,142;1061,085
163:0,017;220,042;246,153;274,045;301,264;348,066;370,138;433,066;665,075;727,201
164:0,017;193,009;196,015;220,042;259,156;308,206;320,059;348,066;573,003;744,046;779,054;1137,047
165:0,017;143,060;178,073;241,196;284,019;492,050;1096,165
166:0,017;187,045;240,157;274,045;276,243;353,031;730,267;767,117;786,054;843,166;992,051
167:0,017;240,157;492,050;967,228;1097,035
168:0,017;204,003;220,042;264,207;348,066;564,013;970,240
169:0,017;206,270;245,019;277,010;353,031;448,015;730,267;869,003;945,033
170:0,017;218,087;220,042;225,015;274,045;276,243;353,031;463,013;894,112;985,028
171:0,018;233,256;245,019;581,112;592,003;900,096;911,062
172:0,018;233,236;472,247;520,130;540,047;820,003;905,267;1027,179
173:0,018;238,052;245,019;509,230;520,058;594,188;689,063;979,002
174:0,018;245,019;572,093;594,188;884,065;1187,033
175:0,018;238,052;245,019;545,228;572,093;895,028
176:0,018;238,052;245,019;520,058;611,132;692,096;750,003;892,084
177:0,018;237,112;245,019;520,058;540,047;779,013;959,203
178:0,018;236,041;284,065;295,019;348,066;637,157;966,002
179:0,018;238,052;245,019;472,247;875,180;1058,036
180:0,018;233,256;238,052;245,019;472,264;540,047;833,197;915,029;938,164;1104,051
181:0,019;169,228;184,075;198,065;298,074;314,011;331,195;448,074;451,037;704,055;993,085;1080,031
182:0,019;160,260;198,065;266,085;283,252;298,074;314,011;412,265;609,239;681,236;770,160;849,013;898,217;937,050;1046,261;1047,036
183:0,019;143,060;187,045;319,042;361,087;435,190;451,037;591,047;953,079
184:0,019;143,060;174,005;185,075;248,090;319,042;362,233;465,019;644,206
185:0,019;118,009;187,045;275,125;314,011;319,042;428,083;645,013;704,055;988,047
186:0,019;118,088;136,015;169,228;198,065;258,259;314,011;357,250;451,037;651,172;699,013;965,257;993,035
187:0,019;132,131;220,021;282,041;283,252;314,011;332,264;514,061;576,089;643,240;1151,139
188:0,019;118,088;339,195;383,059;449,033;466,013;576,089
189:0,019;143,060;198,065;314,011;334,236;449,033;609,239;988,047
190:0,019;168,162;184,075;258,259;282,007;314,011;319,042;428,083;449,033;451,037;628,075;753,131;757,089;898,217;1149,035
191:0,020;197,071;212,029;231,015;736,021;877,045;1074,051
192:0,020;216,051;356,015;389,175;448,021;559,027;736,021;806,246;927,013;1001,102;1075,065
193:0,020;197,071;212,029;343,200;514,061;576,025;683,066;700,064;736,021;773,179;790,042
194:0,020;212,029;361,192;418,031;484,157;582,003;877,045
195:0,020;128,006;184,191;197,071;297,244;338,073;442,044;562,027;736,021;780,003;790,042
196:0,020;208,258;343,070;453,059;463,237;514,061;536,250;659,013;799,261
197:0,020;336,145;416,092;438,021;463,237;514,061;559,027;736,021;799,261;801,123;851,270
198:0,020;216,051;297,244;305,007;502,118;624,109;736,021;790,042
199:0,020;205,099;216,051;490,117;559,027;736,021;790,042;1073,084
200:0,020;212,029;330,239;340,207;343,200;484,019;502,118;520,058;559,027;593,240;621,085;736,021;919,252
