001:0,001;54,032;271,121;341,055;694,242
002:0,001;54,032;71,099;122,026;125,162
003:0,001;71,099
004:0,001;76,215;1127,242
005:0,001;82,130;206,252
006:0,001;54,032;75,214;340,087;341,055;792,239;1022,212;1115,271
007:0,001;100,259;555,211
008:0,001;150,077;525,027;600,114;1100,197
009:0,001;93,139;341,055;694,168
010:0,001;206,252;341,055;683,197
011:0,002;122,026;422,232;487,077
012:0,002;310,093;425,211;525,027;543,038;911,219;1034,102
013:0,002;183,221
014:0,002;35,261;525,027;553,221
015:0,002;104,105
016:0,002;122,026;467,201;543,038;592,081;720,234
017:0,002;122,026;308,188;310,093;467,060;643,229;1091,162;1124,224
018:0,002;100,041;122,026;298,269
019:0,002;425,211;467,060;525,027;895,128;1172,269
020:0,002;85,125;467,060;543,038;674,144
021:0,003;176,208;374,210;1042,046;1191,166
022:0,003;218,063;716,124;1042,046;1196,114
023:0,003;216,129;218,063;594,138;981,051;1106,157
024:0,003;232,109;483,240;627,049;662,195
025:0,003;218,063;594,138;981,051;1119,169
026:0,003;218,063;1095,130
027:0,003;218,063;695,113;958,124;981,051;1115,166
028:0,003;34,151
029:0,003;91,083;273,065;284,210;1042,046;1106,157
030:0,003;218,063;736,148
031:0,004;12,082;258,064;594,267;742,070;841,149
032:0,004;128,082;502,192
033:0,004;93,244
034:0,004;81,270;355,048;522,104;841,149
035:0,004;88,136;258,064;431,273
036:0,004;185,168;355,048;594,267
037:0,004;355,048;502,192
038:0,004;93,244;258,064;310,203
039:0,004;185,237;310,203
040:0,004;64,064;150,121;258,064;355,048;542,250
041:0,005;89,237;159,194
042:0,005;85,160
043:0,005;40,127;906,092
044:0,005;40,127;54,032;108,092
045:0,005;58,187
046:0,005;215,169
047:0,005;57,202;937,216
048:0,005;85,160
049:0,005;159,194;494,216
050:0,005;185,237;244,241;828,090;952,190
051:0,006;399,037;579,079
052:0,006;522,080;576,223
053:0,006;421,067;467,175;1182,173
054:0,006;469,255
055:0,006;290,132;421,067;470,228
056:0,006;314,094
057:0,006;316,140;399,037;500,237
058:0,006;316,140
059:0,006;322,142
060:0,006;15,193;399,037;421,067;494,216;579,079
061:0,007;14,230;467,060;470,155;1130,058;1133,091
062:0,007;11,172;71,061;215,275
063:0,007;9,102;14,230;190,161
064:0,007;5,152;19,251
065:0,007;21,182
066:0,007;16,008;99,088
067:0,007;21,182
068:0,007;5,152;945,204
069:0,007;77,096;148,088
070:0,007;19,251
071:0,008;232,246;273,065;320,136
072:0,008;218,123;476,071;721,090
073:0,008;218,241;706,142;1112,087
074:0,008;64,064;184,235;273,065;476,071;485,100
075:0,008;322,082;335,214;421,067;476,071;921,173;1138,066
076:0,008;232,246;887,228;921,173;1185,266
077:0,008;154,102;251,161;273,065;316,108;476,071;851,214;1092,194;1138,066
078:0,008;206,137;217,261
079:0,008;179,205;417,108;476,071;896,117
080:0,008;179,205;185,035;363,220
081:0,009;99,225
082:0,009;135,171;742,070;1085,175
083:0,009;65,184
084:0,009;359,161;675,224
085:0,009;64,064;175,243;542,046;602,137
086:0,009;65,184;230,086;385,076;579,247
087:0,009;77,191;742,070
088:0,009;77,191;742,070;1148,267
089:0,009;64,064;469,232;761,059;1164,053
090:0,009;67,083
091:0,010;4,069;182,070;272,189;559,069;563,054;723,095
092:0,010;96,124;182,070;307,172;563,054;638,222
093:0,010;22,257;321,217;392,050;513,109;563,054;652,046;772,204;774,077;797,155
094:0,010;23,240;707,181
095:0,010;4,069;27,034;96,124;830,057
096:0,010;4,069;34,151;151,237;182,070;232,109;380,164;625,205;811,189
097:0,010;4,069;20,234;312,248;392,050;419,205
098:0,010;85,125;272,189;392,050;950,168
099:0,010;23,240;182,070;249,076;630,037;707,181
100:0,010;22,257
101:0,011;15,153;630,037;721,244;911,215;1016,184;1138,066
102:0,011;90,096;1002,189;1046,231
103:0,011;15,153
104:0,011;29,135
105:0,011;41,223;150,180;467,060;657,204
106:0,011;17,196;630,037;787,200;1102,171
107:0,011;29,135;630,037;671,126;1076,072
108:0,011;36,164;981,051;1066,228;1116,205
109:0,011;15,193;1143,099
110:0,011;73,159;1070,096
111:0,012;179,225;371,060;383,247;622,112
112:0,012;192,154;215,169;501,075;826,260
113:0,012;177,266
114:0,012;266,200;352,154;983,108
115:0,012;154,102
116:0,012;200,205;501,075;983,108
117:0,012;243,136;501,075;837,136;1054,193
118:0,012;240,117;984,090
119:0,012;177,266;501,075;871,170
120:0,012;376,224;802,241
121:0,013;20,170;620,080;792,239;839,196;1186,264
122:0,013;51,227;573,235
123:0,013;123,212;282,259
124:0,013;29,147;51,227;108,087
125:0,013;9,234;683,143;1076,072
126:0,013;48,120;962,265;1118,211
127:0,013;25,105;151,227
128:0,013;20,170;926,220;1076,072
129:0,013;48,120;1076,072
130:0,013;27,012;126,159;201,187;232,199;314,092;543,189;915,242;937,246
131:0,014;54,274
132:0,014;68,267;522,041;573,235;627,049;1061,136;1194,252
133:0,014;15,114;154,274;813,105;963,167;1068,032
134:0,014;15,114;415,217;440,018;445,226;488,172;522,041;627,049;654,202
135:0,014;41,223;325,018;538,265
136:0,014;307,099;1093,123;1150,237
137:0,014;138,267;377,018;522,041;592,081;822,070;1189,056
138:0,014;44,142;120,242;779,208;883,226
139:0,014;58,186;240,117;808,148;878,216;925,239;1042,271;1167,091;1189,056
140:0,014;120,242;174,223;592,234;1192,222;1198,056
141:0,015;158,131;182,208
142:0,015;214,076;291,139;415,206;522,080;1146,245
143:0,015;42,146;137,250;158,131;283,112;607,226;1076,053;1146,245
144:0,015;137,250;1076,053
145:0,015;270,224;309,074;415,206;500,127
146:0,015;248,158;270,224;309,074;494,162;536,171;1114,128
147:0,015;292,226;714,187;884,057;1076,053;1084,230
148:0,015;283,112;309,074;437,197;563,054;1084,230;1130,058;1183,137
149:0,015;234,126;1038,246;1167,257
150:0,015;234,126;309,074;405,028;717,179
151:0,016;138,200;847,137;995,140;1068,032;1074,262
152:0,016;51,207;190,148;617,159;852,273;1182,271
153:0,016;46,271;1068,032;1191,161
154:0,016;107,180;206,230;419,148;483,273;654,037;680,237;978,244
155:0,016;45,174;483,071;1000,229;1138,066
156:0,016;185,231
157:0,016;45,174;107,180;138,200;185,231;362,114;522,041;543,038;597,167;1068,032;1116,148;1167,171
158:0,016;68,264;813,231;900,151
159:0,016;51,207;538,055;638,185;685,046;735,091;1083,072;1131,196
160:0,016;75,087;292,243;895,128;996,100;1074,262
161:0,017;118,097;592,266;614,265;853,168;911,113
162:0,017;71,061;185,035;470,199;495,094
163:0,017;81,248;559,069;580,148;794,246;1012,261
164:0,017;71,061;135,171;249,099;287,018;641,228;699,163;908,159
165:0,017;16,183;424,193;712,135;753,083;904,214
166:0,017;78,008;185,035;374,163;538,242;559,069;688,218;1000,080
167:0,017;131,175;559,069;571,087;991,195;1085,264;1196,114
168:0,017;79,128;286,018;374,163
169:0,017;71,061;190,148;322,035;487,142;609,097;688,218
170:0,017;75,214;79,128;91,217;185,035;596,269;668,175;684,194;857,261;868,147;912,123
171:0,018;39,137;496,156;627,049;696,057;902,048;911,219;1076,053;1189,056
172:0,018;242,256;479,058;547,112;1026,070;1130,058;1159,083
173:0,018;479,058;532,140;559,252;864,183;902,048;916,130;1080,114;1124,076
174:0,018;392,050;419,103;696,057;1130,058
175:0,018;479,058;524,190;627,049;696,057;902,048;999,183;1028,127
176:0,018;496,156;552,261;592,054;683,143
177:0,018;29,147
178:0,018;507,190;1083,223
179:0,018;419,103;696,167;898,229;902,048;1006,152
180:0,018;190,161;238,159;328,105;696,057;1124,076
181:0,019;16,017;33,043;112,015;242,124;269,212;666,199;761,059;1125,198;1138,066
182:0,019;33,043;88,059;97,107;371,060;397,155;526,027;555,211;761,059;986,264;1164,053
183:0,019;81,270;90,222;155,041;371,060;383,097;1080,212;1164,053
184:0,019;33,043;90,222;669,196;937,152;1040,095;1160,250
185:0,019;71,199;741,169;761,059;1042,046;1157,275
186:0,019;91,217;314,275;352,174;652,153;782,169;890,097;1189,056
187:0,019;182,018;600,152;655,213;916,130
188:0,019;32,235;33,043;88,059;97,107;122,026;127,255;1186,228
189:0,019;16,183;33,043;88,059;284,217;788,059;1098,236;1125,198;1164,053
190:0,019;88,059;127,255;301,256;343,207;371,060;385,109
191:0,020;27,034;81,248;100,041;294,183
192:0,020;53,194;113,018;371,060;399,037;542,046;855,171;948,104
193:0,020;76,086;392,028;542,046;934,212;1027,267;1146,235
194:0,020;151,213;735,075;824,081;933,096;1193,173
195:0,020;117,146;136,018;192,154;542,046;723,095;1011,083;1096,159;1103,215
196:0,020;27,034;69,132;141,008;223,110
197:0,020;69,092;100,041;417,168;479,058;542,046;575,123;916,227;1122,109
198:0,020;27,034;100,041;392,028;522,104;1092,202
199:0,020;27,034;53,194;100,041;392,028;575,123;595,196;720,208;732,140;824,081
200:0,020;69,132;392,028;510,223;542,046;983,232;1046,046;1142,134;1186,123
