001:0,001;20,148
002:0,001;10,084;161,050;214,202
003:0,001;10,084;97,030;360,267;474,160
004:0,001;17,232
005:0,001;20,148
006:0,001;59,086
007:0,001;17,232
008:0,001;50,245
009:0,001;124,202
010:0,001;45,118
011:0,002;8,126;57,266;88,220;750,060;1189,151
012:0,002;10,163;33,227
013:0,002;69,051;109,239;750,060
014:0,002;50,130;173,259;750,060;1103,217
015:0,002;60,067;100,130;109,239
016:0,002;285,237;347,259
017:0,002;73,086;429,237
018:0,002;33,227;69,051;285,237
019:0,002;60,067;77,038;92,142;750,060
020:0,002;69,051;125,110;750,060
021:0,003;149,129;691,271
022:0,003;53,072;59,188;109,032;652,128
023:0,003;59,188
024:0,003;53,072;222,216;317,166;972,094
025:0,003;57,174;61,102;99,044;101,132
026:0,003;53,072;149,245
027:0,003;175,095
028:0,003;86,085;109,032;848,223
029:0,003;61,102;73,255;91,203;136,263;405,210
030:0,003;53,072;109,032;751,218
031:0,004;101,116;246,154
032:0,004;28,181;217,071;267,177
033:0,004;90,137
034:0,004;107,026;330,212
035:0,004;107,026;420,216;633,152
036:0,004;83,087;101,116;188,238
037:0,004;188,238
038:0,004;117,252;205,228
039:0,004;107,026;246,154;283,160;614,226
040:0,004;28,181;107,026;283,160;330,212;991,040;1092,196
041:0,005;117,188;118,047;182,038;788,085;1027,220
042:0,005;182,038;468,056;775,139
043:0,005;182,038;468,056;649,195;1121,207;1146,194
044:0,005;118,047;137,048;197,176;468,056;568,208
045:0,005;137,048;182,038;509,194
046:0,005;131,133
047:0,005;118,047;137,048;205,228;227,161;440,079
048:0,005;137,048;275,139;468,056;690,222
049:0,005;55,078;118,047;197,176;326,139
050:0,005;118,198
051:0,006;27,264;384,029;511,136
052:0,006;30,128;263,164;420,216
053:0,006;177,185;511,136;728,087
054:0,006;48,272;65,100
055:0,006;65,100
056:0,006;67,111;384,029;490,190;834,035;1020,196
057:0,006;67,111;128,200
058:0,006;128,200;466,044;585,145;995,087
059:0,006;27,264;30,128;90,137;384,029;728,087;788,190
060:0,006;34,183;384,029;806,142
061:0,007;40,127;329,129;471,065;563,225;740,231
062:0,007;255,166;278,207;1050,157
063:0,007;263,164;351,189;693,207;866,037;1022,093
064:0,007;283,134;866,037;955,068;1039,113
065:0,007;351,189;471,065;740,231
066:0,007;253,272;430,069;476,065;866,037;955,068;1001,078
067:0,007;283,134;466,044;563,225;1071,258
068:0,007;5,215;471,065;680,147;1058,176
069:0,007;183,252;866,037;951,196;969,230
070:0,007;278,207;471,065;789,196;955,068;969,230
071:0,008;55,242;959,039
072:0,008;90,143
073:0,008;55,242
074:0,008;65,258;959,039
075:0,008;118,102;585,145
076:0,008;59,208;334,038;446,125;839,104;969,223
077:0,008;76,165;97,109;959,039
078:0,008;57,104;980,256;1178,203
079:0,008;146,201;161,050;314,204;384,176;1168,034;1176,124;1181,121
080:0,008;97,109;1176,124
081:0,009;57,174;277,040;720,214;1120,265
082:0,009;240,083;796,225
083:0,009;184,158;931,274
084:0,009;196,183;240,083;277,040;638,265
085:0,009;198,089;277,040;667,138
086:0,009;258,103;426,197;922,256;962,119;994,267
087:0,009;277,040;339,190;652,228;1128,227
088:0,009;199,255
089:0,009;184,158;277,040;684,080;1151,188
090:0,009;236,197
091:0,010;170,259;217,071;331,264;339,106
092:0,010;298,208;430,069;562,138;991,040;1122,131
093:0,010;203,226;919,056;1199,178
094:0,010;185,275;198,089;666,086;1129,064
095:0,010;174,107;759,210;959,039
096:0,010;432,173;882,072;943,129;1000,147
097:0,010;83,231;217,071;243,168;566,206;758,136;919,056
098:0,010;174,107;919,056;1173,258
099:0,010;122,106;919,056
100:0,010;199,227;217,071;243,168;882,072;927,165;931,195;1129,064
101:0,011;453,257;570,271;641,157;751,218;955,125;1197,078
102:0,011;343,256;466,044;825,126
103:0,011;448,055;614,234
104:0,011;448,055;527,251
105:0,011;570,271
106:0,011;279,047;325,175;568,263
107:0,011;20,150;527,251;991,040
108:0,011;744,189;896,214;991,040
109:0,011;453,257
110:0,011;20,150;448,055;656,154
111:0,012;125,110;170,218;299,253
112:0,012;23,254;34,183;97,030;232,074;299,253
113:0,012;58,123;232,074;246,269
114:0,012;39,206;460,173;534,129
115:0,012;58,123;97,030;172,056;220,180;317,174;1114,055
116:0,012;51,080;97,030;170,218;232,074;396,211;764,244
117:0,012;88,220;97,030;232,074;302,130
118:0,012;177,146;192,244;232,074;246,269;1114,055
119:0,012;58,013;69,051;97,030;101,132;177,185;178,030;317,174;424,130
120:0,012;24,215;68,103;97,030;192,244;1114,055
121:0,013;162,254;276,065;407,071;572,095;834,035;1112,142;1168,034;1189,151
122:0,013;161,050;317,166;370,110;425,264;1168,034;1186,107
123:0,013;185,241;276,065;439,260
124:0,013;155,095;172,056;383,123;1168,034
125:0,013;158,273;161,050;162,254;407,071;421,123
126:0,013;172,056;266,184;407,071;573,126;1047,207
127:0,013;108,241;172,056;464,131
128:0,013;161,050;276,065;407,071;618,127;830,152;834,035;1099,217;1146,233
129:0,013;158,273;172,056;425,264;464,131;834,035;1036,080
130:0,013;21,095;161,050;407,071;586,203;1022,234;1168,034
131:0,014;113,145;279,047;307,248;355,026;470,144
132:0,014;57,266;144,224;430,069;714,165
133:0,014;13,231;38,075;227,161;423,263;430,069;496,070;1148,179
134:0,014;24,162;38,075;203,114;279,047;430,069;576,079;939,188;996,200
135:0,014;18,273;38,075;169,007;279,047;430,069;457,192;855,070;1159,077
136:0,014;13,231;60,067;100,005;136,248;430,069;434,096
137:0,014;18,273;38,075;144,224;190,159;262,015;430,069;557,083
138:0,014;22,229;69,004;105,266;279,047;496,070
139:0,014;21,095;57,075;190,159;449,104;496,070;929,121
140:0,014;112,142;392,213;496,070
141:0,015;80,263;811,125
142:0,015;392,091;492,094;530,078;1019,197;1093,274
143:0,015;466,252;632,189
144:0,015;393,169
145:0,015;275,139;320,206;1168,034
146:0,015;355,026;492,094;1070,039
147:0,015;281,091;366,198;372,132;473,175;690,256
148:0,015;346,085;355,026;647,139;684,080;1030,159;1138,128
149:0,015;199,255;220,180;242,032;784,119
150:0,015;355,026;393,169;919,131;937,070
151:0,016;5,194;302,018;373,140
152:0,016;39,091;895,209
153:0,016;28,152;550,056;774,060;895,209;1031,096
154:0,016;39,206;194,007;298,083;455,125;659,173;671,177;755,091;846,078;955,068;1045,201;1094,127
155:0,016;39,117;166,241;529,260;1046,132
156:0,016;83,087;573,046;711,214;749,104;787,158
157:0,016;28,152;288,110;361,254;406,211;1129,064
158:0,016;58,208;203,114
159:0,016;37,103;1192,152
160:0,016;5,194;39,091;82,127;1155,257;1186,239
161:0,017;86,213;999,040
162:0,017;158,078;588,172;1129,064
163:0,017;39,013;166,210;492,152;659,201;714,267;1129,060
164:0,017;39,169;106,155;466,044;588,172;863,159
165:0,017;34,011;86,213;119,018;517,157;1139,055
166:0,017;106,155;118,102;158,078;166,210;171,203;428,198;806,258;1142,264
167:0,017;59,265;721,220;733,144;843,213
168:0,017;56,009;109,032;714,267;808,157;990,179;1030,081;1174,055
169:0,017;103,267;503,140;506,056;695,274;1046,226;1067,136;1163,103
170:0,017;73,255;110,117
171:0,018;379,191;723,110;881,070
172:0,018;400,265;406,159;967,166
173:0,018;60,067;93,015;104,005;163,266;173,018;421,121;943,266
174:0,018;48,272;449,046;685,108
175:0,018;367,112;449,046;542,089
176:0,018;140,130;333,199;420,011;449,046;697,171;733,175
177:0,018;389,081;1088,166
178:0,018;269,015;379,191
179:0,018;389,081;449,046;685,108;797,089;828,128;1114,055
180:0,018;187,056;367,112
181:0,019;64,149;335,011;469,201;502,031;733,175;1176,251
182:0,019;56,163;77,038;140,234;162,129;196,011;493,097;532,069;593,175;730,115
183:0,019;19,199;343,133;353,040;448,055;493,097
184:0,019;77,038;101,204;469,201
185:0,019;64,149;222,143;428,165;456,255;502,031;696,162
186:0,019;56,163;502,031;660,195;691,174
187:0,019;85,096;501,241
188:0,019;19,199;270,218;277,040;515,046;696,162;1081,109
189:0,019;53,114;77,038;108,220;449,078;502,031;730,115
190:0,019;102,255;140,234;421,203
191:0,020;84,233;87,145;99,044;103,256;115,165;894,107
192:0,020;99,044;292,102;330,177;445,052;738,099
193:0,020;91,203;198,018;356,118;445,052;631,258;804,257;940,056;1200,241
194:0,020;115,165;186,267;308,167;318,065;440,079;524,166;732,179;1140,108
195:0,020;87,145;99,044;358,226;445,052;719,266;1025,191
196:0,020;103,256;882,072;1075,214
197:0,020;180,268;276,065;732,179;738,099;882,072;1027,220;1189,056
198:0,020;84,233;99,044;307,095;445,052;678,164
199:0,020;50,130;99,044;308,167;445,052;479,233
200:0,020;111,184;1187,056
