001:0,001;165,037;219,026;224,073;288,041;347,160;366,062;392,226;467,104;502,039;702,026;771,074;888,103
002:0,001;155,270;542,064;593,223;702,026;907,204
003:0,001;219,026;224,073;266,059;294,228;391,038;501,167;502,039;718,132
004:0,001;203,065;224,073;304,261;392,226;593,223
005:0,001;165,037;203,065;224,073;294,228;502,039;586,061;590,154
006:0,001;139,064;155,270;165,037;224,073;294,067;330,045;366,062;500,132
007:0,001;165,037;203,065;231,236;294,067;375,073;391,038;502,039;691,115;702,026;1007,198
008:0,001;185,192;294,067;358,047;360,261;366,062;375,073;454,271;529,142;702,026;898,178
009:0,001;219,026;287,129;502,039;529,142
010:0,001;203,065;262,220;287,129;294,067;357,090;702,026;888,103
011:0,002;71,168;116,060;216,134;396,062;485,047;507,054;595,217;763,070
012:0,002;126,209;144,227;180,025;216,134;223,058;231,243;245,061;285,135;306,043;396,062;485,047;507,054;705,210
013:0,002;152,158;180,025;223,058;245,061;251,035;391,038;413,042;501,118
014:0,002;144,227;180,025;245,061;251,035;396,062;397,071;413,042;507,054;586,006;595,217;1063,033
015:0,002;116,060;180,025;285,135;355,071;381,145;397,071;413,042;436,091;501,118;763,070;1048,148;1063,033
016:0,002;116,060;223,058;279,176;337,040;358,258;391,052;409,035;452,194;453,057;464,058;520,127;550,040;588,262;763,070;1033,049;1063,033
017:0,002;116,060;165,162;223,058;251,035;381,156;397,071;453,057;464,058;485,047;561,182;1063,033
018:0,002;165,162;251,035;394,210;396,062;397,071;413,042;453,057;485,047;507,054;588,262
019:0,002;126,209;180,025;223,123;397,071;453,057;464,058;528,226
020:0,002;180,025;231,243;245,061;279,176
021:0,003;214,074;237,028;250,157;542,064;559,075;627,153;714,043;785,201
022:0,003;253,113
023:0,003;313,113;321,064;347,269;391,052;436,091;828,052;844,077
024:0,003;319,234;337,029;542,064;694,156
025:0,003;250,191;254,241;324,099;559,075;602,159
026:0,003;180,025;214,074;324,099;365,087
027:0,003;244,079;287,245;337,029;535,055;542,064;559,075;644,171
028:0,003;214,074;244,079;337,029;595,247;615,024;649,214
029:0,003;365,087
030:0,003;254,241;391,052;467,104;595,247
031:0,004;321,064;381,068;388,063;415,013;480,028;531,146;722,069;761,200
032:0,004;321,064;381,068;424,246
033:0,004;381,068;394,210;409,035;415,013;517,059;550,055
034:0,004;356,135;381,068;388,063;464,266;550,055;765,031;1107,193
035:0,004;338,181;409,035;458,133;550,055;722,069;765,031;1033,049
036:0,004;415,013;471,237;530,052;531,146
037:0,004;321,064;413,170;530,052;567,180;765,031;1083,275
038:0,004;180,217;260,004;381,068;388,063;415,013;480,028;524,263
039:0,004;234,138;256,193;321,064;415,013;507,184;517,059;521,049;530,052;550,055
040:0,004;338,181;388,063;409,035;415,013;480,028;521,049;550,055
041:0,005;255,179;256,067;287,114;318,049;375,030;974,060
042:0,005;228,203;425,241;434,072;702,231
043:0,005;174,022;186,275;279,052;336,094;388,064;434,072;570,152
044:0,005;318,049;366,062;375,030;974,060
045:0,005;199,131;336,094;375,030;425,241;974,060
046:0,005;213,213;571,064;722,069;747,173
047:0,005;186,275;256,067;258,053;318,049;355,127;434,072;570,152;702,026;775,256;841,254;974,060
048:0,005;287,114;375,030;974,060
049:0,005;228,203;256,067;328,082;733,131
050:0,005;234,138;355,127;434,072;559,075;586,100;747,173
051:0,006;266,065;456,128;481,027;508,046;645,091;1099,028
052:0,006;257,266;266,065;309,196;616,027;765,185;842,232
053:0,006;266,065;274,058;354,175;616,027;771,251;807,004;842,232;1099,028
054:0,006;271,095;274,058;389,093
055:0,006;266,065;375,073;390,250;480,028;481,027;596,086
056:0,006;200,211;231,064;274,058;422,134;1099,028
057:0,006;231,064;281,102;330,045;351,244;1149,188
058:0,006;180,025;184,235;1099,028
059:0,006;184,235;231,064;309,196;616,027;702,231;767,188
060:0,006;274,058;390,250;481,027;763,226;1073,091
061:0,007;139,053;178,163;577,058;643,183
062:0,007;139,053;157,253;182,031;213,221;788,142
063:0,007;139,053;175,195;577,058;710,214;805,058
064:0,007;139,064;358,199;577,058;693,056;805,058
065:0,007;139,064;211,126
066:0,007;71,168;175,195;178,163
067:0,007;157,253;182,031;228,077;330,045;451,162;577,058;1001,041
068:0,007;139,064;182,031;204,185;213,221;585,058;592,059;805,058;1024,095
069:0,007;173,199;592,059;1163,114
070:0,007;180,217;211,126;424,275;495,227;592,059;965,027
071:0,008;160,106;397,143;425,017;514,156;703,029;862,073;949,229
072:0,008;6,092;425,017;459,041;476,139;550,040;598,235;722,069;786,154;862,073
073:0,008;189,172;276,057;459,041;535,055;686,256;771,074;913,040;949,229
074:0,008;142,055;237,028;276,057;391,139;425,017;535,055;542,234;913,040;1000,037;1060,146;1114,211;1199,262
075:0,008;142,055;154,274;514,156;550,040;725,130;862,073;1060,100;1063,033
076:0,008;6,092;142,055;162,089;237,028;374,090;425,017;584,197;725,130
077:0,008;147,172;323,025;397,143;425,017;459,041;468,217;530,052;542,234;913,040;997,046;1017,256
078:0,008;157,193;276,057;367,082;425,017;468,217;535,055;893,223;933,055
079:0,008;237,028;396,212;425,017;660,155;862,073;1017,256;1156,130
080:0,008;154,274;425,017;519,108
081:0,009;174,022;204,185;306,043;438,263;603,063;963,228
082:0,009;174,022;222,181;307,050;320,065;603,063
083:0,009;200,211;603,063
084:0,009;174,022;210,164;320,065;683,155;714,043;884,137
085:0,009;174,022;202,101;603,063
086:0,009;210,164;320,065;659,261
087:0,009;258,227;521,049;603,063
088:0,009;174,022;206,223;391,038;525,015;603,063;714,043;897,128;1092,056
089:0,009;132,063;174,022;320,065;618,258
090:0,009;174,022;306,043;423,222;659,261;714,043;941,107
091:0,010;209,033;250,029;273,269;332,032;375,030;405,074;456,210;1033,064
092:0,010;208,197;214,074;249,189;781,066
093:0,010;182,031;209,033;250,029;307,050;332,032;409,209;571,034;753,102;771,074;919,194
094:0,010;208,197;285,020;307,050;332,032;467,233;577,058;771,074;1033,064
095:0,010;132,063;194,093;208,171;231,064;250,029;271,026;477,216
096:0,010;209,033;332,032;435,155;647,062;798,089;1033,064
097:0,010;208,171;249,189;307,050;314,074;361,037;647,062;781,066;1033,064;1074,029
098:0,010;8,081;132,063;209,033;337,152;405,074;424,275;690,108;781,066
099:0,010;226,157;250,029;251,035;271,026;337,152;405,074;585,110
100:0,010;194,093;647,062;781,066
101:0,011;928,090;1099,028
102:0,011;455,120;502,039;837,119;913,040;928,090
103:0,011;713,213
104:0,011;323,025;331,224
105:0,011;70,085;521,049;528,231;603,063;663,135
106:0,011;417,186
107:0,011;636,166;950,069
108:0,011;375,073;455,120;950,069
109:0,011;748,120
110:0,011;676,252;950,069
111:0,012;236,233;388,064;414,084;759,064;828,052;853,038;989,203
112:0,012;237,063;276,034;358,047;378,036;604,044;656,067;703,035;714,043;853,038;1007,162
113:0,012;276,034;327,068;414,084;449,043;542,088;809,155;828,052;962,041;1067,177
114:0,012;192,043;388,191;685,265;703,035;742,103;853,038;950,242
115:0,012;236,233;327,068;378,036;421,153;656,067;810,214;828,052;950,242;962,041;1007,162
116:0,012;192,043;293,232;569,044;773,167;853,038;910,141;941,107;962,041;989,203
117:0,012;132,063;192,043;276,034;327,068;378,036;703,035;742,103;759,064;962,041;965,027
118:0,012;199,131;234,043;293,232;327,068;358,047;378,036;396,062;519,215;569,044;656,067;686,093;703,035;753,102;965,027
119:0,012;192,043;237,063;358,047;388,064;431,270;569,044;759,064;906,175;965,027
120:0,012;276,034;397,197;459,041;460,259;569,044;584,197;592,059;656,067;685,265;759,064;847,172;853,038;1082,027
121:0,013;243,044;266,059;329,141;347,269;581,047;700,181
122:0,013;285,020;291,177;316,056;402,002;581,047;588,245
123:0,013;243,044;291,177;337,040;381,247;581,047;752,212
124:0,013;266,059;285,020;316,056;402,002;588,245;676,044;747,164
125:0,013;266,059;285,020;316,056;402,002;599,042
126:0,013;285,020;344,078;402,002;599,042
127:0,013;254,152;285,020;344,078;402,002;647,042;1058,269
128:0,013;254,152;266,059;285,020;316,056;402,002;581,047;631,168
129:0,013;266,059;336,124;337,040;402,002;599,042;781,041;841,254
130:0,013;243,044;285,020;301,257;336,124;337,040;402,002;599,042
131:0,014;223,123;275,024;397,197;427,043;615,032;688,211
132:0,014;237,028;275,024;326,155;361,037;456,128;1092,056
133:0,014;244,098;275,024;323,077;326,155;361,037;558,073;615,032;654,061;1074,029
134:0,014;258,053;310,173;314,074;366,200;427,043;654,061;1101,037;1165,077
135:0,014;265,053;266,018;275,024;366,200;427,043;689,109;760,061;1125,093
136:0,014;275,024;310,173;557,011;615,032;840,158
137:0,014;275,024;342,182;358,204;745,241
138:0,014;181,018;275,024;427,043;517,059;554,175;583,088;654,061;1092,056
139:0,014;258,053;314,074;342,182;361,037;558,031;592,050;654,061;1074,029
140:0,014;258,053;275,024;314,074;358,204;361,037;550,040;615,032;647,062;907,181;1038,245;1046,194;1074,029;1092,056
141:0,015;388,064;664,192;1063,164;1089,033;1162,066
142:0,015;658,050;664,192;761,054;807,004;849,104;1192,046
143:0,015;404,038;534,227;807,004;903,083
144:0,015;276,057;356,015;592,050;778,198;807,004;849,104;1001,041
145:0,015;739,139;761,054;807,004;850,231;852,059;1001,041
146:0,015;219,026;341,168;517,059;571,034;582,043;612,030;1010,239;1113,064
147:0,015;592,050;807,004;851,138;1076,069
148:0,015;723,189;801,026;823,235;869,161;1103,063
149:0,015;585,110;592,050;769,062;804,064;807,004;886,080;903,083;959,102
150:0,015;739,139;781,041;807,004;869,161;1001,041
151:0,016;343,068;381,239;417,002;464,010;480,028;488,130;558,073;630,249;680,253
152:0,016;339,258;355,071;409,035;464,010;514,043;612,232;619,034;698,049;833,052;846,105;1114,028
153:0,016;341,011;644,004;747,123;761,054;863,037
154:0,016;324,130;335,011;355,071;392,257;464,010;571,064;698,049;875,218
155:0,016;330,045;376,229;407,052;415,013;464,010;488,201;571,064;644,004;698,049;747,123;761,054;767,188;1083,224
156:0,016;237,063;324,130;355,071;372,070;376,229;402,002;464,010;504,155;546,233;558,073;644,004;712,216;790,215;804,055;846,105;861,183
157:0,016;353,275;355,071;392,257;440,037;464,010;505,085;644,004;680,253;698,049;891,100;950,069
158:0,016;275,024;356,141;397,184;464,010;553,245;571,064;612,232;644,004;760,145;863,037
159:0,016;339,258;356,141;464,010;488,130;494,038;515,148;558,073;681,191;695,030;863,037
160:0,016;355,071;373,011;644,004;689,199;761,054;863,037
161:0,017;254,254;300,115;318,049;342,026;391,052;522,145;1001,041;1200,039
162:0,017;131,018;142,017;263,054;342,026;508,046;553,245;586,006;616,027;632,115;644,004;668,038;691,039;800,262;904,042;1200,039
163:0,017;131,018;140,017;243,044;263,054;342,026;471,209;538,043;586,061;600,230;615,024;667,176;676,044;899,084;1009,031;1192,084
164:0,017;189,078;263,054;342,026;461,072;508,046;615,024;665,195;689,039;818,245;880,146;963,031;1197,139
165:0,017;263,054;427,214;528,065;586,006;640,180;1004,241;1179,194;1200,039
166:0,017;263,054;381,156;454,017;501,027;586,006;615,024;626,114;817,246;956,180;1055,031;1175,045;1197,139
167:0,017;188,006;243,018;293,223;391,139;586,006;600,230;615,024;616,027;656,004;676,044;805,046;937,110;983,091;1072,159;1199,064;1200,039
168:0,017;263,054;300,115;426,042;508,046;586,006;615,024;620,011;668,038;763,064;800,177;986,058
169:0,017;254,254;405,074;413,042;508,046;586,006;615,024;618,258;643,027;668,038;731,114
170:0,017;249,229;263,054;296,011;522,145;586,006;615,024;632,115;668,038;676,044;763,070;1043,192
171:0,018;281,178;464,058;498,187;761,034;777,059;943,046
172:0,018;320,112;325,031;681,062;698,049;805,046;1198,063
173:0,018;316,056;325,031;745,230;805,046;1092,045
174:0,018;276,034;397,202;481,027;598,110;603,175;631,011;683,275;745,230;805,046
175:0,018;237,063;288,041;338,011;724,088;978,066
176:0,018;117,003;393,109;654,050;744,069;761,034;805,046
177:0,018;117,005;282,016;334,230;502,037;670,038;798,197;879,063;887,221;1037,042;1092,045
178:0,018;256,067;273,269;325,031;750,069;761,034;791,106;1092,045
179:0,018;288,041;320,112;520,059;995,267;1092,045
180:0,018;288,041;325,031;644,004;761,034;793,203;821,066
181:0,019;271,026;279,052;323,025;409,181;421,153;471,272;571,034;693,056;815,274;837,052;870,029;1057,082
182:0,019;190,208;341,076;372,070;417,186;464,010;480,251;569,044;750,097
183:0,019;293,229;297,190;323,025;372,070;394,131;530,215;826,055;970,182;1036,130;1048,064
184:0,019;279,052;323,025;344,114;502,015;693,056;831,088;865,244
185:0,019;69,010;271,026;279,052;306,043;423,244;571,034;733,131;1044,108
186:0,019;279,052;337,183;518,015;571,034;753,221;967,029;1057,082;1138,156;1192,091
187:0,019;323,025;364,015;494,030;503,143
188:0,019;237,063;293,229;323,025;397,184;571,034;637,015;750,097;801,031;1010,055
189:0,019;271,026;279,052;323,257;340,050;372,070;469,269;530,130;693,056;811,233;850,201;974,084
190:0,019;323,025;341,076;394,131;417,030;471,272;512,011;682,206;703,029;765,031;845,029
191:0,020;188,264;703,029;1002,094;1033,049
192:0,020;110,007;188,264;201,036;279,127;340,050;406,030;1002,094
193:0,020;147,139;149,034;165,009;193,258;298,198;338,011;415,013;510,131;681,101;703,029;1033,049
194:0,020;158,001;196,190;337,029;681,101;976,042
195:0,020;52,015;156,173;201,036;287,245;340,050;357,015;739,204;766,080;911,156;924,058
196:0,020;149,034;170,082;201,036;302,159;340,050;381,239;781,041;877,194;937,073;1077,037
197:0,020;196,190;216,065;233,253;245,019;279,127;302,159;664,067;703,121;749,042;811,233;839,152;842,155;1177,058
198:0,020;147,167;149,034;231,019;328,015;766,080;771,101;781,041;905,038;1016,261;1156,245
199:0,020;149,034;190,018;309,015;774,172
200:0,020;142,055;170,082;201,036;298,198;653,034;688,145;703,029;1033,049
