001:0,001;88,053;274,108;392,074;460,120;482,074;614,156
002:0,001;124,266;370,053;376,070;392,074;448,196
003:0,001;30,146;128,159;179,047;370,053;414,114;482,074;520,178;1055,247
004:0,001;71,225;88,053;162,185;179,047;430,238
005:0,001;118,158;370,053;376,070;482,074;547,144;1007,106
006:0,001;88,053;179,047;520,178
007:0,001;71,225;482,074;671,175;878,258
008:0,001;71,092;346,095;376,070;392,074;414,114
009:0,001;376,070;405,273;448,196
010:0,001;96,137;179,047;370,053;392,074;444,125
011:0,002;87,112;395,063;472,072;1189,167
012:0,002;234,073;472,072
013:0,002;58,105;164,074;234,073;671,175
014:0,002;91,076
015:0,002;131,251;604,160
016:0,002;91,076;164,074;234,073;604,160
017:0,002;140,150;472,072;1151,089
018:0,002;13,071;42,196;234,073;472,072;571,242
019:0,002;164,074;194,099;376,070;462,201
020:0,002;68,183;961,201
021:0,003;146,252
022:0,003;145,085
023:0,003;145,269
024:0,003;31,047;125,084;150,222;962,144
025:0,003;375,035;603,231;732,044
026:0,003;150,222;375,035;686,135;732,044
027:0,003;145,085
028:0,003;157,115;311,240;375,035;732,044
029:0,003;159,112;375,035;536,222;732,044;1101,139
030:0,003;25,035;232,194
031:0,004;6,029;33,107
032:0,004;41,165
033:0,004;6,029;29,140
034:0,004;33,107
035:0,004;58,128;591,227
036:0,004;6,029;16,142
037:0,004;25,082
038:0,004;46,134
039:0,004;29,140;41,165;1192,142
040:0,004;46,134
041:0,005;212,227;224,226;297,075;461,150
042:0,005;88,053;175,068;178,096;265,034;297,075;490,225;626,052
043:0,005;157,226;278,139;775,058
044:0,005;128,196;157,226;175,068;213,125;226,244;297,075;429,138;626,052
045:0,005;272,100;775,058;991,109
046:0,005;175,068;190,097
047:0,005;140,150;429,138
048:0,005;278,139
049:0,005;178,096;387,163;626,052
050:0,005;196,146;297,075;387,163;775,058
051:0,006;70,248
052:0,006;128,252
053:0,006;62,267;133,204
054:0,006;62,210
055:0,006;88,145
056:0,006;62,267;947,056
057:0,006;70,248;947,056
058:0,006;133,204;618,059;787,108;947,056
059:0,006;64,187;233,210
060:0,006;24,199;213,125;947,056
061:0,007;63,263
062:0,007;67,254
063:0,007;168,254
064:0,007;59,206
065:0,007;59,168
066:0,007;59,206
067:0,007;59,168;696,224
068:0,007;90,264
069:0,007;67,254;90,264
070:0,007;64,203;584,047;696,224;789,265
071:0,008;30,127
072:0,008;13,071;25,035;192,124;775,058
073:0,008;34,272
074:0,008;85,220
075:0,008;6,029;13,071;25,035;85,220;1028,159
076:0,008;13,071;30,127;170,137;397,111
077:0,008;25,035;34,272;59,174
078:0,008;209,159;1099,272
079:0,008;59,174
080:0,008;58,105
081:0,009;68,183
082:0,009;54,113;446,033;998,133
083:0,009;94,226;114,195;370,053;437,192;989,246
084:0,009;54,113
085:0,009;39,171
086:0,009;39,171;164,074;341,258
087:0,009;114,195;125,170;446,033;967,235
088:0,009;125,170;446,033;763,199
089:0,009;97,187;437,192;446,033;1055,247
090:0,009;18,129;354,094;630,082;640,191;878,241;1000,183
091:0,010;203,081;388,047;390,091;626,052;783,110
092:0,010;34,236;203,081;251,029;319,262;388,047;584,136;607,173;632,115;638,131;929,260;1111,209
093:0,010;160,219
094:0,010;173,250
095:0,010;128,159;929,103
096:0,010;173,250;388,047;783,110;1022,121
097:0,010;251,029;383,216;388,047;550,095;855,192
098:0,010;175,253;251,029;376,265
099:0,010;245,132;251,029;374,154;571,067;1040,172;1182,240
100:0,010;175,253;319,262;778,082;1087,054
101:0,011;83,140;196,266
102:0,011;33,193;47,086;418,208
103:0,011;16,197
104:0,011;16,197
105:0,011;34,126;726,271
106:0,011;190,199
107:0,011;33,193;450,103;1020,045
108:0,011;59,251;588,274;632,102;644,185
109:0,011;106,177
110:0,011;42,263;696,259;1151,089
111:0,012;61,164;271,209;1087,054
112:0,012;66,274;1087,054
113:0,012;42,123;130,271;521,176;1087,054
114:0,012;130,271
115:0,012;75,179;156,225;328,186
116:0,012;99,049;230,217;291,173
117:0,012;61,164;99,049;238,148;394,153
118:0,012;42,123;99,049;281,115;891,209;1146,076
119:0,012;63,244;99,049;180,062;337,232;356,064;521,176
120:0,012;75,179;831,139;877,173
121:0,013;63,259;948,045
122:0,013;71,092;180,062;366,102
123:0,013;384,155;732,044
124:0,013;115,111;627,126
125:0,013;291,173;480,049;528,140;617,240;1197,044
126:0,013;110,210;180,062;517,156;1177,082
127:0,013;180,062;361,118;480,049;676,221;948,045
128:0,013;143,161;332,086;676,221;714,102;948,045
129:0,013;137,240;930,100;948,045
130:0,013;213,106;356,064;480,049;539,274;560,100;991,109;1014,161
131:0,014;103,053;105,190
132:0,014;89,060;135,213;518,131;619,261
133:0,014;53,076;89,060;205,214;814,129;970,177
134:0,014;19,094;175,068;205,214;457,152;597,202
135:0,014;84,121;89,060;105,190;618,059;814,129;1112,052
136:0,014;84,121;1092,251
137:0,014;30,146;198,137;480,049;516,057;591,144;654,262
138:0,014;63,259;378,164;516,057;597,202;618,059;814,163
139:0,014;162,185;398,151;876,108;1000,203
140:0,014;89,060;140,128;225,038;398,151;516,057;618,059;804,124
141:0,015;225,129;535,038;996,132
142:0,015;214,209;597,083
143:0,015;197,245;284,230
144:0,015;327,157
145:0,015;284,230;334,187;707,038;925,118
146:0,015;136,123;535,038;810,262;812,044;1120,217
147:0,015;24,246;543,063;733,234;925,118;996,132;1109,241
148:0,015;59,010;136,123;487,173;504,083;535,038;935,093;1035,230;1089,138
149:0,015;208,080;276,100;383,064;535,038;852,119;972,175;1040,208;1109,122;1120,217
150:0,015;208,080;277,246
151:0,016;52,120;303,127;674,031
152:0,016;30,055;169,020;193,038;497,135;650,274;674,031
153:0,016;30,055;192,153;230,245;674,031
154:0,016;337,245;385,166;674,031;765,172;977,076;1009,234;1119,133
155:0,016;52,120;881,031
156:0,016;31,047;193,038;444,241;527,094
157:0,016;31,047;139,020;246,162;718,236
158:0,016;30,055;192,153;275,241;279,034;385,166;462,047;566,169
159:0,016;28,129;30,055;193,038;293,193;753,031;765,172
160:0,016;31,047;172,082;363,267;456,225
161:0,017;47,086;259,039;426,067;462,034;511,241
162:0,017;33,051;74,003;259,039;426,067;462,034;527,091;623,124;834,115;1112,056
163:0,017;106,118;258,213;335,039;421,261;426,067;751,204;816,274;820,179
164:0,017;33,051;59,251;63,244;426,067;443,152;462,034;602,131;971,052
165:0,017;33,051;129,214;190,097;416,179;419,272;616,266;1003,052;1036,092
166:0,017;33,051;97,186;484,052
167:0,017;46,103;462,034;484,052;559,035;640,136;671,241;684,076;970,115;986,195
168:0,017;126,083;712,155
169:0,017;38,104;259,039;484,052;518,131;531,119;806,238;971,093
170:0,017;77,135;259,039;484,052;531,119
171:0,018;33,012;82,227
172:0,018;19,094;468,064;644,185;1181,221
173:0,018;352,195
174:0,018;12,274;246,162;677,269;742,067;762,190;1024,056
175:0,018;44,217;500,072;1007,106;1092,100
176:0,018;31,161;1101,248
177:0,018;28,106;366,102;589,260
178:0,018;44,217;222,240;259,164;516,057;589,260;716,033;1000,203
179:0,018;12,118;260,153;594,148
180:0,018;12,118;28,106;109,015;214,117;381,128;625,102;627,095
181:0,019;313,261;710,173;844,136
182:0,019;238,122
183:0,019;139,241;141,015;215,148;641,135;756,067;997,251;1128,163
184:0,019;290,117;461,063;599,153;733,214;774,111;839,250;1054,127
185:0,019;356,064;450,035;763,081
186:0,019;238,122;461,063;774,162
187:0,019;319,171;461,063;733,169;980,269
188:0,019;139,241;457,099;539,151;642,067;652,225;771,222
189:0,019;355,099;461,063;718,236;761,168;768,234
190:0,019;224,267;350,081;356,064;495,136;906,163;967,111
191:0,020;297,179;395,063;432,133;490,186;571,067;584,047;679,067;1144,224;1165,092
192:0,020;432,133;727,031;1126,102
193:0,020;395,063;407,212;584,047;784,221
194:0,020;265,034;346,047;395,063;407,208;702,136;839,058;1147,153
195:0,020;286,191;444,043;584,047;706,207
196:0,020;193,038;407,212;444,043;589,103;711,242
197:0,020;388,125;444,043;571,067;1102,044;1156,052
198:0,020;265,034;286,191
199:0,020;265,034;346,095;444,043;571,067;1059,100
200:0,020;330,124;471,033;571,067;706,207;745,122;872,083
