001:0,001;343,267;354,032;388,174;576,003;611,032;616,029;877,220
002:0,001;307,011;326,063;340,030;365,066;404,096;715,010;877,186;996,042;1124,039
003:0,001;340,030;366,002;388,174;478,052;523,127;576,003;616,029;854,238;922,063;1124,039
004:0,001;298,060;326,063;340,030;354,032;366,002;426,197;718,268
005:0,001;343,267;354,032;366,002;433,148;478,052;548,183;576,003;673,167;854,238;996,042
006:0,001;340,030;365,066;366,002;421,259;478,052;533,271;548,183;576,003;611,032;616,029;970,116;996,042
007:0,001;332,177;366,002;433,231;1124,039
008:0,001;340,030;365,066;366,002;533,271;616,029;619,268;996,042
009:0,001;354,032;371,136;576,003;637,125;748,211;922,063;1124,039
010:0,001;326,063;354,032;366,002;404,096;433,231;460,027;576,003;611,032;639,215;877,186;914,257;1124,039
011:0,002;96,047;136,152
012:0,002;74,084;538,038;773,145;868,261
013:0,002;42,117;159,057;247,101;937,037;1072,059
014:0,002;73,049;127,185;159,057;255,084;278,133;437,060;474,209;493,070;554,196;840,162
015:0,002;60,103;107,142;159,057;309,184;651,037;764,256;793,244;937,037
016:0,002;278,133;368,069;474,209;663,033;773,145;937,037
017:0,002;73,049;107,142;493,070;537,093;651,037;675,227;937,037;1072,059
018:0,002;60,103;317,031;368,069;430,042;493,070;521,074;528,063;663,033;840,162;937,037;1072,059
019:0,002;66,123;96,047;133,161;159,057;185,047;309,184;368,069;433,089;537,093;651,037;663,033;711,030;937,037;1119,168
020:0,002;73,049;96,047;136,152;915,026;1072,059
021:0,003;364,013;573,214;602,125
022:0,003;157,028;175,269;211,147;401,150;1147,012
023:0,003;482,149;1147,012
024:0,003;364,013;368,069;394,045;444,048;568,083
025:0,003;364,013;394,045;568,083;919,006;1050,241;1064,125
026:0,003;175,269;394,045;741,180;809,165;1147,012
027:0,003;364,013;394,045;640,187;858,030;904,229;1147,012
028:0,003;206,030;211,147;364,013;394,045;809,165;1072,059;1147,012
029:0,003;364,013;455,173;573,214;632,061;688,087;858,030;868,261;1147,012
030:0,003;321,052;364,013;401,150;758,070;828,129;858,030;882,069;913,240;1147,012
031:0,004;17,110;379,035;409,153;544,026;1029,142;1072,059
032:0,004;27,130;379,035;544,026;858,030;933,245
033:0,004;7,077;196,253
034:0,004;7,106;463,020;519,130;544,026;758,070;863,109
035:0,004;93,170;460,027;476,144;673,062;749,122;925,045
036:0,004;55,112;273,059;462,158
037:0,004;17,255;55,112;379,035;660,247;886,117;925,045;1136,096
038:0,004;10,092;27,130;273,059;442,061;625,185;758,070;886,117
039:0,004;7,077;273,059;379,035;463,020;544,026;563,123;639,001;925,045
040:0,004;39,176;121,073;196,253;379,035;626,127
041:0,005;97,207;300,072;492,027;528,063;794,128
042:0,005;105,218;431,053;444,198;470,034;543,274;794,128;915,026;979,202
043:0,005;97,207;121,073;140,044;321,052;322,258;390,074;393,008;449,085;494,062;503,086;562,140;595,085;671,039;804,033;1168,164
044:0,005;111,116;275,046;321,052;412,254;426,197;431,053;492,027;595,085;671,039;979,202
045:0,005;113,219;215,060;275,046;300,072;492,027;562,140;804,033;915,026
046:0,005;121,073;140,044;300,072;528,063;671,039;810,258
047:0,005;111,226;170,213;300,072;365,007;420,109;431,053;470,034;528,063;678,119;706,075;882,069;902,258
048:0,005;121,073;170,213;275,046;344,054;431,053;444,215;492,027;528,063;781,115;915,026;1036,135
049:0,005;12,127;121,073;140,044;275,046;321,052;331,206;344,054;671,039;804,033
050:0,005;140,044;275,046;300,072;470,034;526,267;706,075;787,204;804,033
051:0,006;483,097;526,053;697,073;772,108;812,144;1095,274
052:0,006;365,066;399,241;915,061;976,049;990,192;1198,066
053:0,006;285,223;467,028;670,118;688,071;921,146
054:0,006;490,171;697,073;758,070;812,144;1013,072;1051,122
055:0,006;467,028;631,069;649,114;915,061;1051,122;1198,066
056:0,006;350,071;359,235;490,171;915,061;1013,072;1104,231
057:0,006;446,005;490,179;697,073;720,218;915,061;1013,072;1095,274;1198,066
058:0,006;442,061;483,097;695,106;921,146
059:0,006;467,028;631,069;695,106
060:0,006;467,028;631,069;649,114;1013,072
061:0,007;271,199;319,064;380,057;393,008;464,035;476,258;840,058
062:0,007;267,075;315,062;435,168;464,035;530,047;556,207;576,003;602,125;605,054;766,027;784,051;826,131
063:0,007;315,062;393,008;464,035;476,051;539,085;556,207;605,054;638,060;719,244
064:0,007;309,250;393,008;444,133;476,051;638,060;739,126;840,058
065:0,007;267,075;393,008;436,169;476,051;486,098;739,126;766,027;840,058
066:0,007;276,104;312,033;315,062;380,057;436,169;631,069;638,060;692,021;727,158;766,027;784,051;840,058;871,108;1080,015;1085,091
067:0,007;276,104;380,057;393,008;486,098;535,052;605,054;679,121;766,027;813,226
068:0,007;309,250;393,008;444,048;586,131;766,027;784,051;871,108
069:0,007;297,183;315,062;393,008;448,201;500,193;586,131;715,010;935,178;1015,116;1160,052
070:0,007;249,173;267,075;337,118;344,130;444,048;470,034;476,051;605,054;638,060;784,051;813,226;854,058
071:0,008;42,117;257,047;481,188;494,062;549,226;621,048;639,001;753,151;812,049;1021,112;1109,045;1118,247
072:0,008;12,219;215,060;257,047;494,062;549,226;621,048;753,151;812,049;902,046
073:0,008;40,157;52,094;108,062;326,063;452,134;494,062;797,036;914,176;1036,046
074:0,008;50,186;108,062;368,051;380,057;421,045;707,036;963,135;1070,267
075:0,008;108,062;257,047;621,048;696,253;937,152;1021,112
076:0,008;14,091;215,060;261,188;368,051;385,047;452,134;481,188;766,027;786,107;902,046
077:0,008;12,127;368,051;393,160
078:0,008;158,167;177,108;368,051;625,191;812,049;902,046;925,045
079:0,008;52,094;257,047;444,198;707,036;910,189;914,176;915,046
080:0,008;46,139;707,036;902,046
081:0,009;259,049;272,040;335,145;398,048;430,042;594,015;605,047;793,232
082:0,009;268,270;317,031;430,042;670,201;715,010;973,242
083:0,009;108,062;268,270;307,011;395,186;462,032;530,047;594,015;619,127;632,061;715,010;928,048
084:0,009;227,203;259,049;335,145;521,074;594,015;632,061;685,055;722,140
085:0,009;259,049;285,117;462,032;530,047;594,015;638,272;715,010;954,075;1167,182
086:0,009;205,233;272,040;365,261;430,042;449,085;462,032;521,074;530,047;608,129;628,234;651,037;715,010;928,048;1186,194
087:0,009;227,203;272,040;342,203;460,027;490,134;715,010;928,048;995,143;1017,123
088:0,009;259,049;272,040;342,203;594,015;608,211;715,010;947,125;954,075;1180,211
089:0,009;249,173;460,027;462,032;521,074;563,123;594,015;620,211
090:0,009;205,233;430,042;530,047;548,251;632,061;803,123
091:0,010;272,040;295,044;314,069;377,100;411,077;437,060;440,144;662,056;733,068;1031,266
092:0,010;362,263;400,051;444,022;605,047;611,032;624,067;744,092
093:0,010;300,069;338,200;444,022;576,110;688,071;830,230;849,067
094:0,010;395,128;444,022;605,047;704,031;772,164;822,227;858,209;872,221;922,063;1155,165
095:0,010;362,263;365,007;395,128;624,067;733,068;939,097
096:0,010;295,044;319,064;440,144;444,022;608,198;1153,132
097:0,010;95,072;177,108;688,071;830,230
098:0,010;319,064;444,022;624,067;688,071;790,267
099:0,010;300,069;319,064;344,054;444,022;605,047;624,067;716,132
100:0,010;217,056;295,044;300,069;338,200;444,022;650,092;733,068;942,121
101:0,011;168,162;196,207;290,068;406,058;413,034;442,061;446,005;490,082;928,048;1151,198
102:0,011;168,162;335,058;463,020;668,052
103:0,011;113,175;290,068;430,265;463,020;538,229;942,121;1059,241
104:0,011;66,123;217,056;290,068;410,149;446,005;473,175
105:0,011;14,091;139,058;446,005;462,173;463,020;546,234;1160,052
106:0,011;133,268;136,123;413,034;463,020;556,231;784,201;1160,052
107:0,011;113,175;139,058;217,056;289,116;463,020;544,120
108:0,011;131,122;139,058;437,119;446,005;463,020;538,229;544,120
109:0,011;289,116;290,068;430,265;432,054;446,005;463,020;539,141;1086,221;1160,052
110:0,011;133,268;139,058;217,056;368,069;413,034;446,005;448,201
111:0,012;379,236;621,048;724,183;941,040
112:0,012;307,011;339,191;444,022;592,103;631,034;640,208;654,151;704,031
113:0,012;323,212
114:0,012;307,011;339,032;345,090;718,269;994,068;1170,085
115:0,012;307,011;348,218;678,208;741,026;870,131;894,031;994,068;1043,040;1080,015;1197,179
116:0,012;307,011;339,191;631,034;640,208
117:0,012;339,032;344,239;379,236;407,238;624,067;654,151;704,031
118:0,012;307,011;345,090;631,034;651,037;718,269;994,068;1077,141
119:0,012;339,032;354,162;704,031
120:0,012;215,060;307,011;425,212;467,259;994,068
121:0,013;299,211;406,012;692,021;757,041;947,076
122:0,013;312,033;347,166;370,134;406,012;680,153
123:0,013;272,040;312,033;406,012;632,061;692,021;859,151;1005,226;1198,066
124:0,013;322,258;406,012;705,021;757,041;919,006;947,076
125:0,013;312,033;406,012;692,021;780,084;828,129;896,041
126:0,013;273,059;367,065;394,085;406,012;692,021;757,041;1096,269
127:0,013;306,202;347,166;706,075;757,041
128:0,013;299,211;332,177;401,077;406,012;692,021;757,041;779,200
129:0,013;295,044;370,134;406,012;466,193;512,029;692,021;757,041
130:0,013;306,202;553,097;692,021;779,200;985,186
131:0,014;95,072;157,028;219,058;345,056;395,178
132:0,014;103,184;193,039;206,030;290,068;442,267;444,048;459,073;480,274;513,052;1115,028;1128,101
133:0,014;74,084;95,072;116,075;193,039;316,086;345,056;390,074;432,054;576,003;656,195;882,069;1115,028;1156,116
134:0,014;95,072;139,105;159,028;206,030;294,018;432,054;478,052;685,055;1152,205
135:0,014;101,217;193,039;220,095;317,031;400,051;401,077;424,133;521,041;685,055;874,029
136:0,014;110,213;116,075;180,177;219,058;317,031;390,074;416,243;646,001;685,055;1108,015
137:0,014;103,184;108,016;193,039;219,058;240,010;317,031;345,056;400,051;476,220;489,012;527,074;574,077;1191,133
138:0,014;160,057;219,058;432,054;600,218;745,215
139:0,014;110,213;129,018;219,058;223,003;390,074;407,238;431,053;432,054;707,197;874,031;1041,057;1115,028;1156,241;1192,045
140:0,014;95,072;116,075;157,028;206,030;317,031;400,051;446,005;476,220;685,055;781,115;1005,061;1115,028;1151,185
141:0,015;136,168;185,047;217,028;344,054;414,041;535,053;639,001;695,194;1004,057
142:0,015;96,047;121,040;175,096;184,244;217,028;361,006;542,174;639,001;861,149;896,194;932,143;993,041
143:0,015;126,145;185,047;224,017;253,016;365,007;507,022;615,032;639,001;860,205;965,006;1081,040
144:0,015;155,216;167,016;185,047;244,085;414,041;695,194;699,021;834,111;954,075
145:0,015;121,040;162,009;217,028;397,132;733,068;915,058
146:0,015;184,244;217,028;274,273;300,069;315,062;371,110;449,218;500,032;542,230;639,001;827,139;950,048;1141,075;1160,262
147:0,015;116,075;217,028;682,163;698,033;736,021;768,221
148:0,015;108,009;206,047;468,033;639,001;803,123;827,139;938,048;1128,045
149:0,015;121,040;136,168;155,216;162,001;213,017;217,028;414,041;481,020;594,163;1160,059
150:0,015;135,100;414,041;639,001;663,033;728,001;856,224
151:0,016;267,075;324,213;526,053;742,044;914,257;958,029
152:0,016;353,075;400,162;526,053;691,050;697,073;713,001;715,010;726,001;742,044;835,159;954,029
153:0,016;432,156;678,001;911,084
154:0,016;465,092;682,001;835,159;924,029
155:0,016;345,056;435,110;601,184;691,050;772,188;860,205;900,151
156:0,016;353,075;365,007;397,232;430,057;432,273;499,018;501,029;679,033;742,044;780,055;844,123;862,033;1033,031
157:0,016;404,206;443,041;594,015;652,053;691,050;706,075;768,119;783,070;836,102;843,057
158:0,016;157,028;195,012;325,141;364,013;397,232;742,044;869,213;911,084
159:0,016;121,040;175,192;252,028;353,075;425,006;526,053;698,039;742,246
160:0,016;324,213;325,141;337,118;353,075;409,153;496,057;691,050;703,055;742,044;946,159
161:0,017;442,045;444,022;549,042;567,026;876,033
162:0,017;454,006;490,179;501,029;567,026;593,190
163:0,017;468,033;561,168;589,238;592,049;742,246;838,236;986,045;1095,029
164:0,017;94,003;413,034;437,060;549,042;567,026;592,049;708,193;823,055;1168,164
165:0,017;443,266;501,029;584,068;704,021;708,193;894,010;1062,077
166:0,017;443,266;468,033;557,169;565,012;584,068;592,049;673,062;838,236;941,040
167:0,017;437,060;445,006;464,035;549,042;584,068;621,181;781,026;814,181;899,209
168:0,017;466,223;534,051;584,068;594,015;673,062;714,031;882,069;949,243;982,231;1011,033
169:0,017;513,187;527,074;549,042;593,190;941,040;1116,063;1146,200;1166,246
170:0,017;206,030;375,239;491,018;501,029;546,234;567,026;621,181;673,062;772,164;920,058;922,063
171:0,018;505,212;512,195;624,067;679,111;776,095;804,052;849,067;919,006;1080,015
172:0,018;181,017;428,018;513,187;561,168
173:0,018;512,195;590,056;733,021;849,067;919,006;1053,149;1080,015
174:0,018;424,012;679,111;919,006;1080,015
175:0,018;493,070;580,129;590,056;770,055;849,067;919,006;1093,135
176:0,018;569,095;919,006;1079,052;1080,015
177:0,018;380,029;590,056;754,132;819,171;1080,015
178:0,018;73,049;100,085;198,018;512,202;553,220;555,028;584,068;607,028;678,079;1080,015
179:0,018;620,096;849,067;919,006;970,116;1080,015
180:0,018;548,251;590,056;780,256;919,006;1106,262
181:0,019;340,030;434,076;482,156;497,129;707,036;859,055;1106,057
182:0,019;316,016;363,134;367,065;400,051;641,236;755,071;788,091;970,061;1145,079
183:0,019;344,054;531,056;535,052;745,159;812,057
184:0,019;367,065;414,041;682,224;709,031;738,010;812,057
185:0,019;366,002;467,012;592,049;717,185;819,010;931,006;954,075;1142,094;1149,015
186:0,019;393,215;470,076;531,056;589,038;805,010;812,057;941,040
187:0,019;380,029;1079,234;1094,190;1107,015
188:0,019;359,257;531,056;535,052;1142,094
189:0,019;357,189;380,029;494,062;535,052
190:0,019;363,134;367,065;380,029;497,129;531,056;558,087;812,057;1055,191;1061,042
191:0,020;350,071;365,007;398,048;459,073;490,160;686,060;711,030;918,091;1155,165
192:0,020;300,072;314,016;365,007;421,026;508,209;998,133
193:0,020;366,208;407,230;421,026;430,057;766,141;927,061;1128,101
194:0,020;100,085;298,060;421,026;430,057;711,030;747,029;860,052;909,010;940,033;993,075;1092,117;1108,198;1132,045;1147,012
195:0,020;126,145;204,020;313,230;350,071;365,007;423,253;430,057;538,038;810,094;854,067;945,199;976,049;984,006;1056,263
196:0,020;298,060;365,007;398,048;430,057;700,029;807,108;812,049;926,143;967,246;996,243
197:0,020;298,060;313,230;459,073;525,045;711,030;768,181;954,075;976,049;998,133;1031,029;1056,263;1086,031
198:0,020;298,060;364,237;430,057;459,073;606,275
199:0,020;105,218;113,020;366,208;421,026;442,061;468,033;538,038;810,094;853,049;862,243;1045,046
200:0,020;350,071;398,048;421,026;455,117;538,038;790,029;945,199;976,049;995,143
