001:0,001;371,085;541,032;609,193;1117,021
002:0,001;463,146;467,025;644,049;1032,063;1117,021
003:0,001;359,178;376,150;401,273;411,056;431,034;467,025;547,271;644,049;785,050;856,156
004:0,001;366,015;401,273;431,034;467,025;628,127;1117,021
005:0,001;371,085;467,025;541,032;609,193;1117,021
006:0,001;411,056;467,025;526,206;547,271;1117,021
007:0,001;431,034;467,025;608,024;628,127;644,049;767,064;776,150;942,011;1117,054
008:0,001;377,078;411,056;437,247;467,025;541,032;660,127;1032,063;1117,021
009:0,001;376,150;1117,021
010:0,001;287,030;359,178;467,025;477,050;497,213;644,049;856,156;1117,021
011:0,002;481,018;533,176;656,072;700,045;746,214
012:0,002;437,247;509,056;533,176
013:0,002;478,093;481,018;512,047;700,045;848,143;870,241
014:0,002;349,261;481,018;509,056;700,045;838,031;871,069;901,232;931,215
015:0,002;481,018;509,056;535,107;656,072;711,154;757,057;838,031;920,264;1071,075
016:0,002;481,018;512,047;740,123;848,143
017:0,002;481,018;512,047;656,072;711,154
018:0,002;309,052;349,261;481,018;509,056;512,145;620,014;746,214
019:0,002;495,173;512,047;600,074;666,170;838,031;982,096
020:0,002;481,018;509,056;512,047;699,231;700,045;870,241
021:0,003;148,047;302,258;561,015;640,107;642,068;860,137;959,051
022:0,003;162,136;227,023;302,258;561,015;681,252;959,051
023:0,003;163,155;227,023;319,050;326,046;332,171;477,050;495,173;860,137
024:0,003;41,173;148,047;227,023;393,176;431,034;446,037;448,074;477,050;495,193;561,015;636,113;959,051
025:0,003;148,047;246,175;561,015;642,068;818,172;963,064
026:0,003;148,047;227,023;319,050;403,029;448,074;491,109;561,015;642,068;808,060;828,119;918,053;935,060;1152,260;1180,221
027:0,003;153,263;561,015;634,164;642,068;818,172;918,053;963,064
028:0,003;41,173;219,152;227,023;403,029;477,050;600,192
029:0,003;219,152;227,023;333,187;403,029;448,074;477,050;561,015;634,164;918,053;963,064
030:0,003;148,047;227,023;348,211;448,074;468,103
031:0,004;345,233;381,072;386,050;571,214;643,017;690,140;818,015;963,040
032:0,004;250,095;491,051;586,026;643,017;715,217;843,032;875,270;1132,028
033:0,004;290,045;311,130;386,050;434,072;516,208;777,222;818,015;875,270;1099,040
034:0,004;327,035;345,233;586,026;643,017;715,217;818,015;1081,272;1132,028
035:0,004;434,072;491,051;564,034;578,179;586,026;643,017;963,040;1132,028
036:0,004;264,002;381,072;386,050;586,026;666,170;755,026;818,015;918,053;1101,133
037:0,004;56,044;81,101;434,072;460,275;643,017;795,223;818,015;900,211
038:0,004;304,088;327,035;333,153;386,050;460,275;491,051;696,250;963,040
039:0,004;327,035;358,173;434,072;463,048;578,179;643,017;722,105;755,026;777,222;818,015;1132,028
040:0,004;327,035;381,072;421,101;643,017;699,231;818,015;963,040
041:0,005;20,048;25,188;29,049;171,227;172,081;520,187;601,053;736,166;1197,049
042:0,005;25,188;578,056;614,258;1197,049
043:0,005;31,124;1011,029
044:0,005;20,048;29,049;163,106;601,053;719,210;1011,029
045:0,005;29,049;171,227;354,071;463,027;515,098;601,053;718,225
046:0,005;29,049;172,081;354,071;526,157;548,075;595,044;884,181;946,190;1011,029
047:0,005;20,048;106,182;548,075;587,023;637,096;719,210;1011,029;1073,071;1187,117
048:0,005;57,212;463,027;468,161;548,075;595,044;946,190
049:0,005;20,048;64,135;601,053;728,201
050:0,005;36,049;163,106;270,188;319,050;354,071;520,187;548,075;595,044;668,052;696,171;713,101;810,099;871,069;1054,265
051:0,006;397,228;407,013;594,209;626,255
052:0,006;407,013;532,231;614,030;668,052;686,184
053:0,006;406,100;561,015;626,255
054:0,006;407,013;694,197;1151,222
055:0,006;407,013;594,209
056:0,006;407,013;589,250;620,014;633,218;638,209
057:0,006;368,134;696,250;887,072;961,151
058:0,006;52,174;407,013;644,138;841,033;887,072;902,104
059:0,006;407,013;587,023;607,179
060:0,006;326,046;397,228;407,013;676,243
061:0,007;326,046;340,140;366,015;478,093;493,058;843,032;1130,270
062:0,007;440,169;456,125;838,031;1035,220;1073,071
063:0,007;341,271;366,015;493,058;767,064;843,032;1193,232
064:0,007;326,046;366,015;493,058;600,074
065:0,007;106,182;326,046;366,015;446,051;456,125;493,058;843,032;1073,071
066:0,007;341,271;366,015;493,058;767,064;857,092;940,260;1073,071
067:0,007;366,015;440,169;600,074;767,064;850,015;861,141;1170,231
068:0,007;333,153;428,037;432,265;600,074;860,225;917,158
069:0,007;371,084;747,033
070:0,007;340,140;366,015;468,103;493,058;600,074;1160,220
071:0,008;648,183;1071,075
072:0,008;279,190;813,098;860,046;934,047
073:0,008;36,213;436,044;545,195;555,050;558,268;618,010;784,162
074:0,008;700,107
075:0,008;700,107;837,044;1063,128;1071,075
076:0,008;400,046;436,044;592,270;811,106;849,195
077:0,008;784,162;837,044;1037,159
078:0,008;698,016;760,266
079:0,008;436,044;545,195
080:0,008;436,044;558,268;837,044;872,159;1071,075
081:0,009;298,049;514,057;525,033;582,132;608,024;620,014;718,203;771,270;817,075;832,043;1064,258
082:0,009;479,260;574,031;608,024;620,014;656,072;701,037;832,043;921,068;940,260
083:0,009;456,057;491,051;524,070;525,033;574,031;608,024;701,037;817,075;921,068;1002,034
084:0,009;556,010;617,219;620,014;674,180;701,037;808,060;895,142;921,068;935,219
085:0,009;456,057;525,033;608,024;617,219;873,262;895,142
086:0,009;456,057;536,216;574,031;582,132;608,024;620,014;774,095;832,043;935,219;1002,034;1117,054;1163,043
087:0,009;192,054;397,236;536,216;817,075;898,132;1002,034
088:0,009;456,254;554,274;556,010;686,114
089:0,009;57,212;201,059;246,159;564,034;608,024;620,014;701,037;832,043;943,090;1002,034;1170,231
090:0,009;509,118;525,033;608,024;620,014;660,235;812,252;851,095;921,068;1031,036;1064,244
091:0,010;498,121;760,266;867,049;990,228
092:0,010;467,059;515,098;633,010;796,099;990,228;1016,011
093:0,010;461,069;488,153;768,062;879,217
094:0,010;227,221;467,059;659,158;924,030;964,091;1101,133
095:0,010;447,114;564,034;584,010;883,221;924,030;1009,227
096:0,010;455,203;467,059;604,199;755,026;808,120;818,015;867,049;883,221
097:0,010;455,203;803,232;887,072;924,030;1059,146
098:0,010;488,153;566,037;603,259;924,030;1103,210
099:0,010;467,059;680,110;867,049;953,252
100:0,010;467,179;564,034;990,161
101:0,011;854,257
102:0,011;574,031;978,040
103:0,011;403,029;582,114;589,195;735,235
104:0,011;762,246;773,074;1196,143
105:0,011;526,206;541,032;602,011;834,213
106:0,011;411,056;546,095;1163,043
107:0,011;201,059;334,011;761,244;963,064
108:0,011;705,139
109:0,011;764,166
110:0,011;622,070;692,074
111:0,012;225,088;276,033;389,044;400,065;635,067;642,069;643,017;661,068;798,132
112:0,012;296,044;463,048;622,070;642,069;650,060;757,057;841,033
113:0,012;248,080;255,034;370,070;393,176;400,065;587,023;622,070;757,057;815,256;902,047
114:0,012;222,093;296,044;400,065;622,070;650,060;757,057;808,060;902,047
115:0,012;148,047;206,026;222,093;255,034;296,044;545,256;642,069;650,060;763,206;841,033;894,236
116:0,012;206,026;227,221;255,034;304,088;841,033
117:0,012;206,026;255,034;312,145;370,070;472,266;556,010;599,118;902,047
118:0,012;296,246;370,070;400,065;463,048;649,233
119:0,012;276,084;296,044;413,100;463,048;622,070;650,060;798,132;808,060;876,213;902,047
120:0,012;147,207;206,026;244,260;370,070;400,065;640,089;650,060;841,033;923,130;1032,063;1132,101
121:0,013;283,146;381,072;446,051;474,064;750,036;763,199;942,011
122:0,013;306,099;587,023;750,190;942,011
123:0,013;253,037;446,051;581,216;587,023;690,164;723,215;750,036;1057,251
124:0,013;307,230;750,036;841,033;942,011
125:0,013;368,134;587,023;777,155;817,075;842,174;1199,084
126:0,013;253,037;450,113;474,064;763,199
127:0,013;253,037;306,099;474,064;806,035;942,011
128:0,013;253,037;283,146;446,051;450,113;474,064;942,011;1152,206
129:0,013;253,037;587,023;750,036;942,011
130:0,013;244,260;253,037;635,101;643,053;649,101;942,011;1057,251;1154,137;1163,043
131:0,014;226,085;298,049;605,105
132:0,014;298,049;446,037;584,035;614,030;681,106;935,060;1116,087
133:0,014;310,198;728,201
134:0,014;323,079
135:0,014;226,085;298,049;580,115;614,030;708,168
136:0,014;322,093;429,105;451,019;536,011;803,232;1063,128
137:0,014;303,166;381,072;425,041;614,030;696,072;714,010;768,062;958,074;1164,225;1186,197
138:0,014;321,239;418,011;434,072;446,037;533,011;584,035;643,017;704,067;768,062
139:0,014;350,002;524,269;538,041;562,013;584,035;605,105;613,056;1056,222;1069,011
140:0,014;332,171;446,037;584,035;667,188;686,114;750,140;887,072;893,074;1160,271
141:0,015;59,009;400,046;411,039;456,057;556,010;747,033;785,050;878,082;945,052
142:0,015;42,017;164,012;183,120;419,008;474,064;556,010;747,033;789,056
143:0,015;56,044;83,014;98,209;99,016;156,008;331,035;400,046;532,243;766,016;834,135;945,052
144:0,015;45,179;51,012;56,044;93,012;179,067;357,145;411,039;466,197;516,008;668,052;747,033;785,050;828,015;1123,153;1190,040
145:0,015;46,009;179,067;400,046;451,268;524,070;531,223;826,015;945,052
146:0,015;45,179;77,229;142,008;201,059;338,010;527,244;806,035;961,221;1074,052;1123,021
147:0,015;56,044;179,067;400,046;411,039;475,234;524,070;556,010;666,008;747,033;806,035;1054,184
148:0,015;77,229;297,004;327,120;524,070;558,010;777,016;1107,143;1160,271
149:0,015;51,166;324,101;378,071;429,162;458,065;460,057;534,064;556,010;831,124;923,056
150:0,015;98,209;179,067;343,008;398,050;451,268;556,010;785,050;806,035;945,052;1132,028
151:0,016;696,171;759,049;792,169;829,061;850,148;860,046;930,041
152:0,016;319,050;334,239;403,016;829,061;1033,174;1061,029;1163,043;1178,193
153:0,016;784,164;808,036;930,041;1152,060;1197,049
154:0,016;472,266;612,044;860,046;930,041;1197,049
155:0,016;838,188;926,015;1178,060
156:0,016;829,061;867,049;969,069;1178,193
157:0,016;837,101;860,046;927,036;1096,079;1163,043
158:0,016;782,044;829,061;900,211;930,041;1152,060
159:0,016;448,074;449,013;574,031;608,221;645,008;705,139;747,016;850,148;1020,011;1152,060
160:0,016;206,201;290,045;398,015;417,016;829,061;860,046;939,036;1152,060
161:0,017;164,176;385,009;488,242;641,011;755,026;779,037;873,262;921,068;935,060;1092,118
162:0,017;192,054;230,183;290,045;463,027;526,215;614,258;633,218;770,026;804,145;944,060;951,015;1117,071
163:0,017;271,189;412,019;463,027;491,011;821,139;1007,064
164:0,017;164,176;192,054;290,045;425,127;444,204;467,027;535,107;637,096;958,041;959,051
165:0,017;163,010;192,054;349,049;469,008;488,242;985,047;1186,029
166:0,017;187,150;234,004;317,037;397,195;465,008;620,014;711,144;1023,219;1074,069
167:0,017;83,114;298,019;526,215
168:0,017;187,150;208,008;381,072;463,027;551,016;804,145;850,258;892,069
169:0,017;230,183;354,010;466,254;554,109;1005,060
170:0,017;82,240;192,054;290,045;520,274;662,017;782,169;935,060;1092,118
171:0,018;158,008;172,242;205,012;218,087;223,010;289,041;405,009;485,165;950,015;1154,130
172:0,018;178,193;218,087;248,251;257,054;269,041;774,056;1079,225;1095,074;1154,130;1193,047
173:0,018;119,014;139,013;257,104;269,041;750,036;1090,180
174:0,018;186,011;287,030;419,117;587,023;617,098;1015,052
175:0,018;216,006;269,041;287,030;386,127;470,041;642,069;671,267
176:0,018;248,251;301,011;326,009;552,198;574,266;671,267;729,045;960,092
177:0,018;247,248;300,016;860,015;1090,180;1127,197
178:0,018;243,016;269,041;524,269;579,065;665,084
179:0,018;279,190;287,030;335,009;353,019;462,002;504,125;1128,064
180:0,018;172,242;178,193;247,248;269,041;300,033;330,019;596,269;613,041;851,177;942,011
181:0,019;411,039;479,185;493,058;582,114;668,052;712,141;908,054;990,042;1169,043
182:0,019;543,239;552,155;622,067;908,054;990,042;1150,021
183:0,019;227,023;342,274;467,025;547,133;566,067;871,069
184:0,019;566,067;927,234;1045,056
185:0,019;342,274;392,153;476,048;501,011;504,044;543,239;566,067;902,047;961,151;990,042;1090,124
186:0,019;547,133;990,042
187:0,019;566,067;640,089;738,058;803,154;871,069
188:0,019;354,071;482,008;595,044;798,067;908,054;1090,124
189:0,019;248,080;990,042
190:0,019;208,271;209,010;211,019;536,155;902,104;908,054;1038,036;1113,244
191:0,020;204,088;276,033;411,186;473,247;700,181;859,032;1018,234
192:0,020;228,236;309,052;429,105;461,069;578,056;1100,051;1176,080
193:0,020;243,223;417,008;461,069;558,191;607,047;692,202;836,067;932,250;942,232;982,032;1160,174
194:0,020;208,110;211,059;328,006;411,008;475,234;578,056;891,015;1106,141;1115,041
195:0,020;207,002;239,008;253,059;257,001;276,033;457,185;578,056;1017,153;1067,222;1186,051
196:0,020;201,059;324,204;337,008;700,181;837,044;966,149;1052,029
197:0,020;199,004;324,204;457,185;461,069;515,008;723,016;840,056
198:0,020;68,076;228,236;309,052;360,041;461,069;558,191;612,041;781,153
199:0,020;201,135;231,007;243,223;276,033;461,069;491,051;521,013;692,202;860,062;938,033
200:0,020;10,009;68,076;118,017;208,271;309,052;376,236;397,195;441,175;478,025;534,041;768,062;1009,144;1032,063;1146,139;1151,252
