001:0,001;90,110
002:0,001;91,058;198,098;1143,129
003:0,001;170,113;372,119
004:0,001;181,040;278,164;617,068
005:0,001;149,050;192,192;241,055;372,119
006:0,001;90,110;211,075;306,135;617,068
007:0,001;91,058;149,050;181,084;211,075;266,180;617,068
008:0,001;91,058;211,075;385,218
009:0,001;91,058;149,050;216,238;617,068
010:0,001;662,135
011:0,002;265,260;270,155
012:0,002;272,214;350,187
013:0,002;326,094;395,069;459,151
014:0,002;182,252;332,215;550,151
015:0,002;290,177
016:0,002;350,187
017:0,002;260,158;539,213;609,135;1042,072
018:0,002;267,231
019:0,002;49,086;267,231
020:0,002;290,177
021:0,003;94,274;318,046;546,052;618,254
022:0,003;105,124
023:0,003;94,274;192,244;546,052;720,198
024:0,003;54,155;239,197
025:0,003;55,069;218,140;876,162
026:0,003;218,140;897,089
027:0,003;55,069;269,146;546,052;580,162
028:0,003;58,215
029:0,003;192,244;871,179
030:0,003;193,153
031:0,004;261,156;448,075;460,112
032:0,004;309,053;586,067;806,045;861,159;1183,039
033:0,004;220,272;586,067;845,188
034:0,004;220,272;234,203;309,053;586,067;1183,039
035:0,004;364,099
036:0,004;199,070;263,240;514,208
037:0,004;199,070;464,142;586,067;961,183;1183,039
038:0,004;257,154;309,053;583,129;677,113
039:0,004;368,210;961,183
040:0,004;234,203;309,053;560,086;845,188;1183,039
041:0,005;34,072;340,082
042:0,005;34,072;131,209;318,046;377,205
043:0,005;87,109
044:0,005;37,182;50,060;278,136
045:0,005;42,090;50,060;324,209;338,033;1042,072
046:0,005;34,072;50,060;318,046;340,082
047:0,005;34,072;309,129;470,217
048:0,005;79,027;218,171
049:0,005;21,195;203,148;211,075;241,055;421,222
050:0,005;34,072;50,060;470,217
051:0,006;150,095
052:0,006;108,072;132,201
053:0,006;120,101
054:0,006;105,046;140,194
055:0,006;150,095
056:0,006;133,259
057:0,006;68,064;120,101
058:0,006;133,259
059:0,006;195,266;840,125
060:0,006;215,228;448,075;921,108
061:0,007;6,096;116,172;380,184
062:0,007;116,112;196,163;295,034;643,121
063:0,007;131,227;199,169
064:0,007;196,163;295,034;399,156
065:0,007;131,149;599,171
066:0,007;159,120;199,070;295,034;643,121
067:0,007;116,127
068:0,007;238,179;583,129;1165,032
069:0,007;124,258;295,034;398,246;941,090
070:0,007;6,096
071:0,008;137,102;195,266;206,032;717,249;986,091
072:0,008;123,234;523,240;620,270
073:0,008;144,118;206,032;640,108
074:0,008;125,133;206,032;269,146;338,102;395,069;459,240
075:0,008;113,084;137,102
076:0,008;102,104;206,032;580,270;961,131
077:0,008;102,104;1104,208
078:0,008;206,032;700,130;886,260;1103,197
079:0,008;138,206;251,215;285,081
080:0,008;133,103
081:0,009;49,260;596,250;709,168;801,232
082:0,009;51,267;369,037;582,218;1024,184
083:0,009;105,046;108,072;369,037;505,185
084:0,009;138,213;157,267;322,051;440,275
085:0,009;108,072;112,120;380,256;417,260
086:0,009;51,267;105,046;135,084;138,213
087:0,009;72,122;369,037;1079,044
088:0,009;75,260;108,072;670,186;762,168
089:0,009;68,064;158,208;1079,044
090:0,009;67,121;72,122;544,037;845,244
091:0,010;108,134;476,062;831,181
092:0,010;165,135;272,071;476,062;910,131;966,197;972,230;978,104
093:0,010;128,076;177,054;257,154;410,209;730,130;1034,201
094:0,010;26,243;476,062;822,262
095:0,010;160,215;177,054;267,241;272,071;834,091
096:0,010;107,210;177,054;272,071;786,169;861,103
097:0,010;101,273;165,135;175,194;254,123;272,071;822,262
098:0,010;177,054;267,241;369,037;477,104;651,176;865,084;992,266
099:0,010;107,210;421,088;533,232
100:0,010;26,243;108,134
101:0,011;75,045;95,166
102:0,011;144,118
103:0,011;101,093
104:0,011;87,099;661,118;952,079;972,088;1162,257
105:0,011;24,123;718,266
106:0,011;25,232;149,050;199,169;466,210;753,194
107:0,011;39,235;745,149
108:0,011;41,228
109:0,011;25,232;706,100;1108,081;1199,209
110:0,011;24,123;95,166
111:0,012;20,061;156,048;338,033;744,180;1183,099
112:0,012;20,061;195,180;305,045;434,226
113:0,012;20,061;153,256;448,075;697,227
114:0,012;207,167;448,075;710,122
115:0,012;16,079;214,048;448,075;728,127
116:0,012;7,152;156,048;425,239;494,158;650,273;895,169;1059,131
117:0,012;7,148;156,048;303,232;305,045;520,266;664,158
118:0,012;126,142;338,033
119:0,012;7,152;20,061;156,048;341,087;507,246
120:0,012;15,001;16,079;123,234;156,048;338,033
121:0,013;44,100;711,195;837,147
122:0,013;66,176;420,063;753,032
123:0,013;79,041;130,152;305,045;419,083
124:0,013;79,041;197,088
125:0,013;101,136;142,049;170,081;420,063;850,100;1181,055
126:0,013;79,041;142,049;156,182;218,171;309,211;420,063;834,109;1097,270
127:0,013;59,104;79,027;142,049;202,211;420,063;897,089
128:0,013;101,273;118,176
129:0,013;15,005;44,100;79,041;296,195
130:0,013;101,136;142,049;151,197;341,087;1042,072
131:0,014;182,252;395,069;431,190;753,032
132:0,014;147,062;165,072;414,249;436,267
133:0,014;83,221;147,062;357,262;753,032;780,225;1181,055
134:0,014;152,040;156,223;630,096;699,055;1034,116;1181,055
135:0,014;151,129;152,040;322,051;463,199;526,063;753,032;1041,275;1082,159;1093,182;1181,055
136:0,014;151,129;152,040;322,051;371,242;776,068;828,230
137:0,014;170,212;193,153;625,158;753,032;1181,055
138:0,014;147,062;152,040;357,265;856,045
139:0,014;163,224;237,060;322,051;395,069;436,267;1034,116
140:0,014;144,097;147,062;152,040;401,272;411,238;431,190;463,055;848,250
141:0,015;135,140;199,070;296,195;333,114;830,249
142:0,015;9,136;27,015;153,053;327,077
143:0,015;331,206;389,055;875,136;1141,077
144:0,015;145,090;1082,209
145:0,015;9,136;60,132;319,250;843,240;1167,044
146:0,015;144,097;421,055;717,235;799,062;929,130
147:0,015;62,059;83,221;327,077;458,081;482,062;694,033;781,145
148:0,015;287,132;318,192;569,120
149:0,015;128,076;601,037;958,235;1079,044
150:0,015;239,224;248,097
151:0,016;83,001;163,079
152:0,016;201,145;647,062;825,084
153:0,016;79,027;166,152;366,033;602,083;623,234;652,113;696,125;798,100;817,123
154:0,016;14,007;75,045;116,172;483,053;696,125;919,178;1151,104;1191,154
155:0,016;66,176;79,027;92,264;350,053;457,071;738,063;984,212
156:0,016;201,145;465,079;605,215;728,154;1035,180
157:0,016;27,205;59,104;75,045;79,027;138,186;371,242;476,098;768,240;835,210;940,120;1046,033;1121,224;1179,130
158:0,016;142,275;571,102;989,083;1154,215
159:0,016;178,253
160:0,016;75,045;138,186;358,094
161:0,017;92,179
162:0,017;81,251;189,184;438,223
163:0,017;88,053;313,178
164:0,017;140,002;144,078;316,107;951,124
165:0,017;88,053;163,224;503,192
166:0,017;189,184;239,192;363,162;827,032
167:0,017;69,259;88,053;144,078;240,076;256,234
168:0,017;88,053;278,136;313,178;382,071;869,227;876,234
169:0,017;69,259;79,069;91,014;105,046;203,148;799,114;1042,072
170:0,017;69,117;119,020;316,107
171:0,018;61,168;63,199;476,062;625,145;691,079;778,237
172:0,018;54,155;62,059;157,250;486,176;544,149;1089,032
173:0,018;82,007;142,049;153,256;204,113;668,136;823,155;846,168;994,068;1001,093;1137,109
174:0,018;63,199;415,197;611,237;1199,032
175:0,018;61,168;106,239
176:0,018;67,237;735,033
177:0,018;37,182;62,059;68,064;177,091;318,046;371,055;577,123;1066,257;1075,168
178:0,018;68,064;270,273;451,093;624,201;629,192;659,062;685,260;802,185;816,033;883,181
179:0,018;106,239;209,076;234,102;259,070;339,224
180:0,018;62,059;68,064;88,053;270,273
181:0,019;26,114;591,103;839,148;854,275;910,156;1077,107
182:0,019;40,162;431,274;472,037;649,147;710,223;762,178;806,045
183:0,019;16,089;171,262;241,055;720,229;806,045;825,185;1067,096;1167,094
184:0,019;60,132;150,155;305,045;431,274
185:0,019;65,265;624,134;643,265;744,249;806,045
186:0,019;26,114;108,058;171,262;405,103;414,146;515,199;806,045
187:0,019;16,089;61,006;101,093;241,055;462,257;695,147;922,098
188:0,019;30,016;133,020;292,072;359,237;431,037;806,045;1079,044
189:0,019;30,161;806,045
190:0,019;21,162;55,069;138,206;354,120;685,104;714,096;739,254;1159,178
191:0,020;253,168;354,209;1157,158
192:0,020;88,053;128,202;223,020;432,125;546,052;563,075;578,257
193:0,020;55,069;149,182
194:0,020;327,048;368,165;432,125;447,033
195:0,020;131,209;244,070;301,226;406,232;412,092
196:0,020;377,205;683,037;731,239;783,148;1128,044;1138,199;1162,250
197:0,020;301,226;749,112;1054,032;1138,199
198:0,020;253,168;752,250;1043,148;1149,033
199:0,020;354,209;402,154
200:0,020;412,092;670,186
