001:0,001;232,035;248,200;324,063;433,160;683,089;748,104
002:0,001;240,190;248,200;317,060;328,154;603,106;903,059
003:0,001;156,082;242,052;247,074;312,249;324,063;362,197;903,059
004:0,001;264,171;317,060;362,197;903,059
005:0,001;71,217;242,052;264,171;321,075;452,102;882,039;1054,154
006:0,001;232,035;247,074;317,060;321,075;335,106;1141,097
007:0,001;232,035;242,052;279,184;321,075;335,106;552,074;848,190
008:0,001;265,184;284,218;321,075;324,063;377,083;898,131;903,059
009:0,001;71,217;247,074;324,063;328,154
010:0,001;284,218;324,063;588,159;729,147;882,039;1037,032;1141,097
011:0,002;255,045;517,069;552,074;738,046
012:0,002;225,205;1037,032;1150,192
013:0,002;210,258;255,045;719,073;738,046;867,162
014:0,002;253,240;552,074;738,046;1037,032
015:0,002;255,045;930,081
016:0,002;241,173;255,045;552,074;752,258;1037,032;1059,109
017:0,002;198,067;241,173;552,074;948,223
018:0,002;137,177;198,067;225,205;255,045;751,239
019:0,002;255,045;738,046
020:0,002;198,067;226,268;277,041;296,031;332,140;738,046
021:0,003;232,035;276,176;939,030
022:0,003;276,176;305,158;406,066;545,215;939,030
023:0,003;187,207;273,054;406,066;457,046;658,052;794,078
024:0,003;137,177;541,259;658,052;836,247;927,062;1006,229
025:0,003;219,253;457,046;618,132
026:0,003;400,247;939,030
027:0,003;204,080;273,054;469,192;658,052;726,081;769,173;1041,052;1179,124
028:0,003;96,155;457,046;769,173;939,030
029:0,003;219,253;406,066;541,259
030:0,003;273,054;406,066;469,192
031:0,004;293,102
032:0,004;88,163;408,055;444,043;738,231;1171,048
033:0,004;429,119;484,054;492,253;694,148
034:0,004;384,266;444,043;570,161
035:0,004;444,198;1030,204;1171,048
036:0,004;58,189;136,057;183,112;293,102;444,043;694,148;1171,048
037:0,004;444,043;768,204
038:0,004;520,083;541,146;933,040;972,138;1171,048
039:0,004;323,162;408,055;429,119;461,035;498,087;669,072;690,108;738,231
040:0,004;378,143
041:0,005;152,045;158,146;422,034;484,054;646,138;1142,117
042:0,005;163,089;484,054;604,070
043:0,005;165,229;301,026;461,035;604,070
044:0,005;185,179;422,034;484,054;604,070
045:0,005;48,259;422,034;505,184;604,070;933,040;1028,164;1097,091;1100,035
046:0,005;165,229;422,034;461,035;467,225
047:0,005;152,045;301,026;524,112;604,070;1199,067
048:0,005;158,146;301,026;385,229;461,035;540,144;1018,070
049:0,005;152,045;163,089;301,026;484,054;649,144;699,029;729,147
050:0,005;156,136
051:0,006;72,047;114,246;315,061;452,057;528,257;887,208
052:0,006;72,047;73,274;315,061;480,227
053:0,006;114,246
054:0,006;72,252;251,038;315,061;378,189;403,064;588,159;658,071;706,125;1199,067
055:0,006;72,172;77,208;1199,067
056:0,006;73,274;251,038;317,060;345,254
057:0,006;77,208;403,064;665,249;706,125
058:0,006;190,117;403,064;956,214
059:0,006;251,038;313,099;315,061;389,224;1086,121
060:0,006;72,047;156,082;1199,067
061:0,007;120,115;326,236
062:0,007;91,213
063:0,007;77,068;247,074;306,213
064:0,007;77,068;261,169
065:0,007;87,236
066:0,007;77,068;326,265;403,064;516,127
067:0,007;168,091
068:0,007;77,068;261,169;1009,089
069:0,007;77,068;100,234;213,016;242,126
070:0,007;58,189;77,068;120,115
071:0,008;297,035;405,239;543,029;601,035;604,217;714,119;719,073;837,211
072:0,008;492,190;719,073;855,121
073:0,008;431,260;601,035;714,119;852,084
074:0,008;408,130
075:0,008;88,163;213,016;492,190;543,029;601,035;768,122;1069,106
076:0,008;414,165;543,029;729,218;992,159
077:0,008;242,052;302,008;477,174
078:0,008;238,047;258,186;601,035;783,275;1060,210
079:0,008;407,158;408,130;543,029;698,053;719,073;742,143;838,083;849,085;933,174;1020,140;1033,254;1098,042
080:0,008;339,104;540,096;1031,207;1188,223
081:0,009;435,233;1024,048;1130,075
082:0,009;335,101;948,223;1022,046
083:0,009;337,225;379,053;907,079
084:0,009;380,186
085:0,009;297,121;303,219;1014,029;1024,048
086:0,009;72,047;151,273;1024,048;1130,075
087:0,009;151,273;388,258;623,124;948,099;1130,075
088:0,009;303,219;379,053;388,258;559,254;699,029;736,164
089:0,009;316,243;379,053;861,094;1130,075
090:0,009;379,053;891,087;1024,048
091:0,010;277,261;713,072
092:0,010;136,057;159,070;282,238;655,168;669,072;891,087
093:0,010;136,057;187,207;249,260;258,080;669,072
094:0,010;159,070;282,238;514,201;519,115;846,185
095:0,010;146,148;159,070;230,044;339,104;669,072;1130,117
096:0,010;136,057;159,070;277,261;405,072;457,046;655,168;669,072
097:0,010;136,057;159,070;586,194;933,040;1131,188
098:0,010;135,158;136,057;168,099;1054,275
099:0,010;135,158;136,057;144,241;405,072;470,122
100:0,010;144,241;949,185
101:0,011;213,016;511,111;535,050;733,088;979,074;1014,029;1133,082
102:0,011;172,124
103:0,011;192,201;198,067;213,016;511,111;709,067;979,074
104:0,011;231,133;882,039;979,074
105:0,011;192,201;1014,029
106:0,011;190,117;213,016;519,133;526,089;534,073;535,050;770,072;894,217
107:0,011;183,112;213,016;534,073;569,054;628,167;865,133
108:0,011;172,124;213,016;463,172;709,067;1014,029;1030,217
109:0,011;195,009;363,161;534,073;535,050;709,067;1023,225;1079,133
110:0,011;192,009;213,016;526,089;1122,099
111:0,012;128,094;161,055;230,044;248,152;254,059;269,237;573,040;882,039;1020,140;1129,251
112:0,012;128,094;254,059;262,029;348,212;481,161;531,043;721,245
113:0,012;161,055;254,059;296,212;318,053;394,263;517,069;573,040;1100,035
114:0,012;156,247;262,029;275,226;559,099;573,040;854,046;967,143
115:0,012;66,234;156,247;230,044;305,158;318,053;444,088;517,069
116:0,012;136,252;230,044;254,059;262,029;298,187;1025,096
117:0,012;174,079;230,044;264,168;318,053;377,083;456,205;505,146;521,239;589,224
118:0,012;161,055;248,152;254,059;264,168;318,053;573,040;917,093
119:0,012;133,196;161,055;517,069;902,183
120:0,012;168,091;573,040;1069,052;1100,035;1180,093
121:0,013;277,041;367,077
122:0,013;155,043;159,178;297,035;414,165;893,083
123:0,013;283,201;297,035;326,084
124:0,013;297,035;375,096;699,029;776,118
125:0,013;159,178;541,101;672,111
126:0,013;277,041;326,195
127:0,013;326,084;493,193
128:0,013;269,271;739,198
129:0,013;262,029;283,004;367,077;968,136
130:0,013;277,041;326,195;699,029;776,118;893,187
131:0,014;294,174;321,242;383,040;384,266;694,048;938,120;1081,139
132:0,014;269,185;927,062;978,107;1041,052;1081,139
133:0,014;281,095;694,048;1109,135
134:0,014;269,228;333,008;351,223;669,072;1171,048
135:0,014;323,162;379,153;383,040;452,143;456,155;694,048;977,088
136:0,014;351,223;414,185;534,073;559,232;658,052;694,048;876,101;927,062;990,104;995,115;1041,052
137:0,014;54,001;270,191;383,040;418,264;649,031;978,107
138:0,014;17,016;61,008;433,160;560,082;694,048;710,086
139:0,014;269,228;383,040;417,207;740,072;933,040;1041,052
140:0,014;321,242;529,122;688,031;694,048;927,062;1007,195;1078,142;1106,161;1122,069;1167,086;1197,046
141:0,015;143,008;145,135;155,043;373,073;452,057;583,250
142:0,015;200,119;344,071;408,055;471,150;483,189;1195,254
143:0,015;96,155;155,043;319,073;344,071;438,033;515,228;849,033
144:0,015;183,202;319,073;438,033;452,057;492,253;551,143;658,071;787,093;849,033;1132,126;1141,046;1186,147
145:0,015;155,043;324,063;356,180;658,071;722,193;888,042
146:0,015;82,011;145,135;155,043;161,055;200,119;239,016;452,057;515,228;532,155;1141,035
147:0,015;176,043;344,071;417,055;452,057;537,153
148:0,015;130,254;319,073;438,033;483,189;566,258;626,045;846,192;940,069;1004,074;1129,251
149:0,015;130,254;438,033;488,099;538,064;583,250;591,180;658,071;707,031;787,093;815,126;849,033
150:0,015;155,043;319,073;405,072;436,137;452,057;486,240;849,033
151:0,016;48,259;209,020;382,210;1100,035
152:0,016;48,004;445,229;986,079;991,250;1004,233
153:0,016;179,169;238,047;536,069
154:0,016;162,093;675,232;799,167;1084,072;1097,033
155:0,016;535,050;769,133;804,138;948,062;960,070;1089,221
156:0,016;166,182;238,047;393,123
157:0,016;162,093;360,173;414,016;508,116;824,119;908,072
158:0,016;179,099;238,047;321,026;490,242
159:0,016;174,079;238,047;534,216
160:0,016;205,177;225,020;238,047;471,043;675,232
161:0,017;152,045;176,100;405,072;408,055;442,156;548,053;833,042;929,146
162:0,017;209,036;240,166;296,031;388,121;400,073;442,156;768,241;833,042
163:0,017;196,004;331,131
164:0,017;176,100;234,033;365,200;918,042
165:0,017;205,004;209,036;234,033;341,157;675,070;1088,184
166:0,017;197,203;296,031;331,131;545,127;737,053;913,212;1190,259
167:0,017;179,107;234,033;325,170;833,042;1088,184;1135,210;1180,167
168:0,017;149,005;209,036;249,260;466,123;522,226;578,069;712,188;1150,189
169:0,017;234,033;296,031;365,200;388,121;493,035;571,204;908,245;1087,030
170:0,017;209,036;251,038;296,031;378,189;471,150;833,042
171:0,018;145,165;224,039;385,262;458,180;463,237;556,239;826,144
172:0,018;56,187;145,165;344,071;715,091;720,254;738,053;748,017;828,257;916,241
173:0,018;151,256;178,008;200,153;217,013;224,039;278,047;391,271;748,017;849,085;1130,075
174:0,018;133,196;402,054;410,016;600,173;748,017;820,046;966,168
175:0,018;224,039;289,193;332,073;600,093;748,017;842,142
176:0,018;55,270;134,008;148,262;436,137
177:0,018;151,256;805,089;859,216;908,136;962,030;1035,117;1046,202
178:0,018;193,155;224,039;286,016;461,035;604,217;649,156;979,074;1035,117;1136,248
179:0,018;56,187;190,008;404,201;464,121;581,045;619,218;748,017;1031,207
180:0,018;148,262;220,014;226,268;748,017;816,160;838,053;992,159
181:0,019;319,193;666,200
182:0,019;318,268;348,246;398,146;570,121;842,069
183:0,019;440,105;538,200;559,248
184:0,019;273,054;447,136;452,262;495,270;638,053;912,211;974,167
185:0,019;495,270;537,069
186:0,019;353,120;708,165;949,239;1029,227
187:0,019;296,212
188:0,019;313,135;1007,074;1098,201;1194,077
189:0,019;347,129;440,105;645,160;1095,046;1098,201
190:0,019;347,129;1047,069
191:0,020;578,097;610,104;867,229;1053,074
192:0,020;451,248;646,043;709,067;985,232
193:0,020;22,018;200,153;385,047;486,112;535,053;578,097;644,031;748,017;825,168;1016,074
194:0,020;445,178;748,017;860,221
195:0,020;644,031;817,202;900,257
196:0,020;458,246;541,087;543,046;644,031;703,191;817,202;1090,132;1096,168
197:0,020;21,205;130,014;389,123;422,191;644,031;998,131
198:0,020;435,233;593,074;652,202;731,067;842,186;1199,072
199:0,020;417,207;462,064;738,099;805,048;874,246
200:0,020;422,191;581,105
