001:0,001;202,175;361,019;1002,057;1040,149;1053,069;1119,077
002:0,001;361,019;1116,067;1138,087
003:0,001;380,256;852,045;919,163
004:0,001;361,019;892,097;909,198;1053,069;1113,230
005:0,001;361,019;529,050;531,245;1050,209;1053,069
006:0,001;361,019;1138,087
007:0,001;314,064;361,019;1119,077;1152,107;1190,007
008:0,001;361,019;985,156;1002,057;1040,149;1053,069;1152,107
009:0,001;361,019
010:0,001;427,069;441,199;1073,049
011:0,002;134,150;356,242;792,030;894,068;947,131
012:0,002;143,107;305,176;339,048;356,242;371,053;559,002;816,034;1116,269
013:0,002;133,032;214,124;371,053;559,002;758,037;792,030;1026,077;1047,033
014:0,002;145,190;267,051;378,236;559,002;816,034;1047,033;1080,071;1192,181
015:0,002;156,157;267,051;414,056;559,002;731,151;758,037;836,147;989,038;1100,037;1179,247
016:0,002;192,162;559,002;758,037;792,030;816,034;966,010;1080,071;1100,037
017:0,002;145,190;312,096;371,053;559,002;609,116;792,030;816,034;1080,071;1088,158
018:0,002;133,032;225,073;244,081;324,075;559,002;816,034;1002,057;1047,033;1181,166
019:0,002;133,032;192,162;324,075;381,105;403,075;559,002;836,147
020:0,002;166,133;244,081;324,075;371,053;609,116;758,037;799,230;816,034;1088,158
021:0,003;276,244;425,072;517,208;630,204
022:0,003;149,103;350,035;376,055;605,152;988,215
023:0,003;198,111;200,137;285,074;357,092;366,074;425,072;527,093
024:0,003;81,046;111,167;350,035;366,074;435,113;517,208
025:0,003;179,209;311,091;366,074;376,055;409,021;425,072;511,139
026:0,003;149,103;267,051;285,074;350,035;376,055;482,049;630,204;766,139
027:0,003;188,099;285,074;350,035;482,049;533,084;633,225
028:0,003;200,137;285,074;425,072;482,049;511,139;719,069;866,198;1024,045;1113,230
029:0,003;252,225;788,056;988,215;1187,225
030:0,003;198,111;357,092;971,066;1081,263
031:0,004;31,068;48,123;183,210;293,038;387,054;409,021;484,070;734,174;767,272
032:0,004;293,038;298,141;318,054;594,205
033:0,004;156,157;318,054;590,068;748,137
034:0,004;258,077;551,049;748,137;933,141;1042,039
035:0,004;252,034;405,132
036:0,004;183,210;1116,067
037:0,004;247,196;318,054;697,233
038:0,004;48,123;258,077;293,038;298,141
039:0,004;271,196;318,054;563,081
040:0,004;177,213;405,132
041:0,005;25,065;65,220;77,068;392,033;511,104;678,073;981,175
042:0,005;25,065;57,214;370,087;678,073;1024,045;1026,241
043:0,005;65,066;166,221;455,071;581,158;587,080;678,073
044:0,005;31,068;495,275;580,184;621,125
045:0,005;31,068;207,088;455,071;571,040;580,184;658,050;995,170
046:0,005;25,065;31,068;133,032;183,254;362,047;390,123;658,050;1034,082
047:0,005;65,066;187,245;314,064;339,048;370,087;689,042;1141,218
048:0,005;157,241;339,048;418,214;608,187;1024,045;1108,251
049:0,005;25,065;65,066;245,092;252,034;312,096;455,071;587,080;658,050;981,175;1100,037
050:0,005;31,068;418,214;455,071;608,187;658,050;1119,202
051:0,006;478,219;480,271;690,060;752,179;821,008;835,046;875,155;964,037;971,066;1011,043
052:0,006;480,271;821,008;894,068;985,222;1011,043
053:0,006;270,070;302,142;894,068;986,146
054:0,006;383,040;397,062;821,008;876,151;964,037;1026,195
055:0,006;252,034;288,079;413,229;821,008;861,271;1011,043
056:0,006;397,062;829,251;835,046;942,250
057:0,006;413,229;799,171;835,046;839,235
058:0,006;397,062;821,008;835,046;890,177;971,066;1079,101
059:0,006;487,062;821,008;835,046;983,177;1011,043
060:0,006;370,224;397,062;590,068;652,217;821,008;839,235;894,068;964,037;971,066;1026,195
061:0,007;321,112;333,252;539,188;707,013;733,255
062:0,007;188,099;309,047;347,052;707,013;719,069;820,263;879,055;1068,085
063:0,007;333,082;707,013;887,223
064:0,007;329,231;707,013;879,055;987,273
065:0,007;309,047;324,075;347,052;719,069;720,250
066:0,007;309,047;347,052;707,013;737,135;1077,047
067:0,007;299,024;309,047;333,252;347,052;879,055
068:0,007;383,170;707,013;719,069;852,126;1068,085;1090,038
069:0,007;149,074;266,007;321,112;347,052;707,013;941,163;1066,064;1077,047
070:0,007;321,097;383,170;707,013;723,130
071:0,008;225,073;395,220;472,038;473,248;484,070;668,030;714,074;835,098
072:0,008;225,073;472,038;473,176;714,074
073:0,008;196,250;409,021;482,197;714,074
074:0,008;291,180;321,097;409,021;484,070;487,261
075:0,008;312,273;409,021;484,070;767,272;843,074
076:0,008;196,094;225,073;409,021;484,070;714,074
077:0,008;225,073;472,038;528,108;714,074;1107,061
078:0,008;284,249;312,273;409,021;472,038;494,254
079:0,008;65,220;299,024;409,021;487,261
080:0,008;196,094;395,220;832,047;896,122;966,010;1114,241
081:0,009;264,182;428,058;600,074;733,068;832,047;856,259;1173,188
082:0,009;199,031;239,033;261,027;393,059;428,058;705,033;799,171;832,047;950,089
083:0,009;149,074;261,027;300,193;428,058;733,068;856,259
084:0,009;239,033;300,193;393,059;539,188;562,123
085:0,009;197,201;239,033;283,167;733,068;847,101
086:0,009;184,271;199,031;261,027;346,039;393,059;403,038;428,058;705,033;733,068;1173,188
087:0,009;199,031;261,027;296,240;329,230;393,059;403,038;433,089;600,074;705,033;773,213;1042,039
088:0,009;57,214;149,074;305,176;403,038;428,058;600,074;701,248
089:0,009;149,074;261,027;329,230;428,058;447,152;531,050;559,002;580,160;600,074;778,254;1077,047
090:0,009;199,031;239,033;341,105;403,038;585,083;832,047;876,202;951,052;1160,151
091:0,010;174,202;951,052;995,275
092:0,010;164,037;300,059;332,117;541,009;714,074;728,168
093:0,010;164,037;339,159;361,019;421,213;493,136;541,009;705,033;822,186
094:0,010;164,037;280,035;492,149;541,009;731,151
095:0,010;155,044;344,013;452,062;493,136;541,009;745,080;1090,038
096:0,010;155,044;164,037;278,140;280,035;362,047;533,206;541,009;729,190;1090,038
097:0,010;155,044;279,259;362,047;541,009;745,080
098:0,010;184,192;280,035;332,117;362,047;569,143
099:0,010;156,219;541,009;785,096
100:0,010;155,044;362,047;561,162;569,058;734,177;822,186;1090,038
101:0,011;280,035;299,024;346,039;677,124;1081,263
102:0,011;299,024;321,107;514,027;739,091
103:0,011;267,051;346,039;514,027;690,060;777,145
104:0,011;311,138;346,039;750,200
105:0,011;290,213;299,024;382,134;514,027;690,060;828,029;892,097
106:0,011;299,024;314,064;324,269
107:0,011;82,090;514,036;536,147;739,091;821,008;828,029;885,190
108:0,011;164,037;299,024;314,064;315,260;418,107;514,027;693,258;701,248;788,056;855,219
109:0,011;293,053;299,024;315,260;690,060;788,056;828,029;878,262
110:0,011;350,139;376,055;437,174;514,036;581,136;788,056;828,029;861,271
111:0,012;82,090;403,075;519,026;707,013;741,138;810,061;1048,244
112:0,012;448,157;537,006;800,072;810,061;1090,094
113:0,012;429,147;572,040;638,049;643,161;741,053;800,072;852,117;1042,039
114:0,012;392,033;509,100;519,026;662,063;810,061;1077,159
115:0,012;288,079;336,138;482,049;519,026;662,063;800,072;852,117;1048,244;1090,094
116:0,012;410,245;561,082;830,120;864,109;1127,148
117:0,012;392,033;403,075;577,128;1042,039
118:0,012;403,075;647,259;741,138;800,072;830,120
119:0,012;403,075;409,021;643,161;662,063;778,193
120:0,012;392,033;519,026;864,109
121:0,013;437,159;541,009;741,053;867,206;966,010;1078,116
122:0,013;387,240;552,043;614,190;788,035;1060,272
123:0,013;374,032;404,233;552,043;571,040;732,260;810,061;1002,057;1035,086
124:0,013;366,074;404,233;441,103;571,040;713,200;719,069;741,053;921,072;964,037;1046,073
125:0,013;184,192;440,061;571,040;719,069;788,035;841,175;852,045;921,072;1057,157
126:0,013;447,152;552,043;713,200;788,035;835,046;858,231;921,072;1113,136
127:0,013;379,079;437,159;440,061;571,040;689,042;751,209
128:0,013;400,232;552,043;571,040;737,123;788,035;858,231;921,072;1018,187;1046,073
129:0,013;293,038;335,161;440,061;571,040;732,260;741,053;852,045;939,174;1046,073
130:0,013;418,052;440,061;561,162;741,053;841,175;852,045;939,174
131:0,014;417,253;923,057
132:0,014;456,257;678,073;966,010;1073,049
133:0,014;413,086;551,049;879,055;943,127;1073,049;1080,071
134:0,014;415,143;423,048;510,055;655,219;878,050;906,006;923,057;966,010;995,180;1033,127;1107,049
135:0,014;415,143;514,036;526,055;637,002;923,150;966,010;1047,033;1073,049;1136,133
136:0,014;441,054;624,147;701,049;747,239;923,057;995,180;1066,064;1128,240
137:0,014;109,222;133,003;202,124;423,048;510,055;875,155
138:0,014;170,011;405,073;510,055;693,051;798,150;803,145;844,050;966,010;1100,222;1128,240
139:0,014;291,006;414,056;423,048;461,019;510,055;551,049;923,057;1066,064;1073,049
140:0,014;413,108;423,048;551,049;923,057;951,052;966,010;1066,064;1073,049;1136,133
141:0,015;62,009;74,062;81,046;121,062;289,029;435,005;551,049;939,136;989,038;1186,074;1196,039
142:0,015;75,068;423,236;473,053;621,125;631,036;905,269;923,018
143:0,015;74,062;161,008;253,018;289,029;413,108;447,016;662,188;897,006;1111,180
144:0,015;56,017;289,029;374,032;387,119;435,005;563,081;696,074;704,006;1185,245
145:0,015;51,144;81,046;153,010;199,089;435,005;574,095;631,036;825,078
146:0,015;60,003;92,006;185,008;289,029;434,019;1116,067
147:0,015;71,193;289,029;333,020;381,073;435,005;600,084;829,061;962,206
148:0,015;15,001;74,062;205,254;435,005;574,095;609,018
149:0,015;74,062;199,089;229,012;441,054;631,036;880,170;963,074;989,038
150:0,015;51,144;150,018;278,140;289,029;435,005;557,226
151:0,016;681,089;752,040;1026,010;1106,198
152:0,016;613,191;752,040;1039,159
153:0,016;513,051;729,200;732,152;819,092;828,083;989,038;1045,030;1107,061
154:0,016;678,062;711,002;835,183;1039,159;1045,030;1111,180;1125,067
155:0,016;513,051;581,158;644,006;752,040;1045,030;1116,164
156:0,016;695,121;752,040;778,106;910,006;1045,030;1107,061
157:0,016;81,046;136,151;285,074;513,051;752,040;832,047;971,124;1031,273;1070,070;1174,061
158:0,016;689,042;890,177;1046,073;1083,072
159:0,016;250,014;408,055;454,018;939,136
160:0,016;513,051;695,121;752,040;1032,154;1045,030;1047,033;1068,209;1107,061
161:0,017;311,091;332,274;427,069;435,005;574,263;1076,066;1139,227;1156,037;1195,251
162:0,017;95,126;201,016;314,064;329,172;427,069;475,016;715,253;780,018;951,052
163:0,017;294,235;322,106;420,018;427,069;533,206;892,019;1024,045;1054,265;1139,227
164:0,017;301,238;348,012;412,043;427,069;448,019;762,037;1017,173;1077,047
165:0,017;74,062;202,007;322,106;329,172;412,043;420,018;887,073;926,019;1103,030;1140,201;1170,018
166:0,017;271,149;308,012;394,190;412,043;420,018;631,036;752,018
167:0,017;282,125;420,018
168:0,017;271,149;285,249;394,190;405,171;412,043;420,018;631,036;803,019;1017,173;1179,074
169:0,017;332,274;336,068;375,016;420,018
170:0,017;400,165;420,018;729,019;1116,067
171:0,018;155,044;270,070;274,061;326,272;337,103;547,019;1127,211
172:0,018;278,156;381,006;512,151;529,050;622,193;832,074;894,006;1194,083
173:0,018;270,070;293,053;361,078;482,197;529,050;590,068;717,150;1194,083
174:0,018;274,061;300,059;324,269;374,032;402,231;470,048;618,083;689,042;980,034;1083,072
175:0,018;272,267;300,059;308,006;407,226;627,019;689,042;855,018;1083,072
176:0,018;326,272;407,226;422,077;590,068;689,042;947,019;967,010;1121,100;1139,061;1151,067
177:0,018;252,034;274,061;293,053;355,239;371,053;435,005;590,018
178:0,018;270,070;274,061;310,006;370,224;409,019;1129,239
179:0,018;278,156;300,059;374,032;499,242;529,050;570,002;644,262;932,034;1083,072
180:0,018;95,126;293,053;311,016;355,239;361,078;978,019;1127,148
181:0,019;184,014;304,257;377,046;392,051;718,018
182:0,019;332,110;377,046;562,211;567,002;938,100
183:0,019;353,171;460,016;662,063;668,030;806,049;843,070
184:0,019;323,216;383,039;735,251;800,269;843,070;1022,066;1102,116
185:0,019;310,245;377,046;392,051;411,039;668,030;823,018
186:0,019;331,259;414,056;591,158;843,070
187:0,019;304,257;414,056;581,264;668,030;740,002;835,098;843,070
188:0,019;329,231;345,001;392,051;420,018;557,016;657,027;690,060;735,251;829,050;835,018;843,070
189:0,019;332,110;353,171;377,046;392,051;414,056;420,018
190:0,019;293,038;310,232;339,048;366,052;392,051;414,056;581,264;668,030;774,122;915,055;971,066;1088,168;1159,072
191:0,020;369,040;452,192;507,005;537,006;1109,208;1190,007
192:0,020;388,074;510,071;537,006;1190,007
193:0,020;65,066;245,102;591,009;752,076
194:0,020;369,040;423,048;537,006;1109,226;1190,007
195:0,020;114,098;369,040;537,006;1156,098
196:0,020;378,166;432,047;513,051;537,006;1108,235;1190,007
197:0,020;369,040;378,166;435,005;492,149;507,134;537,006;919,070;1182,124
198:0,020;383,040;420,018;537,006;848,245;1190,007
199:0,020;383,040;412,043;537,006;1100,037;1190,007
200:0,020;383,040;474,257;479,018;1190,007
