001:0,001;157,204;296,227;367,080
002:0,001;15,213;751,032
003:0,001;153,107;284,070;502,153;526,061;575,243
004:0,001;7,238;35,080;751,032
005:0,001;15,213
006:0,001;7,238;114,039;284,070;851,182;992,173
007:0,001;35,080;43,027;127,165
008:0,001;28,150;284,070;431,235
009:0,001;8,202;150,208;751,032
010:0,001;43,027;107,054;296,227
011:0,002;11,072;115,178
012:0,002;11,072;60,234
013:0,002;150,192
014:0,002;13,209
015:0,002;11,072;42,143;55,131
016:0,002;11,072;33,190
017:0,002;11,129
018:0,002;19,186;192,222;434,187
019:0,002;27,174
020:0,002;33,190
021:0,003;119,095;493,123
022:0,003;78,188;126,082;682,231
023:0,003;78,151;526,061;682,231;751,032;753,030;818,118;954,229
024:0,003;65,108;526,061;724,229
025:0,003;82,099
026:0,003;68,207
027:0,003;82,099;119,095;526,061;607,148
028:0,003;126,082;695,062;798,253
029:0,003;27,174;759,116;800,192
030:0,003;78,151
031:0,004;65,252;176,240;460,089;842,062;1023,155
032:0,004;46,089
033:0,004;11,264
034:0,004;11,264;842,062;1061,200
035:0,004;69,222;842,062;1060,231
036:0,004;65,252
037:0,004;89,206;321,052;386,105
038:0,004;60,103;109,156;386,105;511,045;560,214
039:0,004;46,089;193,032;255,141
040:0,004;109,156
041:0,005;105,249;1194,072
042:0,005;86,242;660,224
043:0,005;144,094
044:0,005;146,173;739,102
045:0,005;92,171;1194,072
046:0,005;129,037;153,269;182,117;1194,072
047:0,005;5,116;1194,072
048:0,005;119,241;1194,072
049:0,005;5,230
050:0,005;75,102
051:0,006;37,127
052:0,006;37,127;107,054;150,208
053:0,006;101,169;538,245
054:0,006;151,090;153,074;439,206
055:0,006;159,164
056:0,006;131,245;502,153
057:0,006;101,169;651,078
058:0,006;131,245
059:0,006;90,216
060:0,006;103,126
061:0,007;236,191
062:0,007;321,052;493,123
063:0,007;241,132;909,059;1072,211
064:0,007;114,039;515,071;647,183
065:0,007;254,183
066:0,007;241,132;376,247;493,189
067:0,007;114,039;471,186
068:0,007;243,233;689,217;1042,264
069:0,007;236,191;1010,139
070:0,007;114,039;410,162;429,027;493,189
071:0,008;13,209;201,027;270,258
072:0,008;201,027;279,221;281,160;290,026;379,057;1138,061
073:0,008;216,219;1016,057;1143,118
074:0,008;152,090;193,032;201,027;281,160;290,026;379,057;753,030;837,086
075:0,008;178,110;263,196;616,067;672,256
076:0,008;178,110
077:0,008;175,076;269,063;270,258;290,026;786,205;1166,135
078:0,008;201,027;263,196;290,026;312,239;753,030;992,079;1082,258;1138,061
079:0,008;178,259;379,057
080:0,008;221,232;269,063;280,273;379,057;1138,061
081:0,009;78,198;275,065;501,175;730,117;921,147;926,215
082:0,009;184,068;192,115;751,032;926,215
083:0,009;136,236;221,220
084:0,009;184,068;193,032;275,065;1138,205
085:0,009;193,032;259,124
086:0,009;184,068;193,032;197,112
087:0,009;180,123;193,032;275,065;1012,149
088:0,009;184,068;259,124;275,065;1139,089
089:0,009;182,170;354,107;933,117;966,212
090:0,009;184,068;221,220
091:0,010;196,175;399,026;740,272;918,041;1062,270;1102,153
092:0,010;63,155;64,201;202,031;373,093;399,026;734,275;975,079;987,059
093:0,010;105,108;202,031;273,056;405,232;478,094;816,032;823,206;929,226;987,059
094:0,010;59,093;202,031;276,263;918,041;1099,163
095:0,010;64,201;202,031;230,269;393,050;466,250;918,041;992,263
096:0,010;13,129;399,026;552,108;831,254;987,059;1005,129
097:0,010;43,027;107,054;162,234;202,031;399,026;734,275;987,059;1009,216;1062,270
098:0,010;59,093;396,117;674,126
099:0,010;152,228;196,175;399,026;788,178;918,041;929,226;987,059;988,223;1198,257
100:0,010;138,178;202,031;461,111
101:0,011;204,073;467,120;1071,147
102:0,011;173,219;238,254;755,248;902,217
103:0,011;371,200
104:0,011;424,140;429,027;569,249;753,030;907,079
105:0,011;110,218
106:0,011;471,114
107:0,011;376,247;385,132;429,027;562,159
108:0,011;107,054;163,122;471,114
109:0,011;562,159
110:0,011;429,027;575,093
111:0,012;88,048;210,193;222,168
112:0,012;222,168;329,171;339,181
113:0,012;339,181;695,062;1041,236
114:0,012;645,201;717,031;857,128
115:0,012;506,173;1144,258
116:0,012;521,243;523,247;645,201;695,062;717,031;856,272
117:0,012;523,247;528,142;857,128;901,131
118:0,012;695,062;717,031;796,145
119:0,012;155,120;493,168
120:0,012;528,142;717,031;770,212;1010,032;1038,248
121:0,013;173,033;269,063;273,056;349,193;614,263;775,142
122:0,013;173,033;274,231;439,206;643,246;969,188
123:0,013;202,262;333,135
124:0,013;129,037;173,033;372,209;490,180;552,273;642,223;851,080;1039,078
125:0,013;17,228;43,027;52,102;129,037;179,099;269,063;435,232;845,208;1133,223
126:0,013;129,037;173,230;193,007;271,170;616,067;643,246;1149,157
127:0,013;221,239;289,158
128:0,013;173,033;269,063;289,158
129:0,013;235,180
130:0,013;163,217;173,033;312,162
131:0,014;138,133;273,056;544,027;593,088
132:0,014;6,135;342,168;359,273
133:0,014;30,137
134:0,014;30,018;208,027;222,033;348,121;1112,172
135:0,014;72,180;297,026;446,043;458,188;540,057;552,232
136:0,014;30,197;171,016;273,056;354,115
137:0,014;6,135;113,013;155,120;225,102;480,193;752,065;849,232;943,150;1076,120
138:0,014;39,016;286,216;781,048;980,175;1182,094
139:0,014;92,121;273,056;348,121;427,183;466,165;782,156;818,165;1193,224
140:0,014;30,137;249,133
141:0,015;56,177;321,052;413,057;461,147;901,118;1181,212
142:0,015;42,143;76,007;271,037;515,071;674,145;909,059;936,243
143:0,015;87,007;108,125;153,074;242,039;321,052;396,187;414,036;461,147;515,071;671,254;879,121
144:0,015;341,234;408,057;504,242;674,145;744,151;759,233;900,032
145:0,015;55,131;142,163;153,074;338,244;388,226;515,071;850,230;873,188
146:0,015;108,125;271,037;388,226;414,036;438,086;1026,204;1040,120
147:0,015;47,148;58,018;271,037;375,085;960,057;1009,090
148:0,015;47,148;158,011;414,036;511,223;909,059
149:0,015;123,163;153,074;410,187;484,188;909,059
150:0,015;107,173;312,012;414,036;438,086;505,050;511,223;603,222
151:0,016;117,253;204,073;221,205;255,011;452,069;628,262;698,204;705,124
152:0,016;204,073;452,069;467,065;809,050;929,139;1139,101
153:0,016;79,122;452,069;476,148
154:0,016;117,253;127,216;201,016;204,073;238,235;284,070;413,012;566,100;684,101;760,256;770,212;843,249;846,171;1144,105
155:0,016;204,073;412,081;438,120;458,129;482,132;600,186
156:0,016;262,090;908,057;947,089;1107,048
157:0,016;211,270;290,204;775,164;842,062;1036,214;1107,048
158:0,016;204,073;441,175
159:0,016;289,124;345,090;491,196;1107,048
160:0,016;181,117;309,070;360,011;408,101;566,100;896,107
161:0,017;88,048;186,148;573,057
162:0,017;64,269;69,222;130,197;781,048;865,150
163:0,017;63,165;276,263;477,131;550,156;647,147
164:0,017;69,186;304,039;372,112;404,224;552,234;624,144;781,048;810,032;878,101;1162,155
165:0,017;124,144
166:0,017;186,126;197,011;425,178;537,172
167:0,017;88,048;201,262;781,048;1000,205;1015,213
168:0,017;64,269
169:0,017;83,177;88,048;140,043;523,104;795,240;1004,115;1085,077;1113,193;1163,090
170:0,017;95,217;783,175;862,222;1028,241
171:0,018;171,250;511,045;651,078;982,108;1107,048
172:0,018;244,112;280,219;284,112;367,116;368,207;384,144;511,045;616,188;867,216;895,180;938,218
173:0,018;174,164;478,065;511,045;616,067;659,230;818,098;854,077;940,207;951,116
174:0,018;197,207;240,012;516,194
175:0,018;178,077
176:0,018;92,171;123,148;349,252;561,254;616,067;707,122;851,182;995,240
177:0,018;171,107;667,240;734,193
178:0,018;79,122;98,016;211,270;478,141;623,243;875,241;888,085;958,137;1112,214
179:0,018;171,250;363,270;629,067;707,122;721,090;786,205;929,101;983,214;1014,252
180:0,018;17,228;182,011;189,084
181:0,019;6,254;54,255;78,012;298,050;883,028;1037,157
182:0,019;6,248;1069,135;1163,048;1200,266
183:0,019;45,084;234,033;298,050;897,174;1062,065;1071,257
184:0,019;54,255
185:0,019;56,152;298,050;988,162;1163,208
186:0,019;27,123;479,027;561,101;883,028;927,090;983,246
187:0,019;22,072;65,224;931,249
188:0,019;14,005;45,084;92,121;258,080;298,050;859,236;883,028;928,099;1053,142;1181,149
189:0,019;6,254;480,200;790,162;883,028;927,090;1138,207
190:0,019;95,240;150,018;211,206;372,043;409,050;667,108;1075,093;1179,110
191:0,020;60,133;185,253;843,065
192:0,020;60,239;140,043;523,228
193:0,020;60,239
194:0,020;89,206;140,043;535,153;1081,144;1167,206
195:0,020;140,043;536,098
196:0,020;89,016;136,236;140,043;343,219;452,069;477,255;503,233;786,235;838,194;847,151
197:0,020;75,081
198:0,020;176,240;877,100
199:0,020;49,200;346,012;412,043;583,263;601,192;726,204
200:0,020;75,081;271,037;363,172;760,254;766,077;779,065;1138,061
