001:0,001;165,073;167,088;184,238
002:0,001;179,069;221,186;222,044;410,187
003:0,001;165,073;230,080;464,035;881,083
004:0,001;149,191;464,035;712,184
005:0,001;12,109;179,069;256,264;438,112;881,083
006:0,001;179,069;222,044;263,026;364,181;411,073;526,027;713,151
007:0,001;203,222;222,044;263,026;357,243
008:0,001;361,201;937,032;938,269
009:0,001;263,026;346,023;351,188;464,035;528,076;846,228;910,201
010:0,001;179,069;222,044;308,045;410,187;526,027;614,174
011:0,002;411,073;610,152;639,052;759,231;989,043
012:0,002;481,111;534,053;787,214;872,259;1163,070
013:0,002;430,162;481,111;1163,070
014:0,002;411,073;536,203;562,273;578,066
015:0,002;382,071;411,073;532,178;534,053;570,210
016:0,002;375,074;578,066
017:0,002;534,053;570,210;578,066
018:0,002;534,053;578,066;989,043
019:0,002;430,162;534,053;562,273;578,066;1163,070
020:0,002;430,171;610,152;1163,070
021:0,003;361,036
022:0,003;551,168
023:0,003;101,075;133,108;361,036
024:0,003;361,036
025:0,003;181,065;431,163;686,070;687,178
026:0,003;375,268
027:0,003;361,036
028:0,003;361,036;455,007;459,103
029:0,003;361,036
030:0,003;346,023;361,036;431,163;551,168
031:0,004;54,054;185,029;346,023;371,129;802,063
032:0,004;46,035;203,169;207,106;400,052;564,175
033:0,004;46,035;166,253;182,051;671,156;802,063
034:0,004;40,218;185,029;346,023;448,097;747,269
035:0,004;54,054;207,106;400,052;491,146;816,063;1157,141
036:0,004;43,174;46,035;185,029;346,023;400,052;445,176
037:0,004;144,035;169,146;802,063
038:0,004;40,101;182,051;346,023;371,129;671,156
039:0,004;54,054;182,051;334,101;400,052;747,269;802,063;831,171
040:0,004;44,218;54,054;182,051;203,169;332,039;334,101;346,023;445,176
041:0,005;221,086;350,040;446,159;455,007;463,212;522,188;628,041;724,196
042:0,005;201,176;290,234;455,007;467,256
043:0,005;181,065;290,166;535,271;628,041;854,199
044:0,005;181,065;290,166;687,178;1172,102
045:0,005;181,065;316,167;341,057;430,135;455,007;470,180
046:0,005;105,083;455,007;526,027;562,189
047:0,005;225,194;446,159;470,180;756,183
048:0,005;182,065;290,234;455,007;535,271;628,041;756,183
049:0,005;185,029;222,147
050:0,005;105,083;222,147;455,007;467,256
051:0,006;62,265;87,210;104,028;190,240;631,028;1064,169
052:0,006;87,210;98,029;104,028;142,216;193,060;501,206;553,046;563,032;684,260;862,039;900,071;1141,173
053:0,006;167,088;448,206;631,028;994,027;1177,085
054:0,006;193,060;488,121;631,028;900,071;1121,095
055:0,006;98,029;127,195;193,060;553,046;563,032;631,028;862,039;980,264;1133,133
056:0,006;104,028;255,163;265,043;359,102;563,032;653,206
057:0,006;255,163;265,043;359,102;631,028;799,064;994,027;1133,133
058:0,006;98,029;142,216;265,043;488,121;553,046;799,064;932,127;994,027
059:0,006;62,265;98,029;136,084;265,043;346,023;387,184;862,039;900,071;1124,007
060:0,006;92,241;104,028;193,060;563,032;631,028;673,268;748,111;799,064;994,027;1143,153
061:0,007;332,030;398,244;438,031
062:0,007;46,035;338,112;838,145
063:0,007;332,030;371,190;438,031;506,222
064:0,007;438,031
065:0,007;405,033;438,031
066:0,007;321,068;359,082
067:0,007;92,207;321,068;384,045;516,026;765,119;985,217;1150,148
068:0,007;321,068;332,030;458,174;745,257;787,214
069:0,007;321,068;391,096;398,244;405,033;458,174;469,082
070:0,007;325,145;900,071
071:0,008;122,027;399,155;405,033;532,255;989,042
072:0,008;10,142;122,027;164,127;306,089;332,030;350,040;686,070;808,089;989,042
073:0,008;178,072;179,069;223,105;261,052;379,252;876,040;1199,139
074:0,008;160,251;876,040;989,042
075:0,008;213,148;237,078;686,070;846,228
076:0,008;122,027;141,038;198,051;350,040;801,125;806,261
077:0,008;101,075;109,158
078:0,008;122,027;237,078;801,125;876,040;989,042
079:0,008;138,093;141,038;178,072;208,127;350,040;573,173
080:0,008;141,038;178,072;272,086;350,040;806,261
081:0,009;139,067;349,070;491,235
082:0,009;349,070;389,040;574,203;807,077;895,122
083:0,009;328,029;352,237
084:0,009;40,101;326,263;753,077
085:0,009;221,186;349,070;426,218
086:0,009;306,089;312,217;375,199;464,122
087:0,009;305,067;448,206;453,203
088:0,009;320,275
089:0,009;326,263
090:0,009;428,122;665,255
091:0,010;161,149
092:0,010;206,055;455,007;499,204;735,075
093:0,010;183,167;994,027;1057,199
094:0,010;165,073;177,253;206,055;438,031;1185,141
095:0,010;231,218;391,272;799,064;1023,194
096:0,010;179,161;206,055;391,272;461,075
097:0,010;184,204
098:0,010;223,105
099:0,010;182,237;206,055;451,073;454,275;461,075
100:0,010;336,128;461,075
101:0,011;68,136;98,029;356,231;375,074;665,037;801,242
102:0,011;121,050;349,070;356,231;659,068;900,060;989,043;1108,154
103:0,011;64,120;121,050;355,262;659,068;900,060;989,043
104:0,011;6,201;375,074;665,037;876,040;900,060;1016,236
105:0,011;6,201;355,262;538,198;665,037;989,043;1151,096
106:0,011;67,260;121,050;375,074;659,068;966,038
107:0,011;67,260
108:0,011;64,120;165,095;181,113;232,048;512,131;665,037;821,220;966,038
109:0,011;65,035;121,050;461,198
110:0,011;89,122;375,074;665,037;882,031;900,060;947,093;966,038
111:0,012;5,219;341,057;611,031;849,191
112:0,012;139,067;147,206;344,164;361,158;434,201;533,113;548,027;657,196;941,156;1127,238
113:0,012;138,108;140,263;263,026;341,057;399,155;526,027;604,094;605,045;765,102
114:0,012;190,180;308,045;341,057;720,117
115:0,012;173,270;214,209;332,039;344,164
116:0,012;140,263;316,045;576,188
117:0,012;127,195;165,073;214,209;332,039;720,117
118:0,012;165,095;190,180;341,057;514,239
119:0,012;73,046;178,072;234,172;332,039;350,040;435,133;553,046;604,175;1072,063
120:0,012;236,195;430,135
121:0,013;85,113;92,241;862,039;887,154;937,032;1124,007;1126,125
122:0,013;129,188;369,161;520,162;695,067;816,099;937,032;1134,131
123:0,013;232,048;516,026;694,223;695,067;779,132
124:0,013;73,046;257,192;695,067;887,154;1134,131
125:0,013;61,228;232,048;516,026;786,234;816,099
126:0,013;85,113
127:0,013;73,046;184,238;232,048;516,026;916,273
128:0,013;149,191;206,211;304,054;551,241;620,026;644,091;937,032
129:0,013;87,196;504,091;516,026;779,132;797,174
130:0,013;61,228;73,046;206,211;234,172;513,058;516,026;851,193;937,032;1141,215
131:0,014;145,198;261,052;369,169;628,110;647,070;700,229
132:0,014;186,123;261,052;335,110;418,037;621,217;719,053;753,077;762,087
133:0,014;145,198;148,221;261,052;310,241;418,037;575,027;588,092;647,070;670,094
134:0,014;43,174;186,123;428,052;628,110;719,053;795,091
135:0,014;101,075;128,255;647,070;671,208;862,088
136:0,014;148,221;241,048;551,221;653,206;719,053;966,038
137:0,014;149,242;270,123;418,037;464,035;665,037;695,067;719,053;862,088;943,198;1011,147;1066,184
138:0,014;149,242;335,110;551,221
139:0,014;42,019;143,035;240,145;271,211;717,251;1029,099;1179,215
140:0,014;141,038;268,112;418,037;659,068;853,036;1142,171
141:0,015;99,258;116,196;168,007;304,054;418,236;794,037;885,039;1004,130
142:0,015;156,237;483,148;579,017;847,061;983,170
143:0,015;111,063;229,017;534,053;602,158;638,164;671,152;723,222;790,227;847,061;1066,128;1199,139
144:0,015;101,075;104,145;304,054;489,150;600,062;717,179
145:0,015;101,087;827,037;847,061;948,263
146:0,015;111,063;400,213;600,062;729,167;874,240;1137,038
147:0,015;101,075;157,084;228,017;253,019;482,235;600,062;908,157;998,066;1180,031
148:0,015;104,145;111,063;186,121;304,054;400,213;520,192;600,062;715,017
149:0,015;111,063;297,204;470,264;908,157;958,119
150:0,015;103,082;290,017;489,150;518,040;698,198;919,251
151:0,016;10,047;63,246;97,148;504,018;665,275;956,204;1106,071
152:0,016;21,018;29,217;68,220;187,130;193,060;222,228;382,071;446,018;488,059;596,102;694,056;955,233
153:0,016;10,047;50,014;157,003;301,055;444,052;597,125;650,162
154:0,016;10,047;52,013;152,001;222,044;280,173;391,045;589,138;703,259;1117,056
155:0,016;10,047;54,008;187,130;367,229;597,125;678,040;686,070;694,056
156:0,016;10,142;128,203;173,017;257,192;302,207;321,007;382,071;503,048;605,045;703,259;866,103;1004,027;1136,043
157:0,016;10,047;128,203;482,258;605,045;694,056
158:0,016;29,217;253,018;382,071;419,128;429,055;605,045;769,056
159:0,016;63,246;126,054;211,227;974,132;1062,113;1113,056
160:0,016;10,047;68,220;141,035;184,051;367,229;369,018;553,076
161:0,017;647,070;652,017;1177,085
162:0,017;304,043;309,199;450,188;564,240;1073,205
163:0,017
164:0,017;463,212
165:0,017
166:0,017;670,094;936,158;1075,237;1146,259
167:0,017;857,097
168:0,017;847,061;963,152
169:0,017;361,036;405,033;504,091;570,017
170:0,017
171:0,018;562,151;639,052;775,109;811,069
172:0,018;433,073;543,179;847,242;889,064;1008,235
173:0,018;606,257;811,069
174:0,018;308,045;425,211;587,231;639,052;829,132;920,190;1005,196;1013,145
175:0,018;571,148
176:0,018;545,031;582,268;651,238;811,069
177:0,018;547,252;705,210;775,109;811,069
178:0,018;156,241;164,218;308,045;562,151;639,052;829,190
179:0,018;639,052;811,069
180:0,018;596,227;654,066;1139,222;1176,087
181:0,019;411,065;479,030;499,205;620,113;663,017;672,126;1124,007;1140,267
182:0,019;422,265;488,059;499,205;1124,007;1155,149
183:0,019;411,065;488,059;672,126;854,068;943,220
184:0,019;409,221;479,030;488,059;558,046;589,131;683,068;925,166
185:0,019;181,065;227,019;411,065;461,075;887,040;895,017;1124,007;1132,218
186:0,019;409,221;411,065;479,030;488,059;619,191;1092,103;1124,007;1152,123
187:0,019;426,224;488,059;617,243;651,205;763,236;791,129;886,063
188:0,019;480,017;1124,007;1144,150;1152,123
189:0,019;426,224;479,030;680,102;813,268;920,227;1077,071;1124,007;1186,273
190:0,019;99,258;526,035;709,096;901,075;1197,017
191:0,020;145,204;259,264;513,058;521,270;948,031
192:0,020;97,002;139,067;473,184;583,075;709,138
193:0,020;139,067;177,009;312,217
194:0,020;97,148;136,019;449,249
195:0,020;98,178;111,014;139,067;318,138;465,017
196:0,020;197,108;513,058;579,166;1098,036;1181,070
197:0,020;81,001;98,178;573,017
198:0,020;374,198;494,249;628,041;694,056;1162,017
199:0,020;83,007;139,067;369,161;521,270;598,159;903,031;1103,084
200:0,020;181,173;513,058;598,159;641,017;952,105;1157,191
