001:0,001;135,046;199,054;319,066;326,063;346,066;399,059;496,143
002:0,001;188,076;319,066;331,185
003:0,001;199,054;295,084;399,059;491,248;623,103;971,038;982,069
004:0,001;145,229;311,061;319,066;331,097;971,038;982,069
005:0,001;188,076;971,038;1000,128
006:0,001;135,046;232,103;399,059;411,152;416,189;635,229;982,069
007:0,001;137,153;339,066;416,189;982,069
008:0,001;145,229;751,103
009:0,001;199,054;286,080
010:0,001;135,046;199,054;305,232;971,038;1048,085
011:0,002;73,245;79,051;409,221
012:0,002;79,051;477,130;983,038;985,204
013:0,002;90,144
014:0,002;90,144;400,060;463,081;985,204
015:0,002;34,123
016:0,002;73,245;839,033;915,198;983,038
017:0,002;79,051;400,060;463,081;983,038
018:0,002;34,123;79,051;409,221;915,042;983,038
019:0,002;165,211
020:0,002;90,149;131,245;165,211;529,184;842,260
021:0,003;875,216;1128,028;1195,113
022:0,003;399,059;513,134;1128,028;1198,039
023:0,003;142,031;174,227;430,062;524,274;865,036;1007,098
024:0,003;718,231;792,031;949,135;1198,039
025:0,003;174,227;513,134
026:0,003;879,228
027:0,003;938,273
028:0,003;1198,039
029:0,003;792,031;938,273
030:0,003;792,031;984,090;1128,028
031:0,004;290,058;426,181
032:0,004;289,202;290,058;621,161
033:0,004;312,032;550,046;712,266
034:0,004;312,032;352,055;426,181;1063,234
035:0,004;290,058;410,175;862,029;1063,234
036:0,004;172,038;194,247;312,032;352,055;445,176;583,160;862,029
037:0,004;348,188;437,029;583,160
038:0,004;185,026;211,171
039:0,004;290,058;570,158;611,070;776,242;862,029
040:0,004;306,205;352,055;369,208;862,029
041:0,005;228,237
042:0,005;156,194;311,112;628,074;1049,158
043:0,005;155,243;156,261
044:0,005;156,194;168,182;628,074;1111,187
045:0,005;204,258
046:0,005;184,268;534,123;628,074
047:0,005;156,261
048:0,005;155,243
049:0,005;311,112;628,074;1061,199
050:0,005;180,260
051:0,006;179,052;186,252;216,036;227,032;285,228;430,031;529,184;1154,164
052:0,006;191,233;430,031;589,078
053:0,006;169,039;201,186;357,042;562,058;593,178
054:0,006;216,036;227,032;279,252;430,031;453,030;567,153
055:0,006;161,030;216,036;227,032;231,179;1053,051;1180,122
056:0,006;169,039;186,252;357,042;562,058;644,188;839,033;1053,051;1154,164
057:0,006;169,039;204,183;216,036;253,156;357,042;623,206;839,033;983,232
058:0,006;169,039;216,036;231,179;357,042;644,188;1053,051
059:0,006;83,073;121,085;227,032;430,031;562,058;627,240;839,033;1108,126
060:0,006;164,191;593,178
061:0,007;210,258;213,074;517,033;583,075;636,066;657,246
062:0,007;137,153;154,244;657,246
063:0,007;154,244;196,224;213,074;305,232;453,030;580,194;928,060;1005,236
064:0,007;161,030;263,133
065:0,007;161,030;213,074;431,269;556,038;617,100;806,064;851,062;1072,128;1136,237
066:0,007;95,039;188,141;517,033;574,254;723,078;1062,135
067:0,007;157,216;453,030;481,026;583,075;665,270;1005,236
068:0,007;161,030;213,074;385,148;453,030;517,033;556,038;591,253
069:0,007;169,272;334,065;426,102;517,033;556,038;583,075;680,136
070:0,007;114,224;263,133;311,026;453,030;556,038;583,075;663,225
071:0,008;203,260;278,266;361,057;598,029;636,066;665,265
072:0,008;248,253;361,057
073:0,008;265,119;430,062;551,187;1139,167;1181,118
074:0,008;223,162;361,057
075:0,008;247,264;265,119
076:0,008;188,141;430,062;564,158;665,265
077:0,008;278,266;361,057;430,062;623,103;636,066;681,254
078:0,008;287,140;613,045;719,142;797,057
079:0,008;242,102;260,100;754,270;1090,108
080:0,008;185,026;242,102
081:0,009;515,054;544,037;833,040
082:0,009;213,074;274,189;328,043;339,066;499,143;806,224;833,040
083:0,009;378,139;511,074;570,045
084:0,009;80,161;328,043;340,170;507,073;511,074;515,054;639,076;833,040
085:0,009;88,098;90,149;437,029;570,045
086:0,009;328,043;371,193;515,054;544,037
087:0,009;340,170;544,037;1032,154
088:0,009;378,126;437,029;448,151;507,073;544,037;570,045
089:0,009;328,043;339,066;388,089;437,029;511,074;544,037;824,045
090:0,009;339,066;507,073;558,096;833,040;1032,154
091:0,010;185,026;238,075;334,065;446,047;603,043
092:0,010;54,147;60,010;101,235;227,032;360,220;446,047;603,043
093:0,010;54,147;92,180;334,065;520,223;603,043
094:0,010;89,121;185,026;238,075;354,223
095:0,010;110,095;162,121;318,200;481,026;603,256;870,030;1036,090
096:0,010;79,186;89,121;101,235;172,038;311,118;334,065;481,026;550,046;552,094
097:0,010;79,186;172,038;238,075;380,241;446,047;603,043;646,156
098:0,010;80,161;172,038;185,026;318,200;352,055;441,140;1198,039
099:0,010;110,095;446,047;481,026;640,257
100:0,010;92,180;238,075;267,271;640,257;701,109;988,161;1044,228;1066,133
101:0,011;71,068;184,117;860,055
102:0,011;112,192;163,097;312,032;314,148;453,126;860,055
103:0,011;92,073;118,115;860,055
104:0,011;71,068;190,210
105:0,011;83,073;241,049;266,089
106:0,011;77,042;83,073;251,235
107:0,011;77,042;83,073;333,126;1061,199
108:0,011;71,068;163,097;352,055;432,056;455,251;918,096
109:0,011;118,115;190,210;254,072;415,058;558,096;758,256;806,115
110:0,011;77,042;83,073;184,117
111:0,012;247,264;357,067;428,114;806,130;829,048
112:0,012;135,046;221,100;265,034;267,087;311,026;363,263;611,065;787,045;806,064;892,189
113:0,012;265,034;456,133;757,176;792,274
114:0,012;311,026;465,272;772,048
115:0,012;286,080;289,202;772,048;953,262
116:0,012;360,220;446,047;611,065;772,048
117:0,012;267,087;311,026;490,203;636,066;709,150;779,258;884,106
118:0,012;221,100;254,072;277,099;286,121;465,272;611,065;772,048
119:0,012;254,072;265,034;309,114
120:0,012;265,034;311,026;357,067;611,065;709,150
121:0,013;107,079;484,057;681,004;806,064;928,060;1063,248
122:0,013;111,131;216,036;232,214;270,073;445,176
123:0,013;95,039;103,067;304,163
124:0,013;95,039;103,067;189,256;239,206;270,073;510,215;1051,121
125:0,013;103,067;179,052;245,205;484,057;806,064;882,224
126:0,013;132,139;179,052;239,206;477,130;484,057
127:0,013;103,067;179,052;232,214;510,215;547,185;618,115;721,213;726,153;961,076
128:0,013;77,042;132,139;270,073;462,193;928,060;1016,062
129:0,013;166,167;270,073;586,105;775,197;806,064;865,036;870,030;1077,240
130:0,013;107,079;179,052;285,165;484,057;485,242;570,045;775,197;928,060;1030,225
131:0,014;151,129;164,045;198,029;394,034;710,067;732,112
132:0,014;229,037;258,064;280,251;484,030;493,146
133:0,014;258,064;306,248;394,034;674,228;710,067;712,266;870,030;984,247
134:0,014;198,029;258,064;379,018;394,034;491,083;504,056;741,045;1140,214
135:0,014;203,202;229,037;280,251;340,051;400,060;509,029;534,157;878,045
136:0,014;198,029;357,067;548,224;792,031;975,274;987,119;1058,102;1083,270
137:0,014;164,045;282,224;394,034;671,095;714,215;1123,198;1158,004
138:0,014;36,004;164,045;229,037;331,239;434,018;550,046;605,127
139:0,014;79,051;400,060;491,083;685,041;710,067;729,090;749,240;857,175
140:0,014;164,045;200,162;218,003;394,034;403,018;534,157;578,037;710,067;732,112;818,256;870,030;1123,198
141:0,015;200,162;277,056;602,213;829,032;934,037;1141,062
142:0,015;202,188;204,035;241,049;277,056;829,032;860,055
143:0,015;164,191;241,049;277,056;365,186;439,207;454,229;537,192;789,179;796,185;835,037;1191,004
144:0,015;202,188;204,035;229,037;241,049;359,204;656,003;762,043
145:0,015;231,029;239,004;365,186;857,062
146:0,015;145,217;157,015;217,195;228,059;277,056;847,231
147:0,015;204,035;217,195;277,056;373,018;603,170;829,032;873,040
148:0,015;204,035;254,072;277,056;746,152;898,037
149:0,015;209,207;829,032;901,229;936,216;956,060;971,038
150:0,015;209,207;217,018;277,056;333,180;430,031;491,135;1024,055;1031,271
151:0,016;114,224;126,105;140,255;180,167
152:0,016;153,225;757,095;798,057;1133,060;1198,039
153:0,016;77,042;91,073;387,192;511,268;800,037;915,042;1008,191;1139,037
154:0,016;126,105;198,029;562,058;657,003;923,118
155:0,016;130,156;296,123;387,192;1128,028
156:0,016;130,234;357,067;630,089;654,260;680,186;762,118;943,225;959,040;962,108;1112,037
157:0,016;140,255;179,052;223,029;583,091;652,070;915,042;998,196;1025,092;1054,152;1089,038;1133,060
158:0,016;130,156;166,073;212,243;303,095;785,041;822,152;866,074;915,042;1025,092
159:0,016;128,231;264,268;445,231;558,167;760,140;784,231;859,080;885,097;899,040;950,172;1133,060
160:0,016;128,231;450,214;583,091;673,065;998,196
161:0,017;112,192;229,059;369,208;603,043;1041,088;1091,247;1105,004
162:0,017;145,217;226,127;418,067;498,228;919,048
163:0,017;142,031;199,101;228,059;375,226;968,033;1141,168;1188,038
164:0,017;153,262;225,073;228,059;410,241;950,004
165:0,017;130,009;356,191;387,243;428,167;515,054;762,127;819,244;1082,089;1097,156
166:0,017;189,199;373,065;610,236;615,070;647,004
167:0,017;153,225;277,099;413,060;472,109;595,245;611,070;1041,088
168:0,017;140,212;142,031;226,127;611,070;1063,269;1133,060
169:0,017;71,068;142,031;211,149;228,059;472,109
170:0,017;154,133;182,009;189,199;290,058;517,033;611,070;702,244
171:0,018;550,121
172:0,018;489,206;582,118;662,245;696,070;1067,235
173:0,018;143,014;201,012;315,079;330,228;394,034;646,233;723,041;761,004;1123,171
174:0,018;550,121;613,118;888,114
175:0,018;278,003;591,090;629,202;990,040
176:0,018;208,041;867,106;890,146;972,221
177:0,018;298,159;567,034;646,233;1169,043
178:0,018;510,091;550,046;591,090;915,042;1054,152
179:0,018;510,091;550,046;582,118;603,170
180:0,018;550,003;916,155
181:0,019;151,129;208,041;918,096;1057,080
182:0,019;168,182;199,101;208,041;851,062
183:0,019;86,090;208,041;217,003;580,194;618,175;622,248;803,041;843,077
184:0,019;16,270;22,008;237,242;263,009;282,224;895,029
185:0,019;99,240;208,041;213,146;220,018;319,066;507,073;598,029;843,077;851,062
186:0,019;112,223;194,247;208,041;871,048
187:0,019;95,039;112,223;131,018;534,076;598,029;671,070;1049,158;1199,243
188:0,019;16,270;749,156;783,245;839,033;1128,028
189:0,019;88,098;154,014;225,095;237,242;241,018;387,041;598,029;702,094;818,176;851,062
190:0,019;124,086;201,026;587,168
191:0,020;293,093;311,061;342,267;465,003;598,004
192:0,020;311,061;326,063;359,003;521,120;764,171;766,037;865,036;918,030;1053,051;1109,264
193:0,020;210,104;299,098;1038,172;1190,028
194:0,020;210,104;238,009;253,020;258,064;311,061;334,264;598,004
195:0,020;342,267;443,144;448,127;474,030;598,004;666,161;865,036;930,191;1184,069
196:0,020;79,017;138,020;326,063;356,113;462,186;598,004
197:0,020;78,014;191,020;356,113;598,004
198:0,020;299,098;308,206;311,061;347,098;399,156;499,018;559,274;598,004
199:0,020;275,032;317,259;326,063;399,156;598,004;1065,256
200:0,020;317,259;511,074;537,218;598,004;747,216;897,130
