001:0,001;149,073;152,030;402,091
002:0,001;213,102;298,158
003:0,001;208,176;474,050;542,237
004:0,001;35,123;557,235
005:0,001;152,030;298,158
006:0,001;300,120
007:0,001;35,123;152,030;258,051;402,091
008:0,001;152,030;213,102;542,237
009:0,001;224,227;287,032;376,242;509,192
010:0,001;152,030;203,097
011:0,002;8,027;188,122;844,064
012:0,002;113,104;188,122
013:0,002;8,027;113,104;971,133
014:0,002;52,226;839,141;844,064;1128,205
015:0,002;14,065;70,149;93,100
016:0,002;8,027;38,115;844,064
017:0,002;14,065;59,233;193,238;287,115;827,033;971,133
018:0,002;93,100
019:0,002;24,273;543,036;557,086;1185,180
020:0,002;14,065;29,190
021:0,003;14,065;103,265
022:0,003;185,163
023:0,003;54,148;432,035;582,129
024:0,003;28,178
025:0,003;59,258
026:0,003;67,089
027:0,003;59,258;134,005;432,035;481,192;963,169;1012,191;1198,239
028:0,003;54,148;353,065;411,112;833,082;1041,163
029:0,003;28,178;305,265;432,035;523,101
030:0,003;35,207
031:0,004;49,239;469,073
032:0,004;83,238;483,082
033:0,004;51,127;258,051;457,274;469,073
034:0,004;30,105;258,051;402,110;466,034;469,073;1149,144
035:0,004;10,058;136,144
036:0,004;10,154;258,051;467,160
037:0,004;10,058;85,044;683,259
038:0,004;17,159;469,073;802,220
039:0,004;10,058;83,238;102,160;258,051;445,239
040:0,004;10,058;102,160;300,026;420,142;466,034;549,073
041:0,005;26,235;276,252;818,168;829,232
042:0,005;14,039;26,235;827,033;829,232
043:0,005;30,161;953,243
044:0,005;19,223;83,066;248,242
045:0,005;14,039;270,217
046:0,005;86,056;100,086
047:0,005;14,039;30,161;83,066;86,056;183,209
048:0,005;100,086;114,211;183,209
049:0,005;14,039;83,066;86,056;114,211;1060,108
050:0,005;86,056;171,250;1071,129
051:0,006;88,164;111,130;528,038;1136,202
052:0,006;111,130;528,038;1166,094
053:0,006;8,027;85,044;246,081
054:0,006;203,097;839,055;929,268
055:0,006;85,044;247,240
056:0,006;15,188;127,171;278,039;528,038
057:0,006;88,164;278,039;433,221;528,038;1157,257
058:0,006;88,272;246,081
059:0,006;85,044;278,039;433,221
060:0,006;289,244;528,038;596,196;962,037;1112,076
061:0,007;113,072;149,073;172,109;746,036;845,255
062:0,007;69,246;134,005;145,043;300,026;578,223;591,147;944,070;1127,082
063:0,007;273,236
064:0,007;134,005;220,214;746,036;958,155
065:0,007;128,269;134,005;205,186
066:0,007;138,087;958,155
067:0,007;134,241
068:0,007;134,005;268,099
069:0,007;5,250;134,005;145,043;149,073;202,195;205,186;268,099;828,161
070:0,007;134,005;149,073;172,109;300,026;513,150;746,036;982,167
071:0,008;32,073;123,173;507,252;539,154
072:0,008;32,073;133,032;141,126;962,037
073:0,008;32,073;233,152;1045,051;1135,216
074:0,008;42,192;47,096;133,032;251,257;353,065;365,119;488,117
075:0,008;47,096;1045,051;1100,260
076:0,008;41,268;149,073;153,098;434,063;454,139
077:0,008;32,073;108,244;439,173;471,120;811,046;962,037
078:0,008;41,268;233,152;858,117;1076,173
079:0,008;42,192;133,032;148,233;962,037
080:0,008;32,073;141,126;247,240;694,198;1045,051;1140,268;1193,220
081:0,009;9,231;17,159;171,028;199,041;315,046
082:0,009;11,101;130,045;166,177;239,061;312,073;315,046
083:0,009;11,101;312,073;318,049;371,169
084:0,009;14,065;23,271;149,260;166,177;171,028;228,210;817,186;1164,160
085:0,009;32,042;103,265;171,028;269,176;999,137
086:0,009;31,144;312,073;315,046;317,159;429,046
087:0,009;98,183;136,272;315,046;753,044;1012,207
088:0,009;32,042;98,183;312,073;325,224
089:0,009;31,239;32,042;149,260;171,028;274,203
090:0,009;35,207;248,103;466,034;581,092
091:0,010;76,189;168,074;915,247
092:0,010;69,107;168,074;351,180;1197,099
093:0,010;52,168;168,074;635,231
094:0,010;10,132;76,189;134,005;137,200;168,074;844,064;1037,255;1110,097
095:0,010;10,154;720,195;827,033;923,239;1037,250;1184,079
096:0,010;137,200;827,033;839,141
097:0,010;20,107;51,127;168,074;366,200
098:0,010;20,107;168,074;1047,251
099:0,010;45,016;52,168;888,036;930,141
100:0,010;10,132;718,059
101:0,011;219,266;287,032;326,179
102:0,011;148,189;467,160;543,252;612,205;1175,063
103:0,011;52,226;83,066;90,141;220,107;1150,211;1175,063
104:0,011;126,171;297,050;342,032;445,166;914,211;1175,063
105:0,011;83,214;161,202;217,159;252,266;905,224;1049,251;1190,139
106:0,011;99,150;297,050;361,078;1052,107
107:0,011;113,108;297,050;326,179;649,107;767,205;1117,113
108:0,011;113,108;361,078;371,218
109:0,011;99,193;287,032;411,138;445,202;550,132;1175,063
110:0,011;220,107;297,050;357,238;697,124
111:0,012;108,244;212,132;291,055;481,161;518,037;718,059;758,103;944,070
112:0,012;67,271;157,049;291,055;352,198;762,156;822,266
113:0,012;32,042;113,072;145,043;157,049;502,225;518,037;718,059;976,264
114:0,012;245,121;261,049;466,034;493,241;518,037;563,196;717,236;965,200
115:0,012;113,072;183,264;718,059;944,070
116:0,012;72,212;291,055;482,108
117:0,012;27,138;677,264
118:0,012;114,084;157,049;473,259
119:0,012;79,220;157,049;291,055;590,123;944,070
120:0,012;113,072;173,143;518,037;677,252;944,070
121:0,013;145,043;169,124;730,233;749,063;932,123
122:0,013;166,153;175,075;276,252;434,063;764,084
123:0,013;175,075;178,267
124:0,013;157,052;175,075;434,063;902,166
125:0,013;178,267;235,080;1049,153
126:0,013;63,077;80,013;235,080
127:0,013;97,113;1108,064
128:0,013;97,113;1119,080;1131,210
129:0,013;157,052;182,131
130:0,013;157,052;175,075;383,189;417,224;434,063;1049,153
131:0,014;12,197;70,054;130,045;519,225;1177,112
132:0,014;24,111;130,045;373,210
133:0,014;12,077
134:0,014;89,174;119,046;239,061;312,089;316,074;473,173;1133,244
135:0,014;21,218;22,198;119,046;366,247
136:0,014;22,198;119,046;386,269;509,026;627,238
137:0,014;143,117;239,061;320,241;331,254;366,247;637,131;833,120;1005,037
138:0,014;16,081;130,045;239,061;331,254;357,051;386,269;982,041;1004,208;1053,241;1093,094
139:0,014;14,103;149,073;323,178;434,063;876,238;1042,161;1090,245;1192,086
140:0,014;10,243;119,046;277,224;358,175;622,109
141:0,015;55,060;70,054;94,143;201,265;239,202;287,032;429,156
142:0,015;64,273;135,202
143:0,015;55,060;111,205;122,115;127,161;220,188
144:0,015;38,006;49,174;111,205;593,188;679,027;751,137;911,252
145:0,015;47,129;55,060;94,143;144,060;243,088;278,039;526,227;922,231
146:0,015;47,129;199,041;371,197;394,207;828,243;979,182;1013,265;1069,168;1085,269
147:0,015;10,266;238,030;243,088;777,129;823,132;915,096;996,152
148:0,015;82,082;144,060;182,225;588,074;671,082;679,027;708,226;1121,236
149:0,015;123,202;144,060;190,141;337,212;679,027;763,173;845,064
150:0,015;55,060;136,175;363,041;375,112;498,265;679,027;854,221;1038,243;1188,084
151:0,016;49,251;105,042;419,162;454,139;551,162;558,202;743,154;913,144;982,103
152:0,016;49,251;86,045;105,042;183,226;222,067;325,055;411,195;884,073
153:0,016;58,027;156,103;815,137
154:0,016;62,203;75,001;144,060;261,036;348,143;746,036;954,114
155:0,016;30,058;203,117;222,067;315,109;369,236;663,217;670,151
156:0,016;76,199;86,045;222,067;329,107;419,162
157:0,016;86,045;108,090;798,176
158:0,016;77,224;86,045;108,090;137,258;1171,255
159:0,016;76,171;105,042;262,151
160:0,016;20,001;86,045;105,042;210,197;860,195
161:0,017;14,156;157,052;241,234
162:0,017;51,122;169,124;228,275;353,065;492,093;740,088
163:0,017;15,237;241,234;541,093;643,242;925,127
164:0,017;16,142;307,227;509,205;665,063;839,055;939,182;1150,070
165:0,017;15,237;183,264;269,154;353,065;447,109;491,126;742,101;902,036;966,078
166:0,017;51,122;169,073;258,126;432,035;443,274;497,127;650,117;839,055;1093,094;1117,117
167:0,017;14,156;123,146;353,065;497,127;878,136;886,168;1084,206;1171,095
168:0,017;20,203;670,197
169:0,017;25,250;179,049;446,244;795,250;1010,184
170:0,017;27,027;123,146;262,151;330,173;401,078;672,063;790,090;839,055;957,073;1085,267;1182,077
171:0,018;70,054;153,245
172:0,018;99,087;188,090;228,064;474,050;639,243;731,267;781,041;1131,128;1189,070
173:0,018;70,224;288,086;303,266;621,184;698,093;753,044;781,041;1178,253
174:0,018;123,275;168,073;228,064;480,274;680,127;752,245;753,044;781,041;1144,230
175:0,018;15,016;138,188;183,101;228,064;525,136;1167,064
176:0,018;123,275;315,186;581,217;645,243;869,127
177:0,018;73,125;300,026;565,231;648,087;834,254;954,046
178:0,018;153,245;241,142;474,050;594,089;781,041;1045,051;1171,095;1180,197
179:0,018;83,214;228,064;465,104;474,050;565,231;604,180;753,044;925,104
180:0,018;99,087;129,046
181:0,019;151,180;199,041;498,123;608,074;701,038;894,099;956,216;1004,092;1011,254
182:0,019;78,216
183:0,019;78,216;133,032;186,183;199,041;543,036;568,112
184:0,019;70,054;283,079;936,190;1048,226
185:0,019;106,196;222,067;307,238;323,032;379,184;1033,169
186:0,019;94,227;335,026;572,254;1188,088
187:0,019;16,081;70,020;83,105;115,190;199,041;466,034;514,249;543,036;691,074;1121,126
188:0,019;43,210;351,275;365,119;543,036;560,233;632,241;854,088;1121,126
189:0,019;326,117;514,249;718,059;878,114;1064,225
190:0,019;59,233;72,212;440,175;779,059;1048,242;1170,191
191:0,020;116,191;1099,123;1142,221
192:0,020;79,220;993,125;1070,162;1174,224
193:0,020;102,223;261,036;509,206;1101,250
194:0,020;82,082;633,274;856,038;904,103
195:0,020;155,170;168,199;261,036;280,047;301,141;746,036;993,125
196:0,020;15,188;235,205;261,036;322,041;591,147;652,160;713,269;1147,037
197:0,020;168,199;280,047;299,163;641,123;856,079
198:0,020;73,125;102,223;207,218;261,036;280,047;406,065;443,117;487,050;557,128;563,096;584,241;618,079;720,231;823,233
199:0,020;110,218;280,047;330,112;384,227;532,037;556,233;557,128
200:0,020;116,191;200,030;371,218;606,092;771,244
