001:0,001;181,251;298,023;348,006;507,080;614,211;1027,233
002:0,001;14,184;159,200;252,088;426,248;601,202;792,205;981,209;1022,112;1137,155;1157,170
003:0,001;170,177;296,142;298,023;337,186;377,127;702,007;743,015;757,114
004:0,001;136,200;154,007;237,105;291,275;298,023;342,266;367,008;419,015;437,199;1172,015
005:0,001;14,184;298,023;326,257;415,094;746,246;792,133;804,215;838,252;884,235
006:0,001;122,020;231,112;298,023;335,261;337,186;461,173;536,163;634,200;918,183
007:0,001;136,200;166,202;191,013;296,142;298,023;320,211;467,162;787,008;804,259;1045,015
008:0,001;177,077;654,177;680,199;867,256;874,132;928,217;1017,203
009:0,001;110,217;893,007;953,203
010:0,001;181,251;198,020;268,013;292,008;298,023;312,241;708,015;729,143;764,186;901,217;924,255;1019,015
011:0,002;161,229;226,113;298,177;389,257;445,269;541,208;740,083;930,174;1169,120
012:0,002;157,087;224,215;319,221;389,150;575,158;580,266;591,162;695,241;758,217;776,127;784,119;902,173;1001,015;1146,008
013:0,002;156,205;240,087;370,225;485,266;585,008;629,103;861,008
014:0,002;156,205;161,012;175,174;380,214;588,160;750,181;843,145
015:0,002;180,116;211,174;365,133;609,255;813,133;867,091;939,008;1125,190;1143,177
016:0,002;154,260;265,232;357,117;593,090;663,252;691,008;775,132
017:0,002;161,229;500,164;643,170;800,093;805,097;857,229;962,008;1129,208;1178,238
018:0,002;158,011;163,012;271,134;474,110;715,269;723,229;835,008
019:0,002;270,017;310,225;417,257;437,135;671,239;956,157
020:0,002;186,150;206,214;271,134;647,117;822,239
021:0,003;19,133;299,008;473,157;669,080;686,137;722,183
022:0,003;21,215;181,086;237,202;239,008;341,080;457,119;505,172;515,240;649,199;658,184;685,253;901,008;1144,144
023:0,003;46,235;151,014;167,185;216,201;347,208;456,015;597,183;907,008;937,084;1032,264;1146,081;1179,212
024:0,003;19,133;82,001;90,168;152,017;181,086;691,112;792,181;807,100;834,015;1012,139;1073,077;1123,164
025:0,003;32,082;194,183;227,080;231,229;270,150;326,184;328,270;393,232;403,087;837,235;878,255;911,008;916,193;1098,175
026:0,003;112,014;238,082;312,133;363,184;629,218;864,084;1067,178
027:0,003;32,082;319,015;383,248;879,155;1039,015;1122,190
028:0,003;22,019;45,010;63,084;75,097;290,269;426,215;566,008;701,162;747,015;985,008;986,238;1002,133;1058,008;1074,110
029:0,003;21,215;110,163;200,206;224,106;265,008;267,253;339,015;532,240;633,233;660,077;679,200;681,212;735,241;973,145;1002,253
030:0,003;74,191;79,088;169,014;173,215;425,266;479,242;542,225;792,241;825,219;956,144
031:0,004;146,245;287,112;627,132;760,208;949,008;982,169;1018,149;1108,219
032:0,004;180,164;391,132;611,198;760,266;963,208;1035,158;1050,208;1127,114
033:0,004;15,174;92,117;439,221;635,097;810,252;1124,160
034:0,004;180,164;343,105;372,217;437,200;491,225;593,132;630,219;822,193;908,270
035:0,004;9,001;15,174;120,087;156,005;190,133;198,245;353,164;430,225;534,086;567,140;1036,015;1131,140
036:0,004;130,275;160,007;193,270;321,245;566,186;601,211;779,208;866,253;949,015;976,119;1042,084;1072,241
037:0,004;146,009;153,234;458,100;460,008;466,162;582,209;672,198;710,140;801,126;895,110;1040,146;1094,168
038:0,004;163,088;364,201;387,093
039:0,004;230,133;372,199;550,186;747,008;1088,225;1190,158
040:0,004;52,012;78,117;346,169;744,091;799,266;813,170
041:0,005;172,132;178,207;439,008;721,168;1083,157;1129,008;1133,198
042:0,005;174,112;186,257;321,246;331,201;380,017;421,104;571,246;887,252;966,132;997,252;1044,225;1100,218
043:0,005;175,091;260,009;356,091;583,211;600,193;628,008;719,221;834,152;1093,212
044:0,005;172,132;190,006;260,090;762,094;820,091;823,129;860,235;910,144;946,112;963,169;967,152;981,103;1024,238
045:0,005;208,088;234,146;268,080;359,160;493,101;881,133;937,210;1111,178;1200,132
046:0,005;174,205;413,193;587,266;662,152;827,174;902,097;912,235;915,119
047:0,005;192,013;265,191;282,252;323,008;414,184;500,106;595,146;618,094;681,007;812,160;851,015;864,097;901,112;906,084;930,267;1139,077
048:0,005;174,112;190,150;303,105;330,104;648,134;768,209;848,266;853,008;916,235;987,158;1167,212;1174,242
049:0,005;186,257;228,090;254,017;312,246;587,133;993,152;1055,259
050:0,005;228,090;563,208;766,007;805,173;973,112;1081,133
051:0,006;479,088;480,007;712,120;846,015;864,267;869,007;1030,120;1046,104;1118,199
052:0,006;480,007;576,177;633,193;749,214;764,008;818,077;1090,112;1187,262
053:0,006;444,202;478,008;480,007;730,200;870,209;960,217;1100,120;1158,097
054:0,006;480,007;754,225;860,114;908,007;1084,097;1085,171
055:0,006;480,007;1032,264;1055,263;1174,094
056:0,006;480,007;712,120;1116,148
057:0,006;480,007;1154,221
058:0,006;503,229;712,091;1084,206
059:0,006;493,103;683,200;728,173;788,217;860,007;1010,199;1045,208;1111,015;1122,103
060:0,006;480,007;981,173;1017,015;1024,171
061:0,007;273,124;289,126;336,017;350,257;370,100;637,158;727,119;925,093;1030,218;1043,140;1107,139
062:0,007;216,077;460,217;643,245;701,077;770,191;831,242;1047,252
063:0,007;273,211;303,009;322,243;461,006;525,212;756,101;838,106;839,215;874,208;922,008
064:0,007;50,019;77,078;113,177;160,007;192,153;418,211;439,006;530,126;645,164;867,202;926,168;1007,015;1013,149
065:0,007;267,163;292,101;312,091;321,209;517,007;545,181;791,162;986,087;1156,149
066:0,007;289,126;393,221;594,253;682,270;1009,213
067:0,007;277,221;398,177;450,106;467,198;582,007;806,263;1039,241
068:0,007;38,158;87,006;113,177;226,007;358,148;625,131;808,184
069:0,007;77,078;81,006;192,153;276,269;482,088;529,212;643,148;679,007;706,205;716,184
070:0,007;321,209;443,186;477,177;653,137;779,170;946,133
071:0,008;1188,199
072:0,008;594,007;633,008;808,158;1035,173;1061,264
073:0,008;831,168;918,140
074:0,008;287,017;335,127;400,245;408,252;423,153;432,008;678,084;895,215;1065,168
075:0,008;34,274;53,008;591,007;598,233;632,015;636,008;731,129;819,097;1058,130
076:0,008;26,004;108,087;644,008;678,084;792,169;826,094
077:0,008;591,242;652,266;704,008;891,146;1060,008;1106,185
078:0,008;493,103;607,215;767,198;821,084;841,246;953,100;1091,091;1174,155
079:0,008;955,256
080:0,008;732,245;738,150;873,217;953,203;1007,148;1115,208
081:0,009;369,094;412,270;677,266;779,239;819,148;928,158;982,266;998,015;1031,171;1069,134
082:0,009;147,232;195,008;284,152;591,117
083:0,009;337,100;422,205;504,209;618,170;649,215;816,255;1066,158
084:0,009;275,270;503,186;561,155;772,104;917,110
085:0,009;403,243;462,105;507,211;604,266;650,132;800,186;1052,119;1094,144;1137,146;1190,115
086:0,009;532,183;543,214;742,077;816,008;843,145;866,267;927,199;992,218;1100,146
087:0,009;339,106;441,173;456,234;473,186;548,100;824,137;837,144;901,200;1016,015;1079,255
088:0,009;306,184;314,009;328,252;466,091;542,117;575,091;736,168;767,015;804,212;813,139;858,206;1064,242;1113,267
089:0,009;172,201;325,113;610,200;679,206;853,259;906,186;912,081;960,170;1155,262;1158,087
090:0,009;396,080;689,094;782,007;914,087;985,205;1008,211;1103,225
091:0,010;85,081;105,016;135,012;157,091;224,146;227,185;304,015;797,081;1112,155
092:0,010;75,097;143,260;149,007;164,184;406,242;586,119;769,129;999,245;1011,081
093:0,010;53,260;304,015;446,240;515,181;724,198;1127,210
094:0,010;97,008;108,005;132,009;166,005;176,012;204,264;321,097;412,015;844,079;858,008;877,173;893,134
095:0,010;64,001;77,004;112,174;157,217;304,015;589,259;750,245;1046,215
096:0,010;86,020;115,158;238,091;342,015;783,211;988,225;1071,144;1075,215
097:0,010;304,015;556,137;639,177;822,202;1046,160
098:0,010;109,014;235,102;255,251;304,015;556,137;680,090;776,185;929,119;948,008
099:0,010;85,081;130,012;179,013;184,185;324,150;346,152;605,248;790,233;814,212;942,114;1101,119
100:0,010;23,002;53,260;133,017;134,174;197,270;226,241;304,015;670,259;798,209;1138,200;1175,086
101:0,011;196,106;205,239;528,172;658,148;660,205;907,259;1074,173;1142,115
102:0,011;241,253;484,007;738,273
103:0,011;181,097;231,183;243,257;346,126;670,087;702,239;729,157;989,115;1134,221;1152,173
104:0,011;205,239;244,199;433,253;862,148;1094,088
105:0,011;177,198;331,173;596,213;768,134;771,158;779,169;790,079;1067,270
106:0,011;150,173;401,164;495,134;544,095
107:0,011;177,198;450,209;483,132;491,253;583,015;931,157;956,148;983,241;1017,173
108:0,011;185,248;314,101;504,015;566,140;650,100;789,094;853,095
109:0,011;236,170;338,132;463,170;524,163;525,160;877,177;1159,267
110:0,011;99,006;150,173;310,214;494,269;506,100;535,007;593,015;738,273;920,015
111:0,012;217,116;224,009;245,158;423,015;749,008;762,088;782,007;860,115;979,015;993,127
112:0,012;292,214;369,242;371,198;664,083;944,186
113:0,012;236,170;280,106;547,150;627,205;686,148;743,137;849,256
114:0,012;199,009;245,243;298,023;301,104;328,185;406,232;497,015;510,184;754,144;800,132;873,145;941,091
115:0,012;221,253;233,191;245,243;341,193;393,160;524,210;762,088;1086,273;1111,211
116:0,012;206,116;223,253;260,113;478,132;483,239;591,112;780,212;796,164;893,193
117:0,012;126,275;280,229;523,093;626,095;840,221;921,008;937,202;1046,200;1176,093
118:0,012;228,177;310,181;399,200;417,112;552,242;603,260;702,177;862,256;866,157;913,008
119:0,012;308,185;331,150;372,088;373,253;405,221;431,006;474,110;592,150;730,185;745,235;858,120;1021,241;1029,174
120:0,012;52,202;227,251;234,080;265,009;294,153;447,235;735,114;836,212;1084,008;1187,174
121:0,013;123,135;297,102;583,158;679,144;732,015
122:0,013;294,245;307,183;371,015;451,155;627,152;963,239;983,185;995,015
123:0,013;296,144;492,113;583,206;599,106;1057,155;1106,103;1147,015
124:0,013;40,121;80,013;289,086;526,170;641,246;721,015;1073,175
125:0,013;300,200;393,172;497,132;578,200;631,214;712,139;790,112;930,106
126:0,013;343,210;497,240;528,077;539,007;632,093;725,139;845,106;913,191;1033,168;1064,115;1169,015
127:0,013;304,144;379,170;616,152;626,174;643,015
128:0,013;264,009;304,135;373,183;493,144;793,127;1000,157;1055,221;1097,106
129:0,013;418,127;989,008;1010,144;1057,212;1164,262;1181,162
130:0,013;358,160;390,135;601,206;612,225;741,015;1098,239;1186,015
131:0,014;303,170;442,088;452,211;570,097;632,008;1042,130
132:0,014;314,006;463,157;807,246;831,215;922,205
133:0,014;290,146;392,144;438,218;477,208;552,091;554,218;979,221
134:0,014;304,225;352,008;360,215;468,144;618,091;709,087;953,088
135:0,014;108,208;292,135;427,269;429,252;801,134;881,256;928,177;1087,008
136:0,014;278,132;335,242;472,126;512,270;907,253;1186,259
137:0,014;240,181;530,241;589,259;648,186;760,184;764,007;1010,205
138:0,014;278,132;386,088;626,008;735,174;745,212;824,263
139:0,014;240,181;288,234;445,097;785,088;917,015;939,100;988,235;1160,190
140:0,014;95,217;107,013;118,081;159,208;526,219;727,158;752,186;786,134;796,148;841,110;887,199;920,200;1045,110;1061,146;1128,097;1192,253
141:0,015;135,014;230,093;384,163;603,199;646,101;672,112;682,007;727,219;755,164;790,155;871,164;1115,104
142:0,015;38,158;398,017;452,119;534,008;540,229;549,210;617,133;644,139;698,184;702,235;835,157;862,134;1066,008
143:0,015;103,242;296,163;379,186;426,015;441,219;613,242;677,015
144:0,015;104,011;119,232;498,181;513,119;690,007;1028,117;1103,015;1154,087
145:0,015;120,235;169,008;184,183;304,015;838,256;859,198;1162,235
146:0,015;112,199;213,014;234,206;551,007;697,008;850,084;862,007;1022,079
147:0,015;107,163;137,017;261,183;567,199;594,241;614,015;845,137;1101,100
148:0,015;196,102;219,150;260,200;263,093;433,164;534,213;724,133;787,115;807,093;874,129
149:0,015;116,014;339,169;620,007;1054,262;1110,193
150:0,015;130,002;172,201;211,200;308,242;330,009;372,080;387,148;653,102;721,086;740,007;787,115;1054,262
151:0,016;345,097;561,183;703,015;710,079;757,269;793,255;877,267;878,079;994,199;995,081;1004,241;1064,093;1162,264
152:0,016;299,114;304,015;486,218;529,200;559,015;710,079;839,104;1034,008;1067,178;1090,097;1134,262;1149,008
153:0,016;179,124;343,210;532,114;663,148;805,206;1099,015
154:0,016;179,124;258,097;326,114;494,095;530,088;620,080;659,007;662,083;706,242;896,093;919,097;1126,104
155:0,016;279,101;489,202;819,115;846,007;885,160;961,219;1069,106;1081,015;1145,273
156:0,016;219,248;423,158;611,269;662,242;830,117;973,015;1060,186
157:0,016;194,252;217,264;299,114;351,017;402,181;431,015;452,117;538,173;720,110;840,015;990,245;996,238;1029,200;1128,137
158:0,016;194,252;402,126;469,207;535,205;576,183;577,086;893,137;1135,157
159:0,016;202,017;269,214;296,006;330,008;367,094;401,193;410,094;547,077;619,163;637,146;799,202;855,160;1044,255
160:0,016;185,248;199,275;297,124;325,207;542,239;687,209;762,219
161:0,017;540,131;711,173;859,266;995,007;1020,217;1101,145;1179,177
162:0,017;526,174;545,008;550,015;601,173;603,186;624,169;773,077;918,157;921,077;1049,015;1063,152;1103,148
163:0,017;15,020;45,088;84,106;313,200;594,239;661,233;778,213;864,169;934,208;1047,015;1053,199;1109,206
164:0,017;478,211;480,007;517,233;569,269;596,008;620,209;632,241;686,101;753,191;754,131;793,112;888,139
165:0,017;475,095;626,110;915,164;1186,208
166:0,017;437,218;514,205;524,213;539,233;1022,185
167:0,017;267,163;496,160;574,252;643,221;887,267;1031,211
168:0,017;473,215;635,112;657,217;725,252;832,177;910,112;1019,145;1097,209
169:0,017;470,181;482,202;483,113;484,213;497,114;683,133;719,214;808,140;914,242;1067,015
170:0,017;477,213;526,174;613,103;623,077;731,158;918,218;1004,100
171:0,018;54,007;100,241;208,102;720,266;737,129;765,259;830,233
172:0,018;53,001;85,214;266,102;291,009;319,260;677,210;933,215;1036,238;1158,252
173:0,018;81,106;163,191;216,199;362,185;1071,267;1111,137;1125,273;1126,120
174:0,018;69,013;85,214;198,008;243,105;342,266;411,185;725,127;770,210;1194,143
175:0,018;79,004;92,007;95,014;126,002;143,202;147,135;279,221;307,217;364,114;516,007;524,139;632,229;939,256;953,104;1099,077
176:0,018;29,218;100,241;518,218;580,007;1049,169;1198,146
177:0,018;65,080;321,112;390,105;524,139;591,102;651,170;751,150;833,198;855,094;1166,209
178:0,018;46,235;53,006;74,191;474,252;569,245;974,007;1020,127
179:0,018;29,009;141,234;284,152;340,017;490,191;752,174;810,008;1000,132;1195,008
180:0,018;75,013;94,242;337,017;406,158;548,094;592,229;620,221;692,103;972,160;1109,259;1170,008
181:0,019;86,199;89,275;129,168;355,239;479,008;513,269;803,214;854,081;873,199;875,213;958,143;1167,198
182:0,019;95,206;798,144;999,007;1082,086
183:0,019;124,020;242,202;333,246;549,191;861,139;868,150;891,218;896,176;950,229;962,176
184:0,019;67,020;72,217;148,081;172,012;194,269;208,202;425,017;449,219;509,101;641,150;743,143;1114,117
185:0,019;83,275;110,016;175,207;258,239;264,009;298,172;651,126;745,213
186:0,019;162,113;203,168;282,205;622,008;685,140;688,177;692,126;906,246;947,273;1064,120;1094,169
187:0,019;15,020;35,232;106,012;168,168;194,269;290,008;298,172;322,248;376,266;571,164;751,169;1078,079
188:0,019;86,199;220,014;268,260;601,152;661,174;673,008;896,176;1196,091
189:0,019;35,232;147,009;341,198;365,150;436,235;441,093;492,008;557,209;576,134;852,139;1005,239;1066,103;1119,242
190:0,019;97,206;162,113;234,017;267,207;290,097;317,177;572,106;796,008;828,241;1002,117;1026,209;1070,157;1082,242;1168,008
191:0,020;103,007;164,146;180,200;206,009;292,191;539,015;623,206;653,104;743,093;780,184;805,225;1030,270;1061,218
192:0,020;241,211;270,193;340,091;451,155;540,131;604,139;720,205;762,193;858,155;1134,143
193:0,020;255,104;419,245;596,214;604,135;679,114;754,162;760,086;901,221;1034,191
194:0,020;329,127;375,133;564,229;584,174;1001,129
195:0,020;205,007;241,211;417,146;1009,162;1151,103
196:0,020;204,009;338,202;596,104;814,157;823,214;845,191
197:0,020;255,104;285,009;436,235;677,155;808,146;884,225;961,212;1054,015
198:0,020;341,105;453,150;497,200;509,150;544,015;603,255;768,170;774,162
199:0,020;164,146;586,193;795,248;881,103;1101,008;1185,137
200:0,020;29,007;270,193;583,205;655,209;795,143;956,087;1154,112
