001:0,001;77,089;234,220;479,087
002:0,001;113,249;712,141
003:0,001;182,240;220,136;231,193;297,246;437,134;564,218
004:0,001;36,138
005:0,001;143,118;646,106
006:0,001;161,171;247,099
007:0,001;191,237;479,149
008:0,001;133,143;273,208;354,220
009:0,001;181,101;312,216;480,119;524,238;540,197;624,175;760,216;968,078
010:0,001;112,181;461,175
011:0,002;224,163;601,210;1021,135
012:0,002;268,191;280,160;1095,215
013:0,002;251,169;256,222
014:0,002;94,090;119,083;229,087;232,125;309,114;402,167;621,148
015:0,002;55,016;58,014;100,171;120,189;178,222
016:0,002;301,116;332,185
017:0,002;547,111;1133,144
018:0,002;200,211;356,087;478,181;517,105
019:0,002;395,168
020:0,002;94,263;110,177;187,181;381,242;790,101
021:0,003;117,019;324,134;823,102
022:0,003;175,253;243,089;255,253;337,186;379,105
023:0,003;94,239;127,016;163,154;194,148;452,159;740,249
024:0,003;156,222;174,002;263,235;283,140;488,148;527,119
025:0,003;113,019;144,160;208,241;302,088;390,233
026:0,003;113,243;424,084;594,253;629,091;718,103;899,189
027:0,003;68,200;274,127;312,198;562,182;693,090
028:0,003;94,239;124,082;225,272
029:0,003;283,140;545,236;863,238;938,149
030:0,003;102,122;113,243;239,083
031:0,004;59,120;60,211;189,002;269,213;300,242;506,241;870,191;999,082;1044,275
032:0,004;40,260;63,002;133,210;591,125
033:0,004;47,009;67,266;361,191;520,114
034:0,004;18,113;61,216;89,019;146,246;294,235;518,242;704,263;1029,191
035:0,004;97,193;120,219;137,267;1149,201
036:0,004;120,219;452,216;751,143
037:0,004;71,251
038:0,004;18,113;34,003;40,260;118,218;153,104;165,194;219,094
039:0,004;38,009;60,211;530,168
040:0,004;67,266;71,251;464,089;800,169
041:0,005;103,132;157,210;919,134
042:0,005;94,263;172,267;273,249;279,169;530,156
043:0,005;392,167
044:0,005;54,194;380,201;454,166;568,198
045:0,005;141,002;167,241;462,084;892,163;1029,219
046:0,005;143,144;267,002;269,178;490,275;1108,267
047:0,005;102,253;166,078;206,240;267,235;321,119;462,091;633,167
048:0,005;149,168;505,140;898,084
049:0,005;126,013;195,186;241,194
050:0,005;103,132;159,253;572,233
051:0,006;31,208;260,114;609,156
052:0,006;35,014;87,103;527,182;557,111;576,134;591,136;669,141;692,243
053:0,006;40,197;531,103;710,242
054:0,006;34,110;768,208
055:0,006;27,141;62,210;98,119;318,156;594,091;624,163;877,141
056:0,006;22,009;46,215;83,110
057:0,006;23,267;78,002;101,103;224,240
058:0,006;27,141;31,208;402,186;624,134;731,091
059:0,006;33,017;46,215;61,018;77,218;172,148;175,197;493,236;578,201
060:0,006;102,127;146,002;181,127
061:0,007;97,217;1108,181
062:0,007;171,242;374,266
063:0,007;203,159;542,102
064:0,007;311,174;334,127;1115,217
065:0,007;170,275;415,154
066:0,007;89,134;104,118;290,267;525,095;651,185
067:0,007;272,240;881,186
068:0,007;179,168;392,149;473,237;488,251
069:0,007;170,275;794,242;799,150;957,259
070:0,007;74,019;89,134;97,217;256,099;290,249;587,116
071:0,008;34,018;98,002;174,258;224,135;258,186;267,223;327,083;386,156;410,192
072:0,008;64,119;84,206;122,223;148,175;620,215
073:0,008;64,119;111,007;148,175;426,143
074:0,008;77,086
075:0,008;57,009;80,016;122,223;1034,106
076:0,008;43,106;780,094
077:0,008;35,148;165,193;495,178;1157,267
078:0,008;141,213;171,093;198,246;533,169;794,106;1031,258;1199,116
079:0,008;68,200
080:0,008;43,106;52,020;92,088;392,178
081:0,009;59,177;67,011;239,134;322,105;375,211;843,195
082:0,009;105,216;113,002;160,220;232,082;984,162
083:0,009;59,197;80,149;381,208;1067,238
084:0,009;59,177;134,090;465,148;613,114
085:0,009;145,116;300,191;348,119;784,110;949,154
086:0,009;161,148;356,206;395,171;546,238;1062,082
087:0,009;74,087;224,177;353,089;411,102;522,181;670,104
088:0,009;102,122;211,195;310,184;332,223;365,159;429,089;821,211
089:0,009;38,149;116,127;234,104
090:0,009;60,005;120,001;160,220;322,101;558,219;849,182
091:0,010;9,103;62,005;209,184;294,200;1174,211
092:0,010;106,162;129,156;314,174;462,201;566,184
093:0,010;100,134;231,121
094:0,010;161,078;505,216;912,177
095:0,010;90,272;180,156;243,238;275,082;868,148;875,275;1029,242
096:0,010;84,206;89,005;102,084;403,195;517,193
097:0,010;98,011;231,121
098:0,010;84,114;92,156;101,138;103,013;106,162;209,184;564,078
099:0,010;99,016;106,178;255,243;1034,223;1083,099
100:0,010;9,103;82,005;90,272;121,011;183,101;202,102;804,275;872,241;963,175
101:0,011;7,009;17,011;66,012;78,150;275,263
102:0,011;32,110;69,103;92,011;205,095;436,219;1023,181;1078,243
103:0,011;78,150;562,101;785,186;876,148
104:0,011;111,267;127,001;285,238;681,136
105:0,011;156,019;217,233;421,215;1087,223
106:0,011;148,149;187,019;199,102;393,116;583,111;636,253
107:0,011;226,095;518,195
108:0,011;220,083;314,118
109:0,011;152,249;244,233;372,223
110:0,011;175,136;487,220;875,082
111:0,012;44,003;104,256
112:0,012;166,171;335,174
113:0,012;136,215;328,193;1099,095
114:0,012;123,216;367,099;471,219;544,185;610,166
115:0,012;126,001;182,195;390,181;549,149;921,217
116:0,012;89,197;93,088;294,237;469,236;480,237;1120,127
117:0,012;76,007;173,213;241,103
118:0,012;7,019;104,256;658,095;1085,197
119:0,012;71,178;381,194
120:0,012;119,083;210,095;219,194;233,084;450,095
121:0,013;145,238;232,160;272,154;333,163
122:0,013;164,133;187,238;511,197;987,150
123:0,013;139,260;146,159;203,019;249,259;928,219
124:0,013;249,259;648,111
125:0,013;145,238;175,263;694,181;824,242;981,103
126:0,013;139,001;146,159;189,002;273,166;374,086;438,235;563,181;1007,101
127:0,013;36,178;84,260;301,143;743,134
128:0,013;181,122
129:0,013;166,104;222,019;242,166
130:0,013;77,218;94,141;275,144;278,186;445,086;545,258;669,174
131:0,014;61,118;141,249;142,094;211,159;357,162;527,267;1089,090
132:0,014;124,135;198,177;223,105;476,099;1069,208
133:0,014;105,197;124,135
134:0,014;142,094;777,197;1140,275;1196,178
135:0,014;60,093;166,019;216,105;263,135;540,148;682,211;815,089;967,150;981,241
136:0,014;62,016;70,093;208,144;532,235;564,136;585,150
137:0,014;116,133;126,253;137,162;919,216
138:0,014;195,186;312,118;313,215;499,136;550,131
139:0,014;120,149;138,138
140:0,014;8,267;156,246;167,007;183,136;217,122
141:0,015;124,082;197,002;380,201;410,156;528,213
142:0,015;77,089;130,263;218,078;546,135;1010,272
143:0,015;105,181;184,002;279,131;407,208;761,191
144:0,015;133,143;135,195;181,218;256,141;648,091
145:0,015;9,261;68,104;652,259
146:0,015;35,149;64,189;104,019;369,205;836,184
147:0,015;239,192
148:0,015;58,014;184,182;520,235;521,272;539,144;1128,160
149:0,015;135,195;184,223;249,136;502,191;730,182
150:0,015;68,104;122,002;288,217;355,154;410,131;547,201;1143,197
151:0,016;155,171;163,154;688,148;855,181
152:0,016;340,241
153:0,016;165,218;335,184;407,114;429,275;469,083
154:0,016;167,241;190,272;220,101;1006,197;1057,163
155:0,016;232,125;590,236
156:0,016;140,242;296,099;333,131
157:0,016;141,213
158:0,016;48,099;256,192;409,166;451,186
159:0,016;140,272;521,191;870,266
160:0,016;149,019;325,220;335,235;432,233;560,140
161:0,017;174,258;545,272;839,089
162:0,017;46,182;540,162;554,086
163:0,017;46,182;135,143;422,201;537,246
164:0,017;61,216;83,086;229,258;563,162
165:0,017;87,266;278,105;296,150;776,189;987,089
166:0,017;60,114;63,010;64,087
167:0,017;70,156;87,181;108,114;257,089;347,253
168:0,017;70,156;150,011;160,223;182,240;201,154;263,087;350,116;1181,200
169:0,017;84,091;458,246
170:0,017;79,010;84,091;588,249
171:0,018;92,084;94,090;682,238;858,219;914,140
172:0,018;101,193;211,162;332,206;645,258
173:0,018;68,005;147,114;302,266;859,272;1009,189
174:0,018;22,178;65,185;532,218;550,211;663,256;671,258;1025,210
175:0,018;65,185;323,218;596,084;954,110
176:0,018;71,084;231,216;254,169;308,213;520,136
177:0,018;15,139;45,019;213,237;265,216;296,171;505,215;619,218
178:0,018;61,189;413,184;424,189;772,175;963,210
179:0,018;63,099;214,082;259,002;268,191;468,090;1075,263
180:0,018;48,001;187,189;885,240
181:0,019;260,198;270,236;543,182;848,211;1138,111
182:0,019;88,216;230,086;363,177
183:0,019;260,198
184:0,019;62,118;90,019;270,236;319,195;828,134;886,220
185:0,019;162,177;880,205
186:0,019;117,168;144,160
187:0,019;83,002;117,168;177,089;439,114;509,171;519,237;1123,193
188:0,019;63,014;72,215;133,011;150,122;165,134;431,243;683,256
189:0,019;13,016;21,148;156,222;255,116;368,217;908,103;979,216
190:0,019;286,141;717,154;938,238
191:0,020;69,106;639,186;767,078;964,084
192:0,020;9,194;48,141;228,163;320,169
193:0,020;67,133;115,206;315,125
194:0,020;87,181;92,001;147,206;349,171;381,215;399,083;464,205
195:0,020;64,116;253,156;375,216;430,184;826,119
196:0,020;81,177;86,215;280,144
197:0,020;62,114;122,122;136,119;338,218;512,078;747,141;749,159
198:0,020;67,133;155,260;320,236;397,148;479,174;649,118
199:0,020;62,210;134,133;272,171;283,149;549,159
200:0,020;9,194;114,116;140,219;396,206;628,197;761,141;866,236
