001:0,001;147,097;207,155;279,102;609,258;622,218;729,018;795,019
002:0,001;149,163;210,114;236,238;257,011;288,088;430,248;690,246;867,157;877,122;1127,171
003:0,001;7,003;28,009;270,137;473,192;546,197;561,236;579,088;673,256;681,218;842,193;947,197;956,019;971,200;1116,177
004:0,001;83,208;95,008;186,236;295,174;744,137;848,274
005:0,001;111,210;198,256;243,077;280,112;592,261;641,195;872,218;927,227;1001,127;1035,177;1046,127;1175,158
006:0,001;149,146;361,088;599,163;723,016;787,105;920,146;958,251;1083,171
007:0,001;149,163;362,019;403,176;495,112;646,006;683,019;987,176;1043,148;1057,123
008:0,001;110,153;121,003;133,183;197,101;236,264;278,270;563,211;611,171;630,011;721,193;749,106;1056,137
009:0,001;133,183;168,012;179,131;269,098;394,190;586,183;713,146;912,019;941,238;1108,214
010:0,001;77,009;312,258;495,214;712,256;722,107;1051,191;1175,213;1180,256
011:0,002;130,216;273,218;392,140;493,195;551,155;556,016;583,011;699,139;765,216;808,236;1199,166
012:0,002;306,236;341,102;439,138;567,107;634,117;678,177;700,016;783,088;817,199;971,146;1186,191
013:0,002;74,216;439,152;696,171;734,189;937,233;1026,110;1075,085;1185,271
014:0,002;130,005;149,189;253,171;472,196;509,017;532,005;560,261;602,118;633,211;661,077
015:0,002;272,126;401,192;555,260;629,105;764,254;823,137;1000,126
016:0,002;298,005;380,017;400,177;644,168;798,196;1135,210
017:0,002;300,165;628,199;635,187;692,088;785,019;798,245;821,101;1006,018;1031,245;1131,018;1135,210
018:0,002;345,106;381,196;403,177;441,107;535,005;712,142;802,274;834,271;897,077
019:0,002;74,214;247,211;297,171;576,139;837,153;883,157;914,097;1088,263
020:0,002;349,097;438,244;458,195;492,198;496,153;932,218;1138,246
021:0,003;326,153;504,198;625,258;640,006;833,256;869,140;1032,233;1185,019
022:0,003;105,195;450,169;640,006;999,199;1084,193;1160,019
023:0,003;498,169;640,006;959,263
024:0,003;294,019;640,006;968,234;969,242;1044,139;1078,256;1164,252
025:0,003;272,126;752,112;841,094;1064,101
026:0,003;354,241;539,221;1100,137;1151,113
027:0,003;244,112;480,142;484,176;515,140;634,091;635,166;640,006;926,106
028:0,003;243,014;289,190;399,016;528,146;579,242;670,241;681,163;1003,123;1152,251
029:0,003;257,097;523,258;640,006;950,151;1090,019;1147,183;1173,218
030:0,003;105,106;107,109;113,114;215,259;254,139;477,195;640,006;956,080;968,234;1094,233
031:0,004;43,153;71,003;118,267;554,019;649,223
032:0,004;37,001;165,195;246,267;698,125;782,146;806,122;1159,238;1185,085
033:0,004;38,079;171,238;254,098;257,016;292,168;399,248;561,195;730,256;804,127;986,271;997,125;1032,271;1130,236
034:0,004;79,260;202,017;254,098;385,090;494,140;495,158;638,115;755,011;804,263;1058,084
035:0,004;28,014;45,186;156,009;277,102;327,084;525,211;780,108;805,223
036:0,004;72,275;107,118;363,163;496,196;706,019
037:0,004;120,155;185,197;223,145;246,256;271,105;278,258;307,221;343,198;363,196;376,118;417,211;556,120
038:0,004;38,211;154,118;538,126;558,096;724,252;1045,199;1049,137;1051,246;1064,018;1085,165
039:0,004;48,186;55,180;88,197;247,008;255,005;305,256;326,145;372,181;432,093;486,005;515,142;710,118;731,237;839,136;1154,122
040:0,004;55,180;118,267;154,214;203,270;205,264;292,168;607,204;716,177;831,237;842,151;930,006;1019,019
041:0,005;383,158;385,246;403,107;559,088;575,080;645,193;840,139;960,109
042:0,005;599,176;770,204;804,139;810,090;892,184;1028,189;1131,102
043:0,005;435,213;474,005;538,139;575,241;835,174;881,123;950,189;1018,217
044:0,005;646,092;843,006;846,112;887,006;900,018;932,189;960,088;1094,093;1173,109
045:0,005;632,252;724,163;737,267;1055,252
046:0,005;385,246;407,125;463,221;485,177;543,005;636,204;739,006;820,136;1003,099;1019,105
047:0,005;650,080;692,198;728,127;813,019;821,083;1170,102
048:0,005;299,227;307,016;318,192;384,155;443,125;564,248;692,197;695,166;737,140;841,184
049:0,005;542,081;559,213;599,176;662,165;753,193;790,181;857,109;954,093;974,221;1198,019
050:0,005;606,216;755,125;866,199;875,222;936,011;1045,222
051:0,006;43,016;129,181;284,155;374,080;902,271;1060,200;1069,094;1089,140
052:0,006;103,114;129,181;195,077;327,017;460,181;486,131;546,241;662,174;890,148;1194,083
053:0,006;48,239;147,014;304,099;413,138;432,096;450,217;485,261;501,244;659,006;697,222;806,245;842,204;863,211;931,191;1049,176
054:0,006;43,171;78,003;79,182;183,080;341,227;568,125;682,117;842,152;870,245;883,260;1171,168
055:0,006;33,017;94,187;106,016;383,108;390,183;415,146;725,222;755,163;830,162;877,274;1055,163
056:0,006;15,166;48,239;153,014;160,002;262,137;392,076;410,126;411,174;501,197;510,171;611,261;641,221;765,139;792,152
057:0,006;8,017;187,005;221,210;256,140;464,096;497,145;581,171;613,271;857,233;984,177;1112,018
058:0,006;15,166;83,208;141,221;267,094;270,112;276,195;470,211;519,213;640,006;772,274;869,271;939,151;949,214
059:0,006;73,182;100,001;112,182;184,131;537,262;816,088;913,151;1013,085;1014,101
060:0,006;142,011;146,101;234,016;256,140;379,241;574,227;859,006;964,176
061:0,007;225,218;330,238;371,261;461,216;569,273;709,109;830,246;834,139;890,177;1032,237;1064,125;1135,099
062:0,007;210,241;364,011;413,259;434,242;595,231;832,177;969,102;1145,200
063:0,007;231,260;328,077;447,216;556,105;736,256;1056,274;1153,019
064:0,007;240,169;486,221;632,252;733,251;740,101;815,011;1009,195;1137,211
065:0,007;156,008;218,002;240,169;250,214;785,006;823,177;851,011;891,214;948,163;982,110
066:0,007;214,138;375,146;398,137;498,217;515,016;555,141;686,168;703,222;719,016;754,011;843,006;845,191;929,090;1086,242
067:0,007;198,117;692,011;1027,150
068:0,007;232,082;470,005;479,082;644,140;729,214;838,263;951,120;952,080;954,011;1014,237
069:0,007;201,003;232,082;695,223;804,214;877,018;910,199;1040,019
070:0,007;155,127;240,145;287,002;344,242;578,155;643,213;722,190;993,242
071:0,008;282,136;823,102;952,256
072:0,008;325,157;362,258;392,158;404,197;486,109;647,112;653,006;728,237;760,260;763,092;819,146;1022,251
073:0,008;282,093;409,127;457,097;519,261;549,270;594,152;841,011;853,018;980,139;1035,190;1062,252;1161,141
074:0,008;323,080;366,209;410,168;640,112;911,019;912,168;916,019;923,018;978,222;1062,155
075:0,008;279,151;300,136;794,176;941,112
076:0,008;156,094;265,171;295,145;588,146;600,270;799,171;838,246;871,019;883,018;1010,168;1104,213
077:0,008;260,273;723,187;909,019
078:0,008;302,259;438,251;964,112;1159,166;1185,183
079:0,008;262,244;310,151;323,138;492,181;493,138;550,107;858,083;1102,177
080:0,008;74,216;86,002;299,099;453,017;486,109;570,127;602,120;650,171;771,109;1152,137
081:0,009;194,198;283,158;377,011;570,090;808,221;837,262;856,231;931,110;979,125;1061,271;1180,213
082:0,009;246,094;481,227;496,093;720,168
083:0,009;289,210;303,077;475,152;557,217;621,158;853,126;993,080;1065,217;1127,193
084:0,009;283,011;512,153;540,190;754,267;948,102;1020,233;1074,090;1129,251;1150,168;1156,136
085:0,009;49,172;295,155;475,189;660,137;669,181;785,218;858,197;1028,136;1169,123
086:0,009;49,197;111,002;126,107;175,166;251,011;265,165;315,017;321,192;407,005;526,162;654,158;777,018;782,158;863,222;874,213;891,171;967,019;977,241
087:0,009;262,244;385,145;487,213;536,084;796,191;920,105;1014,097
088:0,009;283,158;488,125;644,099;709,260;727,191;793,125;805,142;1027,180;1049,234
089:0,009;276,183;360,166;404,198;569,238;617,019;727,191;838,197;857,141;1158,267
090:0,009;49,197;81,008;106,005;121,107;124,016;139,221;177,009;271,151;401,182;528,165;913,242;915,011;993,085;1068,241
091:0,010;47,236;157,107;400,258;471,118;493,016;755,187;874,260
092:0,010;53,122;89,248;429,261;582,166;623,187;634,019;642,196;647,166;666,109;735,106;738,171;1125,189
093:0,010;89,248;112,197;138,020;202,122;486,140;710,117;723,181;739,227;911,221;961,238;1003,018;1100,234;1102,181;1184,206
094:0,010;40,094;187,005;217,097;321,244;612,102;668,011;864,177;888,195;978,093;1072,166;1133,018;1177,206
095:0,010;110,008;172,114;205,231;397,166;427,011;464,115;487,108;564,115
096:0,010;45,258;197,017;328,214;339,152;427,218;463,244;484,106;634,165;647,125;723,246;819,155;984,200;990,018
097:0,010;30,214;43,094;117,002;261,183;416,166;741,105;853,222;965,193;1035,019;1132,238;1151,163
098:0,010;45,258;269,017;276,273;301,108;472,261;476,166;562,189;591,120;599,189;700,152;779,006;847,117;1199,018
099:0,010;64,003;94,172;282,198;457,120;584,109;706,197;942,084;1091,222
100:0,010;17,134;85,238;121,107;156,238;219,016;228,258;355,011;544,177;714,251;733,218;766,126;894,168;899,193;1109,195;1199,148
101:0,011;640,118;708,108;849,241;1067,180
102:0,011;268,221;346,262;639,168;684,157;734,217;1016,200;1048,166
103:0,011;346,262;354,011;922,213;931,252;1028,163;1044,252;1057,018
104:0,011;966,162;995,163;1020,108
105:0,011;923,191;932,165
106:0,011;978,267;1125,018
107:0,011;103,236;470,011;925,101;935,006;949,174
108:0,011;216,094;221,214;259,145;323,251;405,199;419,105;625,093;943,217;969,115;1089,199
109:0,011;329,248;370,256;733,093;1030,217;1033,151;1067,196
110:0,011;916,162;1114,088
111:0,012;211,275;221,003;250,084;323,125;358,262;412,260;545,181;583,254;665,189;709,197;796,011;1007,137;1098,115;1167,118
112:0,012;203,270;267,019;298,181;369,251;510,094
113:0,012;50,171;258,190;266,248;318,011;375,199;777,011;798,016;803,168;862,218;1113,234;1193,146
114:0,012;30,214;56,001;84,186;142,009;184,231;457,214;488,102;492,256;645,011;681,162;767,177;822,018
115:0,012;194,077;222,174;355,016;369,199;404,218;428,199;442,192;448,213;496,118;740,176;978,137;1044,019;1061,267;1147,217
116:0,012;224,142;1028,146
117:0,012;104,145;237,142;477,273;502,176;505,273;521,182;528,218;679,019;806,222;852,137;975,174;1092,084;1096,152;1121,110
118:0,012;228,261;421,099;539,157;664,198;778,181;810,108
119:0,012;211,275;290,260;879,187;943,211;1090,183
120:0,012;201,267;224,005;293,088;340,094;639,260;707,112;736,204;1010,238
121:0,013;71,259;105,146;120,155;292,275;341,189;471,016;562,267;742,109;769,237;798,080;949,099;1131,221;1177,199
122:0,013;51,238;66,002;84,106;202,221;298,211;402,106;475,258;542,120;548,183;991,166;1042,193;1071,019;1102,097
123:0,013;18,210;64,014;206,108;334,256;468,231;556,162;579,153;792,216;807,084;1056,177;1101,019;1106,083
124:0,013;51,238;160,189;517,016;820,200;974,234;1041,213;1111,168;1138,090
125:0,013;33,014;186,097;255,197;459,231;460,120;515,096;540,102;720,006;1080,126;1091,094;1185,019
126:0,013;50,214;80,146;487,011;503,204;614,090;701,102;936,101;1050,180
127:0,013;50,256;130,011;183,211;232,009;268,275;310,273;391,211;465,197;707,189;726,183;1146,018;1147,158
128:0,013;18,210;235,011;356,196;478,137;651,155;743,077;863,019;931,110;1014,163;1121,197
129:0,013;42,017;155,127;370,151;418,158;602,162;820,126;840,214;1102,174
130:0,013;17,134;49,211;61,014;67,085;71,259;365,216;460,017;503,204;599,137;724,141;768,016;820,200;878,125;904,080;1155,195
131:0,014;296,016;365,209;400,005;426,120;458,262;519,090;562,216;680,106;917,006;1041,246;1096,151
132:0,014;287,238;291,084;403,273;429,091;449,181;452,077;495,236;558,227;739,254;829,222;859,260;862,227;1130,141
133:0,014;272,106;297,217;913,152;1079,139
134:0,014;297,217;405,005;432,096;566,270;765,151;840,166;904,126;1070,151
135:0,014;349,090;612,108;682,092;735,195;1092,191
136:0,014;346,213;444,155;939,019;1048,140
137:0,014;53,122;62,003;254,238;446,139;694,216;775,221;783,162;957,120
138:0,014;299,227;416,076;516,196;639,217;732,117;733,016;872,204;937,166;1033,184;1051,199;1153,117
139:0,014;272,106;545,118;602,193;636,084;905,125;993,171;1054,107
140:0,014;165,197;175,002;308,125;438,108;724,090;820,088;1004,227
141:0,015;101,216;122,109;199,153;310,166;386,011;396,214;455,091;512,127;778,174;828,090;1051,165;1068,246
142:0,015;83,080;268,169;368,101;722,140;882,200;926,153
143:0,015;65,153;225,197;377,242;404,157;917,123;1051,181;1094,126;1178,150
144:0,015;66,264;202,105;540,016;571,223;642,107;696,197;697,117;703,211
145:0,015;32,019;66,264;220,161;246,002;269,249;280,131;450,177;477,190;528,099;997,204;1048,217;1065,019;1073,263;1080,113
146:0,015;77,014;192,011;244,183;272,002;292,005;293,019;397,244;427,151;909,166;934,088;955,245
147:0,015;59,012;189,020;202,105;215,181;414,151;737,117;776,080;793,251;947,271;978,011;1000,271;1022,018
148:0,015;88,118;119,260;281,105;415,084;623,016;701,018;727,125;747,213;865,181
149:0,015;58,146;92,166;329,165;526,122;827,245;1024,099;1153,245
150:0,015;75,166;129,014;158,007;189,183;245,127;560,153;565,199;625,238;727,099;925,112;960,222;1016,204;1130,213;1173,260;1199,238
151:0,016;829,166;970,197;1105,090
152:0,016;654,199;676,137;807,141;912,011;1010,180;1067,080;1165,122
153:0,016;670,242;680,176;721,019;1089,204
154:0,016;940,255
155:0,016;334,152;467,127;507,181;529,155;538,016;554,163;667,196;775,165;1033,093
156:0,016;183,211;378,236;613,244;625,106;714,196;1027,155;1036,125;1160,274
157:0,016;1024,087
158:0,016;857,123;895,242;903,256;940,255;1052,087
159:0,016;828,184;887,105
160:0,016;334,152;335,005;552,011;603,088;773,270;799,016;827,019;842,233;898,112;928,168;973,189;1118,139
161:0,017;600,146;701,018
162:0,017;344,115;447,102;463,131;476,017;567,254;597,017;602,193;616,171;671,006;701,018;872,221;910,120;936,006;971,018;1165,200
163:0,017;619,187;740,016;774,231;886,006;1117,084
164:0,017;344,115;534,251;701,018
165:0,017;625,223;683,254;760,222;825,127;1172,106
166:0,017;562,099;631,016;697,187;715,018
167:0,017;235,139;410,196;471,199;487,115;629,197;667,082;701,018;1010,088;1200,193
168:0,017;601,254;701,018;1136,152
169:0,017;441,011;449,221;518,197;532,017;701,018
170:0,017;620,193;701,018;1140,218;1171,112
171:0,018;101,241;204,182;373,017;383,238;759,251;784,260;836,092;856,171;871,018;1047,197
172:0,018;51,097;183,182;513,231;772,115;914,140;1077,117;1101,153
173:0,018;93,109;101,241;343,080;496,077;553,019;1054,205;1146,271
174:0,018;51,097;107,014;119,190;331,218;408,176;427,005;452,019;465,099;506,080;567,077;636,198;657,120;888,019;936,011;994,183;1017,181;1047,018;1145,227
175:0,018;93,109;215,122;378,017;616,242;952,019;971,155;1057,113;1071,262
176:0,018;54,079;117,248;235,101;360,190;382,016;458,005;488,077;735,146;754,157;863,108;983,199;998,018;1059,255;1170,136
177:0,018;50,008;58,001;152,014;433,088;539,174;607,236;765,155;817,193;883,262
178:0,018;67,001;180,138;321,005;413,091;507,163;590,190;701,177;732,198;764,252;925,006;1057,113;1139,018;1167,118
179:0,018;119,190;132,145;150,256;370,213;409,017;609,127;694,011;701,242;889,162;902,011;1054,184
180:0,018;53,275;60,256;195,008;227,117;241,101;920,141;1108,211;1133,204
181:0,019;150,171;215,019;406,231;505,005;510,183;569,271;598,236;606,213;1051,242;1070,200;1153,125
182:0,019;895,231;934,242;988,019;1027,150;1158,099;1185,125
183:0,019
184:0,019;1132,267
185:0,019;898,006;899,097;1007,018;1039,166;1059,148
186:0,019;729,206;1178,126
187:0,019
188:0,019;901,139;1112,019;1168,189
189:0,019;370,005;569,271;832,163;939,191;1056,205
190:0,019;461,238;545,137;581,197;604,096;729,206;1177,093
191:0,020;231,112;259,017;284,093;572,246;703,193;714,189;925,245;953,204;985,213;1021,102;1117,218
192:0,020;309,251;338,157;515,017;562,141;831,181;996,162
193:0,020;192,003;213,161;231,261;344,242;374,169;433,218;555,005;575,198;682,256;706,018;725,102;815,125;978,217;1021,085
194:0,020;220,017;271,014;272,117;600,091;630,236;1123,162
195:0,020;222,174;292,107;426,181;562,152;575,108;590,181;650,094;830,006;890,148;917,115;967,153;1081,190
196:0,020;233,108;294,076;518,091;580,181;698,241;919,148;1023,183;1063,106;1151,205;1178,221
197:0,020;35,080;155,019;189,164;224,142;228,163;509,091;637,016;672,262;1052,155
198:0,020;294,076;380,122;798,211;804,190
199:0,020;244,014;266,153;459,017;578,126;787,117;1066,237
200:0,020;213,161;217,270;539,005;572,246;678,199;843,218;868,107
