001:0,001;514,124;728,147;853,184
002:0,001;128,079;209,128;262,161;503,266;903,254;1025,229
003:0,001;255,223
004:0,001;206,198;269,220;345,132;1080,130
005:0,001;112,015;131,001;230,267;263,237;319,152;339,090;524,203;599,148;1192,079
006:0,001;183,085;197,269;375,159;421,152
007:0,001;265,202;316,199;438,111;1046,116;1049,234
008:0,001;148,089;816,079
009:0,001;200,235;308,090;375,153;377,110;620,190
010:0,001;33,175;42,015;85,215;100,140;170,127;426,241;537,158;983,156;1025,198;1071,169
011:0,002;435,101;436,148;483,006;516,170;976,142
012:0,002;239,184;444,116;1019,245
013:0,002;101,158;175,135
014:0,002;379,085;812,239
015:0,002;265,202;435,101;598,256;743,192
016:0,002;458,256;509,182;578,141;1148,180
017:0,002;278,106;559,137;691,275;937,076;1117,125
018:0,002;347,170;511,106;928,203;1008,129
019:0,002;347,170;832,203;1075,124;1107,192
020:0,002;105,016;195,210;454,199;802,184;1161,110;1192,180
021:0,003;61,229;75,019;156,095;282,254;301,127;681,194;746,228
022:0,003;41,160;1069,194
023:0,003;26,137;186,153;204,122;295,116;820,251;864,194;1133,129
024:0,003;87,223;187,203;459,114;767,160;844,120;1163,174
025:0,003;87,223;243,076;334,144;482,094;1147,114
026:0,003;74,010;172,144;178,174;302,262;1153,241
027:0,003;63,201;220,131;224,171;347,152;1191,131
028:0,003;104,137;319,153;358,270;471,076;946,106
029:0,003;41,160;261,116;290,128;596,006;600,208
030:0,003;26,137;48,130;182,079;324,011;439,084;728,160;736,122;792,191;911,140;1093,095
031:0,004;106,092;639,127;923,270
032:0,004;146,152;306,002;619,219
033:0,004;31,005;73,212;128,122;210,266;419,234;572,169
034:0,004;22,001;49,212;891,174
035:0,004;49,212;57,014;106,092;118,239;353,210;434,141;519,078;633,110;860,157;1105,174;1152,190
036:0,004;75,191;188,078
037:0,004;78,171;114,266;519,243;537,183
038:0,004;54,194;514,090;607,190;685,076;689,234;1091,141
039:0,004;244,174;660,255;771,239;806,199
040:0,004;54,194;397,182;426,139;930,136
041:0,005;150,243;227,201;369,232;879,147;1175,198
042:0,005;86,273;336,202;337,094;352,137;582,106;985,139;1087,191
043:0,005;69,224;80,171;110,094;143,016;232,144;409,155;432,194;452,101;492,006;500,101;551,218;599,255;657,220;861,153
044:0,005;43,141;118,232;151,128;470,124;1072,191
045:0,005;160,180;302,191;783,224;934,245;1007,103;1118,157;1141,095
046:0,005;73,240;186,234;305,110;769,255;832,198;1014,237
047:0,005;69,020;73,240
048:0,005;101,141;285,137;475,204
049:0,005;82,241;495,137;557,243
050:0,005;37,090;137,212;156,011;193,218;538,140;575,079;775,101;909,147;1048,191;1072,156
051:0,006;5,224;52,253;53,137;54,250;379,079;543,241
052:0,006;5,224;108,010;129,209;144,078;148,229;187,011;210,095;811,169;1063,147
053:0,006;25,131;41,229;48,011;239,269;257,140;259,089;864,114
054:0,006;41,229;213,155;302,131;384,160;407,006;631,272;1104,092;1110,129;1123,150
055:0,006;118,232;579,090
056:0,006;25,131;295,011;343,079;738,090
057:0,006;87,191;283,248;425,006;990,144
058:0,006;41,014;120,255;213,011;497,006;892,220
059:0,006;48,130;110,001;126,135;631,272;738,128
060:0,006;54,250;126,135;152,109;203,229;390,078;450,147;463,077
061:0,007;49,244;327,214;369,106;491,148;597,140;646,251;819,110
062:0,007;98,203;154,275;185,097;630,224;974,170
063:0,007;182,262;226,253;273,169;393,270;417,254;471,006;504,198;749,088
064:0,007;65,111;294,109;648,128;990,144;1039,192;1077,167;1117,124
065:0,007;61,212;65,111;101,203;189,002;239,155;288,127;289,002;379,262;397,254;728,174;748,167;1072,212
066:0,007;49,244;182,262;327,011;330,094;585,006;793,136;910,235;1081,132;1090,139
067:0,007;114,201;257,122;363,241;421,130;879,232;1110,234
068:0,007;50,241;182,002;209,161;376,077;440,169;462,194;670,078;1003,076
069:0,007;32,079;125,015;144,248;278,106;365,239;425,006;640,135;1168,141
070:0,007;5,079;159,248;756,079;793,136;842,150
071:0,008;139,090;297,153;311,180;365,084;493,248
072:0,008;20,002;33,123;80,266;170,150;434,131;450,174;519,103;740,240;945,224
073:0,008;185,212;278,267;385,244
074:0,008;106,001;153,234;160,123
075:0,008;219,228;553,006;777,264;790,155;805,085;901,204;1159,262
076:0,008;183,085;230,192;252,209;382,122;452,250;601,270;757,273
077:0,008;370,159;419,262;1026,234;1039,120
078:0,008;137,250;267,076;279,253;502,084;655,240;711,182
079:0,008;219,228;683,161;753,199
080:0,008;206,124;281,240;335,114;433,209;534,199;751,114;1133,109
081:0,009;70,020;164,215;214,114;332,239;646,092
082:0,009;98,234;134,144;328,088;1097,232
083:0,009;79,235;141,116;440,124;466,253;765,198;780,255
084:0,009;140,269;190,275;323,203;340,123;697,088;741,219;1082,209
085:0,009;116,001;163,175;640,122;751,174;885,218
086:0,009;211,191;538,210;816,183
087:0,009;163,175;763,158
088:0,009;62,140;107,214
089:0,009;59,020;141,116;184,171;375,214;732,254
090:0,009;23,008;219,244;224,155;226,215;267,243;479,131;577,234;656,182;935,095;1127,158
091:0,010;221,150;292,204;354,154;407,006;558,129;1008,078;1183,161
092:0,010;98,234;407,006;502,129;634,097;853,160;865,136;1015,203
093:0,010;154,275;216,002;346,234;460,140;505,183;533,147;719,123;1094,132
094:0,010;156,220;262,201;292,141;407,006;504,157;844,235;909,241;1150,251;1184,103
095:0,010;180,077;329,254;410,125;1087,235;1099,219
096:0,010;23,079;30,015;33,010;229,109;275,214;318,229;397,180;1020,240
097:0,010;36,243;103,010;209,011;292,204;383,261;407,006;480,122;701,084;756,256
098:0,010;263,261;407,006;617,142;669,218;871,204;900,220
099:0,010;15,014;156,220;407,006;617,142
100:0,010;189,141;315,011;321,002;354,154;403,097;643,273;1110,235
101:0,011;297,150;356,235;642,129;1109,109;1133,273;1150,167
102:0,011;142,132;338,224;427,248;489,201;664,183;815,155;933,139;966,077
103:0,011;150,076;190,223
104:0,011;349,202;407,006;422,202;429,239;470,184;785,079;1181,120
105:0,011;163,092;387,209
106:0,011;371,147;428,182;483,235;606,127;618,090;621,194;857,161;1159,273
107:0,011;43,157;288,076;673,094;1005,089
108:0,011;162,110;365,150;703,109;829,253;931,127;964,076;992,228;1034,158;1109,272
109:0,011;29,012;43,157;146,011;435,224;777,147;908,266
110:0,011;142,132;1184,078
111:0,012;94,218;186,016;196,192;1017,136;1069,180;1184,184
112:0,012;94,218;366,251;622,240;651,239;773,270;921,175;1117,123
113:0,012;18,191;60,013;98,019;133,089;155,103;509,253;842,170;876,270
114:0,012;58,131;118,267;195,011;366,251;525,140;531,161;656,088;689,250;975,190;1145,127;1188,094;1195,148
115:0,012;43,200;64,167;661,239;766,167;1188,127;1197,110
116:0,012;71,215;156,127;194,261;376,125;389,161;516,256;586,209;1075,160
117:0,012;17,109;98,016;99,155;201,203;258,167;496,103;775,153
118:0,012;100,019;118,267;377,201;757,214
119:0,012;64,167;255,192;719,240;732,142;954,194;1057,161;1071,136
120:0,012;109,002;145,125;371,094;475,092;1087,161
121:0,013;91,235;195,089;203,131;218,122;255,084;426,169;432,147;447,229;537,174;820,089
122:0,013;46,090;332,201;471,006;570,088;582,232;1084,251;1123,103
123:0,013;101,158;523,182;603,228;731,124;750,103;990,272
124:0,013;145,010;196,158;336,244;379,240;482,128;678,090;733,084
125:0,013;107,214;139,011;255,084;360,273;412,006;747,245;827,237;1000,128
126:0,013;123,215;285,077;415,140;1189,251
127:0,013;101,094;131,224;337,182;380,090;507,006;606,235;671,167;747,245;777,114;833,228;980,250
128:0,013;68,001;175,224;513,167;551,266;798,084;1044,237;1180,147
129:0,013;9,109;150,235;479,254;893,076;931,253
130:0,013;135,019;214,114;322,183;489,240;619,219;726,076;878,170;960,256
131:0,014;65,005;108,224;172,252;493,155;775,203;910,101
132:0,014;115,011;146,077;243,182;311,201;318,198;500,180;1051,084
133:0,014;114,111
134:0,014;224,076;261,254;273,002;282,212;715,127
135:0,014;132,015;139,214;214,079;302,122;626,137
136:0,014;36,243;246,139;788,103;1161,175
137:0,014;120,255;588,273;638,243
138:0,014;172,252;505,210;514,161;839,141;1078,116
139:0,014;153,127;163,015;239,182;518,224;613,194;616,182;703,228;820,116;1193,152
140:0,014;33,175;52,009;103,253;288,095;866,160;940,191;1083,253
141:0,015;263,237;301,120;872,251;1072,201
142:0,015;298,148;415,229;421,270;582,182;641,150;832,095;1088,203
143:0,015;213,127;287,198;1170,204
144:0,015;206,209;417,273;754,122
145:0,015;200,244;211,241;236,169;267,120;812,122
146:0,015;275,241;329,114;699,147;762,201;959,212;1065,254
147:0,015;101,016;150,011;236,169;278,011;546,191;1031,180;1143,232
148:0,015;193,241;197,137;200,190;602,088;645,203;769,175
149:0,015;259,011;361,204;588,208;599,128;631,090;665,174;722,203;820,210
150:0,015;144,078;380,130;393,204;470,234;1010,130
151:0,016;273,273;279,210;338,158;366,218
152:0,016;45,253;116,103;153,131;199,140;400,153;767,194;914,085
153:0,016;351,085;374,158;757,248
154:0,016;180,266;204,089;241,137;270,011;318,148;330,174;429,127;593,204;667,097
155:0,016;245,262;292,208
156:0,016;195,210;276,140;320,141;818,085
157:0,016;110,144;155,152;415,160;716,109;1097,140
158:0,016;160,180;479,256;898,212;948,275
159:0,016;246,139;411,220;868,089;1000,101
160:0,016;224,214;251,243;259,275
161:0,017;75,087;153,209;245,011;346,076;461,256;475,237;815,244
162:0,017;59,011;94,122;166,254;259,208;539,229;673,142;701,137
163:0,017;47,183;237,254;395,229;934,201
164:0,017;55,019;65,010;126,261;191,130;610,167;763,124
165:0,017;18,191;83,128;195,016;344,156
166:0,017;87,001;166,254;211,239;306,250;415,130;421,077;958,229;1017,094
167:0,017;86,273;256,002;259,208;282,011;344,156;977,210
168:0,017;167,130;335,237;343,275;676,235;841,255;1026,254;1055,111
169:0,017;47,183;359,220;655,109;692,229
170:0,017;83,019;109,109;611,131
171:0,018;44,239;136,184;835,109
172:0,018;141,097;403,183;621,109;705,150;1046,228
173:0,018;103,103;487,243;498,252;779,253;821,212
174:0,018;44,123;324,202;336,240;342,203;523,006;713,250
175:0,018;79,128;150,015;252,085;801,266
176:0,018;136,184;217,002;289,253;463,078;500,241;655,235;984,170
177:0,018;65,226;66,266;72,019;91,002;229,243;619,094;665,201;933,120;1033,262;1074,198
178:0,018;83,087;135,253;217,255;764,161;1052,150;1118,076
179:0,018;66,266;99,002;112,251;117,140;256,183;320,235;346,237;447,266;481,169;561,251
180:0,018;44,239;115,016;198,190;615,130;998,201;1007,106
181:0,019;199,199;307,152;318,155;476,239;654,140;902,256;953,155
182:0,019;227,229;298,157
183:0,019;184,171;199,199;518,203;718,212;815,139
184:0,019;16,192;211,011;227,131;1154,194
185:0,019;199,240;225,124;434,250;439,244;794,198;828,174;1103,088
186:0,019;201,016;346,270;388,250;682,204;862,239
187:0,019;178,174;242,002;346,140;460,122;478,147;647,175;920,194;948,182
188:0,019;16,192;167,157;462,203;493,270;861,097
189:0,019;177,076;191,116;248,153;293,169;793,239;833,245;918,130;1059,144
190:0,019;186,153;848,253;1083,262
191:0,020;209,120;258,088;558,167;599,127;603,250;707,190;945,240;1009,235
192:0,020;258,088;267,269;441,210;502,129;529,090;549,194;609,218;665,241;863,110;1156,160
193:0,020;304,273;572,101;760,148;1198,135
194:0,020;126,261;235,244;422,144;449,155
195:0,020;138,269;215,125
196:0,020;143,150;209,120;288,124;479,210;961,160;1149,157
197:0,020;145,125;189,016;218,198;293,155;371,147;527,252;780,245
198:0,020;43,141;87,123;154,155;220,232;222,085;316,237;1042,255
199:0,020;115,008;163,141;183,144;225,232;319,079;366,148;741,272;984,224
200:0,020;129,209;175,110;296,111;438,150;612,101;971,127;1112,092
