001:0,001;108,259;252,264;589,238;640,016;845,274;983,090;1183,274
002:0,001;237,086;354,230;384,253;495,267;762,129;801,172;941,129;1114,088
003:0,001;354,224;366,094;565,144;587,172;679,275;866,086;992,240
004:0,001;289,245;293,253;481,089;587,246;778,172;799,218;805,105;1010,258
005:0,001;236,275;495,108;713,100;715,194;1058,242
006:0,001;268,253;368,008;485,142;650,194;723,080;740,009;751,207;778,261;829,082
007:0,001;254,234;435,167;504,261;517,203;522,196;523,128;578,196;581,134;690,261;777,208;967,244;1110,215
008:0,001;271,087;295,240;334,092;484,163;554,019;691,143;776,242
009:0,001;222,116;261,142;270,018;324,008;330,238;345,275;812,140;819,016;823,164;859,203
010:0,001;231,174;299,203;314,197;365,166;375,215;486,239;510,010;587,172;848,235
011:0,002;28,129;160,004;182,012;259,259;293,145;385,090;992,089
012:0,002;326,188;402,087;747,107
013:0,002;408,195;483,135;531,008;935,108
014:0,002;28,129;333,143;375,197;493,252;583,194;586,086;752,188
015:0,002;178,272;265,175;342,174;433,225;443,234;472,104;628,105;697,102;985,253;1021,171
016:0,002;331,177;426,274;664,119;822,113;893,142
017:0,002;335,091;1065,163;1128,108
018:0,002;310,093;326,188;335,091;554,105;1108,097
019:0,002;329,185;446,238;460,163;777,135;971,264;975,100
020:0,002;332,163;355,240;476,133;596,264;724,215;983,270
021:0,003;223,171;569,252;700,004;707,160;718,239;730,135;740,009;791,140;800,097;924,196;1116,102
022:0,003;208,104;301,192;397,252;409,223;457,112;854,185;1005,143
023:0,003;84,012;218,261;246,166;277,165;283,269;367,106;369,135;616,143;689,226;838,092;845,100;1097,091;1100,008
024:0,003;219,164;300,272;332,175;375,008;429,133;470,174;515,197;831,264;1122,177
025:0,003;94,124;130,267;185,001;202,129;214,267;632,197;721,239;1069,180
026:0,003;303,090;316,118;361,260;518,150;647,103;681,153;742,135;774,220;816,235
027:0,003;240,171;307,150;325,019;329,207;507,092;742,208;769,099;1107,143;1118,275
028:0,003;95,143;416,004;469,180;672,192;679,199;791,140
029:0,003;206,267;391,225;627,008;663,252;677,080;706,134;830,076;852,140
030:0,003;252,208;260,104;265,151;292,089;521,166;684,252;700,207;707,160;803,171;812,207;813,218;1038,167;1104,181;1185,099
031:0,004;533,178;563,222;1091,129
032:0,004;663,111;701,107;744,008;1120,131
033:0,004;231,192;248,004;763,267;1159,097
034:0,004;105,092;229,196;306,270;430,173;457,010;483,175;523,158;577,108;696,234;726,139;793,246;878,275;1095,225
035:0,004;260,209;557,076;627,203;673,113;757,091;777,197;881,246;1092,008;1170,212
036:0,004;243,078;260,209;312,129;545,004;727,088;802,093;840,202
037:0,004;434,252;553,208;739,245;1056,267
038:0,004;601,270;608,158
039:0,004;230,105;297,019;306,270;386,263;498,222;777,258;807,082;828,119
040:0,004;242,014;264,240;291,185;333,129;378,106;447,163;474,019;536,125;694,270;979,111;1043,102;1047,144;1115,167
041:0,005;129,019;182,240;350,004;462,261;494,187;498,197;619,133;740,009;800,238
042:0,005;124,166;208,104;253,261;530,187;691,168;720,125;767,124;768,197;771,125;839,220;968,008;1133,186
043:0,005;134,116;171,186;191,151;202,233;209,142;264,002;265,004;559,218;580,128;740,009;749,150
044:0,005;94,223;174,128;182,240;210,001;220,018;515,126;586,199;645,267;777,260;1013,125;1150,226
045:0,005;94,223;204,239;296,259;571,192;636,234;644,238;679,097;784,230;795,104;1071,102;1100,233
046:0,005;180,251;208,125;222,166;236,080;268,192;300,014;302,166;583,004;691,168;740,009;823,212;1138,143
047:0,005;132,004;138,186;423,207;675,008;679,186;717,202;832,088
048:0,005;194,105;466,196;818,008;844,209;1028,185;1112,105
049:0,005;146,239;149,247;158,094;168,008;174,262;184,128;529,209;643,111;691,004;693,078;740,009;896,008;959,274;1020,270
050:0,005;124,166;152,234;275,004;409,133;424,270;527,239;721,259;851,226;1095,167
051:0,006;150,269;170,012;179,125;328,019;419,119;475,143;623,192;661,143;677,089;795,267;856,008;1118,086
052:0,006;114,200;208,087;236,004;285,014;393,098;579,078
053:0,006;122,253;127,087;171,200;179,125;191,004;259,106;295,116;418,092;442,186;511,258;606,143;608,178;628,135;743,016;761,082;765,203;850,239;872,261
054:0,006;119,252;159,239;233,261;314,010;370,018;403,251;407,102;727,124;801,230;884,240;1036,222
055:0,006;128,200;164,166;250,174;310,225;424,119;587,187;637,104;785,204;865,092;1123,196;1194,185
056:0,006;115,185;163,196;223,171;228,200;486,258
057:0,006;114,200;119,252;239,012;270,002;306,187;316,086;566,167;1025,260
058:0,006;118,225;334,234;498,203;651,259;660,134;880,087
059:0,006;25,105;225,002;338,263;483,116;934,259;1161,104
060:0,006;25,105;176,195;254,259;490,105;623,008;707,246
061:0,007;111,175;122,199;491,004;762,178;782,091;978,136;1050,218;1066,194
062:0,007;130,267;213,128;262,195;326,144;349,173;363,018;413,078;567,004;771,274;955,139
063:0,007;102,124;120,177;161,089;220,266;235,019;247,238;265,089;419,104;470,266;581,218;783,008;832,177;983,093
064:0,007;40,006;46,128;95,086;246,092;250,225;278,019;510,253;531,078;624,251;689,238;718,253;754,272;756,166
065:0,007;36,011;97,003;143,078;219,251;247,238;352,175;465,240;730,274;761,269
066:0,007;95,008;171,218;249,149;342,196;413,266;568,209;956,220;1065,136
067:0,007;111,175;279,008;341,245;734,242;763,008;901,133
068:0,007;100,158;112,016;115,177;319,187;410,097;422,272;504,259;719,207;1039,274;1171,185
069:0,007;123,195;279,231;359,087;447,104;548,196;549,178;594,218;900,113;986,274
070:0,007;108,102;159,199;508,207;517,234;633,275;653,087;686,172;773,167;1083,087
071:0,008
072:0,008;472,203;500,192;535,008
073:0,008;141,080;181,087;187,145;251,242;530,094;793,008
074:0,008
075:0,008
076:0,008;72,151;284,014;366,118;572,094;685,100;691,270;694,094;859,164;924,008
077:0,008;748,078;921,008
078:0,008;1076,119
079:0,008
080:0,008;212,151;256,004;436,239;701,258;774,196;919,160;1165,180
081:0,009;64,218;159,092;287,010;354,166;364,171;479,010;550,128;616,274;644,143;649,246;674,180;683,220;740,166;749,225;1034,105
082:0,009;63,199;68,003;192,223;223,215;387,173;568,202;573,087;650,150;657,080;671,240;690,242;1040,185;1044,164
083:0,009;74,218;188,251;261,173;416,251;595,240;625,004;727,124;729,194;859,093;895,224;1096,164
084:0,009;64,218;69,003;85,196;118,013;135,175;250,092;413,019;609,234;761,103;823,203
085:0,009;85,196;172,145;207,102;248,010;459,080;588,220;647,153;680,099;791,224;888,230;949,136
086:0,009;67,010;344,231;548,118;629,200;681,143;695,272;735,239;834,080
087:0,009;102,158;446,010;568,202;746,235;795,200;869,267;888,181
088:0,009;102,234;242,186;293,225;308,104;434,174;552,129;861,112
089:0,009;123,233;239,207;417,008;445,004;460,258;504,010;666,226;688,016;790,115;1171,094
090:0,009;123,233;194,149;238,004;334,233;392,235;404,004;728,195;800,094
091:0,010;676,204;896,093;932,164;1008,144;1046,207
092:0,010;163,149;379,246;541,185;747,078;748,133;837,197;885,253;956,230
093:0,010;397,188;737,088;842,234
094:0,010;122,207;176,019;242,263;325,233;328,010;533,226;586,186;670,226;920,233
095:0,010;187,134;218,094;235,019;338,232;359,167;548,135;640,186;1113,185;1159,259
096:0,010;342,188;384,129;732,102;822,207;866,186
097:0,010;516,186;533,180;721,232;933,222;1026,097;1078,166
098:0,010;178,177;883,200;1082,218
099:0,010;242,263;385,269;404,144;469,150;481,010;761,103;845,233;858,080
100:0,010;591,253
101:0,011;121,019;143,134;184,200;191,010;397,008;432,097;664,166;974,008
102:0,011;106,203;225,143;240,222;497,150;505,008;604,215;718,008;738,264;956,135;1090,261
103:0,011;18,124;100,094;131,002;209,010;253,251;390,149;435,135;477,008;710,076;872,233;892,177;908,129;940,078;1032,230;1078,082
104:0,011;108,259;257,094;268,251;312,200;417,186;635,225;688,116;823,275;1056,164;1075,245
105:0,011;148,080;222,218;409,197;510,238;580,076;648,097;1090,215;1107,091;1114,171;1169,195
106:0,011;152,010;533,226;588,231;611,171;1100,224
107:0,011;265,144;603,008;642,111;644,192;815,115;867,008;900,258;1006,188
108:0,011;143,272;160,002;235,264;369,253;381,185;399,018;440,185;497,200;790,178;869,082;998,177;1119,246
109:0,011;18,216;114,269;252,134;265,144;324,218;543,143;600,207;749,234;808,222;926,224;1101,226
110:0,011;113,010;114,269;143,272;681,177;735,171;785,090;810,272
111:0,012;28,001;116,010;180,242;282,195;299,232;318,209;379,143;504,167;556,231;650,178;687,004;891,267;1044,192;1172,199
112:0,012;134,231;300,197;403,094;435,200;600,097;620,258;669,097;675,185;747,093
113:0,012;180,242;247,093;259,185;268,253;290,102;304,195;376,019;377,224;694,274;841,134;1139,113
114:0,012;281,135;323,019;344,149;378,097;583,019;794,234;862,087;1041,078
115:0,012;134,231;261,086;315,167;434,177;486,195;718,238;885,239
116:0,012;256,087;333,116;464,222;535,261;862,008;945,136;975,008;1133,099;1164,115
117:0,012;280,232;488,004;540,270;564,091;657,144;990,102;1040,240
118:0,012;289,245;381,163;459,076;482,225;554,089;589,203;598,144;690,134;696,144;860,111;994,192
119:0,012;300,197;304,143;325,261;450,218;587,196;762,016;809,208;822,240;868,232
120:0,012;259,185;301,231;315,245;331,195;600,150;604,104;670,203;739,107;1037,209
121:0,013;203,222;225,108;283,239;295,128;359,158;512,215;586,166;633,195;637,144;648,188;934,177;994,244;1058,111
122:0,013;163,145;178,173;236,239;258,145;290,125;413,269;572,098;850,008;884,244;981,091;1005,264;1106,200
123:0,013;14,001;23,089;135,225;240,223;477,274;594,098;764,232;832,212
124:0,013;158,135;281,196;486,253;589,107;687,253;710,259;1009,234
125:0,013;173,012;221,192;385,128;452,076;563,207;586,019;595,102;645,272;1191,125
126:0,013;158,135;173,015;225,108;421,230;654,275;673,008;685,246;705,111;870,133;898,125
127:0,013;149,247;170,165;214,222;439,224;479,171;726,008;778,185;1038,220
128:0,013;23,089;275,266;389,166;489,080;563,177;660,016;775,082;790,113;811,195;882,089;986,177
129:0,013;153,266;205,207;291,269;557,107;642,016;728,180;1115,129;1167,259;1178,115
130:0,013;138,239;175,134;409,133;607,269;756,105;759,240;784,163
131:0,014;379,246;518,174;569,008;599,089;638,230;749,135;851,088;1111,244;1140,230
132:0,014;57,001;70,014;350,105;499,232;762,186;861,125;874,129;894,238
133:0,014;333,163;409,134;520,208;528,116;668,150;861,259;907,089
134:0,014;384,175;426,108;475,153;630,150;743,008;747,093;758,160;909,144;1004,234;1006,195
135:0,014;296,134;556,019;562,100;679,078;683,180;1057,200
136:0,014;307,108;415,125;1009,090;1016,259;1149,260
137:0,014;76,078;336,087;393,019;417,076;455,220;760,093;794,185;813,016;836,233;1079,097;1129,008;1194,192
138:0,014;63,199;129,018;466,107;532,134;632,100;730,240;744,080;831,261;1066,275
139:0,014;348,235;385,230;415,187;526,086;728,142;794,222;798,215;1068,225;1087,239
140:0,014;296,087;348,235;724,016;872,135;948,171;1007,103
141:0,015;259,082;316,014;349,238;416,192;614,158;820,245;834,192;980,225
142:0,015;347,240;459,019;640,119;1039,107
143:0,015;237,187;298,014;333,208;513,153;774,092;828,158;1068,144
144:0,015;217,106;237,187;263,203;324,273;410,174;463,173;558,008;812,202
145:0,015;324,273;388,192;490,144;554,167;652,274;703,091;737,197;759,105;788,199;1125,180;1160,134;1190,259
146:0,015;256,233;381,264;792,099
147:0,015;217,106;365,004;479,158;483,112
148:0,015;353,272;397,267;489,238;493,263;503,010;505,126;591,080;636,269
149:0,015;242,196;251,019;258,165;277,094;398,098;519,235;570,260;575,178;1024,086
150:0,015;256,233;265,167;355,238;629,099;761,082;857,076;866,150;951,232
151:0,016;154,150;597,119;637,187;650,107;729,016;808,129;1084,158
152:0,016;154,275;194,200;309,186;389,004;722,224;786,253;874,008;970,131
153:0,016;219,004;232,173;321,106;452,225;480,119;652,004;676,235;740,009;762,086;819,171;824,098;895,233;911,116
154:0,016;125,116;221,008;248,230;337,150;452,106;491,139;945,116
155:0,016;120,128;211,010;219,145;385,010;450,220;558,104;591,194;707,240;819,234;820,258;897,200;1012,181;1103,135
156:0,016;106,203;265,208;789,240;976,135
157:0,016;127,087;242,008;249,230;624,128;738,177;816,090;959,101
158:0,016;139,143;185,116;198,135;268,260;719,143;985,209;1081,008;1085,244
159:0,016;85,199;115,158;287,187;401,215;798,143;1092,222
160:0,016;122,173;154,150;209,116;321,166;335,125;463,185;672,004;709,230;896,115;1141,091
161:0,017;26,151;132,173;199,186;217,165;237,150;288,158;353,018;428,112;477,234;600,225;653,076;827,102
162:0,017;50,094;355,224;398,004;460,008;586,259;635,238;753,100;825,103
163:0,017;12,164;34,241;113,102;285,080;487,108;526,089;539,175;591,118;621,019;662,231;687,087;867,207;1196,272
164:0,017;47,012;256,087;268,218;275,102;392,090;597,133
165:0,017;12,167;125,018;244,240;249,269;289,008;485,142;867,094;872,144;899,195;989,166;1073,104
166:0,017;12,164;182,080;436,153;452,235;499,158;595,004;715,111;857,103;961,245
167:0,017;16,128;163,003;223,215;315,242;717,203;800,142
168:0,017;14,092;156,199;158,014;211,240;238,167;260,275;337,090;378,004;579,194;646,135;719,274;725,200;894,116;908,245;959,209;973,172
169:0,017;16,003;93,086;131,002;209,008;436,153;493,224;727,235;833,171;867,194
170:0,017;23,241;78,006;130,239;144,012;189,008;361,097;382,232;510,010;528,019;554,004;592,260;922,160
171:0,018;423,089;464,128;519,019;520,261;689,104;713,163;1056,185;1140,244
172:0,018;432,139;695,202;710,108;932,226;1149,172
173:0,018;483,019;488,113;736,234;747,113
174:0,018;387,086;446,116;448,270;539,260;560,232;720,100;971,260;1107,224
175:0,018;388,010;513,187;545,192;566,100;619,231;688,166;725,186;736,016;822,139
176:0,018;118,165;313,102;588,089;907,230;1020,091
177:0,018;268,104;417,108;489,113;671,209;830,196
178:0,018;126,165;156,086;166,252;492,199;557,203;583,235;653,167;758,238;797,089;859,112;860,172;1118,230;1140,212;1161,267
179:0,018;403,187;466,107;578,202;660,259;698,204;748,220;898,104;1147,092
180:0,018;303,090;391,245;814,160;920,171;937,097;1000,144;1062,008
181:0,019;244,129;269,078;525,275;629,103;679,008;864,244;960,150
182:0,019;409,188;640,016;848,101;953,188;994,220;1023,082;1029,178
183:0,019;252,208;267,093;351,251;723,181;1006,111
184:0,019;163,149;191,196;233,019;640,016;842,116;891,094;1169,099;1177,178
185:0,019;628,124;640,016;723,181;876,101
186:0,019;627,097;640,016;740,009;747,104;872,111;972,131;1114,209
187:0,019;629,103;640,016;845,008;866,089;875,171;893,134
188:0,019;537,246;640,016;868,234;996,113;1128,144
189:0,019;628,124;640,016;840,244;873,178;1169,171
190:0,019;289,165;301,174;397,019;629,099;664,016;794,199
191:0,020;119,266;379,149;436,239;486,231;580,080;847,092
192:0,020;14,019;445,175;590,158;612,090;754,224;920,218
193:0,020;61,093;193,019;261,260;343,185;375,231;458,116;513,199;760,087;850,164;1050,090;1175,215;1192,134
194:0,020;18,124;29,167;302,135;418,196;463,086;479,240;592,163;708,105;736,086;1073,220
195:0,020;90,082;381,209;401,018;417,274;464,087;562,269;634,270;689,225;717,192;1027,253
196:0,020;61,164;299,004;314,118;543,242;667,225;969,208
197:0,020;49,004;103,082;221,223;388,266;455,185;456,092;850,208
198:0,020;59,207;229,134;248,002;313,092;329,082;378,078;394,266;404,209;518,272;549,187;559,253;677,091;692,111;707,178;733,108;1106,100
199:0,020;166,142;246,252;393,010;535,270;1016,215;1165,163
200:0,020;61,093;281,010;424,224;436,094;518,177;551,272;632,076;699,195;1154,185;1187,129
