001:0,001;177,264;181,167;223,157;298,275;588,149;719,267;827,080
002:0,001;250,183;314,110;370,216;681,116;925,174;1015,273
003:0,001;199,267;405,216;550,208;1048,174;1119,275
004:0,001;115,208;152,242;215,076;243,211;286,109;414,008;662,104
005:0,001;153,211;279,170;542,121;1087,249
006:0,001;81,189;130,249;165,105;279,204;854,133
007:0,001;78,168;118,020;165,105;176,117;271,099;876,213;1029,128;1124,176
008:0,001;55,007;81,189;89,249;341,092;536,076;706,168;858,275;1111,216
009:0,001;223,157;561,216;1097,121
010:0,001;174,204;237,243;694,088;1061,133
011:0,002;92,275;129,115;178,130;324,183;546,233;603,199;893,187
012:0,002;259,273;1011,180
013:0,002;299,080;314,076;734,131
014:0,002;59,006;223,178;259,273;448,092;942,077
015:0,002;196,097;223,178;231,147;362,203
016:0,002;260,178;494,170;555,125;616,229
017:0,002;495,191;837,209
018:0,002;51,088;200,261;345,226;823,229;975,252
019:0,002;114,217;205,136;588,093;600,136;695,267;703,132;745,091
020:0,002;107,133;197,176;1094,088
021:0,003;84,266;161,017;183,257;249,243;253,077;265,260;383,134;1174,130
022:0,003;33,090;135,188;179,115;207,133;210,134;477,080;536,209;836,250;914,080
023:0,003;28,153;150,136;266,216;369,242;456,146;526,097;597,147
024:0,003;71,076;101,134;176,176;269,168;318,216;332,111;343,216;402,084;512,127
025:0,003;71,157;137,076;360,158;432,249;1082,223
026:0,003;28,153;110,084;236,017;469,127;1052,126
027:0,003;87,249;125,020;209,192;591,214;1019,229
028:0,003;23,242;572,217;835,168
029:0,003;74,260;86,076;152,203;235,267;255,264;336,008;362,143;1040,213
030:0,003;26,020;71,170;265,153;354,178;510,115;549,111;786,090;923,158
031:0,004;17,012;39,210;42,220;96,221;1052,226
032:0,004;95,080;112,092;189,091;281,117;455,162;613,203
033:0,004;135,188;767,109;1153,174
034:0,004;94,097;186,017;362,176;375,096;433,257;435,008;511,172;712,076;934,118;944,196
035:0,004;79,209;127,096;294,257;411,267;484,090;747,077;940,226;992,090
036:0,004;110,158;342,077
037:0,004;138,234;570,168;644,088
038:0,004;79,223;384,260;591,275;736,128
039:0,004;87,211;95,080;382,266;508,188
040:0,004;38,170;347,249;417,230
041:0,005;118,097;250,117;379,200;424,008;425,097;774,188
042:0,005;166,147;229,162;335,181;661,168;706,217
043:0,005;102,083;207,017;326,233;1106,086
044:0,005;206,093;273,242;362,076;497,189
045:0,005;129,017;179,257;187,195;336,230;371,248;1150,189;1188,242
046:0,005;65,001;102,083;214,088;284,082;944,219
047:0,005;127,169
048:0,005;39,115;73,221;383,008;507,210;929,117
049:0,005;159,017;204,223;208,118;248,017;286,109;367,098;405,152
050:0,005;168,264;252,116;326,233;502,191;903,118;948,092
051:0,006;26,176;64,084;129,132;188,128;1017,161
052:0,006;5,132;90,209;91,008;530,088;656,161;704,166
053:0,006;107,192;173,017;404,214
054:0,006;122,143;397,133;593,192
055:0,006;89,111;218,152;949,192
056:0,006;175,248;360,275;504,173
057:0,006;89,111;94,002;113,153;116,234;246,076;298,096;369,147;482,226;621,081;776,126;808,157;1026,189;1145,093
058:0,006;93,016;100,166;161,230;183,249;473,126;531,266
059:0,006;100,166;686,131;1138,081
060:0,006;188,128;719,181;908,191
061:0,007;76,110;82,261;192,147;590,086;753,237;952,076
062:0,007;80,005;83,110;380,157;387,250;764,132
063:0,007;134,194;280,133;827,116;1186,127
064:0,007;109,214;281,017;372,110;393,231;407,132;687,125;728,172
065:0,007;6,004;23,275;51,136;91,020;198,189;934,116
066:0,007;75,275;96,158;121,195;357,084;382,151;609,131;681,093;850,195
067:0,007;145,214;198,189;353,086;363,174;924,221
068:0,007;82,261;392,133;394,223;445,251;541,092
069:0,007;23,275;84,006;157,017;393,231;477,176
070:0,007;76,110;234,017;360,151
071:0,008;429,109
072:0,008;460,132;536,237;649,096;1077,130
073:0,008;249,118;867,191
074:0,008;247,204;283,125;454,208;591,230;597,208
075:0,008;596,096
076:0,008;529,136;549,251;565,157;745,248;818,173
077:0,008;477,125
078:0,008;117,153;301,152;325,187;409,231
079:0,008;325,187;611,196;803,166;1196,189
080:0,008;542,121
081:0,009;38,017;148,223;197,264;299,132;459,200;563,115
082:0,009;67,076;78,012;110,013;273,077;310,098;489,250;675,230;820,126
083:0,009;130,117;244,203;357,091;448,080;497,091;709,209;734,153;904,219;943,189;1025,226;1041,143
084:0,009;15,012;115,091;185,143;358,237;520,084;607,233;1162,248
085:0,009;67,106;105,229;607,082;754,162
086:0,009;268,081;596,091
087:0,009;42,220;167,166;198,229;446,158
088:0,009;36,217;110,115;143,217;180,220;212,217;259,146;448,273
089:0,009;39,084;108,118;413,221;816,251
090:0,009;37,020;105,229;175,020;225,257;493,091;576,111;635,242;1120,233
091:0,010;136,248;740,243
092:0,010;196,017;284,080;293,008;312,219;709,223;1079,153
093:0,010;30,210;87,216;264,162;312,219;892,217
094:0,010;67,134;85,132;257,115;281,131;563,136
095:0,010;76,223;135,260;193,216;312,153;323,092;397,111;571,153;701,195;815,192;876,252
096:0,010;74,216;108,220;206,093;234,115;719,090
097:0,010;40,099;127,002;177,252;211,083;272,091;495,077;500,098
098:0,010;15,217;114,204;165,013;281,131;331,080;440,264;817,195;994,163
099:0,010;40,099;143,158;527,234
100:0,010;55,016;62,005;114,204;181,153;242,178;340,008;413,077;487,086;554,147
101:0,011;106,116;249,210
102:0,011;25,118;100,210;243,161;996,082
103:0,011;23,018;60,252;101,174;351,211
104:0,011;38,221;96,096;97,082;119,266;131,080;281,181;313,162;579,131;603,260;901,226
105:0,011;62,174;149,020;175,130;195,169;751,115;1067,125
106:0,011;97,082;149,152;197,188;311,088;333,168;794,081
107:0,011;34,136;48,020;121,211;151,168;422,008;529,134;798,183;1070,082
108:0,011;22,008;35,158;60,001;115,216;191,200;242,084;261,217;510,214;545,143;710,161;755,080;907,153
109:0,011;60,252;137,008;149,152;174,174;388,252;866,204
110:0,011;26,002;32,017;193,092;304,157;325,192;451,229;756,076
111:0,012;66,162;90,017;116,214;117,116;275,093;458,153;472,242
112:0,012;111,146;150,099;491,251;658,181;674,111
113:0,012;79,243;185,013;276,226;423,146
114:0,012;147,161;205,146;390,261;391,090;468,008;470,257;739,125;1060,127;1177,136
115:0,012;87,211;229,081;276,226;326,017;358,170;476,194
116:0,012;67,228;231,008;456,109;662,104
117:0,012;196,081;212,214;344,017;391,090;671,109;761,229;821,187;871,118;886,099
118:0,012;79,243;245,228
119:0,012;67,228
120:0,012;79,013;223,111;257,098;282,243
121:0,013;107,133;345,214;487,127;503,200
122:0,013;28,017;50,096;630,262
123:0,013;326,091;356,189;493,231;549,132;1123,143
124:0,013;127,169;163,013;326,153;443,174
125:0,013;287,269
126:0,013;281,181;649,117;1068,115
127:0,013;220,252;385,203;584,200
128:0,013;50,096;89,013;222,133;265,267;287,269
129:0,013;285,115;509,117;640,162;878,168;1057,151
130:0,013;337,086;481,117;927,260
131:0,014;18,262;377,230;407,143;519,217;698,163
132:0,014;7,167;237,110;299,203;378,262;529,275;711,219
133:0,014;26,146;125,176;196,217;556,096;571,116;818,111
134:0,014;7,176;18,262;752,275;845,267
135:0,014;7,176;136,098;137,217;140,008;159,082;283,111;548,126;1033,214
136:0,014;51,088;117,017;181,180;1006,248
137:0,014;26,146;107,162;255,093;434,126;738,143;1114,096
138:0,014;7,167;181,180;407,098
139:0,014;220,223;480,187;715,275
140:0,014;109,098;355,163;660,237;745,157;800,134;1054,221
141:0,015;46,001;49,195;164,199;396,208;542,080;823,248;1005,195;1030,157
142:0,015;60,251;384,264;404,174;435,008;481,196;608,234
143:0,015;38,170;60,251;481,196;723,187;760,249
144:0,015;19,092;30,132;64,230;154,209;407,213;871,093;1140,272
145:0,015;42,092;80,200;253,183
146:0,015;80,200;174,084;355,153;564,183;793,082;1068,134;1171,128
147:0,015;19,092;227,097;512,153;1057,168
148:0,015;30,008;101,209;686,251;955,152
149:0,015;60,230;335,213;381,176;469,093
150:0,015;33,005;72,168;125,136;179,008;198,230;583,251;705,151;1035,195
151:0,016;128,088;303,264;813,163;980,223
152:0,016;198,132;387,130;1169,204
153:0,016;131,020;200,208;357,131;365,116;566,166;787,211
154:0,016;265,260;430,226;471,187;478,192;797,250
155:0,016;40,084;59,195;115,111;120,192;296,176;351,188;507,084
156:0,016;128,237
157:0,016;162,205;199,130;785,099
158:0,016;34,008;76,162;229,250;346,111;393,080;469,091;492,099;522,076;533,146
159:0,016;128,237;340,119;384,117;509,257
160:0,016;340,119;442,187;456,116;675,151;678,181
161:0,017;115,091;226,017;391,149;580,231
162:0,017;402,199;598,230;671,181;714,136;1174,109
163:0,017;293,116;433,200;479,008;490,173;774,194
164:0,017;387,149;509,147;548,267;687,204;1166,233
165:0,017;34,136;137,275;343,125;522,099;774,161
166:0,017;21,199;137,017;309,211;493,267;498,249;759,169
167:0,017;312,126;405,195;645,226;927,181
168:0,017;191,161;651,187
169:0,017;21,199
170:0,017;312,126;472,180;511,172
171:0,018;65,176;119,260;188,098;250,017;270,213
172:0,018;39,115;127,203;144,002;178,134;209,166;545,118;932,216
173:0,018;53,157;136,082;590,180
174:0,018;127,203;296,267
175:0,018;69,002;152,098;183,194;473,223;689,250;831,230
176:0,018;87,090;190,204;270,213;319,204;444,008;495,211;781,262
177:0,018;27,016;49,020;51,134;380,109;447,260;507,077;737,163;801,130;1070,183
178:0,018;37,194;170,266
179:0,018;37,194;107,252;953,090;973,237
180:0,018;80,016;142,266;279,081;1133,132
181:0,019;44,158;110,096;120,168;262,097;421,157;478,204;676,162;747,257
182:0,019;23,242;127,002;229,167;708,251;803,196;939,210
183:0,019;106,275;292,234;517,260;602,133;1049,208;1143,131
184:0,019;45,260;62,210;503,157
185:0,019;19,118;145,084;164,115;238,167;738,209
186:0,019;55,001;80,002;193,152;290,088;512,149
187:0,019;45,260;124,076;132,111;293,200;348,162;455,088;640,084
188:0,019;21,234;38,125;342,088;451,096;505,076;519,096;552,231;575,242;602,097;768,086;1092,117
189:0,019;25,234;129,146;252,200;443,209;510,080;731,167
190:0,019;28,018;38,125;274,136;526,086
191:0,020;196,081;247,083;272,084;434,168;524,223;966,251
192:0,020;232,163;316,266;338,195;835,221;922,162
193:0,020;245,077;402,119;440,118;543,262;593,260
194:0,020;33,090;85,002;133,158;134,099;232,163;727,196
195:0,020;508,272;1139,242;1184,208
196:0,020;294,214;370,131;730,149
197:0,020;196,105;281,194;759,167
198:0,020;52,143;178,013;226,250;480,008;529,158;921,199
199:0,020;52,143;103,008;107,208;438,093;569,086;582,162;657,125;683,216;925,250
200:0,020;210,017;245,077;249,092;337,130;367,086;508,272
