001:0,001;353,274;442,145;543,011;568,263;713,259;1063,019;1184,207
002:0,001;146,152;247,007;345,135;425,130;659,192;680,258;710,256;901,155;1023,100;1188,079
003:0,001;15,110;135,014;182,223;206,007;211,176;261,106;455,249;477,148;541,116;562,115;663,235;768,238;794,163;872,019
004:0,001;452,181;762,256;841,169;1077,246;1146,019
005:0,001;237,247;385,174;429,090;456,122;468,228;503,170;510,007;515,213;574,080;770,164;967,170;1082,205
006:0,001;459,019;569,148;816,019;1040,151;1078,100;1133,185
007:0,001;458,248;462,123;763,165;1038,093;1052,213;1150,172
008:0,001;429,007;440,148;476,158;718,082;792,232;825,168;879,172;1009,150;1089,274
009:0,001;429,090;659,025;674,099;703,164;928,019
010:0,001;237,127;283,163;293,227;346,007;435,213;503,249;543,274;628,169;722,126;806,110;841,155;1048,271
011:0,002;17,010;142,143;164,249;263,116;580,128;612,269;620,243;700,259;859,246
012:0,002;66,182;95,005;154,169;302,239;329,163;420,180;481,246;763,201;1086,116
013:0,002;27,247;133,014;215,100;263,263;339,174;421,001;430,174;507,228;829,217;929,120;1160,180
014:0,002;90,248;117,165;149,001;158,123;161,005;180,017;246,094;273,247;356,087;460,270;463,269;662,165;809,125;816,245;862,159
015:0,002;17,165;133,106;220,017;274,136;291,011;320,203;360,137;770,248;889,191;939,157;967,196
016:0,002;26,076;78,001;90,248;380,270;395,006;427,122;446,275;506,106;626,100;1021,191
017:0,002;66,182;147,143;217,254;370,130;572,104;636,099;668,090;1103,126
018:0,002;17,165;26,076;188,165;206,248;274,140;340,100;381,006;598,138;634,249;868,079;1155,203
019:0,002;38,179;127,076;228,094;387,163;473,186;636,245;856,115;859,269;1103,193;1132,083
020:0,002;91,207;100,182;206,007;208,013;240,219;305,253;357,196;703,245;774,205;889,080;919,207;929,236;1102,155;1121,130
021:0,003;146,152;158,017;318,101;386,100;486,109;630,106;896,123;928,106;1159,019
022:0,003;134,268;148,017;168,123;515,220;649,193;1029,207;1123,137;1134,207;1180,123
023:0,003;119,019;149,126;409,104;495,137;968,269;1181,079;1186,133;1190,175
024:0,003;100,259;201,248;203,013;227,143;271,007;283,016;287,138;415,016;448,128;473,007;486,109;578,268;660,096;755,019;1157,141
025:0,003;52,268;103,126;421,187;448,128;532,248;581,201;614,106;930,019;1150,133
026:0,003;107,153;158,186;256,169;331,106;609,161;630,128;694,271;832,246;846,192;1088,098;1112,170
027:0,003;196,232;283,017;309,207;319,186;500,019;724,169;747,019;800,191;827,076;843,110;963,101;969,113;1136,141
028:0,003;103,126;142,019;172,191;185,007;286,119;554,098
029:0,003;100,259;438,235;563,271;743,213;819,019;983,263;1057,007;1121,019
030:0,003;133,251;154,269;166,174;174,007;196,232;255,196;343,118;453,135;549,203;666,248;671,088;883,163;920,150;1193,100
031:0,004;123,102;231,098;321,011;471,137;489,201;557,248;920,176;985,019;1005,187;1164,249
032:0,004;100,003;129,138;261,232;311,173;328,223;396,135;402,140;510,258;656,140;934,207;935,168;1176,200
033:0,004;129,100;420,155;564,087;662,232;1077,126;1081,232
034:0,004;108,019;127,275;245,007;370,101;715,176;772,136;794,217;821,268;874,232;1005,187;1070,259;1112,195
035:0,004;105,187;189,182;281,213;420,172;560,185;797,193;1090,183
036:0,004;89,098;105,187;324,207;543,143;571,123;802,104;927,268;945,248
037:0,004;129,138;307,256;309,165;404,101;1015,019;1112,195
038:0,004;17,019;510,258;741,119
039:0,004;132,159;237,014;276,013;318,101;343,169;592,099;706,122;737,197;1051,157
040:0,004;187,223;429,007;594,132;664,256;757,101;963,176;1048,217;1109,236
041:0,005;162,268;195,151;202,102;226,159;245,118;251,197;380,245;629,077;640,122;687,201;709,093;1033,076;1182,140
042:0,005;196,011;220,137;274,094;311,182;590,163;613,193;636,161;1019,110;1183,222
043:0,005;239,159;293,152;1102,150
044:0,005;92,165;109,098;171,143;300,245;352,155;654,172;692,157;822,127;840,173;886,019;1040,151;1093,197;1199,150
045:0,005;57,012;157,173;170,005;194,181;256,013;319,256;660,113;671,019;708,183;783,098;802,109;823,077;1115,109
046:0,005;256,159;408,173;635,019;787,120;906,007;939,019;1093,197;1094,236;1171,109;1173,175;1185,256
047:0,005;263,239;572,182;708,007;736,217;769,019;949,207
048:0,005;289,245;295,269;358,007;362,173;446,238;471,118;555,152;870,247;883,152;926,165;1097,186
049:0,005;379,080;402,001;413,161;552,158;739,235;824,019
050:0,005;194,140;268,138;277,205;850,077;856,125
051:0,006;235,013;297,220;406,122;495,193;584,098;680,157;688,270;920,128;949,126;1066,019
052:0,006;73,010;126,123;229,016;470,080;566,249;631,165;755,258
053:0,006;229,016;566,243;597,232;677,203;764,274;766,246;799,245;807,118
054:0,006;12,004;98,256;225,098;229,016;469,201;533,011;560,007;566,243;913,256;935,152;1145,098
055:0,006;229,016;381,006;397,019;606,169;622,093;701,116;1125,109;1164,174
056:0,006;211,223;229,016;454,150;561,240;779,104;781,080;793,107;943,080;1125,152;1198,113
057:0,006;229,016;495,193;503,232;658,077;818,176;944,164;1114,145
058:0,006;229,016;496,159;742,240;751,271;901,098;1081,176
059:0,006;309,159
060:0,006;229,016;480,220;482,163;589,150;907,083
061:0,007;1094,130;1101,019;1135,200
062:0,007;518,096;612,172;644,019;653,151;747,007
063:0,007;975,164
064:0,007;113,152;122,007;1120,174
065:0,007;170,087;222,173;303,136;354,270;452,173;558,118;642,138;1017,227;1103,007;1141,227
066:0,007;113,152;124,006;172,173;240,127;422,228;855,271;859,165;894,236;1086,019;1108,168
067:0,007;909,120;1139,093;1176,138;1186,265
068:0,007
069:0,007;169,013;170,087;227,220;269,270;354,120;373,228;456,106;494,019;518,096;535,007;562,107;602,235;733,136;853,126;941,141;1148,152;1187,145
070:0,007;1162,113
071:0,008;96,089;122,248;134,229;137,110;279,013;380,099;586,143;721,120;863,228
072:0,008;50,097;83,213;188,083;393,168;540,118;804,082;1005,076;1031,107
073:0,008;59,269;285,011;558,132;801,080;1058,259
074:0,008;50,097;125,007;245,011;247,253;265,011;370,016;384,180;395,235;646,145;1156,127
075:0,008;91,244;222,083;236,013;255,165;284,244;805,098;888,088;990,163
076:0,008;142,099;171,152;267,001;487,180;584,093;622,109;745,201;997,148
077:0,008;53,001;97,113;113,011;394,235;429,016;487,196;556,096;831,157;879,136;916,235;956,019;1055,246;1070,217;1170,187
078:0,008;50,083;91,207;295,228;325,123;453,113;598,127;1155,155
079:0,008;68,205;200,207;453,093;662,185;785,118;865,120;928,169
080:0,008;87,007;213,197;449,246;490,161;597,019;695,088;702,007;762,174;878,246;894,263;961,192;1084,244
081:0,009;71,098;222,165;451,080;461,098;573,145;788,185;866,271;1192,170;1198,120
082:0,009;59,244;90,174;267,186;435,104;457,207;563,122;904,136;978,186;1131,164
083:0,009;150,271;533,275;541,201;752,138
084:0,009;59,244;103,231;211,176;534,098;551,120;564,274;757,172;1060,191;1075,232
085:0,009;15,174;34,004;46,083;128,013;174,007;208,245;282,118;313,174;350,107;485,238;723,119;867,259;1052,101;1079,170;1102,145;1104,019;1173,265
086:0,009;95,203;1197,270
087:0,009;18,155;187,106;247,256;302,143;335,107;393,271;394,007;430,126;721,139;870,217;898,247;931,136;978,213
088:0,009;60,106;93,205;248,016;331,161;411,143;488,090;850,157;1047,186;1095,172;1141,116
089:0,009;138,229;211,116;217,011;228,076;327,011;335,107;346,016;521,140;729,253;1031,247;1157,183
090:0,009;86,179;98,011;107,153;178,005;187,203;220,137;344,259;527,122;548,239;565,120;761,197;880,107;920,246;1036,007;1037,125
091:0,010;82,193;160,263;236,151;294,016;324,150;636,139;653,186;854,088;894,269;963,256;1180,019;1181,270
092:0,010;129,100;139,017;179,181;210,259;225,014;279,143;409,248;537,181;667,104;739,205;755,274;982,270;1194,151
093:0,010;168,263;172,191;690,007;812,263;924,076;977,140;1003,126
094:0,010;224,014;234,268;342,104;421,174;1149,082;1164,145;1174,253
095:0,010;82,193;105,011;201,220;527,011;575,077;841,258
096:0,010;194,140;301,254;369,135;391,173;397,007;774,240;863,247;892,115;1200,203
097:0,010;160,263;164,153;192,132;198,191;260,122;423,132;585,259;600,155;891,222;993,256;1200,271
098:0,010;192,155;344,098;519,172;756,083;888,090;939,197;968,093;1126,019
099:0,010;83,106;136,014;277,220;291,093;369,253;395,001;401,270;406,006;415,270;417,135;434,087;796,238;893,130;1090,253;1194,138
100:0,010;148,011;211,228;284,098;306,269;555,083;1078,274
101:0,011;99,157;106,083;208,100;209,155;379,120;532,076;912,088
102:0,011;571,125;717,258;753,207;785,183;1048,106;1132,110
103:0,011;624,139;836,191;890,205
104:0,011;12,249;94,099;141,014;192,185;249,253;293,191;329,173;351,161;431,270;474,007;576,221;609,180;701,246;737,019;761,096;822,244;866,170;962,119;973,157;1076,193;1176,106;1186,087;1195,156
105:0,011;370,019;411,076;691,173;715,243;923,126;991,101;1119,080;1186,109
106:0,011;561,088;679,169;833,104;1066,244
107:0,011;267,245;690,118;775,176;914,227;931,139
108:0,011;583,136;704,128;710,164;765,203;876,186;989,181;1032,244;1063,130
109:0,011;99,157;118,011;159,013;295,130;365,239;386,155;410,120;425,011;610,007;678,143;727,183;805,196;1062,181;1183,217
110:0,011;268,176;340,143;642,109;722,087
111:0,012;164,136;187,011;211,136;361,203;540,168;664,193;674,196;932,253;1061,263;1143,186;1198,019
112:0,012;59,269;104,229;122,086;211,136;222,098;261,083;549,174;684,173;832,123;892,100;1078,157
113:0,012;122,086;217,017;315,094;382,172;457,228;466,248;519,263;532,259;613,197;760,253;924,248
114:0,012;77,271;375,205;722,158;899,217;980,180
115:0,012;205,263;514,170;535,256;693,192;785,128;946,107;1023,161
116:0,012;158,118;518,115;842,269;852,205;963,158;1174,236;1198,110
117:0,012;163,229;219,014;292,152;362,222;1172,263
118:0,012;80,229;146,275;440,253;463,090;467,011;594,253;643,173;661,256;662,025;664,082;851,130;874,191;888,247;1023,106;1031,172;1084,080;1109,217
119:0,012;131,174;138,197;201,001;232,259;330,001;430,135;604,240;734,148;861,161
120:0,012;130,173;147,165;225,205;259,152;269,253;709,088;824,249;881,110;891,140;998,176
121:0,013;25,231;98,113;385,093;395,232;491,170;846,139
122:0,013;25,231;217,116;538,246;669,259;701,191;740,093;802,207;1028,201;1048,222
123:0,013;146,119;290,145;403,247;492,270;593,182;646,130;1055,201
124:0,013;356,222;383,019;395,271;623,275;643,270;680,268;733,173;885,174;1116,201
125:0,013;341,011;438,169;484,197;719,193;783,240;997,110;1006,119
126:0,013;330,093;558,168;818,126;829,109;1122,101
127:0,013;353,274;548,169;668,269;742,122;881,249;1141,200;1159,268
128:0,013;303,104;381,006;411,145;605,135;629,019;667,168;1075,187
129:0,013;219,007;237,014;281,145;341,137;398,239;523,138;744,159;854,150;971,137;1086,170;1165,080
130:0,013;350,145;417,126;906,180;964,221
131:0,014;239,093;319,172;401,275;524,270;637,025;677,227;841,221;902,244;931,106;1012,170;1020,156
132:0,014;112,132;236,106;287,173;382,275;391,222;542,220;637,025;939,141;1128,197
133:0,014;302,246;470,122;637,025;694,098;752,186;830,185;1124,132
134:0,014;240,246;258,275;303,127;314,140;394,019;463,168;487,151;595,180;598,019;1020,156;1117,007
135:0,014;289,232;585,172;608,248;637,025;666,164;707,163
136:0,014;254,174;306,132;420,165;637,025;694,076;801,087;1168,019
137:0,014;291,137;326,130;408,197;609,259;698,181;967,244;1032,155
138:0,014;289,187;345,176;346,227;445,269;454,148;637,025;682,227;912,185
139:0,014;250,203;272,113;778,137;801,192;802,180;879,240
140:0,014;239,093;269,014;287,016;487,151;637,025;868,185;908,122;911,192;948,090;1136,100
141:0,015;56,099;64,190;136,113;202,006;255,196;258,205;366,269;430,137;466,181;523,174;537,128;831,183;1115,259
142:0,015;123,094;240,076;251,185;489,104;544,222;853,132;1068,019;1101,169
143:0,015;42,120;389,113;393,263;808,192;816,158;1132,155;1147,090
144:0,015;77,271;137,007;210,119;274,248;276,174;333,150;388,006;434,161;454,107;774,235;902,007;923,079;1195,133
145:0,015;22,003;123,094;157,007;177,246;196,006;226,238;895,157;934,217;1062,172;1199,181
146:0,015;78,270;329,138;432,100;877,130;886,122;908,119;945,104;1089,137;1110,145;1113,196;1192,152
147:0,015;64,190;89,012;99,120;352,119;717,170;883,197;931,019;1072,104;1116,192
148:0,015;89,132;180,197;226,238;380,080;427,159;493,246;530,100;604,151;661,118;684,246;686,193;697,132;847,256;975,197;1053,093
149:0,015;92,228;187,017;367,180;788,196;793,110;805,145;868,007;1135,200;1137,156;1168,193
150:0,015;67,001;78,270;92,228;207,213;238,185;550,140;654,150;763,181
151:0,016;146,119;203,268;218,132;507,157;586,077;624,269;892,110;1077,261
152:0,016;102,118;140,151;267,223;293,007;350,263;369,182;559,275;583,136;725,263;861,076
153:0,016;115,254;162,005;168,102;195,006;209,122;249,182;302,110;357,176;708,136;745,258;815,137;1134,088
154:0,016;29,009;76,254;271,249;430,083;662,107;874,145;1016,268;1151,228
155:0,016;140,151;180,169;229,007;577,192;904,227;1008,082;1126,098;1134,106
156:0,016;96,089;115,186;306,275;381,152;461,120;501,253;544,249;821,161;860,222;870,109;986,274;1010,088;1128,192
157:0,016;249,173;260,123;314,118;339,187;416,093;442,019;464,274;530,163;706,113;1184,193
158:0,016;116,256;523,128;577,116;714,151;744,247;856,007;903,249
159:0,016;209,122;389,187;460,087;549,275;557,176;818,007;937,113;955,007;1009,109;1048,138;1071,132
160:0,016;102,118;230,249;561,161;804,132;1122,183;1150,120;1181,240
161:0,017;322,234;327,157;847,128;914,271;1047,165
162:0,017;183,163;268,100;311,232;381,006;468,019;483,221
163:0,017;151,116;228,113;266,017;438,138;598,275;640,096;642,163;793,113;931,107
164:0,017;327,157;483,221;512,275;606,213;729,197;734,019;866,079;891,170;974,274;1084,191
165:0,017;381,006;382,076;508,186;665,130;850,186;973,182
166:0,017;321,169;381,006;488,170;498,152;546,019;586,116;699,232;761,269;838,207;884,203;1037,181;1055,109;1108,151;1182,158
167:0,017;341,087;386,238;442,274;461,011;537,123;565,099;629,274;740,186;744,217;847,093;958,191;999,140;1181,255
168:0,017;197,268;201,228;346,098;459,007;464,016;470,270;498,168;525,007;617,107;651,182;748,007;767,116;1085,101
169:0,017;183,163;381,006;426,138;500,011;508,107;539,011;556,240;596,270;714,196;784,244;1073,196;1082,151
170:0,017;311,172;381,006;527,193;650,253;738,140;879,082;1147,080;1149,246;1197,253
171:0,018;9,247;236,269;303,196;481,128;511,120;682,148;732,238;741,246;872,007;1161,255
172:0,018;7,203;90,155;195,247;256,076;319,098;345,140;540,247;868,136;873,096;882,148;1122,227
173:0,018;7,133;29,136;178,116;188,005;252,187;281,013;344,228;400,006;494,185;623,201;677,083;728,109;769,191;782,158;795,182
174:0,018;69,197;113,207;184,099;355,268;514,165;560,135;670,093;721,247;727,125;1032,145;1042,240;1168,019
175:0,018;7,110;302,001;442,127;817,148;934,227;1131,269
176:0,018;31,006;111,197;166,014;293,227;518,247;686,174;744,104;758,182;789,213;957,247
177:0,018;29,136;164,247;176,001;476,158;543,132;555,007;576,192;659,125;769,123
178:0,018;7,203;162,001;324,110;361,127;591,157;634,135;669,186;726,007;747,019;753,207;825,007;960,268;1000,127
179:0,018;23,099;547,170;713,182;952,007;1058,261;1115,164;1125,077
180:0,018;12,003;30,006;433,163;511,007;517,115;562,119;731,128;780,274;963,205;1078,138;1170,270;1178,019
181:0,019;792,270;888,115;1053,155;1101,165;1199,170
182:0,019;370,001;380,007;385,001;566,196;666,139;718,263;725,180;899,139;918,221;951,148;959,019;1173,175
183:0,019;773,110;853,228;931,096;1103,090
184:0,019;891,191;1051,140
185:0,019;573,130;583,007;853,236;881,180;1145,082
186:0,019;611,221;838,213;1031,253;1167,247
187:0,019;516,221;576,165;619,007;1093,104;1119,272
188:0,019;1037,007;1119,272
189:0,019;853,236;924,096;1087,192;1121,261
190:0,019;941,228;1124,148
191:0,020;52,268;562,173;686,248;763,169;922,270;1155,158
192:0,020;12,249;198,174;240,011;336,191;846,227;889,248;931,263;987,235
193:0,020;10,173;195,155;205,019;276,132;299,019;414,080;877,007;1059,115
194:0,020;17,186;154,011;711,172;876,235
195:0,020;10,159;218,246;231,256;232,123;240,244;265,017;284,147;290,182;341,011;370,247;525,268
196:0,020;10,159;109,213;787,150;847,127;977,170;1008,140;1050,203;1151,213
197:0,020;15,174;114,179;132,275;134,270;259,246;449,259;575,088;669,087;695,115;810,136;892,270;969,110;993,263
198:0,020;100,251;179,246;295,248;457,019;583,125;637,025;669,155;794,109;867,118
199:0,020;80,213;106,244;757,109;801,155;830,096;928,019;964,123;1175,019;1177,120
200:0,020;10,173;76,013;118,097;162,011;264,219;298,119;331,161;344,239;359,007;389,168;460,172;502,104;823,115;892,083;901,077
