001:0,001;61,214;91,123;114,181;116,136;244,146;426,178;472,094
002:0,001;212,004;258,265;474,118;576,223;615,232;717,182;763,117;884,083;984,230
003:0,001;212,013;323,127;633,156;698,193;713,152;770,144;800,210
004:0,001;394,178;494,244;603,224;879,250;886,268;896,234;1080,224
005:0,001;380,094;526,256;787,265;839,174;846,154;862,262;995,124;1059,150;1118,178
006:0,001;52,009;283,271;285,164;341,097;415,095;489,233;547,004;553,086;605,203;1161,210
007:0,001;206,100;329,017;368,240;385,234;421,188;768,261;1142,188
008:0,001;260,099;345,188;407,081;648,241;772,182;1013,211;1185,262
009:0,001;217,013;283,192;483,211;584,261;801,229;835,144;1057,200;1155,206;1188,215
010:0,001;237,221;345,082;414,131;494,265;663,171;675,185;1098,193
011:0,002;324,166;497,144;743,223;873,178
012:0,002;319,138;436,006;500,245;512,168;710,262;1054,245;1166,260
013:0,002;331,232;348,251;557,261;762,081;1197,206
014:0,002;307,153;311,191;471,184;532,211;614,096;706,225;1144,233
015:0,002;286,160;314,017;334,191;357,082;383,083;421,004;698,091;980,134;1000,225;1153,184
016:0,002;322,167;506,178;530,096;577,131;584,233;793,178;1106,206
017:0,002;157,083;537,191;609,118;923,004
018:0,002;237,234;556,206;1105,223
019:0,002;237,234;383,115;384,095;686,117;705,115;752,221;873,211;1010,156
020:0,002;345,004;379,166;565,147;857,081;1016,136;1087,004;1132,132
021:0,003;98,007;108,104;153,123;726,168;922,193;1154,261
022:0,003;96,200;631,187;1127,127
023:0,003;181,098;385,232;397,006;413,104;424,268;496,085;699,230;1158,193
024:0,003;154,104;260,017;423,115;718,104;747,146;1191,001
025:0,003;193,115;335,144;478,085;640,086;666,076;988,138;1085,229
026:0,003;288,168;818,268;880,271;1003,174;1146,182
027:0,003;97,126;164,170;268,080;270,009;325,144;363,152;446,187;553,094;1091,090
028:0,003;238,123;276,101
029:0,003;195,101;263,170;279,115;452,085;475,097;639,124;642,085;662,127;992,141
030:0,003;97,126;196,168;218,167;229,256;481,178;789,099;1028,158
031:0,004;308,131;455,004;554,212;760,172;790,260;1110,268
032:0,004;226,095;249,002;301,085;435,006;449,102;469,013;502,123;612,004
033:0,004;506,131;557,076;558,224;595,004;651,123;712,117;738,258;748,108
034:0,004;145,207;165,014;248,004;418,258;492,205;736,004
035:0,004;255,156;275,118;343,004
036:0,004;552,166;659,271;834,170
037:0,004;41,187;54,004;226,095;265,002;277,009;359,004;1027,258
038:0,004
039:0,004;658,172
040:0,004;1053,097;1105,241
041:0,005;23,167;351,009;383,091;569,185;636,083;766,004;795,210;1009,083
042:0,005;63,080;278,193;307,214;316,014;334,152;376,138;411,091;610,182;809,261;976,004;996,243;1079,127;1116,222
043:0,005;102,233;149,166;349,153;500,013;715,157;751,196;778,203;1033,004;1117,268
044:0,005;87,097;304,004;318,160;1082,234
045:0,005;215,007;222,161;306,124;351,184;360,255;435,204;441,013;446,241;550,184;1087,097;1133,244
046:0,005;146,213;245,136;250,006;265,191;321,111;358,221;437,004;801,229
047:0,005;101,001;102,233;266,007;321,147;533,178;608,091;739,150;822,102;959,260;1152,154
048:0,005;23,167;124,114;291,004;642,211;679,099;740,157;774,104;1093,265
049:0,005;104,273;118,171;144,112;175,227;1136,262
050:0,005;79,080;159,265;193,160;337,013;409,167;919,228;1000,243
051:0,006;527,245;600,234;743,212;759,091;1085,239
052:0,006;644,150;724,230;983,144;1109,094
053:0,006;608,174;814,157;1051,269
054:0,006;645,150;797,147
055:0,006;163,187;446,146;632,152;698,211;718,225;856,200;1048,004
056:0,006;805,250;945,150;1189,124
057:0,006;643,260;854,233;926,086;1009,134
058:0,006;41,187;236,111;250,172;299,213;319,184;334,006;345,241;388,271;407,256;410,006;643,260;787,138;867,239;1190,223
059:0,006;301,025;446,006;683,171
060:0,006;307,097;340,161;387,215;462,188;470,114;471,172;568,006;646,188;1004,244
061:0,007;235,080;261,002;305,076;307,232;1048,086
062:0,007;314,230;721,193;838,256;902,187;977,247
063:0,007;323,185;414,138;611,013;654,203;664,166;720,247;723,170;1042,141;1076,131;1162,132
064:0,007;234,085;296,025;335,260;556,086;923,098;1111,244;1127,138
065:0,007;93,153;305,076;397,013;550,261;554,240;588,268;1093,170;1155,128
066:0,007;346,271;377,202;484,227;549,131;1010,188;1028,246;1040,250;1088,161;1106,097;1149,158
067:0,007;349,095;367,214;437,157;472,102;529,268;564,004;749,269;785,136;823,160
068:0,007;233,017;368,013;377,202;481,234
069:0,007;93,153;476,188;636,215;1161,134
070:0,007;308,004;323,228;447,099;676,203;744,144;894,168
071:0,008;73,171;279,232;318,009;391,136;783,196;792,170;826,097;1076,269
072:0,008;14,221;143,001;181,080;224,017;234,085;489,191;550,242;731,004;1016,223;1099,262;1132,224
073:0,008;26,156;127,265;378,025;427,161;484,004;494,171;584,128;1191,001
074:0,008;19,127;194,104;264,099
075:0,008;13,011;38,010;88,178;275,098;299,171;300,117;799,127;886,223;1189,251
076:0,008;16,015;52,011;63,154;75,019;91,172;163,017;170,007;185,240;237,187;344,164;623,191;840,229;969,102;1038,099
077:0,008;37,013;94,127;316,211;439,117;607,102;863,154;930,233
078:0,008;32,123;183,203;246,006;296,250;879,245;1054,102
079:0,008;26,156;32,123;73,171;94,213;222,255;281,017;290,193;304,098;363,164;867,207
080:0,008;36,250;246,265;255,017;272,105;320,203;602,191;1200,004
081:0,009;226,138;286,184;314,009;411,104;862,191
082:0,009;226,138;300,200;362,167;408,004;417,268;421,098;468,128;507,013;515,203;628,164
083:0,009;453,096;506,114;517,161
084:0,009;225,124;775,259;876,134;947,250;1072,081
085:0,009;371,206;550,233;559,076;570,157;573,115;666,265;782,115;817,150;1016,093;1042,113;1112,161
086:0,009;27,097;75,227;107,117;110,006;191,001;194,090;237,112;364,124;536,251;622,228;634,161;1060,247
087:0,009;392,170;500,230;545,006;601,171;894,127
088:0,009;40,097;62,214;112,104;180,009;225,124;242,167;282,244;493,256;632,146;739,081;781,083;806,233;1118,117;1129,091
089:0,009;291,118;314,111;521,242;531,006;606,172;645,013;699,218
090:0,009;345,241;417,268;802,256;864,193;905,268;1117,260;1128,113
091:0,010;155,178;394,241;743,099;753,004;798,269;868,138;1118,182
092:0,010;121,007;131,001;143,157;156,214;181,013;188,081;212,007;314,230;492,095;540,153;570,108;577,227;692,113;918,259;1034,188;1136,259
093:0,010;127,110;147,002;214,117;431,251;522,104;700,224;781,124;887,157;906,124;1100,115;1156,174
094:0,010;138,081;390,207;650,178;831,136
095:0,010;82,111;170,007;197,244;1002,228;1127,112
096:0,010;122,193;239,009;251,004;257,199;293,009;318,239;592,240;724,211;852,218;904,174;1062,207
097:0,010;122,193;138,081;181,006;196,157;563,112
098:0,010;197,244;215,260;227,213;371,146;810,214;829,185;851,174;892,245;920,136;992,187;1127,250
099:0,010;143,157;389,098;416,094;431,083;634,127;653,149;698,134;731,123;830,150;927,108
100:0,010;156,275;170,017;215,260;565,006;621,117;664,256;833,004;899,093
101:0,011;68,166;304,017;347,250;574,160;685,262;840,271;1034,182;1146,117
102:0,011;112,192;227,207;238,214;303,240;496,153;572,082;613,230;680,223;824,182;1098,243
103:0,011;70,111;78,019;193,112;288,138;331,025;384,082;483,108;514,170;655,081;758,157;807,172
104:0,011;111,013;306,112;1009,164
105:0,011;68,166;132,017;165,180;197,004;228,002;287,082;336,006;411,256;422,271;451,082;584,211
106:0,011;70,111;224,192;427,112;487,225;510,096;522,128;1141,004
107:0,011;77,009;161,255;416,170;682,149;745,239;1059,244;1106,076
108:0,011;69,114;192,102;287,082;348,006;358,271;857,260;939,004
109:0,011;75,227;325,258;401,261;482,157;549,004;595,212;717,232
110:0,011;69,114;120,168;165,180;178,013;186,102;462,211;527,240;1115,076
111:0,012;26,005;27,002;135,255;154,006;409,152;510,109;617,244;743,234;804,228;894,117;944,093;1007,091;1197,086
112:0,012;74,097;227,171;420,097;439,232;583,157;604,196;668,214;756,113
113:0,012;139,009;357,206;442,185;524,224;552,108;561,187;626,082;704,144;767,214;770,188;849,265
114:0,012;90,265;150,009;354,227;463,136;528,225;708,149;771,152;799,224;968,106;986,261
115:0,012;14,258;364,207;390,094;406,240;531,006;594,082;649,200;820,168;889,224;1115,090
116:0,012;14,258;36,017;107,007;119,160;121,251;172,017;218,274;258,095;401,147;774,205;995,076;1099,138
117:0,012;131,014;325,255;357,191;521,081;603,076;1113,215;1141,227;1166,098
118:0,012;13,256;32,170;158,156;218,274;280,013;374,176;572,141;699,218;826,223;996,091;997,115
119:0,012;13,256;160,017;164,014;429,101;467,235;727,114
120:0,012;32,170;168,009;255,136;453,256;508,006;526,114
121:0,013;551,090;853,258;872,269;1041,203;1055,222
122:0,013;275,118;285,178;421,184;464,013;487,101;1046,093
123:0,013;632,275;639,154;1152,260
124:0,013;255,261;370,144;699,154;796,241;969,258;1004,271;1186,211
125:0,013;662,004;931,118;1155,004;1173,241;1196,239
126:0,013;140,100;171,004;244,199;288,102;442,104;519,004;1055,222;1104,218
127:0,013;140,100;362,184;385,224;686,239;739,235
128:0,013;501,225;586,239;771,251;866,185
129:0,013;569,095;652,215;1090,251;1176,203
130:0,013;112,192;204,123;223,013;465,115;559,013;639,154;686,170;775,269;946,123;1079,174;1191,001
131:0,014;268,224;350,187;436,232;437,156;719,184;982,229;1075,203
132:0,014;299,149;640,097;1040,246
133:0,014;438,109;612,233;848,123;943,168;1196,004
134:0,014;438,109;493,161;507,097;818,115;1095,136
135:0,014;469,108;538,076;653,185;819,083;879,096;941,134;1158,228
136:0,014;298,171;299,149;676,262;680,251;753,149
137:0,014;451,205;484,192;609,247;715,157;733,090;984,224;1055,246
138:0,014;491,215;500,240;511,192;615,214;719,096;987,090;1002,127;1077,250
139:0,014;360,228;397,196;443,221;904,144;970,146
140:0,014;452,192;464,205;921,157;1148,004
141:0,015;28,003;178,256;311,076;523,006;607,182;703,250;791,239;856,124;967,205
142:0,015;27,097;38,256;165,207;217,006;407,115;411,184;415,081;477,096;862,090;1045,112;1096,104
143:0,015;58,160;110,214;149,172;298,207;353,218;485,006;519,167;563,215;645,239;685,141;990,247;1044,259
144:0,015;59,112;61,131;88,003;147,171;192,013;200,233;465,228
145:0,015;86,136;142,007;162,256;220,006;455,128;549,230;608,174;997,106
146:0,015;40,017;59,258;274,004;291,002;325,123;499,258;736,106;949,117
147:0,015;95,079;140,181;272,105;336,013;352,101;358,211;482,013;731,259;817,146;962,240;1053,101
148:0,015;74,161;621,245;865,147;1020,150;1053,157
149:0,015;58,160;278,224;371,099;428,013;736,106
150:0,015;61,131;291,233;524,013;666,134;831,004;877,251;998,096
151:0,016;86,184;185,004;189,251;313,256;374,258
152:0,016;66,251;352,118
153:0,016;102,168;141,007;259,260;325,004;392,156;425,004;693,134;697,004;746,240;948,251
154:0,016;94,181;158,193;236,203;277,095;337,138;352,185;666,085;808,141;1034,265;1092,123;1191,001
155:0,016;86,184;112,001;124,117;206,004;380,098;890,164;976,241;1167,131;1191,001
156:0,016;75,013;137,003;209,007;318,161;330,100;358,136;363,111;518,196;733,214;822,259;1127,196;1191,001
157:0,016;66,251;88,221;225,156;630,136;920,004;1177,096;1191,001
158:0,016;67,007;282,239;583,184;711,156;994,136;1012,131
159:0,016;91,001;132,090;195,172;201,017;324,218;440,076;554,212;570,098;1191,001
160:0,016;70,014;105,006;121,214;209,013;230,097;492,004;674,086;1191,001
161:0,017;362,224;518,108;681,004;958,176;1068,200
162:0,017;201,214;444,013;464,097;467,214;610,013;681,113;733,134;931,113;1036,218;1103,141
163:0,017;145,207;587,124;621,081;724,227;737,004;1028,246;1049,271
164:0,017;253,261;563,128;583,206;1146,240
165:0,017;440,218;464,192;492,206;568,167
166:0,017;255,213;287,156;350,009;373,215;586,214;656,114;672,124;849,081;853,004;899,093;940,245
167:0,017;307,223;459,196;499,172;730,156
168:0,017;50,156;253,111;321,147;386,014;438,214;581,108;745,166;904,218;1029,207;1058,232
169:0,017;352,232;383,013;698,193;1089,160
170:0,017;348,247;606,207;862,188
171:0,018;87,211;221,127;276,191;288,167;298,013;486,114;574,152;617,223;642,004;644,262;697,227;720,102;802,157;877,221;901,171;1137,144
172:0,018;76,213;101,010;171,255;213,081;347,115;383,251;425,171;663,170;715,196;1090,240;1139,150;1188,227
173:0,018;79,168;114,002;159,083;360,101;388,265;561,251;943,241;1093,184;1150,171
174:0,018;74,161;218,114;334,118;470,152;869,256
175:0,018;87,172;136,003;151,088;204,013;208,101;345,025;411,228;618,225;637,228;799,196;1049,158;1133,240
176:0,018;79,224;151,088;203,221;682,207;1028,104
177:0,018;106,020;238,164;280,127;764,227
178:0,018;76,211;208,002;256,203;468,131;542,095;559,090;725,141;804,152;866,104;971,096;1163,230
179:0,018;79,168;90,250;308,171;467,102;602,013;701,085;807,234;866,102
180:0,018;107,117;300,184;580,172;595,114;646,251;652,225;706,108;903,256
181:0,019;178,170;227,090;238,164;361,240;365,081;409,004;452,206;481,271;639,141;668,082;689,221;749,004;757,241;907,225;994,184
182:0,019;183,004;197,240;326,223;567,102;700,114;717,123
183:0,019;179,203;231,004;235,232;256,131;384,176;936,154
184:0,019;91,173;123,013;154,098;160,131;182,247;971,004;1003,090;1099,185
185:0,019;141,167;217,211;351,114;454,096;459,004;461,235
186:0,019;154,098;209,136;327,114;504,082;555,157;585,196;603,131;981,104;1003,251;1087,176;1151,215
187:0,019;134,187;158,020;206,014;249,196;376,200;1062,144
188:0,019;69,017;91,173;144,168;450,187;891,250;1029,269;1057,147
189:0,019;182,247;343,214;345,014;404,006;471,172;480,223;731,247;990,131;1066,124;1157,200;1193,096
190:0,019;133,017;136,268;161,181;249,196;579,138;727,115;995,262;1176,118;1196,128
191:0,020;281,240;296,025;464,158;591,250;690,160;818,117;1105,124
192:0,020;186,146;232,004;235,232;296,025;352,225;464,158;1012,210;1159,170
193:0,020;237,193;289,213;296,025;435,204;439,006;462,242;752,244;1050,196;1187,115
194:0,020;180,013;330,218;344,146;352,225;491,138;574,166;828,245;885,258;957,269;1024,004
195:0,020;135,255;165,275;186,146;338,160;553,083
196:0,020;95,079;124,160;177,200;290,255;296,025;503,098;567,265;1021,004
197:0,020;181,184;294,004;296,025;432,141;531,013;615,091;625,176;1151,157
198:0,020;218,188;462,242;494,168;508,245;823,149;1089,091;1119,149
199:0,020;187,131;238,211;296,025;432,141;626,138;985,004;987,158;1034,205
200:0,020;59,112;216,111;296,025;466,006;544,233;605,158;929,167
