001:0,001;446,084;458,007;1068,236
002:0,001;496,018;625,013;670,226;1054,016;1070,159;1186,199;1200,095
003:0,001;425,256;458,007;953,195;956,236;976,014;1065,139;1098,164;1190,090
004:0,001;126,175;176,020;208,018;240,005;258,206;447,263;458,007;956,175;1147,016
005:0,001;457,142;458,007;975,227
006:0,001;126,175;189,005;447,263;457,142;458,007;734,152;789,259;794,242;803,017;845,215;933,007
007:0,001;446,084;458,007
008:0,001;419,022;525,179;540,007
009:0,001;452,020;458,007;509,018;633,014;706,272;828,186;870,177;928,263;1055,012;1076,227;1079,012
010:0,001;336,009;341,152;724,183;834,242;843,236;955,090
011:0,002;752,175;827,002;936,013;947,164;1001,205;1059,118;1200,018
012:0,002;985,018
013:0,002;1089,076;1113,266
014:0,002;514,228;653,274;851,150;894,153;1060,002;1090,132;1140,090;1146,183
015:0,002;1100,269;1125,183;1138,196
016:0,002;752,175;762,124;768,151;786,128;878,175;956,153;991,016;1100,269
017:0,002;796,153;918,274;1033,201;1141,171
018:0,002;476,004;571,198;613,002;1093,018
019:0,002;219,009;258,112;572,015;638,165;679,119;702,227;713,270;740,180;742,002;1141,001;1192,213
020:0,002;754,095;812,213;921,195;1000,153;1013,219
021:0,003;707,186;953,095;1114,215
022:0,003;566,007
023:0,003;576,159;725,190;749,158;1022,209;1031,001;1163,211
024:0,003;593,210;611,083;700,168;720,165;905,077;927,196;996,007;1165,014
025:0,003;581,019;647,229;652,152;737,094;745,209;788,083;855,193;858,272;900,020;1003,206;1086,162;1091,008;1104,272;1151,213;1182,219
026:0,003;549,237;633,013;651,263;850,107;1071,077;1175,007
027:0,003;364,234;390,020;476,157;510,151;625,007;649,104;736,147;824,195;949,246;1156,142
028:0,003;552,102;739,202;758,107;761,095;887,209;929,007
029:0,003;336,271;478,227;483,212;634,202;724,151;764,107;955,210;977,134;1078,171;1177,094;1189,269
030:0,003;550,212;593,210;668,015;713,242;878,007
031:0,004;478,246;614,259;656,212;759,012;775,150;795,136;861,019;885,254;897,018
032:0,004;395,083;461,016;477,142;759,012;782,017;797,111;897,018;1066,093;1105,020;1177,090;1181,186;1200,128
033:0,004;373,204;476,168;681,249;745,238;775,150;966,151
034:0,004;482,240;665,237;738,270;783,274;794,013;850,183;1109,018
035:0,004;478,246;710,228;722,227;741,020;759,012;768,148;897,018;1043,089;1081,263;1089,196
036:0,004;514,256;617,159;654,263;694,227;700,020;706,196;759,012;771,213;844,175;1012,018;1195,252
037:0,004;476,168;737,196;816,077;897,018
038:0,004;493,007;612,270;682,159;733,249;754,020;897,018
039:0,004;509,259;532,240;572,136;581,119;706,196;728,077;759,012;814,114;878,014;897,018;1172,076;1193,018
040:0,004;482,240;501,112;661,151;706,124;709,236;747,224;759,012;769,104;1041,211;1145,248
041:0,005;32,012;47,274;94,002;128,204;363,257;383,003;419,022;498,243;555,015;798,159;978,194;1188,008
042:0,005;486,131;556,273;649,254;806,002;927,229;1046,118
043:0,005;33,004;162,139;334,204;428,009;493,273;668,240;969,213;996,020
044:0,005;419,022;521,003;538,245;569,227;638,019;724,243;816,019;903,274;953,184;1016,196;1074,119;1140,242
045:0,005;419,022;475,175;494,136;500,165;620,160;651,193;655,016;669,020;877,114;1008,020
046:0,005;419,022;506,013;510,236;538,165;685,259;761,224;766,248;785,165;829,151;866,193
047:0,005;438,158;688,002;1136,253
048:0,005;419,022;509,180;829,002;954,193;1125,079
049:0,005;419,022;497,245;562,020;1021,194;1076,224;1113,012;1114,128;1116,186
050:0,005;419,022;491,165;517,158;578,183;585,020;748,120;944,196;967,019;973,084
051:0,006;296,008;383,016;436,167;483,019;507,142;516,183;574,196;663,240;682,002;685,213;810,128;827,248;856,002;880,273;882,020;897,018
052:0,006;187,166;218,195;339,008;381,017;434,226;541,017;629,148;660,229;668,015;962,148;985,273;1026,001;1054,012;1092,104
053:0,006;282,010;377,007;386,175;409,004;475,175;610,120;962,228;1116,018
054:0,006;287,226;381,017;537,183;859,083;911,104;936,008;1191,007
055:0,006;364,013;381,017;567,257;595,198;600,010;628,249;710,248;949,176;1126,272;1139,193;1156,148
056:0,006;365,151;381,017;549,016;579,158;583,240;648,017;858,016;921,114;947,112;970,113;986,014;1081,007;1112,195;1142,012
057:0,006;326,005;461,256;469,015;532,193;547,243;758,236;759,158;905,226;916,165;948,199;1072,128;1151,272
058:0,006;187,166;381,017;801,209;829,020;917,083;1034,008;1158,119;1182,020
059:0,006;363,112;364,256;381,017;801,237;912,219;979,002;1043,236;1108,139
060:0,006;190,007;319,018;391,013;424,017;847,206;927,226;958,008;1046,104;1141,018
061:0,007;988,209;1007,136;1076,219;1177,178
062:0,007;409,210;436,179;460,152;476,009;665,256;782,017;966,130;1192,008
063:0,007;430,257;435,219;466,183;476,251;487,157;512,020;576,249;596,010;704,201;771,209
064:0,007;434,018;461,183;495,020;644,124;719,142;790,016;848,177;892,114;916,227;1064,008;1067,158
065:0,007;960,104;1071,148;1086,150;1158,198
066:0,007;220,014;407,005;409,210;484,010;766,247;782,246;915,273;994,225;997,012;1030,242
067:0,007;444,010;576,249;647,010;703,201;761,206;766,246;777,247;924,159;1045,020;1134,007;1139,198
068:0,007;425,131;559,219;661,196;674,257;682,206;966,130;1151,113;1183,193;1188,014
069:0,007;429,229;457,257;616,210;668,010;706,272;1004,018;1026,201;1120,001
070:0,007;436,179;444,019;473,016;513,119;623,228;788,124;821,007;929,014;1135,008
071:0,008;453,271;467,270;496,227;518,017;726,111;744,176;745,017;888,194;963,007;1062,016;1145,094
072:0,008;480,007;533,152;650,249;667,219;671,212;702,228;705,224;867,077;1071,127;1153,130
073:0,008;467,270;721,136;1023,213;1148,201
074:0,008;343,120;348,002;380,018;404,219;532,016;557,209;617,212;665,013;678,002;750,252;793,229;904,247;941,020;1021,266;1046,102;1131,020
075:0,008;447,017;798,151;978,197
076:0,008;436,167;441,019;494,175;575,007;612,195;783,176;789,227;919,184;953,186;1048,228;1158,007;1196,012
077:0,008;259,001;376,274;412,017;763,201;888,194;979,215;1069,020;1116,160;1160,132
078:0,008;449,196;644,227;680,142;681,165;728,159;789,243;805,017;930,205;965,102;1079,014
079:0,008;479,183;534,016;553,017;679,229;698,136;705,002;764,112;808,242;825,019;850,134;949,213;967,008;1065,020
080:0,008;381,017;919,184;1055,229;1089,194
081:0,009;620,019;877,142;901,272;947,016;1060,205;1068,138;1135,018;1193,246
082:0,009;635,146;663,002;694,077;746,270;750,252;874,111;926,016;933,008
083:0,009;609,197;614,202;624,019;626,243;671,017;698,190;750,019;751,077;811,019;818,095;1034,094;1117,205;1123,201;1158,016
084:0,009;614,202;766,162;844,019;952,002;1092,252;1099,008
085:0,009;610,120;673,013;686,019;712,013;733,017;813,257;890,016;1168,134
086:0,009;451,013;481,003;501,179;538,254;559,236;590,014;605,257;836,019;851,015;860,146;866,128;1093,246
087:0,009;509,180;534,019;562,243;596,136;763,240;811,017;883,104;899,016;1131,228;1155,008
088:0,009;681,010;766,162;878,014;931,002;997,113;1141,252;1146,102;1151,272
089:0,009;605,236;628,209;771,013;779,019;787,016;974,142;1042,195;1053,008
090:0,009;390,014;635,146;718,124;865,273;916,016;937,252
091:0,010;465,272;517,019;540,209;594,183;646,083;685,013;742,152;778,201;1031,158;1066,007
092:0,010;821,014;837,176;881,102;1025,007
093:0,010;756,210;854,242;1018,205
094:0,010;746,107;828,128;850,261;883,210;1008,151
095:0,010;764,263;922,177;933,008;1014,090;1128,209
096:0,010;767,237;782,002;869,151;940,018;953,214;966,077;1102,135
097:0,010;575,020;647,212;652,257;664,160;757,020;763,013;790,195;810,015;832,261;888,242;966,018;1077,012;1102,135
098:0,010;465,272;490,022;492,238;749,246;760,238;882,263;990,007;1178,215
099:0,010;492,238;660,002;746,107;756,210;947,018;998,242;1093,089;1197,014
100:0,010;748,228;768,142;1176,195
101:0,011;273,206;422,245;536,195;548,226;681,002;846,090;855,013;1011,127;1060,206;1085,213
102:0,011;261,212;514,083;538,193;819,195;821,252;825,019;964,197;1021,164;1024,146;1036,095;1065,142;1149,252;1169,020
103:0,011;261,245;292,020;308,245;327,251;573,104;632,142;660,209;727,168;759,012;774,128;794,118;824,215;1154,138
104:0,011;261,212;465,195;686,240;738,017;827,224;1052,274;1101,226;1179,093
105:0,011;260,259;401,013;428,018;488,019;796,013;1007,020;1128,148;1144,263
106:0,011;47,274;254,019;294,243;493,195;507,018;583,010;633,002;774,128;778,121;796,236;839,257;881,002;1023,175
107:0,011;267,180;294,243;540,236;545,002;593,007;605,014;907,128;915,013;931,002;1080,215;1104,012;1133,077;1158,175
108:0,011;310,008;327,251;354,019;594,014;1037,162;1197,158
109:0,011;264,166;327,083;631,236;872,020;880,148
110:0,011;261,245;433,104;554,193;620,148;627,016;681,224;715,077;719,242;741,159;837,118;975,195;1199,012
111:0,012;313,198;331,136;344,274;349,148;545,206;649,160;755,266;775,020;854,210;880,013;948,206;1055,158;1171,014
112:0,012;321,136;468,014;547,274;614,014;892,236;902,201;971,114;1174,159;1184,104
113:0,012;341,165;358,136;383,008;405,136;694,019;697,014
114:0,012;338,245;355,009;402,196;542,180;607,014
115:0,012;343,013;364,234;388,014
116:0,012;313,104;341,165;399,273;451,229;592,014;705,219;709,148;720,229;1088,139
117:0,012;399,273;498,251;531,143;563,007;735,112;755,180;782,228;865,165;945,014;948,164;1086,114
118:0,012;313,104;479,229;678,007;731,248;764,175;862,252;1039,164
119:0,012;352,014;382,009;450,179;513,236;677,273;699,083;771,186;821,112;972,183;1049,012;1102,007;1178,201
120:0,012;349,148;874,015;975,162;1066,089
121:0,013;872,224
122:0,013;1011,246;1025,240;1085,014;1091,018;1093,079;1107,162
123:0,013;897,018;997,012
124:0,013;997,012
125:0,013;645,246;997,012
126:0,013;997,012
127:0,013;1026,020;1033,001;1141,119
128:0,013;818,105;828,124;830,274;877,013;997,012
129:0,013;458,007;542,227;822,273;857,162;937,205;1015,263;1095,248;1154,197
130:0,013;997,012
131:0,014;477,010;483,274;782,180;854,213;1051,248;1076,014
132:0,014;483,274;502,226;590,254;892,237;910,162;998,008;1021,184;1081,195;1111,274;1175,014
133:0,014
134:0,014;1084,248;1092,206;1102,076;1156,001
135:0,014;624,119;672,112;719,146;1033,274;1086,227;1200,130
136:0,014;508,254;632,112;873,186;968,196;984,118;999,094;1170,016
137:0,014;155,257;191,014;946,146;958,134;965,008;1003,014;1026,001
138:0,014;363,001;440,013;508,254;533,219;915,002;1082,272;1118,128
139:0,014
140:0,014;54,016;155,257;469,226;479,017;647,010;669,019;670,146;836,014;1101,138;1197,193
141:0,015;954,019;1062,139;1087,136;1115,001
142:0,015;561,176;739,165;780,015;933,008
143:0,015;948,199
144:0,015;941,090;1000,019;1066,093;1174,236
145:0,015;561,176;1125,263;1169,077
146:0,015;4,008;70,224;128,204;270,016;349,018;360,256;773,196;933,008;1126,014;1152,076;1180,084
147:0,015;933,008;1064,113
148:0,015;933,008;1118,001;1159,246;1168,102
149:0,015;971,273;975,146;986,196;1117,107
150:0,015;747,102;933,008;1196,226
151:0,016
152:0,016
153:0,016;41,001;66,016
154:0,016
155:0,016
156:0,016;943,136;984,236;1007,014;1014,211;1032,246;1047,266
157:0,016
158:0,016;433,004;514,228;607,158;729,212;751,104;767,019;776,007;948,214;974,094;982,238;1012,014
159:0,016
160:0,016
161:0,017;280,014;310,020;398,002;620,206;754,017;919,266;1084,102;1179,079
162:0,017;309,198;579,017;909,018;994,211
163:0,017;254,131;369,251;418,015;553,018;603,209;647,010;654,094;1013,012
164:0,017;289,268;306,008;426,002;535,014;746,176;767,259;769,019;1069,084;1172,263
165:0,017;305,083;381,017;893,079;1159,127
166:0,017;289,268;373,002;675,229;739,015;970,113;1017,114;1057,016;1162,178;1185,114
167:0,017;260,259;800,017;945,238;963,002;1047,138;1095,095
168:0,017;281,009;287,151;549,007;595,160;622,015;766,242;778,013;788,015;887,095;943,019;1021,127
169:0,017;287,151;344,016;360,008;445,143;587,015;654,094;680,019;720,007;875,079;1012,226;1111,199;1156,018
170:0,017;242,002;254,131;440,206;582,015;692,248;720,014;738,226;828,015;933,008;948,142;972,186;1163,008
171:0,018;726,111;804,238;1127,269;1173,150
172:0,018;650,180;687,238;703,195;898,183;965,248;1140,018
173:0,018;709,121;776,266;959,226;994,272;1093,263;1132,224;1167,128;1176,077
174:0,018;454,010;675,266;710,219;879,162;909,150
175:0,018;440,227;442,017;503,159;585,175;656,273;770,077;829,020;992,266;1021,118;1042,008
176:0,018;670,193;939,236;1061,007;1089,076;1095,132;1177,253;1186,160
177:0,018;644,124;700,016;709,121;781,094;967,002;1024,153;1036,238;1127,093
178:0,018;675,266;909,158;1037,159;1163,226
179:0,018;595,160;607,237;882,136;933,128;999,012;1059,171;1128,160
180:0,018;725,147;779,014;799,147;801,228;812,243;833,254;872,248;1039,107
181:0,019;468,020;493,015;500,219;550,151;827,016;865,020;869,243;871,134;1026,001
182:0,019;47,004;87,195;488,010;722,019;961,219;1026,001;1135,136
183:0,019;997,012;1027,136;1198,007
184:0,019;440,227;502,104;803,247;817,016;977,225;1000,150;1018,018
185:0,019;47,084;161,274;404,112;452,020;477,199;524,159;533,142;622,175;679,120;695,102;871,240;1026,001
186:0,019;715,094;723,273;869,016;947,019;1026,001
187:0,019;1040,012;1074,119;1150,205
188:0,019;1026,001;1037,089;1055,183
189:0,019;1058,240;1082,107;1114,206
190:0,019;1026,001
191:0,020;787,215;832,124;869,020
192:0,020
193:0,020
194:0,020
195:0,020
196:0,020
197:0,020;769,118;1052,008;1054,210
198:0,020;130,006;297,112;340,226;460,022;515,102;526,013;683,227;686,213;754,094;771,229;785,016;796,153;863,228;1045,079;1071,020;1086,206
199:0,020;680,019;711,083;995,148;1060,209;1093,274;1178,134
200:0,020;515,102;693,158;759,012;787,215;816,176;836,226;850,007;984,210;1194,226;1195,094
