001:0,001;105,274;126,019;156,195;214,020;263,205;265,200;303,270;351,011;400,114;625,192;671,160;691,150;708,198;908,195;920,183;1000,129;1021,011;1028,217;1037,171;1105,161;1142,133
002:0,001;639,216;691,171;849,113;923,244;1035,018;1048,229;1118,211;1161,188;1200,108
003:0,001;152,201;163,208;168,020;183,001;743,221;805,088;990,163;1112,117
004:0,001;152,213;291,001;348,253;367,216;587,135;635,170;894,011;1120,008;1129,201;1149,222
005:0,001;562,232;588,014;599,258;613,094;639,106;662,208;1183,210
006:0,001;896,151;1058,244;1138,018;1161,188;1200,130
007:0,001;225,006;276,239;341,232;489,215;790,160;918,137;1035,163;1115,159
008:0,001;417,121;439,222;587,020;588,001;691,171;786,245;985,199;1038,137;1126,092;1180,117
009:0,001;484,222;741,154;761,244;824,082;878,088;976,018;1086,211;1098,102
010:0,001;346,093;480,082;565,161;589,085;681,232;692,160;885,208;892,194
011:0,002;132,222;185,186;326,014;480,149;782,266;794,124;1103,008
012:0,002;117,007;147,150;222,013;266,270;588,011;687,195;919,105;932,018;1048,190;1103,008;1151,150;1196,092
013:0,002;115,204;741,086;959,102
014:0,002;65,126;122,270;132,146;137,011;317,014;377,207;455,085;664,198;788,105;1131,128
015:0,002;124,174;231,228;240,247;275,007;380,194;468,146;581,270;697,085;1103,008;1184,126
016:0,002;151,020;178,124;345,239;468,020;595,127;640,020;989,092;1006,137;1040,192;1103,008
017:0,002;65,126;115,204;124,174;156,195;178,124;266,114;368,007;418,241;559,092;811,229;876,138;1013,174;1085,109;1178,018
018:0,002;120,083;148,020;149,011;231,228;292,146;548,088;599,216;631,083;651,014;767,113;1088,088;1103,008
019:0,002;164,153;245,215;323,150;329,111;389,207;409,250;420,273;548,146;605,213;787,135;793,213;870,222;1103,008
020:0,002;122,270;214,247;286,082;426,083;485,116;548,161;612,132;675,014;779,250;882,124;911,217;1002,148;1027,207;1103,008
021:0,003;99,129;284,127;949,158;1040,018
022:0,003;102,005;116,001;178,247;212,019;257,254;275,013;287,215;409,237;588,151;618,138;709,088;724,232;854,186;941,206;1131,213;1194,266
023:0,003;96,009;105,208;304,007;333,108;335,001;459,133;685,001;802,020;878,245;942,192;1070,018
024:0,003;99,129;352,160;376,198;554,079;636,266;803,011
025:0,003;112,275;643,137;908,082
026:0,003;138,006;212,215;283,137;401,210;914,243
027:0,003;146,245;379,133;514,123;727,011;818,104;849,151;964,191;1135,233
028:0,003;144,150;315,241;322,266;595,232;829,127;970,206;1166,171;1174,207
029:0,003;156,170;391,191;399,011;401,210;482,211;646,105;661,150;676,221;761,245;862,115;1144,126;1151,199
030:0,003;112,275;252,243;261,007;276,013;320,077;361,151;585,014;695,020;932,126;982,215;1124,124
031:0,004;70,132;269,095;373,245;552,137;576,190;1051,137;1054,227;1085,096
032:0,004;62,121;94,146;128,001;173,170;358,091;367,159;378,138;578,253;1125,163
033:0,004;94,146;287,001;331,091;460,138;740,011;816,207;1020,263;1025,096;1041,120
034:0,004;74,253;189,019;285,083;316,085;588,181;617,275;637,233;782,126;963,014;1004,191;1175,206
035:0,004;63,213;165,013;235,137;262,016;341,089;364,021;387,174;575,079;609,153;770,265;968,181;1187,254
036:0,004;129,264;143,083;216,011;240,135;310,208;324,114;426,135;607,201;620,020;647,273;739,001;827,161;834,232;914,077
037:0,004;80,137;298,204;449,137;616,154;917,096;932,014;984,094;1052,011;1135,191
038:0,004;62,121;70,132;101,121;156,243;218,139;315,135;441,007;494,127;513,189;539,177;593,192;636,230;710,270
039:0,004;63,213;74,253;113,247;172,019;288,246;385,273;455,226;483,181;538,186;565,151;857,159;939,140
040:0,004;64,013;172,270;244,020;351,192;616,259;638,228;678,254;753,222;883,014;1198,270
041:0,005;19,201;39,009;114,177;674,011;710,105;781,230;989,150
042:0,005;205,201;251,020;271,273;276,186;526,135;573,098;641,001;691,229;819,243;825,204;835,221;866,190;1013,245;1064,222
043:0,005;116,137;222,083;260,098;364,161;380,245;715,106;828,135;1107,211;1114,170;1199,150
044:0,005;134,017;144,016;231,218;457,221;595,244;651,088;689,228;999,092;1016,140
045:0,005;46,254;200,011;251,127;440,082;761,105;918,206;946,170
046:0,005;115,181;162,017;325,102;365,001;372,270;507,225;710,127;778,133;938,123;1022,086
047:0,005;133,007;140,122;237,151;259,017;338,150;519,098;641,094;817,102;971,168;1173,201
048:0,005;151,001;322,216;356,208;368,083;516,198;640,095;727,228;1056,014
049:0,005;115,181;282,240;290,206;306,239;481,020;488,230;625,186;635,001;712,096;740,116;768,082;805,198;875,211;921,170;945,110;1092,082
050:0,005;114,177;500,226;524,095;544,181;584,116;728,133;751,266;760,254;870,221;889,180;933,254;1002,204
051:0,006;299,111;321,105;348,121;513,106;588,237;665,273;1097,014
052:0,006;273,115;275,142;288,270;300,021;357,092;392,007;396,190;504,108;988,204;998,137;1004,210;1145,086;1185,088;1187,113
053:0,006;300,021;458,181;789,020;861,244;1090,226;1111,128;1124,240
054:0,006;37,137;113,254;228,240;298,122;300,021;420,106;455,092;546,102;559,090;628,129;826,139;882,229;1044,158
055:0,006;300,021;357,106;401,111;945,194;1098,244
056:0,006;251,142;300,021;485,186;585,237;623,020;819,207;836,108;853,213;985,133;1009,171;1048,159;1194,245
057:0,006;298,122;300,021;357,106;500,090;596,221;620,001;712,222;787,127;799,180;878,273;933,109;1042,014;1049,170;1103,008;1120,252
058:0,006;300,021;449,200;489,121;530,111;989,210
059:0,006;228,240;243,095;251,142;258,266;372,241;458,213;625,254;661,237;750,225;923,198;955,253;963,129;980,109;1030,138;1105,113
060:0,006;303,206;547,089;733,190;855,104;858,079
061:0,007;234,233;304,083;357,211;618,092;978,237;1033,198;1198,125
062:0,007;48,005;58,241;132,009;172,086;195,121;275,011;422,126;640,273;661,129;698,011;818,104;1041,123
063:0,007;103,266;165,013;300,021;410,253;506,233;629,161
064:0,007;412,228;495,014;568,105;612,014;622,135;851,161;975,110
065:0,007;363,153;506,243;509,153;602,014;681,011;727,227;852,011;971,127;976,125;1012,011;1159,253
066:0,007;520,079;565,014;567,258;600,230;767,011;1096,128
067:0,007;565,244;752,237;755,123;974,090
068:0,007;499,123;547,126;577,233;611,014;672,086;731,215;980,011
069:0,007;345,243;593,105;629,258;827,226;887,230;893,226;950,171;1012,161;1105,225;1136,266
070:0,007;376,095;387,001;395,007;512,253;636,020;926,011;1110,113;1182,191;1183,171
071:0,008;27,198;51,018;69,241;129,013;157,007;173,181;445,201;590,186;659,244;771,014;783,233;900,192;1026,133;1188,127
072:0,008;155,218;276,001;408,011;483,189;500,135;519,160;569,001;882,226;1065,011;1168,118
073:0,008;137,161;280,273;326,011;1165,218
074:0,008;105,274;131,114;243,111;288,132;340,225;602,222;696,229;707,192;737,243;907,148;1108,240;1120,077;1156,244;1159,014
075:0,008;134,153;289,151;324,228;382,011;477,225;479,200;523,077;527,221;719,253;771,273;839,020;867,092;991,126;1008,014;1139,184
076:0,008;95,200;137,161;541,270;548,232;654,133;781,151;812,250;868,094;1002,225
077:0,008;106,007;255,267;297,150;548,189;565,001;619,151;773,244;919,104;1113,108
078:0,008;95,013;131,111;247,195;315,221;372,014;396,095;495,083;622,011;746,210;1003,170;1047,213;1112,163;1160,120
079:0,008;95,156;110,015;131,114;297,174;447,115;463,241;518,083;641,014;736,106;833,266;1020,228;1059,117;1088,227
080:0,008;132,222;381,153;414,161;426,218;497,161;551,273;645,127;680,254;764,108;820,254;1177,252;1178,118
081:0,009;145,095;197,247;226,014;300,021;458,014;521,208;597,146;663,192;703,004;709,168;838,109;970,077;1008,221
082:0,009;146,016;155,139;263,085;394,253;572,001;583,094;647,258;719,115;786,094;970,227;994,151;1100,120;1109,110;1179,163
083:0,009;155,139;180,226;200,266;321,021;440,088;545,185;560,102;871,020;903,110;934,014;960,018;1146,011
084:0,009;147,012;196,195;288,245;357,092;452,007;520,127;595,082;1039,127;1152,018
085:0,009;160,174;376,151;441,135;485,207;542,011;631,213;700,011;720,213;764,109;927,113;1105,018
086:0,009;42,095;399,250;400,085;421,137;440,088;525,137;539,130;840,168;870,232;965,257;1130,253
087:0,009;42,095;137,013;144,006;282,017;338,020;369,007;476,132;592,191;748,211;992,018;1034,245
088:0,009;34,014;39,009;215,226;425,170;426,181;478,014;491,108;759,014;794,191;999,213;1145,125;1190,263
089:0,009;282,011;341,132;367,170;403,206;437,092;604,208;646,102;694,001;798,186;845,227;935,124;970,233;1114,085;1161,115;1196,161
090:0,009;145,012;186,089;241,201;522,150;652,190;692,233;793,222;812,001;827,211;838,018
091:0,010;45,247;109,258;382,091;650,189;675,085;1012,018;1110,138
092:0,010;103,002;113,264;146,267;230,226;338,227;793,181;892,233;932,210;933,252;938,266;979,126;1113,207
093:0,010;54,111;126,007;149,233;216,020;232,098;238,083;300,098;514,243;522,201;630,090;937,198
094:0,010;45,247;182,088;348,267;393,208;449,089;565,245;741,014
095:0,010;44,258;485,194;507,170;751,014
096:0,010;58,088;100,198;150,253;343,129;412,267;431,093;432,085;443,082;477,191;510,200;514,121;563,014
097:0,010;95,156;228,253;261,240;270,270;285,218;405,191;470,014;556,001;585,088;796,077;904,217;907,014;1179,262
098:0,010;89,082;292,124;315,161;350,273;379,259;611,090;664,011;734,088;844,183;924,014;1165,251
099:0,010;46,018;80,020;98,200;186,198;300,153;373,014;379,259;720,116;818,186;939,222;973,253;1148,148
100:0,010;89,082;147,122;232,098;271,243;425,115;442,215;445,014;1060,218;1165,251
101:0,011;356,237;414,215;455,174;718,091
102:0,011;1102,258;1118,151
103:0,011;251,127;260,153;362,108;495,237;544,153;791,229;810,221;990,245;1011,154
104:0,011;591,106;718,211;739,001;807,199;930,211
105:0,011;246,020;440,189;480,106;496,206;612,174;782,133;833,151;846,273;873,137;988,124
106:0,011;714,226;800,171;961,154;1034,092
107:0,011;44,258;70,003;73,121;228,011;721,229;739,174;1004,018;1116,008
108:0,011;223,159;329,206;392,211;458,020;466,007;467,218;502,189;606,266;733,123;745,014;789,020;930,120;1087,245;1101,091;1114,018
109:0,011;936,140;983,230;1103,113;1109,150;1140,237;1192,086;1193,133
110:0,011;1023,077;1103,181;1119,011;1154,225
111:0,012;298,250;422,170;424,132;462,222;481,129;579,150;703,014;728,184;903,208;951,096;1139,109
112:0,012;216,206;278,013;292,228;406,132;703,004;707,222;711,195;768,254;784,168;910,233
113:0,012;127,086;160,132;185,001;253,206;298,250;394,001;898,135
114:0,012;249,090;352,226;691,127;704,270;842,018;886,168;955,117;978,171;991,088;1181,079
115:0,012;252,016;285,139;319,198;507,106;547,262;952,018;990,108;1160,213
116:0,012;215,204;249,090;547,133;646,020;765,161;827,129;994,111;1033,263;1064,115
117:0,012;138,086;205,001;283,115;637,215;715,230;722,102;817,096;926,232;1129,201;1169,151;1190,218
118:0,012;46,254;58,111;178,204;210,222;458,011;528,262;1186,208
119:0,012;5,020;207,001;228,089;508,011;637,253;715,168;728,184;763,237;915,168
120:0,012;258,138;381,137;492,098;561,243;813,253;950,180;1102,160;1112,088
121:0,013;326,225;442,208;499,185;656,020;819,233;884,125;942,184;1031,190;1042,111;1164,217
122:0,013;300,116;451,126;522,154;540,077;822,020;944,011;952,245;975,273;999,117;1166,011;1187,230
123:0,013;308,135;360,105;370,135;421,007;502,130;512,020;666,011;764,158
124:0,013;315,154;358,093;417,001;440,114;624,240;737,090;1053,108;1109,117;1111,133;1114,245;1187,184
125:0,013;314,243;343,007;456,206;485,077;637,181;1096,117;1102,194
126:0,013;180,226;216,115;300,116;386,090;389,014;391,191;563,185;654,020;813,252;930,120;1027,079;1180,091
127:0,013;290,102;308,151;372,014;645,077;774,113;828,252;910,086;1114,090
128:0,013;290,102;646,233;659,014;767,221;832,077;861,011;884,125;1136,254
129:0,013;27,006;164,146;203,208;289,253;385,186;402,020;818,001;823,192;929,110;974,232;1010,126;1085,151;1158,161;1184,077
130:0,013;180,016;356,237;383,138;401,095;407,159;840,206;933,096;995,221;1008,094;1141,160
131:0,014;645,139;918,225;1099,221
132:0,014;671,270;710,014;876,171;898,181;966,159;1047,115;1059,085;1120,105
133:0,014;436,186;475,151;523,241;579,198;689,180;733,259;755,170;789,116;825,014
134:0,014;398,170;473,014;663,020;689,180;797,266;892,011;911,230;959,252;1149,206
135:0,014;399,090;457,121;462,190;647,086;668,237;967,180
136:0,014;375,253;410,092;418,129;655,091;703,004;769,183;913,252;1109,137
137:0,014;171,243;269,111;429,161;466,001;475,153;543,192;559,150;569,121;722,192;766,014;928,163;1029,123;1104,192
138:0,014;30,088;330,215;336,021;449,189;505,130;592,239;755,229;789,148;992,226;1195,237
139:0,014;885,254;892,243;1063,184;1120,258
140:0,014;329,208;355,129;468,170;604,243;630,159;1107,018;1109,014
141:0,015;147,012;199,257;213,006;323,211;376,121;380,221;451,111;474,001;865,194;883,121;933,171;946,133;978,102;1050,104
142:0,015;131,151;149,088;173,213;300,254;577,160;766,213;838,018;1034,092;1119,230;1184,191;1189,110
143:0,015;131,020;134,243;164,151;227,006;228,221;492,170;506,258;548,121;601,210;731,123;733,020;770,011;838,018
144:0,015;131,151;287,198;365,154;702,102;715,020;792,192;820,227;838,018
145:0,015;212,132;410,105;588,194;617,089;731,126;830,115;967,014;1168,211;1200,138
146:0,015;134,153;140,156;226,254;512,001;648,160;659,226;792,183;838,018;1006,230
147:0,015;164,126;165,200;287,017;319,160;605,126;777,001;838,018
148:0,015;27,198;234,200;257,121;369,114;398,228;477,115;578,089;611,115;838,018
149:0,015;186,115;222,007;258,150;289,129;326,121;335,213;448,215;629,194;634,001;650,211;709,129;744,138;764,204;805,001;838,018;945,108;969,115;1038,184;1056,102;1096,126
150:0,015;141,019;197,082;266,159;426,243;480,149;838,018
151:0,016;124,105;227,246;279,216;317,273;396,089;449,007;673,105;701,020;706,109;813,266;814,154;954,258
152:0,016;279,216;628,221;644,079;706,109;742,095;794,263;916,150;1106,245;1109,199;1189,011
153:0,016;279,275;608,161;650,228;703,004;759,091;963,111
154:0,016;294,213;319,124;437,237;449,207;558,139;629,170;632,116;692,198;703,004;715,225;792,170;1003,123;1032,254;1121,123
155:0,016;124,105;231,016;309,232;553,154;603,123;909,160;1048,096;1080,082;1086,243;1141,229
156:0,016;281,221;294,082;442,225;475,001;558,139;703,004;794,263;875,204;918,020;978,088;1081,192
157:0,016;243,017;296,240;302,137;375,266;614,225;724,194;781,137;869,014;889,213;920,020;964,257;1153,137;1200,191
158:0,016;366,098;383,194;703,004;712,096;901,018;928,163;977,222;1037,109;1103,273
159:0,016;227,246;536,258;592,226;633,091;746,011;980,127
160:0,016;338,227;500,001;624,146;685,020;703,004;747,109;751,086;897,082;906,233;909,014;916,150;977,123;1000,266;1181,168
161:0,017;112,245;256,020;268,230;594,206;889,108;929,258;1077,130;1124,208
162:0,017;329,083;415,258;522,227;615,079;744,230;875,104;894,254;928,117;1052,154;1189,262
163:0,017;312,213;401,011;405,213;586,095;786,020;928,117;952,208;1101,105;1116,180
164:0,017;268,230;469,204;947,183;1110,018;1134,104
165:0,017;336,007;363,181;389,096;398,116;614,105;754,240;963,086;1006,211;1085,174;1173,273
166:0,017;332,021;347,154;490,020;514,239;584,106;631,216;677,132;700,090;713,121;854,207;875,077;966,240;1099,190
167:0,017;334,020;370,089;382,077;507,273;621,206;837,258;896,222;904,139;908,207;960,206;963,207;1141,105;1163,207;1167,011
168:0,017;389,096;409,233;571,186;625,093;770,079;924,160;1069,243;1079,094;1106,171
169:0,017;251,014;262,007;297,105;444,093;786,184;835,133;1095,217;1140,181
170:0,017;345,146;449,011;568,240
171:0,018;230,007;461,105;482,001;861,227;1050,160;1195,243
172:0,018;79,012;264,243;296,200;446,124;758,186;815,124;877,130;1066,232;1123,011;1168,250
173:0,018;103,266;226,001;627,270;666,243;727,139;798,194;931,225;938,154;1003,227;1112,018;1122,183
174:0,018;90,233;491,093;524,191;783,158;872,217;904,011;949,204;1053,171;1145,125
175:0,018;103,012;209,083;228,011;252,091;321,233;402,222;428,093;431,192;498,218;535,079;545,254;680,192;718,135;766,138;868,018;872,217
176:0,018;198,013;229,254;231,195;241,020;271,138;289,239;302,007;498,106;510,194;576,189;670,186;778,191;827,229
177:0,018;78,233;113,264;119,017;122,186;269,228;309,020;346,124;810,199;1143,262;1149,226
178:0,018;7,005;45,085;252,091;346,201;435,098;469,090;471,161;486,225;501,228;644,115;705,211;800,208;860,184;973,091;1073,263;1187,109
179:0,018;154,206;247,135;265,201;330,020;334,186;368,077;381,160;482,208;656,135;711,229;712,079;729,258;943,138;1156,201
180:0,018;45,085;316,200;465,014;491,228;614,121;679,194;848,270;871,126;931,263;943,204;977,184;1169,108;1195,199
181:0,019;250,273;306,267;326,211;349,215;419,095;637,186;738,079;858,226;864,191;954,221;1013,262;1132,130;1182,174
182:0,019;283,014;545,151;547,095;565,241;596,137;768,148;906,266;927,096;943,090;957,213;1045,215;1113,120;1119,218;1172,018
183:0,019;30,011;145,267;422,011;602,130
184:0,019;280,151;293,133;443,159;615,177;674,161;735,180;965,127;1016,125;1145,227
185:0,019;14,003;19,201;238,174;251,273;269,019;324,108;371,115;419,102;516,011;641,237;650,208;796,174;896,263;1014,232;1048,273;1170,091;1176,105
186:0,019;280,077;419,153;474,020;477,185;508,177;539,088;576,011;620,233;641,194;661,001;667,118;670,259;762,124;783,011;1182,183
187:0,019;294,208;403,001;474,239;754,192;899,221;948,263
188:0,019;293,133;361,014;585,265;978,105;1095,011
189:0,019;312,241;414,246;508,190;552,093;585,265;768,195;889,270;1130,094
190:0,019;280,077;315,011;385,132;400,108;468,091;628,227;724,020;768,148;772,129;962,018;992,014;1138,091;1164,011
191:0,020;933,218;1058,204
192:0,020;611,086;748,186;756,121;903,158;941,237
193:0,020;930,174
194:0,020;269,146;319,014;982,245;1018,011;1021,266;1132,270;1193,014
195:0,020;717,245;774,096;800,226;833,191;837,020;940,233;968,262;987,011
196:0,020;45,007;325,020;800,225;887,198;933,210;984,266;993,129;1025,011
197:0,020;933,218;1119,233;1122,126;1124,135
198:0,020;611,258;643,226;653,094;780,154;799,215;1043,237;1070,148
199:0,020;611,086;621,211;704,190;713,138;889,011;947,102;954,079;977,108;1040,018;1114,190;1186,244;1196,151
200:0,020;1006,183;1178,094
