001:0,001;44,155;94,016;117,265;453,241;847,154
002:0,001;47,128;118,015;178,273;193,135;290,177;543,095
003:0,001;52,015;57,016;110,100;118,012;129,221;131,015;147,012;151,163;178,005;398,131;497,224;588,250;797,108;1097,183
004:0,001;55,096;89,268;121,212;212,182
005:0,001;67,257;196,005;380,211;718,222
006:0,001;108,016;123,261;380,211;450,255;1028,162
007:0,001;47,128;155,275;168,161;676,253;1090,227
008:0,001;44,155;67,257;110,100;691,107
009:0,001;55,096;395,253;533,187;596,268;729,196;770,211;900,249
010:0,001;25,121;215,148
011:0,002;87,268;589,224
012:0,002;85,250;153,162;179,005;186,237;826,151;836,142
013:0,002;64,118;121,265;205,163;216,271;640,080
014:0,002;176,135;193,141;254,108;733,130
015:0,002;108,118;161,268;539,237;606,273;656,129;964,196
016:0,002;64,118;94,121;152,163;156,221;161,258;183,249;885,197;970,129
017:0,002;5,017;85,250;387,132;618,137
018:0,002;52,241;86,236;105,127;123,155;634,135;726,108
019:0,002;88,020;137,015;170,108;228,210;244,147;388,096;507,216
020:0,002;73,251;77,275;337,210;816,246
021:0,003;23,260;151,212;573,236
022:0,003;30,121;35,246;57,002;89,225;199,273;390,121;517,162;1022,177
023:0,003;97,096;102,097;290,095;294,116;562,131;1196,121
024:0,003;23,260;36,254;37,260;121,012;216,121;265,263;276,100
025:0,003;89,225;654,098;705,161
026:0,003;73,251;101,215;114,137;327,233;451,080
027:0,003;65,082;199,127;236,129;306,236;570,116;635,190
028:0,003;22,244;59,188;230,177;726,143
029:0,003;36,141;37,142;121,081;463,223;595,151;690,244;702,143
030:0,003;40,187;251,256;304,132;701,100
031:0,004;75,210;211,111;309,095;726,246
032:0,004;76,080;157,121;370,107
033:0,004;88,244;478,127;480,111;743,210
034:0,004;75,210;191,241;440,095;520,221;626,239
035:0,004;45,247;113,187;130,127;192,096;386,273;456,203;702,151
036:0,004;77,189;81,097;353,148;399,096;535,119;671,273;929,128;1120,182
037:0,004;76,080;160,236;335,123;781,196
038:0,004;45,247;209,225;314,145
039:0,004;84,189;93,020;171,005;311,145;592,109;743,197;885,119
040:0,004;148,260;565,089;855,212
041:0,005;287,106;374,151;595,177;711,126;828,177
042:0,005;29,212;108,126;565,196;959,264;1096,082
043:0,005;36,141;107,261;113,020;149,249;368,097;615,197;766,082;828,147
044:0,005;32,120;47,212;149,249;179,118;408,122;453,250
045:0,005;107,261;128,118;516,160;933,203;1007,120
046:0,005;107,189;176,096;186,273;211,005;288,222;699,185;1152,148
047:0,005;229,237;535,095;538,131;1157,211
048:0,005;291,185;342,142
049:0,005;114,257;389,271;452,233;621,132;771,203;920,194
050:0,005;62,004;157,015;162,165;264,257;873,122;895,180;1119,222
051:0,006;65,082;858,118;990,203;1034,216
052:0,006;42,121;69,130;341,275;414,273;546,221;584,097;681,193;773,229;909,114
053:0,006;32,120;521,118;850,237
054:0,006;101,020;108,263;180,187;432,241;551,177;560,241;708,106
055:0,006;41,107;668,247
056:0,006;69,130;106,015;153,180;170,005;253,194;274,244;545,153
057:0,006;65,245
058:0,006;138,182;192,219;313,233;324,122;861,229
059:0,006;72,013;186,153;266,114;415,275;509,229;742,268;1179,245
060:0,006;41,107;145,261;148,215;450,187;526,120;845,151
061:0,007;207,264;272,255;403,148;457,215;552,219
062:0,007;254,163;340,224;1022,089
063:0,007;195,197;709,132
064:0,007;40,153;164,130;370,267;1193,163
065:0,007;164,185;223,253;389,221;515,098;639,128;920,211
066:0,007;130,129;211,216;213,267;232,015;284,190
067:0,007;177,250;585,221
068:0,007;40,153;130,129;1014,227;1083,082
069:0,007;165,141;283,163;613,155
070:0,007;130,009;143,013;164,255;168,216;210,147;238,080;605,260
071:0,008;19,011;20,143;73,155;483,143;647,183;792,265
072:0,008;17,126;702,270;767,227;798,183;948,256;1139,221
073:0,008;19,188;108,096;169,255;199,246;560,227;1008,203
074:0,008;17,126;70,221;80,106;689,119
075:0,008;33,148;70,141;187,162;674,094
076:0,008;28,106;270,265;790,123;819,275
077:0,008;92,258;154,180;370,247;653,143;724,227;741,241
078:0,008;22,246;168,163;277,227;549,253;1014,121;1183,268
079:0,008;53,244;164,247;238,241;414,258;634,126;907,132;1003,182;1112,105
080:0,008;20,143;699,090;1094,253;1123,147
081:0,009;167,271;214,015;227,265;265,210;330,088;724,197;737,177;1017,271
082:0,009;173,095;233,247;362,128;462,193;656,147;888,210
083:0,009;286,224;445,147;807,105;961,244
084:0,009;214,099
085:0,009;328,123;570,260
086:0,009;171,122;285,121;327,097;578,180;758,088
087:0,009;46,256;214,099;856,137;914,095
088:0,009;171,160;492,194;575,216;1034,224
089:0,009;171,160;320,219;552,183;586,246;809,193
090:0,009;216,273;380,143;448,212;485,244
091:0,010;22,097;101,241;133,013;156,227;331,185;417,203;667,155
092:0,010;9,203;22,097;35,267;97,005;215,236;299,089;359,147;442,106;713,098;848,120;989,270;1121,180
093:0,010;104,098;509,128;617,265
094:0,010;20,013;26,111;53,005;223,089;227,109;717,203;975,183;1067,203
095:0,010;35,267;187,263;254,255;678,165
096:0,010;53,241;62,116;290,081;438,131;552,215
097:0,010;22,142;43,020;66,194;248,153;254,005;292,108;724,109
098:0,010;90,227;261,239;368,089;544,197;604,145;830,082;1092,090;1168,131
099:0,010;9,005;176,135;628,116;738,106
100:0,010;66,017;67,241;104,098;686,215;933,273
101:0,011;62,230;87,255;250,233;304,127;915,126
102:0,011;91,007;116,241;168,260;600,129;649,221;1115,275
103:0,011;82,258;127,148;131,254;194,267;369,165;517,253;661,116
104:0,011;86,236;137,258;406,193;456,082;754,105;799,225
105:0,011;49,182;134,177;189,148;212,247;232,111;743,108;775,137;846,122
106:0,011;29,015;87,255;160,241;234,165;349,225;794,214
107:0,011;61,081;285,264;793,193
108:0,011;158,161;167,267;210,255;268,165;934,127;990,120;993,118;1101,263;1142,233
109:0,011;29,212;44,254;115,151;155,261;207,264
110:0,011;49,182;158,161;257,005;406,193;803,227
111:0,012;161,182;582,126;616,233;1128,270
112:0,012;86,206;101,154;485,155;606,187
113:0,012;148,128;492,103
114:0,012;65,245;943,165
115:0,012;227,109;558,273
116:0,012;173,095;306,129;572,123
117:0,012;196,103;946,229
118:0,012;101,154;467,128;523,121;948,137
119:0,012;196,103;482,151;647,098;652,114;897,089;1001,127
120:0,012;207,253;460,273;604,223
121:0,013;82,258;88,013;266,114;483,127;608,237
122:0,013;279,183;542,268;608,214;780,270;863,098
123:0,013;247,090;692,161;694,098
124:0,013;198,080;449,224;491,253;508,239
125:0,013;196,188;246,095;279,183;763,109
126:0,013;188,258
127:0,013;44,148;150,219;166,153;247,090;1048,245;1168,255
128:0,013;277,088;324,160;935,215
129:0,013;170,094;286,224;326,194;485,227;720,177;749,249
130:0,013;10,020;22,254;197,210;348,185;451,236
131:0,014;27,271;136,241;150,132;278,194;343,137;485,185;682,255;1163,261
132:0,014;52,116;394,082;456,137;662,151;811,264;948,103
133:0,014;65,012;163,221;294,190;619,268;1059,129
134:0,014;163,270;697,097
135:0,014;32,177;81,185;242,267
136:0,014;33,137;46,142;829,194
137:0,014;42,221;168,137;421,246;457,141;688,162
138:0,014;63,185;163,270;987,118
139:0,014;33,137;92,012;121,260;148,271;245,210;258,094;1100,261;1106,090
140:0,014;150,132;335,121;488,137;616,127
141:0,015;251,223
142:0,015;303,135
143:0,015;15,002;57,005;339,236;407,147;613,194;890,244;950,245;1039,255
144:0,015;290,271;355,210;735,095;905,122;1195,090
145:0,015;93,143;134,015;251,223;461,138;1102,108
146:0,015;235,197;506,215;677,137;761,116
147:0,015;393,249;747,135;842,126
148:0,015;461,138
149:0,015;12,119;877,145
150:0,015;146,100;161,015;396,131;411,118;475,180;881,082;1026,253
151:0,016;179,275;1109,138
152:0,016;238,247;385,239;585,182;970,105
153:0,016;223,180;466,148;634,258
154:0,016;209,111;222,216;503,121;1013,132
155:0,016;233,239;501,212;505,154
156:0,016;193,177;212,196;725,141
157:0,016;144,153;182,122;396,116;627,097
158:0,016;212,196;552,130;724,244;864,270
159:0,016;275,088
160:0,016;44,203;455,265;614,163;1148,128;1156,185
161:0,017;141,143;142,246;399,257
162:0,017;10,197;217,082;371,180;445,185
163:0,017;97,120
164:0,017;98,233;173,221;385,261;671,107;681,261;1096,153
165:0,017;9,203;296,143;313,111;458,143;470,154;664,165;673,225
166:0,017;117,165;153,143;272,153;1084,268
167:0,017;10,197;186,194;257,271;284,141;456,180;578,244;671,203;771,197
168:0,017;98,233;575,212;847,135
169:0,017;150,219;1012,197
170:0,017;298,263;343,221;497,216;541,212
171:0,018;97,081;116,188;169,128;333,203;416,114
172:0,018;40,187;74,015;124,165;152,216;158,107;338,222;1115,261;1159,263
173:0,018;89,215;478,122;841,210;866,099
174:0,018;37,097;61,137;154,142;327,263;899,256;1200,128
175:0,018;34,105;1106,094
176:0,018;11,111;47,271;94,013;128,094;165,100;262,161
177:0,018;12,119;364,194;821,123
178:0,018;46,256;71,148;104,241;112,194;128,094;256,187
179:0,018;32,105;156,165;160,105;752,177;811,250
180:0,018;28,177;274,151;357,263
181:0,019;68,216;114,236;211,261;888,147;1116,118
182:0,019;36,127;95,256;232,212;396,247
183:0,019;100,271;166,244;266,005;474,214;607,183;625,233
184:0,019;14,018;48,020;199,150;202,233;248,127;452,211;456,185;474,214
185:0,019;28,221;58,020;153,165;223,015;302,222;327,143;342,130
186:0,019;44,012;52,189;158,015;278,089
187:0,019;62,151;72,120;92,005;370,119;527,128
188:0,019;28,221;36,127;299,095;403,273;409,130;487,114;647,148;1139,253
189:0,019;68,216;458,246;724,211;1152,256
190:0,019;62,151;270,141;842,145;871,241
191:0,020;117,147;355,163
192:0,020;71,009;72,147;105,005;110,108;273,194;308,256;529,165;661,271;1014,219
193:0,020;104,012;172,151;475,211;770,183
194:0,020;22,275;75,020;83,017;137,015;151,229;457,271
195:0,020;22,275;93,007;219,256;877,257
196:0,020;72,147;207,257;263,153;540,275;764,180
197:0,020;116,162;500,221;545,256;930,263;1097,264
198:0,020;116,162;141,263;324,094;669,154;807,132;894,261
199:0,020;148,148;341,227;482,118;984,121
200:0,020;149,141;151,229;302,122;310,229;847,141
