001:0,001;302,263;503,192;630,135;645,220;1065,211
002:0,001;306,152;593,233;639,106;698,239;831,254;874,166;974,175;1179,079
003:0,001;349,124;447,016;504,165;523,254;550,002;925,236;1027,248;1044,204
004:0,001;301,178;331,209;671,244;844,018;855,155;950,129;1043,145;1048,131;1107,084
005:0,001;301,155;315,152;493,204;878,077;1076,211;1080,077
006:0,001;26,182;204,002;296,090;489,159;621,220;925,236;929,211;1070,018
007:0,001;109,091;151,014;219,001;250,096;390,255;474,127;531,204;881,146;1070,143
008:0,001;307,254;393,145;537,002;843,121;1017,239;1150,127
009:0,001;310,115;313,218;421,005;474,127;566,005;667,139;769,118
010:0,001;334,218;376,128;404,015;454,272;566,253;634,269;766,129;858,121;881,204;1131,247;1139,108
011:0,002;934,011;987,098;996,177;1096,106
012:0,002;526,152;581,264;638,187;695,209;713,151;784,018;940,102
013:0,002;465,256;519,263;798,105;1027,096
014:0,002;317,238;473,094;559,269;778,142;882,155;897,269;923,128;1167,165
015:0,002;113,096;186,213;195,117;231,096;249,202;346,005;358,195;418,002;940,102;1176,201
016:0,002;419,227;437,091;499,265;561,264;564,263;777,139;954,247;1033,229;1075,209;1107,161
017:0,002;143,227;267,213;458,245;466,002;953,202;967,002;1152,233;1164,243
018:0,002;253,270;404,177;678,005;769,255;972,085;983,084;1167,098
019:0,002;65,097;140,002;440,238;537,116;588,125;610,240;796,196;871,011
020:0,002;759,018;847,079;897,096;984,105;1010,248;1117,243;1163,190
021:0,003;14,085;47,251;225,158;236,242;327,254;450,018;459,247;513,002;546,245;761,158;831,129;920,098;923,117;1006,018;1088,103
022:0,003;110,109;162,254;224,131;327,013;350,121;360,202;389,018;411,170;424,155;439,168;449,005;470,084;500,161;527,166;591,163;654,168;729,155;794,255;855,018;1123,131
023:0,003;71,007;86,005;177,193;218,167;302,013;473,146;607,091;630,128;667,103;679,261;712,002;742,077;859,011;1116,208;1138,204;1188,011;1200,131
024:0,003;64,184;92,152;101,007;124,264;165,014;224,131;324,015;450,007;516,213;518,016;522,002;801,274;825,164;922,135;937,170;1015,264;1180,175
025:0,003;47,251;135,091;179,104;204,116;293,243;316,163;486,272;507,240;647,148;711,018;735,081;812,113;848,077;923,262;986,150;1004,255;1067,123
026:0,003;14,085;91,135;138,109;152,153;309,015;417,170;459,213;500,086;524,177;555,159;728,175;841,211;1032,160
027:0,003;48,099;62,005;72,152;230,167;538,264;546,086;657,261;667,146;735,243;757,205;850,135;908,205;1086,190;1108,146;1154,105
028:0,003;85,019;128,193;147,144;196,014;231,155;371,015;400,256;447,013;474,233;584,145;1029,247;1067,145
029:0,003;47,099;128,193;246,158;454,161;534,272;653,158;870,239;1006,103;1183,261
030:0,003;49,134;364,016;397,116;652,261;684,170;1054,150;1062,084;1100,229
031:0,004;208,222;256,254;288,002;294,128;344,192;366,268;420,124;455,240;486,013;524,216;600,148;827,002;888,254;1101,124;1134,098;1150,018
032:0,004;101,143;644,167;903,145;949,275;1072,264
033:0,004;180,094;466,106;508,143;678,272;681,094;764,084;965,253;1153,135;1190,145
034:0,004;125,013;532,194;759,183;763,256;956,146;981,159;1126,208
035:0,004;117,014;156,104;251,213;259,231;395,243;403,016;525,142;580,125;581,166;661,177;1044,076;1115,225;1199,129
036:0,004;39,137;223,015;532,194;629,079;639,255;759,018;983,079;1072,011
037:0,004;101,143;488,261;653,096;877,108
038:0,004;183,124;198,007;203,010;335,162;384,155;484,247;731,210;745,105;797,155;873,196;1104,148
039:0,004;208,244;440,155;565,151;635,254;691,247;985,187;1198,264
040:0,004;108,082;128,099;335,162;729,007;861,175;960,091;1105,238
041:0,005;135,257;169,005;624,184;957,255
042:0,005;135,257;219,161;466,013;475,224;544,091;550,225;569,254;628,192;819,002;1017,150;1068,255;1118,096
043:0,005;740,275;915,203;948,139;961,184
044:0,005;709,134;993,018;1057,201;1172,128
045:0,005;137,010;295,262;315,255;381,218;388,094;485,227;727,082;1057,201
046:0,005;321,210;333,224;578,239;595,160;614,106;628,142;753,140
047:0,005;708,076;890,146;950,272;1160,130;1199,105
048:0,005;510,230;618,209;622,270;754,135;800,200;873,139;895,135;1147,243
049:0,005;753,140
050:0,005;616,079;624,184;1074,247;1130,105;1152,244
051:0,006;201,224;252,091;373,177;488,155;516,165;603,272;718,187;967,139;1046,011;1068,118;1175,077
052:0,006;34,003;78,207;177,077;180,090;218,005;490,137;611,155;723,117;756,270;849,124;1109,175
053:0,006;189,209;291,005;516,238;591,170;599,210;738,171
054:0,006;189,209;322,231;415,015;476,270;525,165;685,113;798,151;947,002;1001,131;1048,265;1055,116;1129,091;1200,011
055:0,006;189,077;201,224;326,242;372,096;434,159;447,002;492,077;576,255;605,108;633,167;641,162;712,148;734,002;736,171;1038,165;1093,018
056:0,006;180,090;317,016;320,211;468,261;487,094;502,007;741,127;859,011;1127,018
057:0,006;83,149;118,020;140,002;388,183;427,239;448,128;573,007;721,209;724,194;980,079;982,238
058:0,006;181,207;230,010;239,245;361,255;404,077;602,269;613,142;699,194;712,166;860,202
059:0,006;177,077;269,005;355,167;478,195;675,143;995,202;1066,162
060:0,006;187,227;324,096;349,153;384,005;387,240;455,227;490,263;561,192;616,216;691,202;887,113;961,151;973,018;983,118;1045,018;1048,265;1107,254
061:0,007;294,216;513,090;523,185;529,129;607,002;989,130
062:0,007;206,216;306,213;313,016;344,185;372,123;492,005;686,272;693,125;759,274;965,076
063:0,007;206,242;276,254;321,002;445,247;476,196;535,123;678,222;695,264;727,183;765,275;793,230;850,274;930,164
064:0,007;287,134;320,094;325,018;384,270;611,146;643,175;690,097;859,116;1169,121
065:0,007;310,222;734,124;739,018;769,118;981,160;990,142
066:0,007;285,244;290,099;299,185;385,178;503,245;563,262;605,239;615,255;740,203;750,136;792,243;830,097;1126,106
067:0,007;167,231;300,124;303,168;435,204;504,227;570,085;619,262;634,253;665,135;830,192
068:0,007;80,222;116,019;119,117;178,001;186,233;268,163;284,117;411,113;455,220;572,175;680,274;754,082;768,146;824,108;856,275;880,002;972,127;1076,091;1159,239;1190,194
069:0,007;325,216;884,002;989,130;1138,097
070:0,007;372,123;605,082;753,165;929,108;1127,085
071:0,008;83,149;86,144;103,014;130,096;301,163;307,167;328,124;340,007;916,098;944,135
072:0,008;75,275;106,182;130,144;200,115;263,168;286,275;302,178;314,079;327,263;340,007;772,269;929,142;1191,076
073:0,008;63,006;91,121;230,136;340,007;624,170;639,209;963,094
074:0,008;88,097;232,079;340,007;458,261;460,253;496,245;497,116;521,091;525,175;543,230;569,145;639,137;711,164;807,106;962,096;1091,275;1155,208
075:0,008;91,121;286,233;468,170;587,195;632,160;1044,151
076:0,008;120,115;205,014;233,090;287,085;364,204;394,090;424,274;443,162;467,015;471,135;533,124;643,151;703,002;957,203;986,146;1105,196
077:0,008;92,091;106,094;121,079;262,264;340,007;373,177;397,084;455,148;552,097;597,255;622,101;745,163;932,192;1172,148;1193,150
078:0,008;62,275;149,013;163,006;170,167;191,014;196,192;274,124;284,016;286,136;295,224;340,007;726,192;912,097
079:0,008;97,233;196,192;340,007;745,163;1032,211;1057,090;1086,184;1137,121;1161,253
080:0,008;86,144;137,207;234,121;340,007;786,203
081:0,009;106,148;247,216;281,218;306,193;429,148;517,178;587,018;637,196;795,194;1116,209
082:0,009;101,094;313,264;319,148;416,018;517,097;547,018;925,086
083:0,009;148,002;210,106;451,124;791,166;898,011;954,261
084:0,009;141,007;245,013;253,163;549,244;806,264;1047,256;1145,150
085:0,009;118,244;185,005;188,100;231,272;293,163;301,243;388,210;574,225;670,124;724,103;881,211;917,161
086:0,009;106,148;300,265;306,274;370,091;748,159;807,135;883,225;954,261;1088,150;1116,177;1145,194;1163,275
087:0,009;109,091;125,014;179,185;296,077;460,218;880,137
088:0,009;100,272;179,091;323,275;350,007;351,210;478,016;570,136;664,106;780,082;865,158;910,084;1046,190;1122,255;1189,018
089:0,009;100,175;154,099;280,192;485,262;550,238;653,167;754,081;905,216;1180,091
090:0,009;84,182;100,272;121,274;305,153;389,262;516,094;645,091;940,116;1010,256
091:0,010;296,019;308,239;314,220;362,245;369,258;400,231;429,128;456,145;503,255;504,253;506,145;581,007;669,145;683,256;976,081;1028,105;1198,225
092:0,010;282,085;363,195;522,243;727,216;1023,203
093:0,010;369,258;478,108;688,155;844,254
094:0,010;315,255;345,242;550,127;792,101;807,269;895,272
095:0,010;314,220;369,183;403,002;517,151;551,202;684,238;1104,100;1169,166
096:0,010;296,019;307,016;308,145;324,253;337,013;369,183;379,016;517,151;625,007;633,134;783,125;1189,118
097:0,010;296,019;335,240;438,225;633,134;687,005;719,094;953,127;1148,220
098:0,010;255,165;296,019;326,225;385,117;406,002;567,224;579,139;666,158;671,125;695,005;736,203;911,121;1111,090
099:0,010;296,019;364,085;451,002;483,202;622,002;788,094
100:0,010;296,019;344,269;391,225;474,128;771,085;970,187;982,076;1028,216;1153,143
101:0,011;83,108;116,116;158,013;200,005;298,265;361,178;546,255;593,077;650,230;789,263;809,090;911,166;1164,229
102:0,011;91,262;147,199;188,100;242,233;376,116;389,244;454,007;531,090;1026,170
103:0,011;19,135;104,005;127,082;526,005;710,222;1156,190
104:0,011;120,136;269,137;400,256;460,139;555,005;825,137
105:0,011;79,134;121,275;216,243;269,018;291,227;480,018;492,005;520,148;646,159;717,007;850,187;1159,229;1164,170
106:0,011;124,202;456,084;556,253;562,108;600,238;619,116;842,222
107:0,011;81,018;99,262;251,199;257,168;336,240;341,227;378,253;407,183;434,245;451,240;536,168;592,005;716,183;744,230;821,244;901,264;1003,098
108:0,011;78,255;176,079;225,193;372,145;393,137;875,011;895,204;1008,218;1011,105;1122,261;1176,084
109:0,011;120,136;217,010;225,137;372,018;615,105;657,225;716,137;822,116;879,161;884,002;991,131;1194,146
110:0,011;107,005;124,202;234,231;253,239;848,244;1093,113
111:0,012;112,196;481,256;752,146;875,158;910,011
112:0,012;175,158;648,007;690,183;701,106;1073,262;1090,146
113:0,012;112,196;471,085;533,091;541,018;573,148;595,018;675,163;694,272;934,077;1058,145;1065,220;1139,116
114:0,012;116,185;327,113;398,085;468,255;500,160;580,146;635,158;659,192;697,218;730,264;778,079;825,076;857,262;907,244;925,098;982,011
115:0,012;55,233;181,007;214,243;296,019;419,243;458,085;497,018;668,253;1164,011
116:0,012;116,185;175,158;212,084;284,239;293,244;315,002;616,097;618,002;639,136;689,166;728,002;764,076;800,134;1009,164;1041,196;1049,220
117:0,012;56,079;148,097;182,137;259,018;338,013;355,204;485,196;558,175;560,091;584,162;592,247;684,127;732,168;807,238;972,090;1187,011
118:0,012;111,116;122,117;373,124;376,225;397,015;500,160;975,151;1044,247;1196,090
119:0,012;132,010;212,084;387,168;534,018;882,002;922,079;978,113;1088,205
120:0,012;135,182;285,002;320,178;379,224;469,244;478,158;609,256;623,129;830,159;871,011;936,161;1063,077;1160,247
121:0,013;166,005;169,275;365,220;635,195;702,270;859,011;1105,236;1174,100
122:0,013;595,101;859,011;1027,123
123:0,013;473,146;579,084;768,245;859,011
124:0,013;499,175;523,154;591,018;616,079;746,245;859,011
125:0,013;40,153;289,161;391,218;615,205;859,011;1076,202
126:0,013;270,116;363,013;473,243;691,225;730,135;737,162;1110,124
127:0,013;499,265;564,167;650,165
128:0,013;522,018;527,129;669,084;735,145;902,076;979,225;1185,216
129:0,013;545,139;575,177;642,007;737,272;857,239;859,011;1101,100
130:0,013;295,262;468,018;600,205;695,261;708,007;737,153;884,086
131:0,014;245,238;346,116;433,128;448,015;531,270;645,007;653,103;686,209;695,128
132:0,014;40,153;148,014;245,238;299,272;480,002;521,247;527,262;657,086;775,159;958,248;1008,196;1036,151;1172,184
133:0,014;80,222;206,018;247,168;261,152;308,018;386,220;451,202;529,255;542,196;847,002;958,248;1011,262
134:0,014;284,145;374,274;522,213;708,243;1109,127
135:0,014;250,261;409,016;458,086;478,135;500,211;832,018
136:0,014;250,261;458,255;467,077;482,210;729,002;755,164;824,018;859,196;1000,134
137:0,014;245,109;381,193;431,261;649,240;745,213;749,108;757,203;764,209;1052,018
138:0,014;392,139;525,195;531,163;585,274;778,084;887,177;979,275;1200,103
139:0,014;245,109;382,257;450,096;670,005;713,125;852,270;860,086;924,113;1177,151
140:0,014;275,245;518,085;565,274;673,116;819,101;880,082;1061,229;1147,256
141:0,015;231,254;245,015;318,239;409,145;430,170;617,105;976,167
142:0,015;505,167;629,085;755,222;810,167
143:0,015;320,211;503,187;833,243;1138,076;1166,253
144:0,015;493,163;507,084;663,213
145:0,015;540,200;671,117;680,097;721,213;725,159;756,153;780,091;1042,236
146:0,015;257,007;265,015;617,218;683,096;942,220;952,125;1131,199;1188,236
147:0,015;136,239;169,134;220,136;227,104;274,257;362,269;540,200;799,213
148:0,015;388,005;433,185;536,002;549,085
149:0,015;255,165;296,019;300,209;396,161;422,015;428,269;576,128;617,168;635,229;664,018;724,245;737,166;777,200;864,138;958,244
150:0,015;473,154;537,244;648,256;674,229;905,002;1027,106;1124,011;1143,162;1150,079;1163,177
151:0,016;104,002;133,161;137,272;145,251;247,257;323,002;355,238;420,233;622,018;1047,171
152:0,016;149,007;321,210;384,002;486,238;515,204;521,242;559,240;604,168;614,005;638,262;848,239;912,202;931,002;997,194;1044,248
153:0,016;112,020;167,015;206,155;211,124;271,233;274,013;313,136;321,244;371,222;674,136;679,123;1060,196;1068,199
154:0,016;10,079;73,014;109,207;111,137;133,161;206,155;244,274;407,263;448,256;474,162;581,018;1021,147
155:0,016;131,212;213,182;350,257;405,086;450,244;541,113;908,081;939,190;1039,163;1193,255
156:0,016;126,013;169,262;250,013;318,113;679,079
157:0,016;319,090;337,094;385,124;399,013;405,086;717,161;877,011;936,165;1002,143;1147,184;1169,124
158:0,016;126,002;152,014;242,013;348,262;351,148;440,185;511,274;578,245;690,183;721,205;739,148;884,218
159:0,016;173,218;326,145;368,090;387,192;553,154;572,163;680,262;683,117;836,002;1016,147;1182,018
160:0,016;15,007;52,090;67,015;215,077;336,182;350,263;397,013;401,124;406,015;496,187;612,125;637,146;764,213;789,086;858,205
161:0,017;120,184;173,264;180,106;205,213;273,016;415,013;422,258;462,168;783,128;921,229;1015,165;1021,218;1173,116
162:0,017;151,268;320,213;663,161;727,164;749,124;1069,150;1081,211
163:0,017;147,272;414,096;630,151;1036,090;1051,103;1080,265;1183,162;1196,113
164:0,017;147,199;161,264;258,193;305,128;431,139;437,117;715,190;932,076;960,150;1047,160
165:0,017;136,222;323,264;890,275;978,162;1064,170;1157,145;1183,218
166:0,017;151,268;408,117;663,105;737,218;927,011
167:0,017;156,253;318,155;400,162;441,255;448,082;603,166;695,175;945,098;1114,145;1154,216
168:0,017;164,015;180,159;387,227;410,257;458,159;482,161;497,002;592,094;593,007;715,190;1082,079;1138,125
169:0,017;158,091;180,159;553,242;558,161;661,077;728,097;825,230;845,117;943,167;963,256;1020,138
170:0,017;136,239;264,270;308,116;312,084;469,124;470,254;506,264;533,161;684,145;727,142;970,209
171:0,018
172:0,018;525,142;620,094;702,158;738,018;1021,116;1050,139
173:0,018;368,077;376,005;395,264;495,113;520,155;655,094;680,202;835,136;840,018
174:0,018;384,108;554,224;555,247;583,005;693,177;829,127;959,139
175:0,018;430,005;574,229;946,175;1052,120;1199,163
176:0,018
177:0,018;384,108;466,239;574,229;608,077;798,143;814,164;976,018;1061,177
178:0,018
179:0,018
180:0,018;820,081;969,002;1052,120
181:0,019;124,115;178,117;191,014;250,199;272,016;439,253;441,016;545,164;716,162;898,216;901,148;1164,187
182:0,019;125,254;272,016;398,013;512,097;681,175;701,200;730,161;928,011;951,150;984,166
183:0,019;125,254;153,015;181,213;235,005;257,155;272,016;562,196;627,097;670,166;688,143;710,254;840,146;866,129;1198,199
184:0,019;133,116;265,013;272,016;527,166;578,227;641,225;657,155;678,129;746,225;1114,162;1140,011
185:0,019;131,001;272,016;495,225;539,007;545,164;702,142;719,225;859,148;1103,085;1116,190;1160,265
186:0,019;106,135;134,212;169,116;174,257;270,013;564,125;650,082;684,136;870,146;884,159;1148,011
187:0,019;128,094;143,015;152,184;173,218;272,016;527,086;540,240;543,269;548,135;710,165;725,086;872,097;910,002;986,138;991,145;1098,165;1119,248
188:0,019;118,244;272,016;589,253;961,081;1025,134
189:0,019;38,011;64,184;134,255;224,134;270,224;272,016;717,211;876,255;930,236;1094,018;1095,129
190:0,019;141,161;272,016;407,013;475,154;479,274;510,135;615,230;733,247;921,239
191:0,020;171,124;365,121;399,209;590,211;711,108;924,162;962,229;1050,194
192:0,020;137,175;494,255;564,139;867,125;944,163
193:0,020;134,167;147,010;165,175;639,108;741,255;794,117;923,103;1040,121
194:0,020;134,253;586,160;592,082;648,238;797,002;861,138;882,076;922,138
195:0,020;189,152;288,018;296,082;427,090;791,168;816,262;1064,164
196:0,020;108,019;115,152;175,005;244,015;337,121;385,007;639,256;641,125;682,103;991,085;1102,262
197:0,020;138,082;210,115;340,007;431,254;816,143;1066,150;1191,192
198:0,020;148,006;155,106;648,239;671,227;720,143;782,153;1167,272
199:0,020;134,167;219,233;235,007;269,148;346,253;373,242;516,106;613,123;1022,011;1055,199;1071,196
200:0,020;101,274;189,264;278,082;287,242;318,243;506,211;575,007;611,170;900,153
