001:0,001;184,012;196,192;398,086;402,001
002:0,001;420,122;421,245;677,002;694,179;695,087;722,149;835,016;853,094;912,249;948,272
003:0,001;944,089;1120,144;1163,099
004:0,001;1190,183
005:0,001;858,014;899,016;913,169
006:0,001;185,094;247,254;279,224;295,107;459,234;478,016;485,194;629,128;714,184;808,243;846,014;1140,162;1170,272
007:0,001;155,150;252,209;260,154;352,260;491,142;496,175;497,015;595,016;695,087;772,190;786,210;899,099;913,224;945,129;946,182;1076,233;1115,249
008:0,001;930,275;985,161;1078,106;1099,272;1161,095
009:0,001;185,094;372,122;392,108;499,209;550,260;554,122;598,015;624,228;660,175;912,001
010:0,001;470,139;534,001;873,184;958,169;1142,089
011:0,002;722,156;753,262
012:0,002;169,008;197,001;339,246;378,076;439,002;691,014;897,250;1106,246;1152,213
013:0,002;546,182;625,228;712,213;784,258;1065,093;1082,267;1184,209
014:0,002;726,207
015:0,002;37,199;56,002;548,199;561,083;607,140;616,002;717,272;902,249;1069,159
016:0,002;156,019;181,192;271,188;276,002;443,103;529,134;609,076;692,213;704,224
017:0,002;171,219;391,260;723,252;926,236;1008,170;1097,216;1114,079
018:0,002;332,076;566,195;674,224;719,222;791,001;830,154;1039,126;1048,085;1181,204
019:0,002;717,272;741,108;933,001;1056,155;1122,016;1157,249
020:0,002;712,001;742,243;776,126;813,142;863,014;1100,087
021:0,003;116,207;230,250;586,232;732,095;1141,137
022:0,003;98,144;496,186;541,152;645,016;648,164;924,155;949,179;1060,109;1070,208;1165,271
023:0,003;23,188;79,258;354,222;382,181;523,175;557,149;660,210;691,014;898,237;955,249;1057,014;1068,096
024:0,003;46,130;341,225;467,270;691,014;1078,181
025:0,003;114,203;116,207;191,106;338,178;366,275;446,077;448,002;497,234;645,002;665,155;681,242;691,014;1084,147;1178,239
026:0,003;64,017;218,179;219,001;243,198;292,192;651,081;691,014;1077,080
027:0,003;76,009;404,243;520,015;634,180
028:0,003;79,258;192,151;201,207;509,239;538,139;691,014;1077,154
029:0,003;116,151;178,016;183,154;249,175;387,184;574,262;592,270;600,250;624,106;691,014;831,242;859,087;1060,014;1073,089
030:0,003;129,123;364,126;454,081;525,108;573,270;591,258;709,084;756,139;950,192;1083,167
031:0,004;30,242;156,144;285,009;301,139;458,232;500,260;505,232;569,076;602,200;715,109;786,151;1192,198
032:0,004;35,151;66,244;155,199;179,205;218,002;264,005;271,178;487,013;615,125;737,099;895,086;1190,218
033:0,004;30,242;80,126;90,015;210,082;232,126;264,005;300,270;487,013;561,250;573,164;763,077;799,109;1187,093
034:0,004;136,181;173,019;191,192;195,131;250,002;264,005;344,148;487,013;559,199;562,260;653,108;687,099;934,077
035:0,004;30,001;34,181;101,093;174,202;244,009;359,234;369,123;411,203;420,142;487,013;602,200;630,184;714,162;773,250;892,218;928,139;1009,116
036:0,004;42,181;264,005;310,180;380,232;389,094;398,151;487,013;568,175;750,184;781,239;800,236;921,218;1180,016
037:0,004;33,016;154,009;178,254;250,181;258,219;299,275;372,203;395,242;440,258;487,013;715,109;843,170;981,208;1005,126;1054,099;1062,014;1067,125;1114,126
038:0,004;69,016;136,114;165,205;264,005;299,154;487,013;560,150;660,002;663,157;886,250;976,237
039:0,004;52,019;90,198;136,114;158,103;190,181;220,164;287,007;305,240;402,181;487,013;606,099;714,128;836,155;916,262;992,104;1130,106
040:0,004;30,015;71,007;140,103;264,005;323,086;344,148;351,246;352,236;357,154;465,207;497,108;795,001;806,152;959,218;978,148;1096,252
041:0,005;43,146;372,002;404,152;428,098;515,236;578,108;650,249;676,085;706,015;757,148
042:0,005;70,126;139,014;156,202;221,180;304,009;348,156;498,002;691,015;784,157;827,270;932,085;1052,164;1054,125
043:0,005;115,203;363,251;910,085;1001,234;1053,186
044:0,005;95,014;98,116;222,202;365,243;377,126;494,237;505,156;612,016;877,085;926,001
045:0,005;37,199;138,203;248,204;310,153;366,085;400,103;413,080;468,175;493,122;547,016;640,207;651,250;815,251;1071,109
046:0,005;37,015;43,146;102,205;107,122;111,012;381,152;487,251;625,154;657,116;1020,208;1136,001;1171,236
047:0,005;46,003;106,126;310,259;555,094;565,016;568,159;583,085;592,152;614,150;647,157;662,180;682,016;715,104;827,014;913,001;930,135;948,246
048:0,005;141,137;508,142;543,016;660,252;696,106;842,001;1195,267
049:0,005;37,205;98,116;124,243;132,016;194,103;211,007;216,224;382,251;485,107;702,142;718,107;758,249;863,015;928,233;1146,154
050:0,005;53,159;103,016;107,122;192,243;538,240;790,267;1040,237;1116,093;1182,016;1197,001
051:0,006;30,158;43,224;141,126;164,009;165,093;183,012;244,259;386,001;633,250;753,159;849,087;989,184
052:0,006;71,125;162,122;316,239;465,154;574,153;577,249;612,099;683,180;1018,140
053:0,006;70,144;89,102;373,002;412,135;601,122;633,127;762,259;783,228;798,190;996,275;1049,126
054:0,006;31,244;84,017;88,137;134,002;231,083;264,009;341,134;342,232;380,015;404,137;607,224;659,122;667,200;697,001;746,186;888,246;1018,227
055:0,006;62,137;112,155;130,137;328,125;621,156;623,259;803,129;1055,211;1064,194;1125,129
056:0,006;112,205;171,256;192,199;236,001;360,159;795,259;877,195
057:0,006;30,158;35,015;89,102;535,098;596,234;768,164;794,222;989,106
058:0,006;40,007;91,224;207,016;413,250;450,016;520,240;549,126;697,196;815,104;943,222;948,135
059:0,006;62,137;86,017;221,001;341,134;362,184;485,151;732,014;777,170;791,144;819,239;934,198;1180,162
060:0,006;43,224;70,238;378,140;938,182;1016,251;1084,273;1155,263
061:0,007;356,080;428,083;459,245;637,182;687,260;693,001;701,168;725,192;751,014;773,024;861,135;896,186;1035,200
062:0,007;122,267;177,107;212,098;393,077;524,209;677,178;710,024;893,137;967,089;1066,164
063:0,007;368,202;400,270;463,103;560,170;631,130;701,168
064:0,007;444,084;841,016;907,167
065:0,007;356,080;394,267;790,087;835,024;881,170;928,242;977,099;1047,252;1049,149
066:0,007;33,021;102,243;198,001;244,209;497,170;581,179;687,116;694,208;975,140;989,273;1031,164;1040,154;1048,267;1135,271
067:0,007;70,144;120,007;122,267;785,142;931,153
068:0,007;394,224;599,104;729,200;986,263;1097,148
069:0,007;366,117;474,159;487,013;523,144;729,014;742,168;1169,016;1176,232
070:0,007;504,161;727,139;728,242;932,140;962,132
071:0,008;70,150;121,007;214,129;625,246;693,182;761,151;1032,155
072:0,008;311,125;434,134;490,002;537,127;760,192;819,014;822,227;1055,086;1187,016
073:0,008;228,001;278,108;386,095;468,242;494,258;575,213;752,094;996,140;1051,252;1068,014;1157,273
074:0,008;214,151;259,002;278,108;282,259;299,007;309,077;429,085;536,198;567,221;647,213;674,184;682,086;738,161;842,227;865,249;909,204;973,159;992,079;1027,182
075:0,008;198,098;268,135;283,108;340,016;537,127;560,015;575,213;644,245;694,016;847,164;1003,195;1013,190;1094,259
076:0,008;244,159;421,016;427,238;649,015;849,106;970,263;981,204;1075,220
077:0,008;207,009;268,135;296,015;609,155;790,182;919,014;966,024;1075,220;1124,001
078:0,008;308,275;361,148;434,016;447,015;645,209;655,204;770,194;984,014;992,079;1081,001
079:0,008;229,012;295,275;302,258;573,250;648,152;653,016;758,132;881,216
080:0,008;218,153;574,157;759,001;810,240;832,159;905,015;935,190;1023,159;1055,234
081:0,009;107,008;136,200;323,086;674,122;770,192;1042,151;1068,016;1110,204;1121,182
082:0,009;244,259;272,002;336,195;525,013;576,126;602,159;628,001;714,240;895,242;909,272;927,132;944,208;1055,271;1161,016
083:0,009;27,089;117,146;260,202;328,002;330,016;625,153;663,237;701,116;991,233;1035,190
084:0,009;359,181;399,098;418,086;568,015;735,218;859,243;870,077;1022,001;1024,180;1090,153
085:0,009;344,260;377,258;416,240;462,107;466,001;473,252;612,024;735,218;763,198;856,137;887,140;903,153;1067,179;1148,180
086:0,009;412,245;452,098;553,140;598,252;840,126;847,001;853,109;1053,001;1055,271;1133,228
087:0,009;344,001;486,084;695,015;783,233;820,144;1080,104
088:0,009;260,131;295,103;457,250;553,002;592,175;652,150;659,262;772,014;886,016;926,179
089:0,009;190,015;222,130;562,139;675,151;690,104;700,094;791,237;877,016
090:0,009;345,198;523,001;613,270;630,208;669,001;689,232;734,001;793,155;833,207;873,209;1138,208
091:0,010;150,179;275,116;434,148;634,275;921,184
092:0,010;150,179;213,184;334,123;409,098;448,015;1011,225;1044,014;1155,122
093:0,010;150,001;215,083;296,015;986,218
094:0,010;169,256;199,098;206,019;257,221;296,015;315,007;346,002;385,196;456,236;642,148;720,259;736,014;837,184;899,014;1133,178;1140,267
095:0,010;167,184;384,083;407,081;499,175;501,207;640,270;644,015;784,207;792,015;1111,250
096:0,010;133,154;289,077;378,130;385,196;473,252;588,236;707,015;947,117;1005,154;1022,016;1026,139;1090,250
097:0,010;86,225;235,181;245,205;296,015;1018,178;1140,104
098:0,010;133,154;166,014;174,007;296,015;955,216;1089,161;1200,151
099:0,010;133,200;150,009;155,014;221,180;365,076;376,015;512,207;540,015;971,273;999,094
100:0,010;142,077;296,015;348,209;369,179;445,116;480,142;508,148;694,249;751,129;940,239;1159,179
101:0,011;88,093;117,194;463,116;578,077;629,161;741,237;744,130;845,200;1022,182;1027,207;1078,016;1130,001;1180,144
102:0,011;35,151;257,207;297,098;405,094;554,128;612,249;871,016
103:0,011;68,194;372,164;625,081;716,014;801,077;924,263
104:0,011;68,159;297,164;463,178;664,149;721,198;881,224;912,015;939,227;951,129;1080,151
105:0,011;72,016;99,237;529,246;881,096
106:0,011;97,123;306,146;445,224;499,242;662,209;868,159;963,125;1038,116;1061,129
107:0,011;185,106;415,186;469,084;472,246;622,252;630,251;652,210;656,024;710,182;940,252
108:0,011;68,194;99,237;239,254;246,217;301,007;335,150;550,081;587,103;671,142;806,259;1089,149
109:0,011;74,015;83,217;221,125;310,204;512,246;525,137
110:0,011;88,125;312,150;478,186;488,150;588,095;708,236;793,246;819,024;1035,016;1075,251
111:0,012;264,005;266,002;630,086;839,077;867,126;990,122
112:0,012;243,155;589,170;650,221;718,243;872,195;875,014
113:0,012;326,002;397,275;631,156;690,259;717,015;880,216;951,155;1047,192
114:0,012;270,002;453,130;769,237;1033,077;1070,108
115:0,012;310,085;564,122;974,157
116:0,012;312,207;414,001;528,195;563,162;686,195;700,200;831,104;1013,225
117:0,012;372,194;412,236;512,198;690,210;749,224;876,198;976,016
118:0,012;342,232;513,149;522,154;713,258;740,239;772,258;1104,085
119:0,012;243,155;522,159;563,207;741,150;953,227;993,200
120:0,012;122,002;202,122;339,001;395,153;601,106;704,270;1184,108
121:0,013;18,003;31,009;33,021;147,239;390,130;437,203;538,243;708,210;801,164;832,140;878,014;963,107
122:0,013;33,021;109,139;288,203;560,127;592,085;621,208;623,152;802,213;1121,183
123:0,013;33,021;155,104;574,001;709,237;787,267;789,024;804,242;828,175;895,015;1103,132
124:0,013;37,108;39,112;83,242;353,134;629,162;870,106;1077,182;1084,211
125:0,013;33,021;138,001;155,104;663,228;795,179;845,086;847,015;889,001;966,251;1013,236;1171,225
126:0,013;51,236;65,243;69,016;298,126;353,219;389,146;462,015;494,149;583,116;675,095
127:0,013;33,021;111,244;142,017;187,129;208,258;288,002;289,095;385,102;522,237;545,142;661,016;677,152
128:0,013;33,021;147,239;220,267;309,129;787,233;917,024;1051,001;1182,202
129:0,013;65,243;109,139;540,155;646,002;695,209;718,137;846,204;886,024;1050,211
130:0,013;39,112;83,205;117,159;187,129;271,098;279,142;475,015;493,222;566,186;569,243;726,209;897,085;901,233;980,001;1007,273;1057,154;1116,216
131:0,014;251,188;304,157;550,015;555,162;620,222;685,139;833,001
132:0,014;198,159;239,012;304,157;317,095;359,157;639,094;711,148;869,139;903,107;961,108;1181,192
133:0,014;41,137;62,014;109,130;121,199;296,015;332,234;442,192;529,149;543,151;665,222;834,106;869,234;1059,227;1195,125
134:0,014;148,244;201,007;213,170;267,151;329,137;382,015;467,149;509,225;703,108;706,106;769,132;1035,144;1098,270
135:0,014;225,170;473,164;549,195;717,154;814,170;832,084;839,240;897,157;918,001;1124,139;1200,107
136:0,014;243,199;270,094;694,246;772,234;860,218;885,198;907,167;1064,104;1073,142;1110,122;1149,236
137:0,014;247,103;396,232;449,002;690,270;717,228;776,204
138:0,014;290,236;451,077;552,103;691,014;792,218;914,107;1157,246
139:0,014;39,158;44,188;63,012;161,244;174,142;378,246;457,126;465,002;470,225;502,184;614,015;632,240;708,179;759,126;776,262;887,108;1062,250;1084,144
140:0,014;267,151;296,239;309,178;329,122;555,224;619,137;717,108;739,156;752,161
141:0,015;225,178;272,009;404,259;526,196;585,161;612,024;798,240;805,126;861,016
142:0,015;225,178;251,237;459,084;466,001;474,161;580,239;718,251;729,243;742,272;823,024;905,169;936,164
143:0,015;92,250;357,246;479,126;565,098;612,024;738,150;853,192;927,209
144:0,015;264,005;405,208;612,024;861,096;1067,099
145:0,015;92,250;229,208;932,157;959,117
146:0,015;169,142;218,153;253,225;511,128;543,016;607,149;914,140;930,195;989,250;1011,125;1017,117
147:0,015;247,140;424,001;442,151;479,275;556,239;844,233;876,016;889,196;1130,233;1141,135
148:0,015;217,164;304,198;501,015;543,199;558,240;612,024;879,016
149:0,015;247,140;349,106;612,024;970,222;1144,125;1191,085
150:0,015;217,018;290,175;582,154;612,024;994,159
151:0,016;810,015;870,142;1168,107;1171,142
152:0,016;934,142;1068,198
153:0,016
154:0,016;138,082;274,103;288,178;291,188;326,015;543,095;575,258;780,016;1066,249;1140,196
155:0,016;624,125;665,024;807,267;1080,077
156:0,016;345,108;473,095;647,077;742,192;766,155;885,222;936,094
157:0,016
158:0,016
159:0,016;138,082;188,077;279,188;286,199;305,015;528,270;568,130;628,224;687,015;927,159;1018,178;1120,099;1138,170
160:0,016;458,196;771,144;1031,125;1060,140
161:0,017;304,219;319,001;321,081;414,194;543,178;734,275;1047,225;1158,001
162:0,017;236,188;258,142;268,082;303,159;359,095;506,260;532,151;538,077;826,227;831,157
163:0,017;250,221;460,179;838,162;1026,246;1097,183;1110,079;1113,258;1117,016;1142,220
164:0,017;33,021;112,155;132,122;142,224;230,179;379,178;447,076;678,234;740,190;881,207;969,137;1124,155
165:0,017;274,012;314,085;351,221;562,237;622,194;641,159;751,104;777,001;817,107;822,250;866,272;1069,087
166:0,017;365,016;599,153;788,194;874,249;883,162;969,139;1127,194
167:0,017;194,242;388,222;474,016;535,237;736,153;925,228;1115,016
168:0,017;136,217;309,164;359,122;366,081;401,179;503,116;513,081;612,024;657,085;675,170;735,087;855,222;878,001;888,015;925,228
169:0,017;70,238;320,151;397,239;573,198;723,085;874,148;969,024;1042,222
170:0,017;226,243;360,240;472,239;501,178;523,225;693,194;707,085;886,024;1097,183;1164,196
171:0,018;150,208;325,016;577,249;617,275;734,251;794,130;848,126;1020,195
172:0,018;20,150;150,208;161,001;214,117;343,016;349,126;373,234;581,144;771,213;1110,263;1135,237
173:0,018;46,130;50,107;68,130;102,107;298,117;399,175;442,080;465,015;525,243;568,086;592,015;800,094;843,149;1049,162;1132,258
174:0,018;49,210;602,262;746,016;1180,168
175:0,018;55,020;86,225;332,267;369,242;415,209;448,207;450,125;601,184;671,236;1117,116
176:0,018;54,254;76,199;84,254;178,009;315,221;332,234;346,238;627,129;683,001;907,263;953,016;1042,224
177:0,018;45,198;341,130;369,156;727,099;733,016;740,190;749,144;762,107;802,210;878,194;1000,024;1087,251
178:0,018;20,150;54,254;230,150;289,002;298,236;309,224;355,001;942,140;998,262
179:0,018;46,019;49,210;671,207;716,195;923,125;941,270;983,001;987,152;1141,142
180:0,018;50,107;140,198;214,117;273,083;375,086;389,016;416,135;534,116;617,024;637,194;755,086;1048,273
181:0,019;331,009;354,222;624,135;667,154;767,024;1035,014;1066,167;1082,001;1140,139
182:0,019;214,018;271,224;276,153;296,015;452,209;511,142;699,126;796,108;870,246;937,170
183:0,019;330,015;504,181;560,262;566,182;702,130;730,194;782,154;1004,087;1092,207;1178,208
184:0,019;307,083;391,142;409,117;473,152;557,192;735,195;867,161;915,099;1100,190
185:0,019;314,107;912,251;955,186;1116,213
186:0,019;368,134;431,140;542,259;658,016;841,272;848,252;1039,132;1090,016;1156,169
187:0,019;300,270;354,170;543,232;682,251;709,151;776,024;1065,093;1123,186
188:0,019;307,015;509,240;530,181;561,209;636,024;1024,104;1038,079
189:0,019;490,002;560,262;618,126;705,135;1080,234
190:0,019;214,018;263,209;346,134;353,202;400,083;558,135;853,246;867,227;924,149;1080,258
191:0,020;97,199;117,228;214,018;288,251;337,151;422,001;574,194;594,081;638,222;641,170;694,155;742,016;784,184;871,107;893,196;1145,152
192:0,020;147,116;212,012;214,018;225,200;351,195;539,204;635,085;640,140;822,122;1084,001;1150,093
193:0,020;122,175;127,093;163,130;214,018;274,149;309,128;486,237;491,221;738,125;1004,194;1025,154;1077,080;1194,207
194:0,020;221,116;462,083;600,196;672,125;898,155;1001,162;1189,001
195:0,020;9,131;182,200;214,018;257,150;326,219;349,208;400,236;404,085;426,242;433,106;572,186;746,128;892,259
196:0,020;122,175;212,012;214,018;228,204;240,082;264,002;374,186;759,175;804,001;841,139;859,150
197:0,020;146,150;228,204;813,153;886,024;989,270;1094,181
198:0,020;135,175;288,251;374,224;397,016;437,144;540,085;722,170;850,239
199:0,020;125,131;272,170;297,144;436,242;800,186;953,150
200:0,020;9,131;81,020;117,228;214,018;309,128;745,234;993,194
