001:0,001;333,216;356,006;421,171;484,201;521,018;719,023;795,199;812,272;1158,012;1165,205
002:0,001;318,152;339,018;1012,126;1038,022;1066,269;1114,227;1130,018
003:0,001;64,081;161,098;360,005;387,111;635,123;724,233;727,023;872,232;969,275
004:0,001;324,018;622,218;636,106;705,136;1069,170;1079,022;1179,225;1183,013;1186,210
005:0,001;331,171;399,102;460,136;614,007;836,181;982,098;1125,143;1156,227;1191,275
006:0,001;64,081;520,243;622,259;889,151;951,105;1048,203;1102,253;1146,227;1152,267
007:0,001;326,187;350,012;426,010;477,007;495,151;595,018;642,235;699,228;814,123;895,084;1091,254;1103,150;1115,157;1179,268
008:0,001;274,012;385,106;431,018;968,081;1032,249;1038,010;1156,111
009:0,001;274,223;301,006;387,168;757,132;764,275;896,116;898,267;924,010;1025,108;1125,253
010:0,001;318,106;338,018;718,022;769,257;1138,013
011:0,002;789,020;818,010;1005,210;1186,107
012:0,002;789,020;818,010
013:0,002;518,204;590,228;746,170;818,010;822,120;842,125;979,010;988,137;1034,124;1038,253;1049,170;1094,111;1121,219;1178,237
014:0,002;736,132;789,020;818,010;1187,225
015:0,002;789,020;839,116;1007,010;1123,081;1168,018
016:0,002;789,020;862,091;951,023;1152,128
017:0,002;796,098;818,010;1184,012;1193,151
018:0,002;689,245;692,093;789,020;824,257;853,193;908,135;964,245;1002,255;1164,126
019:0,002;789,020;822,120;839,116;881,268;895,022;1026,255
020:0,002;789,020;818,010;921,133;976,244;988,137;1117,013;1156,249
021:0,003;122,176;175,016;278,154;295,024;403,003;405,010;508,008;602,081;614,018;626,020;673,221;788,150;823,228;934,015;1000,147
022:0,003;138,166;296,270;322,189;389,150;409,132;687,135;961,091;1160,121
023:0,003;189,258;295,024;485,223;626,020;703,162;785,179;866,187;871,135;908,010;974,143;1093,237;1109,232
024:0,003;138,166;139,002;163,004;294,200;379,109;598,022;626,020;729,137;803,007;932,018;1078,260;1186,171
025:0,003;138,018;173,192;198,011;283,150;340,245;408,189;485,223;501,003;560,228;626,020;712,257;732,191;740,007;790,091;853,010;896,249;1008,174
026:0,003;153,012;295,024;479,123;513,109;515,270;525,152;601,080;626,020;700,023;788,093;968,161;1061,010
027:0,003;125,107;235,146;236,007;295,024;510,007;597,226;663,112;701,007;991,221;1030,132;1051,093;1055,121;1106,228;1174,095
028:0,003;125,107;189,176;219,016;247,001;295,024;480,097;528,172;626,020;706,253;719,023;732,191;794,076;876,007;930,127;949,209;953,091;1091,262;1126,121;1148,241;1186,022
029:0,003;122,176;130,009;257,229;295,024;497,271;626,020;719,126;889,182;973,201;1147,192
030:0,003;129,268;162,251;173,192;221,237;225,016;290,245;295,024;483,012;494,111;523,012;545,262;566,132;568,179;930,193;1158,202;1195,241
031:0,004;699,018;849,275;879,179;1160,089
032:0,004;391,022;447,235;540,111;571,258;578,023;737,232;897,010;1193,210
033:0,004;756,191;796,169;797,236;854,110;929,267;984,262;989,015
034:0,004;796,258;801,020;846,175;1028,187;1098,015
035:0,004;717,096;776,125;794,020;827,259;1001,013;1040,210;1075,015
036:0,004;694,012;785,018;801,020;866,007;885,258;899,275;939,244;966,018;1100,192;1122,095;1171,135
037:0,004;717,096;728,226;842,015;869,178
038:0,004;702,022;925,237;977,022;983,151;1130,199
039:0,004;695,015;803,182;869,178
040:0,004;190,011;273,007;318,251;320,150;456,141;565,121;568,226;577,132;656,136;869,090;1099,201
041:0,005;477,023;509,218;798,023;1158,012
042:0,005;473,260;477,023;1088,081;1106,010;1177,107
043:0,005;470,106;641,018;653,022;727,125;819,091;960,096;1138,010;1158,012
044:0,005;447,003;507,023;957,136;1085,023
045:0,005;270,135;312,014;449,024;470,227;476,096;534,023;697,257;779,105;1158,012
046:0,005;294,007;331,010;359,109;477,023;1088,081;1158,012
047:0,005;453,108;663,022;689,236;796,018;831,023;1158,012;1186,257
048:0,005;446,227;477,023;1158,012
049:0,005;379,022;476,226;477,023;1117,114;1135,182;1158,012
050:0,005;477,023;731,236;789,221;923,170;948,235;983,253;1105,245
051:0,006;410,004;426,237;648,225;663,204;804,182;992,181
052:0,006;319,174;351,237;379,022;492,166;533,136;550,253;700,023;795,199;865,007;911,241;946,010;1017,272;1117,267;1157,137
053:0,006;379,022;448,204;724,018;1029,201;1059,147;1162,169
054:0,006;320,012;360,200;487,018
055:0,006;379,022;514,258;542,233;719,132;746,253;792,023;795,018;901,218
056:0,006;379,022;480,242;576,023;584,248;850,228;999,268;1146,175;1164,096;1171,160
057:0,006;396,228;529,187;543,137;639,253;656,106;662,007;731,254;907,226;996,022;1129,125
058:0,006;342,166;379,022;446,233;698,231;759,268;995,089;1009,010;1092,084
059:0,006;320,231;355,004;379,022;396,228;495,110;522,022;523,105;776,137;862,165;863,084;986,272;1008,159;1052,249;1151,236
060:0,006;206,098;401,137;431,002;495,110;522,022;590,008;648,225;971,219;1079,161;1129,130
061:0,007;920,259;937,013;1182,118
062:0,007;831,150;884,015;937,013;981,227;1027,236;1149,232
063:0,007;431,203;474,008;628,237;804,023;822,096;872,199;918,018
064:0,007;674,224;710,097;937,013
065:0,007;824,192;857,218;978,015;989,202;1022,179;1073,013
066:0,007;674,237;676,097;838,018;848,269;882,007;907,123;936,110;937,013
067:0,007;484,226;524,008;567,007;894,225;946,253;1018,018;1027,236;1043,202;1114,128
068:0,007;252,237;389,236;545,235;636,089;797,169;843,082;861,193;937,013
069:0,007;832,089;845,097;937,013
070:0,007;843,161;901,243;937,013
071:0,008;48,009;108,002;110,008;129,128;248,146;331,212;453,245;800,015;911,245;956,241;1063,093;1093,268
072:0,008;641,002;701,118;886,267;1020,249;1022,018;1107,203;1154,105
073:0,008;520,141;527,212;590,112;630,169;796,151;853,118;1021,125
074:0,008;643,157;654,188;707,015;710,185;862,169;891,108;937,096;1173,161
075:0,008;637,266;667,003;696,022;701,118;829,203;997,201;1004,118;1012,226
076:0,008;403,003;715,268;724,002;749,159;951,150;1079,236;1176,022
077:0,008;129,014;293,146;358,106;404,194;524,169;547,093;682,081;979,018;1088,179;1109,022
078:0,008;645,218;823,258;927,111
079:0,008;636,236;663,111;682,132;706,275;804,171;983,248;1023,018;1148,126;1157,023
080:0,008;479,171;556,018;650,231;708,169;833,267;888,269;1076,236;1077,241
081:0,009;264,010;265,184;270,168;298,189;477,023;697,109;698,253;935,245;1073,192;1094,267;1102,126;1144,022
082:0,009;206,166;237,011;317,101;336,102;441,024;456,212;481,136;502,146;508,012;515,223;522,022;567,185;630,126;634,002;638,012;712,246;790,170;901,090;1192,193
083:0,009;279,172;538,236;692,132;732,015;840,169;1029,095;1117,179
084:0,009;263,229;379,270;510,012;550,105;690,171;1047,015
085:0,009;279,172;313,223;344,101;387,113;403,018;468,169;581,146;881,168;949,170;1057,089
086:0,009;271,083;281,223;390,010;481,076;512,018;774,015;789,084;875,096;947,225;1155,272;1197,015
087:0,009;235,008;471,137;529,012;625,170;670,225;674,157;808,193;855,093;882,272;922,126;1078,269
088:0,009;277,012;288,135;332,008;412,005;440,150;661,248;781,132;994,135;1032,169;1161,272
089:0,009;246,008;329,014;396,010;461,226;903,146;980,013;1033,015
090:0,009;290,185;371,212;544,172;599,097;654,192;732,146
091:0,010;559,022;635,188;703,233;741,150;758,093;773,018;806,225;866,007;998,145;1030,248
092:0,010;436,137;447,010;540,269;649,150;797,253;970,121;1046,248
093:0,010;539,022;775,175;786,244;820,010;880,095;893,126;906,150;1097,161
094:0,010;526,121;562,109;636,020;671,269;733,022;737,082;880,095;1001,124;1030,022;1069,193
095:0,010;348,019;391,193;431,203;509,262;540,269;823,111;887,165;1031,185;1195,143
096:0,010;555,223;626,020;793,236;851,089;941,109;986,182;1098,022;1100,219;1120,143
097:0,010;547,253;628,268;764,201;957,249;977,022
098:0,010;411,137;587,008;603,142;757,269;1047,137;1104,227;1107,199;1153,113;1170,226
099:0,010;443,076;481,168;526,121;702,087;737,082;775,076;782,268;800,022;926,241;1142,023;1153,113
100:0,010;573,002;583,080;617,081;675,004;701,201;922,248;1005,185
101:0,011;118,132;139,008;199,016;217,106;301,262;361,152;415,154;449,008;496,231;591,136;694,012;697,024;727,272;874,209;943,010;1121,137;1175,147
102:0,011;79,001;144,005;363,193;370,154;389,176;417,018;422,003;439,012;477,023;480,015;509,192;582,002;697,024;714,105;791,081;957,192;992,023;1199,203
103:0,011;77,002;78,008;112,012;166,166;187,214;433,097;471,112;697,024;727,272;776,096;821,125;1004,218;1200,272
104:0,011;187,214;349,002;528,089;823,237;1132,169;1190,018
105:0,011;86,154;154,002;380,141;418,245;553,076;586,126;589,022;639,161;688,228;698,226;710,015;716,108;735,204;750,023;765,244;770,002;813,174;1136,160
106:0,011;98,004;118,132;286,226;473,015;509,192;594,259;624,201;630,142;703,111;819,007;896,174;1001,228;1008,199;1118,023
107:0,011;78,012;167,212;308,258;386,271;598,254;614,275;666,020;697,024;712,125;769,225;790,151;793,193;798,125;826,268;855,010;1155,013
108:0,011;84,014;433,097;623,003;697,024;733,225;752,187;816,227;879,185;950,015;983,143;1124,160;1146,022;1199,013
109:0,011;124,016;283,012;289,189;313,012;334,018;397,194;492,004;656,007;697,024;741,084;780,015;976,225
110:0,011;152,132;194,111;240,166;359,214;382,141;495,008;639,109;658,157;663,201;697,024;765,244;921,133;936,116;1009,192
111:0,012;609,111;918,159;1182,091
112:0,012;330,270;337,024;478,270;573,089;591,192;683,012;823,098;844,157;923,132;940,221;957,228;976,160;1069,268;1085,022;1088,228;1093,150;1141,118;1158,267
113:0,012;764,151;806,108
114:0,012;565,254;634,007;637,111;658,108;716,161;826,023;910,161;1082,098
115:0,012;272,114;286,010;313,174;336,081;369,136;437,266;560,012;730,015;771,174;798,007;936,228;940,254
116:0,012;715,084;849,199;915,015;1015,108;1017,165;1087,095
117:0,012;565,254;582,012;749,096;757,109;782,002;793,193;840,235;967,209;1019,248;1037,245
118:0,012;110,124;157,006;245,004;341,136;415,012;565,259;598,012;715,084;736,192;818,010;876,160;974,023
119:0,012;334,152;533,237;571,126;763,007;947,095;1018,267;1139,110
120:0,012;723,002;804,090;867,226;1152,093
121:0,013;89,111;184,020;194,112;422,174;640,168;959,018;999,124;1127,098
122:0,013;110,124;162,001;344,154;362,171;471,200;490,233;536,008;604,266;660,262;691,137;739,121;769,161;947,089;1150,114
123:0,013;92,106;366,185;1001,147;1055,262;1076,105;1126,108
124:0,013;104,106;152,001;312,200;342,174;562,144;593,012;632,192;643,157;1139,150
125:0,013;95,019;118,112;290,245;336,231;487,242;583,152;602,022;680,004;728,018;741,007;756,227;810,219
126:0,013;189,102;317,135;674,108;799,218;889,111;950,132;1050,095;1063,010;1104,091
127:0,013;95,019;102,218;229,006;416,166;533,097;563,004;598,015;602,231;665,022;775,175;1185,088
128:0,013;89,212;166,017;189,102;236,193;340,006;418,106;575,111;597,018;635,179;773,022;1079,135
129:0,013;152,007;278,154;486,002;510,275;608,109;941,022;995,018;1102,187
130:0,013;89,111;374,235;463,108;465,003;473,231;514,202;542,152;553,023;566,022;649,004;756,227;1053,130;1097,022
131:0,014;434,105;537,081;585,151;758,022;819,010;1033,118
132:0,014;68,177;142,014;348,019;422,266;473,236;482,123;531,076;550,012;584,248;626,137;719,109;737,007;778,174;889,136;948,123;1012,193;1063,228
133:0,014;452,126;467,093;501,105;522,007;568,179;613,243;903,121
134:0,014;252,089;448,098;452,089;561,201;580,243;591,002;670,224;743,123;811,262;880,187
135:0,014;479,008;557,168;574,023;580,231;640,097;648,174;651,259;818,010;844,023;867,221;939,201;983,013;1009,095;1033,227;1095,209;1171,105
136:0,014;481,010;515,146;572,174;657,020;697,024;701,219;882,109;988,203;1164,179
137:0,014;155,015;176,258;783,023;801,126;1007,160;1120,237
138:0,014;457,233;483,154;507,151;549,135;811,151;951,157;1107,023;1127,224
139:0,014;452,010;462,002;513,202;638,243;820,170;998,013;1046,181;1050,124
140:0,014;68,177;104,018;421,152;446,007;522,022;738,007;875,010;907,268;949,022;981,228;1015,118;1137,013
141:0,015
142:0,015
143:0,015;859,248;902,181;1038,023;1117,114
144:0,015
145:0,015;639,161;747,018;750,224;783,015
146:0,015
147:0,015
148:0,015
149:0,015;822,132;914,018;920,165;985,023;1005,210;1033,084;1118,199;1120,015
150:0,015;1064,165;1087,260;1098,143;1105,093;1143,015
151:0,016;295,024;455,076;765,219;790,121;969,023;973,093;1041,145
152:0,016;346,168;462,152;476,003;706,023;722,098;927,199;938,193;994,257;1063,181
153:0,016;222,146;272,114;403,003;563,146;704,151;787,168;864,010;988,022
154:0,016;303,137;367,024;370,259;389,012;403,003;708,121;895,095;944,013;1061,023;1128,010
155:0,016;303,137;403,003;702,087;759,228;844,209;861,098;1061,159;1182,175
156:0,016;310,015;321,243;379,002;403,003;473,260;496,212;520,003;739,108;862,023;972,135;988,013;1055,022;1113,121;1123,257;1157,203
157:0,016;282,015;363,004;370,259;403,003;478,108;628,004;693,002;736,232;861,018;927,015;946,098;962,185;1017,209;1158,199;1195,175
158:0,016;319,243;572,169;648,004;756,022;915,199;1088,219;1092,018;1145,157
159:0,016;94,018;156,014;221,193;360,007;380,112;580,121;722,224;775,221;863,022;887,010;924,272;937,013
160:0,016;292,010;368,223;455,187;466,237;469,105;482,135;508,003;728,258;866,257;954,192;955,111;1064,182;1146,257
161:0,017;305,111;430,146;539,170;768,023;954,199;1000,262;1014,018
162:0,017;255,226;287,176;383,015;458,093;477,023;613,015;682,110;1028,267;1038,013;1114,260;1125,254;1158,224
163:0,017;88,019;159,251;170,176;411,243;507,018;584,268;667,015;679,098;772,096;933,015;999,255;1018,170;1044,013;1166,201
164:0,017;254,171;341,146;486,235;940,018
165:0,017;223,218;315,226;386,174;403,003;789,165;916,231;997,169;1098,015;1180,255
166:0,017;338,170;390,146;403,003;682,110;851,105;889,262;956,108;1009,228;1062,018
167:0,017;252,089;268,218;500,015;679,012;731,090;777,123;994,022;1104,130
168:0,017;257,229;262,210;342,172;506,023;755,203;804,245;908,258;938,013;1012,130;1057,010;1103,202
169:0,017;317,218;354,193;422,007;599,192;631,151;690,237;719,245;922,232;1095,160;1129,084
170:0,017;289,132;366,218;588,268;593,275;694,170;711,235;833,135;868,225;878,015;966,110;1177,236
171:0,018;484,023;515,130;528,231;549,185;565,212;611,218;621,204;630,018;729,209;819,150;948,013;974,221;1023,228;1077,171;1101,257;1118,090
172:0,018;648,023;728,209;788,237;922,169;977,232;1027,203;1038,146;1132,013;1137,118;1139,022;1145,146
173:0,018;99,006;125,168;213,008;262,011;320,018;546,007;676,097;686,150;733,231;898,018;908,093
174:0,018;503,081;773,262;798,165;810,209;1003,018;1017,145;1181,253
175:0,018;646,015;649,003;668,018
176:0,018
177:0,018;842,231;929,221;988,268;1029,175;1116,018
178:0,018;503,228;578,262
179:0,018;13,237;92,154;158,237;216,005;386,089;496,262;656,137;680,275;716,162;798,175;838,015;869,181;884,275;1184,018
180:0,018;13,237;271,006;344,229;377,185;531,022;534,109;539,123;555,169;569,245;645,076;675,221;697,015;993,182;1059,018
181:0,019;133,270;165,004;192,271;297,154;332,101;387,004;388,098;436,136;480,266;621,187;703,015;816,248;960,275;967,259;1006,248;1012,231;1196,169
182:0,019;124,271;182,106;198,009;223,262;498,237;528,123;680,254;716,225;731,090;883,022;1065,227;1196,254
183:0,019;133,270;258,271;451,012;697,262;767,231;830,244;983,125;1107,137;1154,151
184:0,019;89,016;92,015;124,271;208,132;551,171;784,109;855,022;1001,249
185:0,019;184,104;262,176;271,012;690,192;1063,126
186:0,019;133,016;163,083;252,262;293,112;314,245;357,006;374,235;398,258;489,093;753,018;937,231
187:0,019;89,128;184,104;205,168;362,005;414,012;571,023;601,171;634,258;673,018;674,219;733,002;803,089;984,237;1081,267;1087,130;1122,171
188:0,019;128,098;148,017;205,262;241,218;254,171;300,185;304,012;331,114;361,245;424,098;607,141;684,076;878,192;934,022;1005,151;1158,012
189:0,019;128,098;163,083;205,262;211,226;213,270;472,169;506,098;697,203;947,133;964,135;1168,150
190:0,019;89,128;98,212;334,018;353,012;489,144;696,123;756,022;832,243;856,010;982,202;1055,135;1060,110;1130,269
191:0,020;190,011;424,144;522,022;850,160;855,151;887,227;932,127;940,179;1021,262;1048,232;1141,124;1164,081
192:0,020;248,081;288,102;348,019;373,236;424,144;436,010;438,098;440,161;487,152;522,022
193:0,020;205,226;270,011;349,096;431,262;462,150;522,022;1114,128;1140,272;1153,174
194:0,020;190,011;348,019;349,096;522,022
195:0,020;249,210;348,019;373,236;379,022;440,161;487,187;628,015;728,267;884,243;892,118;958,159;973,022
196:0,020;190,011;387,113;451,170;521,012;522,022;805,268;816,022
197:0,020;190,011;360,231;425,007;513,126;571,150;620,098;629,254;1060,023;1185,088;1186,145
198:0,020;190,011;348,019;369,170;576,022;659,187;722,142;757,159;907,023;1053,018;1083,210;1184,124
199:0,020;187,001;190,011;348,019;482,201;728,267;781,002;850,160;993,013
200:0,020;190,011;348,019;370,007;425,018;442,187;513,126;533,141;625,007;656,203;713,187;987,171;1176,113
