001:0,001;435,171;559,128;723,244;932,260
002:0,001;776,241;865,257;892,196;951,162;1091,086
003:0,001;706,157;757,214
004:0,001;723,244;786,088;845,218;1054,017;1200,186
005:0,001;742,161;795,128;809,080;826,003;1134,088
006:0,001;435,171;457,106;518,001;617,234;686,088;797,156;929,238;1071,166;1091,107
007:0,001;414,191;798,220;838,017;864,025;1062,137;1074,086;1107,097
008:0,001;771,017;874,184;881,166;889,269
009:0,001;54,184;56,001;761,130;932,153
010:0,001;727,143;741,212;805,205;1039,198;1044,264;1050,227;1141,255;1194,269
011:0,002;319,220;326,010;429,025;762,109;801,088;917,210;1172,236
012:0,002;316,106;507,158;515,271;604,248;649,025;744,267;1120,003;1175,248
013:0,002;319,109;333,091;391,009;429,025;542,189;623,267;681,166;737,228;781,271;786,003;1124,166;1136,132;1159,215;1196,223
014:0,002;185,210;225,184;266,100;368,258;429,025;914,250
015:0,002;319,109;849,162;945,108;952,266;1099,166
016:0,002;40,012;186,274;285,079;397,010;429,025;772,188;799,102;806,130;911,187;949,084;985,225;1098,258;1130,236;1164,082;1181,260
017:0,002;300,157;429,025;916,210;1147,137;1160,214;1162,003
018:0,002;304,128;517,116;610,152;611,121;686,234;728,235;867,084;1033,155;1104,138
019:0,002;319,187;382,001;429,025;871,193
020:0,002;54,168;82,016;252,181;336,225;429,025;906,268;1011,266;1059,250;1094,256;1156,205
021:0,003;113,247;123,079;153,088;305,167;433,152;618,001;693,187;780,003;875,155;1007,180;1061,080;1101,143
022:0,003;123,079;210,247;352,166;467,108;624,003;630,209;653,025;702,151;912,130;961,196;1095,227
023:0,003;174,166;251,010;273,221;413,208;596,107;622,184;633,088;675,191;681,238;919,017
024:0,003;155,268;176,006;214,166;453,157;574,212;583,121;635,003;952,138;969,131;1177,221
025:0,003;111,094;356,183;379,238;963,004;1007,180;1051,133;1070,117
026:0,003;222,151;770,102;822,158;825,017;860,208;882,003;918,004;1004,003
027:0,003;113,255;232,212;395,263;626,128;665,132;731,162;846,131;878,004;1010,219;1141,220
028:0,003;151,210;223,094;324,004;502,121;608,086;630,209;639,131
029:0,003;113,247;394,151;598,168;787,213;799,158;811,025;872,017;998,255
030:0,003;58,270;59,003;113,255;222,168;608,247;632,001;699,221;706,025;719,236;724,128;732,025;864,196;1006,244;1095,218;1110,082
031:0,004;656,078;860,140;875,133;1146,140;1158,017
032:0,004;170,270;174,014;180,271;287,010;414,088;425,143;439,010;529,146;743,184;925,004
033:0,004;949,275;1081,004
034:0,004;305,255;599,152;610,010;656,078;757,100;890,247;1176,102
035:0,004;594,003;729,162;732,004;931,171;1106,176;1108,186;1128,146;1154,235
036:0,004;955,108;993,138;1100,106
037:0,004;1156,179;1178,151
038:0,004;712,179;719,189;850,017;981,208;1178,149;1184,131
039:0,004;949,275;1078,128
040:0,004;975,109
041:0,005;38,157;72,103;212,235;265,141;309,185;360,102;477,250;532,214;556,218;622,170;818,138;1166,214
042:0,005;10,079;105,106;136,004;202,218;255,002;279,080;313,088;399,247;437,009;444,092;495,193;569,092;744,091;929,080
043:0,005;41,103;49,097;295,256;352,004;412,086;429,025;828,140;946,003
044:0,005;38,157;145,170;253,271;322,108;356,004;506,092;775,269;1114,130
045:0,005;10,079;41,103;167,010;249,256;311,185;342,220;384,185;786,215;836,255;869,100;886,157
046:0,005;60,156;342,106;434,153;453,183;634,080;654,141;1043,207;1105,088;1171,171
047:0,005;49,097;269,157;703,263;717,248;724,205;812,109;1078,256
048:0,005;114,086;197,185;276,097;452,086;500,141;613,238;659,001;677,208;828,257;865,184;867,102;1037,267
049:0,005;41,156;65,001;137,143;160,274;175,267;213,177;423,220;700,004;850,243;851,220;905,166;1003,267;1023,214;1028,003;1048,263
050:0,005;44,079;114,086;541,113;584,010;671,215;780,257;850,248;880,168;955,220;1028,003;1111,260;1164,132;1181,215
051:0,006;365,207;452,092;475,255;828,149;871,234;948,091;978,250;1045,017;1200,241
052:0,006;239,100;272,235;390,220;419,095;431,010;467,250;468,212;652,082;756,133;864,121;923,092;1034,227;1041,235;1141,258
053:0,006;239,100;252,138;279,221;568,088;604,212;764,258;796,100;859,114;1006,199;1024,089;1129,189;1191,166
054:0,006;229,115;637,156;671,218;836,176;1074,155
055:0,006;229,269;236,207;344,199;396,235;420,149;430,187;652,221;1171,158
056:0,006;31,192;123,006;292,186;295,133;527,132
057:0,006;143,108;158,251;205,006;223,258;299,086;358,206;557,086;1001,130;1053,215;1073,238
058:0,006;136,257;292,186;345,130;357,250;465,184;615,161;676,257;698,100;777,228;823,234;1033,219
059:0,006;236,207;317,186;423,173;463,091;519,106;600,255;714,221;754,161;957,089;1068,107;1085,236;1115,017;1189,132
060:0,006;237,255;284,166;330,010;616,185;750,004;859,114
061:0,007;173,256;274,184;357,094;555,198;583,250;606,167;1147,263;1192,003
062:0,007;227,255;430,170;604,191;614,113;747,124;791,189;797,082;915,257;1121,155;1135,235
063:0,007;197,268;259,170;312,256;361,214;640,269;739,149;777,079
064:0,007;195,177;402,091;689,191
065:0,007;139,238;236,009;256,199;464,089;592,208;666,243;936,264;1039,205;1096,104;1135,217;1163,094
066:0,007;171,141;224,108;315,128;355,009;597,248;601,268;670,128;709,121;776,241;1120,176
067:0,007;181,141;547,235;584,113;714,250;771,017;816,106;847,102;858,076;1074,201
068:0,007;139,238;181,132;189,157;253,268;353,256;424,004;576,141;755,106;780,121;863,248;988,206;1018,004;1074,201
069:0,007;232,212;535,209;570,094;741,234;866,106;1020,080;1057,230
070:0,007;295,267;535,247;567,258;570,010;663,086;895,092;904,106;1096,003;1131,172
071:0,008;151,007;163,157;180,119;226,270;231,151;256,251;338,089;589,131;653,168;832,146;1060,258;1092,193
072:0,008;136,107;383,128;435,146;495,243;663,108;850,004;895,266;901,158;1033,078;1095,162
073:0,008;102,146;425,199;1092,207
074:0,008;92,170;136,261;239,271;246,257;426,138;453,152;554,175;585,247;623,004;744,146;1177,088
075:0,008;144,108;499,004;736,265;789,171;923,266;999,247;1016,017;1030,114;1122,223;1180,187
076:0,008;88,149;193,183;216,006;228,004;338,089;339,267;437,214;446,184;460,079;481,149;533,108;553,097;582,214;814,157;862,260;872,191;965,225;1194,147
077:0,008;102,146;456,143;559,221;592,207;645,258;727,076;1193,271
078:0,008;147,274;285,250;506,108;527,170;562,214;582,171
079:0,008;13,015;96,211;97,002;136,107;492,270;549,004;814,268;875,260;978,004;1186,256
080:0,008;136,261;257,270;264,011;313,257;775,166;783,003;795,225;974,143;1085,017;1167,243
081:0,009;363,128;367,161;473,234;559,206;643,184;732,248;842,243;847,143;894,078;1016,003;1163,210
082:0,009;439,113;457,267;612,266;632,102;757,266;950,004;961,121;990,084;1086,149;1113,234
083:0,009;310,267;323,170;442,116;454,178;548,010;608,097;1056,084
084:0,009;330,187;410,271;1075,089
085:0,009;348,167;512,106;840,168;877,220;992,248;1046,271;1147,187;1179,133
086:0,009;489,218;761,143;984,191;1016,161;1022,268
087:0,009;325,193;474,207;503,199;589,097;789,017;844,223;883,263;1142,257
088:0,009;473,234;578,266;872,255;991,128
089:0,009;471,199;486,025;615,166;661,266;745,094;1117,244
090:0,009;229,115;608,170;722,263;881,213;1093,208;1154,172
091:0,010;688,250;771,017
092:0,010;686,213;752,220;763,176;1124,207
093:0,010;139,257;170,206;190,010;722,205;771,017;815,140;852,166;854,235;923,082;1076,137
094:0,010;511,086;601,106;748,269;771,017
095:0,010;139,143;419,089;464,153;521,025;570,215;586,001;641,124;771,017
096:0,010;720,179;771,017;1020,106;1120,017
097:0,010;730,084;763,141
098:0,010;369,121;479,189;520,088;771,017;1068,140;1186,138
099:0,010;597,171;771,017
100:0,010;184,133;325,076;348,185;441,095;450,225;793,228;823,189;1003,198;1036,128;1070,223;1108,091;1187,082
101:0,011;351,151;372,079;647,004;692,220;875,257;1049,017;1091,104
102:0,011;248,258;498,025;516,247;546,158;693,207;829,206
103:0,011;413,149;583,025;613,152;695,004
104:0,011;367,228;559,004;571,080;684,091;737,128;787,004;908,186;1063,091
105:0,011;337,181;349,228;483,121;546,001;552,004;594,170;615,221;647,115;777,218;1042,121;1157,168
106:0,011;5,009;9,016;129,173;197,166;209,173;211,079;371,130;519,138;523,130;755,162
107:0,011;336,102;708,091;788,124;932,235;1057,218;1084,132;1135,266
108:0,011;5,200;6,170;85,012;109,256;197,076;320,207;658,004;675,115;715,213;1091,084
109:0,011;349,228;356,088;450,025;524,131;636,076;804,003;821,207;1069,137;1124,196;1157,179;1169,146
110:0,011;336,094;641,121;660,004;801,092;1023,107;1193,091
111:0,012;89,267;211,011;267,091;449,088;551,178;606,199;987,004;1199,208
112:0,012;193,020;204,189;226,260;238,010;295,267;308,158;459,138;499,146;570,107;880,268;896,258;1068,264
113:0,012;174,175;229,189;430,157;436,010;589,089;1010,124;1118,158
114:0,012;165,108;181,079;269,270;294,271;406,212;459,166;608,155;827,115;887,215;1051,161
115:0,012;142,247;198,004;200,156;776,025;782,078;874,149;1149,243;1151,199
116:0,012;145,218;507,258;541,208;558,108;656,131;827,133;967,238;1116,225
117:0,012;31,192;55,016;72,130;150,185;196,004;245,080;258,158;272,218;487,264;499,166;763,213;775,003;815,161
118:0,012;82,130;332,133;803,185;864,080;924,241;1150,221
119:0,012;141,076;625,100;667,094
120:0,012;145,218;191,020;290,002;310,141;351,009;352,193;558,247;592,025;814,128;860,025;867,004
121:0,013;78,270;255,173;319,220;651,189;770,170;823,214;1022,166;1047,218
122:0,013;79,181;131,199;208,181;345,170;401,186;639,263;682,151;699,173;898,143;948,243
123:0,013;184,133;204,009;328,082;581,215;653,025;716,176;772,188
124:0,013;110,206;334,166;343,009;382,095;470,270;477,102;606,189;709,080;1015,003
125:0,013;64,166;151,106;338,260;403,187;576,250;578,138;864,196;888,235;965,082;1106,168;1150,076
126:0,013;75,256;106,235;167,132;467,247;528,124;718,003;794,166;822,168;1096,109
127:0,013;75,256;151,173;882,184;921,206;986,140;1036,255;1044,141
128:0,013;79,181;228,173;255,266;467,088;516,004;528,124;571,080;630,089;734,003;850,109;883,156;915,017;1167,244
129:0,013;6,170;136,012;144,183;332,152;447,266;594,001;597,257;643,003;960,161;995,187;1182,003
130:0,013;64,166;183,011;213,260;366,198;464,271;505,082;562,004;578,221;621,004;736,265;788,080;808,091;831,158;1133,267
131:0,014;272,250;337,102;338,109;526,218;539,153;691,268;800,187;858,207;868,243;1016,217
132:0,014;244,270;315,130;445,255;449,260;916,250;959,107;1047,247
133:0,014;154,009;156,130;309,170;335,208;523,025;572,156;634,221;672,198;1058,196;1164,166;1187,247
134:0,014;226,153;432,198;572,083;755,107;1008,124;1010,017;1030,003;1058,257
135:0,014;314,009;522,250;562,260;846,025;907,217;1124,151;1149,133;1169,208
136:0,014;15,168;590,178;618,143;719,236;929,121;957,198;995,220;1143,158;1160,241;1183,179
137:0,014;223,158;779,017;1038,234;1056,191
138:0,014;256,269;315,009;433,257;446,009;572,083;631,235;694,198;891,109;943,088;1102,080
139:0,014;262,268;379,247;484,228;739,115;781,212;855,025;966,255;1026,193;1086,146;1125,114
140:0,014;240,133;261,153;541,250;694,004
141:0,015;206,121;354,268;585,010;594,003;802,097;1184,187;1192,167
142:0,015;185,152;233,175;498,161;574,185;594,003;981,117;1044,140;1046,255;1128,003;1141,089
143:0,015;37,177;72,192;167,268;243,251;254,011;341,100;542,207;544,267;867,017;981,117;1133,153
144:0,015;146,168;215,175;544,109;654,146;795,243;812,003;1199,137
145:0,015;175,266;362,116;419,209;533,263;566,170;572,152;594,003;751,236;872,215;978,260;1075,258
146:0,015;185,152;431,009;451,113;494,171;594,003
147:0,015;177,158;229,269;281,138;414,221;505,175;594,003;1078,256;1089,271
148:0,015;196,189;594,003
149:0,015;187,016;195,243;791,149;826,124;842,003
150:0,015;195,243;276,238;360,228;362,256;409,116;594,003;842,213;857,149;1008,155;1023,149;1083,003;1112,171;1130,106
151:0,016;265,020;327,178;488,155;593,198;634,083;753,166;807,191;864,189;939,208;975,168;1195,224
152:0,016;200,122;414,156;557,258;630,152;653,207;814,176;828,247;884,140;1108,003;1154,227;1191,003;1195,224
153:0,016;277,260;332,082;494,025;503,132;525,208;535,138;725,102;784,025;828,247;987,003;1029,227;1091,133
154:0,016;221,103;384,260;552,100;604,271;776,151;861,004
155:0,016;205,010;229,009;237,080;319,155;1055,199
156:0,016;200,122;641,214;729,138;817,213;831,153;969,234;1127,004;1200,123
157:0,016;5,002;297,100;334,103;384,100;594,228;732,132;1063,206
158:0,016;269,091;313,011;327,178;451,189;476,092;568,234;785,228;793,097;798,089;953,189;1121,218
159:0,016;200,256;242,141;254,225;325,271;463,113;580,157;802,244;1159,140
160:0,016;246,020;357,214;429,079;445,235;454,258;567,161;700,153;908,086;1060,248;1159,196;1166,217
161:0,017;58,106;98,006;141,170;174,175;210,010;223,151;230,143;609,115;664,166;677,248;756,221;838,003;868,193;1007,166;1120,003;1173,179
162:0,017;22,151;47,235;77,138;577,198;693,184;859,124;1003,205
163:0,017;57,243;60,184;88,012;134,149;144,020;283,167;342,089;404,107;460,004;561,079;773,206;902,186;904,267;1003,086;1079,215;1175,210
164:0,017;77,138;250,170;304,001;414,191;601,149;853,264
165:0,017;54,184;585,183;634,189;642,264;936,268
166:0,017;58,106;310,264;484,025;488,079;538,264;625,025;661,079;808,166;1013,196;1050,102
167:0,017;52,267;160,007;206,132;488,097;593,215;877,128;1023,208;1079,082;1153,230
168:0,017;47,235;297,243;494,268;495,186;890,106;896,221;921,017
169:0,017;22,151;52,267;60,010;118,184;172,149;189,103;313,270;549,149;717,113;810,271;1041,215;1151,117;1153,104
170:0,017;155,192;215,011;223,258;236,183;447,009;573,143;670,258;807,248;850,186
171:0,018;81,185;102,157;295,155;311,004;320,198;357,108;467,004;612,267;613,130;660,223;1054,214;1158,149;1175,223
172:0,018;61,020;152,088;166,094;219,206;458,257;586,001;626,108;937,124
173:0,018;67,015;81,185;309,269;631,250;684,161;753,113;801,258;1041,017;1049,230;1122,149
174:0,018;60,119;454,130;599,221;603,100;629,151;680,004;729,220;745,255;962,004;1199,215
175:0,018;60,119;167,225;934,248
176:0,018;81,161;100,168;110,161;545,091;663,186;811,188
177:0,018;108,007;167,225;241,088;356,263;380,183;582,187;902,223;1166,271;1172,117
178:0,018;81,161;317,011;319,235;837,079;958,082;964,079
179:0,018;112,016;118,251;467,146;518,206;589,263;940,003;1017,191;1023,243;1131,186;1183,004
180:0,018;76,010;81,199;320,198;376,141;478,132;635,004;641,223;834,243;841,208;854,003;922,221;1129,241
181:0,019;96,006;124,264;302,097;540,238;551,001;665,130;791,121
182:0,019;57,155;272,151;341,251;471,198;531,107;562,207;588,082;938,236;1104,266
183:0,019;81,121;240,119;447,001;458,116;508,266;539,010;651,100;730,084;945,263;1040,158;1116,078
184:0,019;57,155;321,270;449,170;483,001;565,133;752,025;860,213;880,236;1065,132;1078,266;1129,238
185:0,019;68,267;74,266;248,121;492,248;710,109;740,003;781,115;818,258;863,078
186:0,019;80,014;139,002;140,001;155,183;173,235;189,170;222,238;535,133;557,153;786,167;968,151;1062,235;1110,236
187:0,019;64,266;157,014;240,208;379,266;440,167;591,184;663,003;696,156;702,269;883,187;1114,086
188:0,019;199,086;285,001;506,178;574,001;578,124;599,146;644,025;745,206;762,157
189:0,019;15,005;74,264;173,088;240,208;325,199;331,269;657,152;672,143;837,091;1095,250
190:0,019;81,121;175,264;817,102;1171,234
191:0,020;164,143;207,133;224,002;245,020;324,263;525,167;749,092;889,151
192:0,020;116,156;122,020;305,193;342,173;419,248;581,238;589,248;596,258;669,121;786,115;842,106;888,128;947,244;995,153;1109,205;1148,176
193:0,020;301,254;324,263;354,149;358,076;700,235;716,128;885,207;1019,108
194:0,020;419,248;475,235;503,185;559,004;625,247;646,010;743,158;874,205;1000,143
195:0,020;303,001;354,149;416,199;420,122;648,003;712,156;878,151;886,208;899,003;1178,147
196:0,020;37,177;104,014;234,004;362,116;391,009;493,107;518,268;935,130
197:0,020;384,184;446,149;468,173;661,080;777,213;781,106;808,025;872,108
198:0,020;167,132;173,016;175,257;221,001;326,155;401,268;437,128;594,206;812,212;844,115;907,217;971,167
199:0,020;382,209;570,082;649,206;729,257;785,185;879,088;1125,017
200:0,020;283,009;453,207;470,107;579,234;602,208;1005,189
