001:0,001;195,127;286,015;344,109;431,003;489,117;511,189;556,168;576,011;609,249;1058,119
002:0,001;145,189;407,198;532,103;804,260;844,109
003:0,001;121,144;181,004;288,179;445,250;661,153;685,164;726,260;812,087;860,180;1023,192;1132,011;1145,139;1167,105
004:0,001;95,082;269,103;366,174;405,179;587,209;767,091;769,204;944,109;1157,016
005:0,001;97,015;121,254;178,078;279,239;450,209;498,163;520,237;580,016;651,098;876,085;1001,096;1020,002
006:0,001;90,239;231,109;426,237;568,180;615,106;742,016;776,024;791,189;1100,118
007:0,001;118,147;456,239;658,016;671,091;676,139;741,006;791,101;831,191;910,179;1200,169
008:0,001;95,082;207,266;329,189;344,082;464,137;573,178;576,239;910,010;1112,006;1162,102;1192,193
009:0,001;90,239;325,264;535,179;549,006;588,011;678,002;814,204;817,205;951,164;1038,263;1176,119
010:0,001;93,014;145,189;280,010;549,264;576,087;947,088;1149,170
011:0,002;817,106;868,152;1098,263;1136,002
012:0,002
013:0,002;1056,009;1063,118;1069,204;1086,024;1135,102;1139,113;1184,014
014:0,002;1184,014
015:0,002;815,192;1012,006;1180,113;1184,014
016:0,002;1176,217
017:0,002;472,103;542,006;704,170;740,011;752,088;857,010;882,131;992,002;1061,104;1184,014
018:0,002;674,194;679,147;685,180;756,088;934,245;968,206;969,010;1015,183;1130,161;1184,014
019:0,002;1152,211;1160,011
020:0,002;1184,014
021:0,003;997,188
022:0,003;684,016;716,244;982,011
023:0,003;993,011
024:0,003;1086,139
025:0,003;1006,177;1025,257;1073,119;1095,204
026:0,003;988,018;1018,184;1045,239;1047,113;1116,143;1157,187;1172,088;1193,241
027:0,003;839,224;847,220;852,259;897,227;941,018;1108,172;1154,227
028:0,003;107,004;356,189;443,096;515,003;1039,237
029:0,003;1009,174;1075,255
030:0,003;595,195;702,109;716,244;962,011;1124,206;1153,153;1187,250
031:0,004;776,024;905,220;944,087;1088,188;1156,255;1176,230
032:0,004;776,024;909,190;937,076;979,172;1029,019;1117,170;1141,010;1180,260
033:0,004;776,024;810,257;820,259;831,099;892,230;909,190;1091,249
034:0,004;776,024;917,222
035:0,004;18,173;63,012;196,009;201,210;311,179;331,257;502,195;629,003;776,024;816,091;891,255;980,210;999,206;1029,019;1085,002;1162,266
036:0,004;776,024;844,255;1029,019;1092,245
037:0,004;844,255;885,006;1005,002;1029,019;1120,211
038:0,004;776,024;805,165;1029,019;1117,206
039:0,004;831,099;1028,237;1157,091;1171,002;1191,163
040:0,004;798,165;907,009;923,101;938,249;962,006;1017,110;1061,249;1086,153;1118,163
041:0,005;335,153;442,014;490,008;516,106;788,016;836,104;850,179;896,250;917,205;924,196;936,263;1004,185;1164,172
042:0,005;318,011;321,087;327,210;373,016;511,251;583,008;633,164;663,103;722,258;1174,237;1178,102
043:0,005;233,138;374,231;482,016;871,122;982,207
044:0,005;326,144;398,179;399,239;480,249;525,196;530,266;667,076;792,192;802,002;993,252;1057,190;1070,019;1159,266
045:0,005;318,196;447,078;523,139;574,147;656,020;677,003;692,011;865,122;1045,230;1049,147;1129,091
046:0,005;18,173;386,007;423,004;430,122;516,098;561,106;597,096;608,002;658,230;1029,019;1120,203
047:0,005;403,011;486,117;509,147;594,139;609,005;667,076;732,104;797,163;1017,239;1052,006;1074,143;1089,024;1090,006;1095,190;1110,185;1127,119;1152,172
048:0,005;318,196;345,141;506,002;513,257;602,016;853,164;889,081;901,206;964,220
049:0,005;321,087;582,092;598,153;650,187;1151,177;1183,260;1199,102
050:0,005;335,153;351,151;536,257;537,009;647,187;758,016;777,217;935,009;1074,143;1075,016;1144,210
051:0,006;189,096;274,251;537,006;812,258;855,110;1123,270
052:0,006;813,175;991,170;1183,002;1200,184
053:0,006;938,018
054:0,006;565,185;887,088;916,145;923,258;1025,184;1049,083;1105,019;1112,222
055:0,006;796,098;931,103;938,018
056:0,006;938,018
057:0,006;810,180;832,006;896,002;932,165;938,018
058:0,006;274,251;445,223;480,008;529,268;573,272;716,196;762,006;938,018
059:0,006;1029,018
060:0,006;813,175;938,018
061:0,007;507,139;664,102;960,002;1027,096;1082,180
062:0,007;432,177;487,003;504,101;887,010;891,006;1116,189;1158,018;1161,144;1194,207
063:0,007;446,103;512,151;601,196;716,263;923,207;1074,190
064:0,007;64,223;177,009;215,119;298,210;314,015;319,019;331,076;446,103;456,087;557,110;735,011
065:0,007;446,209;579,251;701,113;885,102;981,222;1053,163;1157,095
066:0,007;64,223;116,015;163,173;193,018;207,144;329,147;339,007;438,003;484,128;528,008;551,098;664,009;715,210;846,260;860,088;868,264;946,217;970,006;1175,115
067:0,007;552,257;900,215;956,205;974,006;1157,095
068:0,007;331,076;440,236;476,011;487,122;705,145;841,231;1046,002;1063,222;1101,018;1176,077
069:0,007;432,177;434,009;957,110;1000,102;1132,169;1175,115;1196,014
070:0,007;351,020;384,078;416,011;628,145;794,179;964,096;1029,019;1161,144
071:0,008;5,016;511,209;628,145;676,177;838,147;943,206;1012,227;1126,018
072:0,008;13,016;245,103;265,192;288,010;383,210;429,098;474,003;560,172;758,147;920,177;1072,091;1146,164
073:0,008;6,141;118,013;191,096;300,221;303,014;426,108;488,150;732,147;753,185;952,083;997,252
074:0,008;28,078;88,012;245,103;326,002;383,151;492,082;542,002;596,206;926,264;1149,104;1186,185;1200,243
075:0,008;28,078;33,009;73,003;110,263;277,018;428,082;486,011;531,274;538,137;555,014;562,239;576,196;596,016;629,010;631,019;649,230;788,138;844,163;1066,145;1104,096
076:0,008;22,266;157,223;480,185;529,268;609,005;637,243;648,122;768,002;857,227
077:0,008;17,144;49,003;156,263;678,237;707,194;711,102;774,016;831,207;956,099;1009,204
078:0,008;19,092;22,266;209,015;343,147;352,264;369,087;447,210;450,196;589,177;790,237;948,087;962,105;1085,018;1093,011;1156,263
079:0,008;9,254;261,011;355,237;471,082;582,139;591,023;623,177;640,196;660,206;671,110;784,109;927,188;952,222;968,002
080:0,008;13,198;36,018;193,256;195,254;283,141;755,006;934,105;938,250;1036,153;1149,180
081:0,009;73,092;113,009;1136,123;1199,237
082:0,009;397,078;453,009;1130,180;1149,123;1168,016
083:0,009;1075,016
084:0,009;1180,245;1184,014
085:0,009;859,010;938,103;1071,118;1075,016
086:0,009;1098,169
087:0,009;1048,140;1075,016
088:0,009;1075,016
089:0,009;1049,258;1075,016
090:0,009;66,078;69,009;1075,016
091:0,010;127,012;258,006;283,250;416,257;417,180;650,189;860,010;1061,024;1110,016
092:0,010;1075,016
093:0,010;534,110;582,237;1038,096;1144,016
094:0,010
095:0,010
096:0,010
097:0,010;1187,015;1197,251
098:0,010
099:0,010
100:0,010
101:0,011;693,009;757,259;805,011;1079,016
102:0,011;910,084;1021,011;1061,024
103:0,011;911,096;917,081;976,018;1045,196;1061,024
104:0,011;757,259;1084,085;1144,083;1165,024
105:0,011;1061,024
106:0,011;573,023;593,250;870,189;910,084;1024,087;1047,270;1118,002
107:0,011;1061,024
108:0,011;751,110;941,018;1047,270;1061,024
109:0,011;1061,024
110:0,011;1026,083;1038,172;1061,024
111:0,012;41,144;293,005;391,180;395,016;410,163;428,015;635,138;654,253;691,002;938,018;996,006;998,087;1017,011;1085,143;1110,016;1151,149;1167,165
112:0,012;51,092;329,019;426,192;783,002;1000,139;1069,024
113:0,012;312,137;313,210;635,138;763,002;860,006;876,236;1097,104;1128,205
114:0,012;224,082;417,263;613,015;654,253;695,147;774,210;972,102;1068,110;1166,188
115:0,012;222,221;296,014;312,234;325,105;329,019;402,227;441,015;474,210;638,005;667,096;740,193;849,180;858,168;885,257;1017,243;1150,002;1156,015;1180,150
116:0,012;273,271;596,196;610,092;717,215;832,222;944,010;955,193;975,113;1157,264;1184,014
117:0,012;235,272;349,016;356,003;425,004;456,185;494,179;509,260;537,096;556,218;650,020;659,182;673,163;800,009;812,183;988,237;1003,147;1072,206;1118,169;1125,110;1156,085
118:0,012;222,221;360,009;514,272;613,081;637,209;739,266;812,183;870,136;921,002;947,194;1174,174
119:0,012;222,010;251,257;330,009;393,122;432,178;463,015;583,008;613,081;654,192;1132,203
120:0,012;224,192;235,272;256,017;277,151;324,007;391,180;403,249;456,185;480,008;664,102;705,016;795,164;847,083;901,098;1063,024
121:0,013;217,079;275,002;282,272;497,231;580,178;608,184;659,016;720,250;746,003;969,244;1041,076
122:0,013;191,196;273,236;277,082;301,092;387,105;411,016;447,192;480,008;632,193;682,153;752,209;758,002;759,106;816,110;822,179;823,204;1036,011;1043,244
123:0,013;282,184;439,006;451,264;728,086;760,003;814,172;835,205;908,239;1012,174
124:0,013;195,204;214,101;480,008;528,004;708,249;726,016;727,170;858,264;918,119;1064,015;1120,243
125:0,013;189,109;248,141;275,007;282,184;307,151;375,196;474,237;481,009;623,153;675,096;841,170;1053,230;1123,103;1179,011
126:0,013;43,161;74,078;195,204;196,137;307,101;408,016;436,126;480,008;632,193;665,105;1115,220;1146,252
127:0,013;207,007;324,137;480,008;617,150;629,172;669,177;672,172;699,206;707,153;869,170;947,002;953,091;1022,175;1054,164;1098,177;1123,207;1162,011
128:0,013;210,078;390,006;451,105;912,259;1061,106
129:0,013;214,101;293,010;295,174;339,096;373,019;414,271;440,006;480,008;676,231;680,010;747,172;955,264;1002,018
130:0,013;196,137;432,079;480,008;613,206;634,005;671,002;672,098;709,010;716,266;725,103
131:0,014;615,109;801,257;803,106;927,147;1041,177;1136,002;1158,011
132:0,014;489,257;525,002;674,194;939,183;1105,152
133:0,014;427,098;526,168;529,272;538,177;598,008;634,231;1076,011
134:0,014;674,250;687,006;696,083;782,168;808,194;931,083;1075,018;1135,250
135:0,014;532,006;533,009;547,010;580,172;616,005;792,249;909,263;962,011
136:0,014;615,109;656,011;720,090;722,091;866,207;894,258;903,011
137:0,014;604,087;637,237;658,009;664,196;1087,258;1190,241;1193,147
138:0,014;451,147;531,008;618,080;620,006;762,113;995,076;1079,018
139:0,014;597,241;636,210;708,236;767,193;885,101;892,011
140:0,014;640,251;709,113;721,163;729,113;742,150;1111,165;1129,018;1133,185
141:0,015;609,005;671,189;773,010;863,210;1116,183;1131,002;1151,010
142:0,015;528,078;534,196;566,189;609,005;679,010;680,249;684,011;769,010;868,006;949,257;1070,196;1072,270;1132,153
143:0,015;632,272;833,260;933,193;964,188;1049,085;1064,015;1117,010
144:0,015;609,005;656,258;715,191;823,139;988,255;996,085
145:0,015;233,234;293,079;535,178;609,005;753,085;977,006;1024,180;1078,196;1088,244;1092,230;1098,217
146:0,015;233,234;313,011;333,079;426,003;483,079;496,003;541,153;618,096;671,141;753,085;852,243;1108,015;1120,211;1125,174;1138,270
147:0,015;656,258;811,096;894,091;977,217;1066,085;1069,210
148:0,015;615,019;654,005;774,196;837,217;1050,098;1063,118
149:0,015;609,005;715,191;758,272;782,147;822,009;847,152;937,215;944,180;1113,091;1124,011
150:0,015;854,193;952,196;965,101;1064,172;1105,015
151:0,016;815,205;823,010;847,142;938,018;965,190;1052,006;1074,251;1163,236;1194,255
152:0,016;633,164;792,153;990,018;1006,006
153:0,016;719,272;747,083;941,145;1106,179
154:0,016;238,196;283,096;534,011;549,006;582,246;635,009;649,260;755,004;762,011;933,006;984,244;1074,251;1188,215
155:0,016;455,014;491,273;548,236;579,237;605,147;723,122;752,210;757,250;824,006;827,076;1010,009;1081,193;1186,194
156:0,016;672,011;848,250;1163,237;1165,119;1169,164
157:0,016;210,005;241,019;260,174;266,138;445,218;577,184;592,218;613,272;617,180;803,006;1188,215
158:0,016;582,246;657,087;786,006;1029,019;1094,207;1103,016
159:0,016;813,272;847,142;939,205;1153,241;1182,109
160:0,016;938,194
161:0,017;316,178;573,023;638,231;672,091;755,138;844,196;891,177;906,153;1062,002;1064,015
162:0,017;367,144;385,153;573,023;775,239;899,207;905,185;1098,002;1133,083;1134,177
163:0,017;392,195;486,078;573,023;661,003;851,081;998,002;1129,105;1131,249;1174,024;1186,190
164:0,017;386,249;403,019;448,101;687,264;867,220;1064,015
165:0,017;351,020;411,096;440,016;444,177;562,010;565,098;567,163;573,023;644,257;740,170;824,257;865,215;866,003;982,081;998,175;1064,015
166:0,017;402,019;462,153;479,172;538,014;574,009;581,224;599,110;665,239;771,010;850,227;887,103;909,009;1064,015
167:0,017;392,195;563,016;614,139;794,177;990,104;1034,210;1064,015
168:0,017;386,249;559,137;573,023;637,195;669,210;722,083;742,163;767,138;775,187;777,172;789,187;811,003;814,010;900,164;1020,255;1064,015
169:0,017;375,223;416,218;540,180;560,087;573,023;728,086;753,264;850,002;927,188;982,263;1061,245;1084,150
170:0,017;384,198;573,023;706,009;725,104;735,266;794,263;885,096;946,175;1001,152;1032,091;1053,019;1134,193
171:0,018;351,020;401,092;576,113;650,020;702,204;765,233;817,006;985,179;1089,174;1112,241
172:0,018;361,231;501,185;637,113;702,204;802,006
173:0,018;355,250;545,249;625,224;650,020;697,150;876,010;877,245;903,260;915,230;1072,024
174:0,018;356,231;363,014;543,260;650,020;710,006;1075,259;1092,102;1176,211
175:0,018;6,141;284,003;378,218;436,243;514,004;617,006;650,020;717,006;777,076;933,101;1091,015
176:0,018;378,218;399,263;407,184;655,020;689,243;819,236;1167,149
177:0,018;397,163;446,189;514,008;535,113;619,189;629,005;650,020;716,233;750,016;795,145;959,227;997,165
178:0,018;383,257;398,007;429,108;514,004;587,224;650,020;779,168;835,009;874,011;877,139;915,245;1169,152;1197,077
179:0,018;383,138;523,180;530,189;659,236;661,182;716,233;818,168;878,245;927,096;977,245;1055,088
180:0,018;9,236;542,010;650,020;760,217;816,230;882,010;984,249;1123,016;1184,170
181:0,019;198,174;432,172;442,014;590,015;615,019;704,016;870,136;929,239;1034,164;1134,211;1136,002
182:0,019;460,150;503,016;831,222;912,189;1136,190;1147,174;1165,143
183:0,019;310,105;508,002;595,174;615,019;729,131;946,018;996,205;1121,236;1155,016;1194,245
184:0,019;432,243;628,263;756,164;933,088;1041,145;1055,217;1145,015;1161,024;1164,230
185:0,019;431,126;454,014;458,168;519,243;734,206;856,081;877,150;1067,010;1082,147;1199,088
186:0,019;431,168;615,019;666,009;729,131;861,085;863,104;982,122;990,098;1033,152;1152,244
187:0,019;582,116;615,019;716,215;935,106;1185,251
188:0,019;430,189;474,002;496,260;615,019;669,138;730,194;758,153;772,236;801,231;837,010
189:0,019;431,168;435,163;706,231;799,220;843,172;927,139;1099,006;1128,161;1180,103
190:0,019;432,172;574,163;586,168;606,236;615,019;674,195;712,016;815,102;873,011;909,119;994,006;1125,150;1175,205;1197,123
191:0,020;91,002;217,223;227,173;331,184;351,020;386,122;404,236;439,015;656,010;764,011;1013,206;1094,143
192:0,020;66,004;79,257;365,266;569,092;673,010;717,098;755,243;955,002;1067,220;1101,076
193:0,020;88,261;93,174;198,147;231,015;249,223;283,127;338,007;351,020;454,184;487,011;503,236;860,003;885,113;945,002;1037,019;1112,241;1137,015
194:0,020;60,234;88,009;144,079;329,011;381,272;520,231;637,264;678,193;763,191;910,006;1000,113;1011,091;1105,083
195:0,020;56,192;215,127;242,264;338,173;360,147;407,015;609,005;626,220;858,011;888,193;925,003;981,243;1002,122;1004,009;1036,264
196:0,020;9,236;122,147;184,264;211,016;361,092;567,014;593,179;760,187;774,180;927,172;1095,105
197:0,020;60,234;193,004;323,007;351,020;389,227;390,014;398,180;490,101;491,015;629,220;784,002;854,220;900,002;917,106;1033,255;1139,189;1159,110;1176,123;1189,263
198:0,020;43,161;174,007;181,092;213,017;220,266;529,016;549,008;584,236;593,179;815,187;1169,083
199:0,020;56,192;351,020;489,006;561,116;615,019;766,104;1080,250;1124,244;1150,243;1197,144
200:0,020;93,174;152,013;184,264;301,127;351,020;389,227;422,004;464,128;526,096;638,266;739,237;769,139;862,002;867,091;950,131;960,009;1098,164;1166,149
