001:0,001;586,078;866,171
002:0,001;562,140;631,109;756,104;837,268;861,245
003:0,001;42,261;171,094;218,263;248,170;366,174;906,187;1121,129;1194,084
004:0,001;509,169;828,195;829,149;887,234;1003,177
005:0,001;284,148;491,268;517,001;565,101;620,130;803,122;876,177;898,084;928,231;1190,149
006:0,001;605,261;681,178
007:0,001;42,261;102,001;513,152;633,208
008:0,001;605,261;641,255;881,267;882,145;1064,167
009:0,001;512,084;572,130;690,261;782,167;844,019;897,266
010:0,001;401,088;456,188;595,150;791,261;881,122
011:0,002;16,243;53,002;135,194;182,002;490,201;522,167;780,126;852,019;1019,232
012:0,002;14,087;82,095;95,264;492,170;633,106;762,116
013:0,002;428,216;506,187;682,262;757,134
014:0,002;396,177;472,222;479,159;483,089;652,106;859,019;948,230;1051,255
015:0,002;163,112;225,125;593,192;722,267;792,019;807,095;1003,175
016:0,002;529,224;636,096;706,084;1037,223
017:0,002;135,194;269,215;443,246;464,130;556,201;821,189;838,208;942,144
018:0,002;279,159;344,121;428,167;486,174;506,189;801,019;1006,163
019:0,002;121,112;161,170;220,002;593,192;685,134;755,080;1009,163
020:0,002;537,122;664,226;715,269;782,152;802,112;1068,084;1193,257
021:0,003;45,010;75,141;138,002;141,001;144,257;256,125;323,150;579,245;857,195;983,099
022:0,003;62,002;210,092;395,264;527,083;908,206;997,090;1096,233
023:0,003;22,264;120,192;160,018;204,170;818,171;862,104;889,195;901,142;925,083;1026,126
024:0,003;143,141;269,001;630,242;645,267;695,152;1052,165
025:0,003;24,014;43,147;147,015;170,090;308,121;342,122;347,246;645,201;817,133;963,129;1064,145;1096,090
026:0,003;12,130;173,261;193,139;486,209;555,255;560,118;1013,206;1030,216
027:0,003;10,013;101,087;146,083;186,171;197,196;422,001;500,084;699,147;897,260;936,142;1085,165
028:0,003;14,010;126,083;198,142;240,104;283,002;430,272;545,096;550,225;953,106;1128,272
029:0,003;17,004;22,002;105,148;334,246;436,001;560,118;598,126;726,178;874,130;950,239
030:0,003;12,130;129,015;138,144;733,123;800,245
031:0,004;75,015;108,142;164,139;179,222;193,001;194,250;272,188;275,080;368,002;492,155;688,223;1033,080
032:0,004;105,148;175,233;186,009;197,196;220,184;540,123;680,131;828,213;951,262;1086,155;1095,198
033:0,004;42,012;265,001;280,236;358,159;467,087;1032,166
034:0,004;108,142;215,268;403,092;619,174;865,272;1112,170
035:0,004;95,167;210,237;312,189;659,129;949,233;1047,167;1050,222;1067,139
036:0,004;100,018;152,223;469,088;728,019;797,095;1096,090
037:0,004;76,150;152,223;219,169;364,130;512,194;832,262;865,099;873,078;1116,095
038:0,004;107,263;118,155;180,215;201,201;205,009;209,194;317,129;407,166;543,104;755,078
039:0,004;109,104;142,187;356,002;391,166;717,194;1092,112
040:0,004;86,229;437,087;929,142;1138,106
041:0,005;105,246;275,226;364,242;424,161;806,209;915,106;924,239;947,165;1069,131
042:0,005;106,162;231,116;240,102;293,226;389,245;553,260;698,242;1104,149;1186,208
043:0,005;78,089;253,237;293,195;306,078;356,122;425,090;657,155;666,019;828,099;946,084;1071,257;1080,230;1100,226
044:0,005;119,001;149,245;187,233;220,223;655,161;698,231;833,096;876,106
045:0,005;69,018;86,096;106,162;666,233;928,262;942,104;1117,142
046:0,005;78,089;481,152;690,090;1091,152
047:0,005;32,014;83,167;107,001;111,192;153,112;202,083;519,208;619,196;620,171;935,233;1081,129
048:0,005;113,092;403,210;456,142;708,161
049:0,005;207,152;253,177;305,089;948,161
050:0,005;86,096;639,225;1165,130;1173,225
051:0,006;65,083;102,018;107,084;217,142;453,121;571,272;592,078;735,144;750,149;859,142;933,209
052:0,006;107,084;120,083;125,084;170,152;205,222;216,215;269,081;411,116;735,080;749,126;753,223;1067,230;1074,133
053:0,006;113,159;151,215;171,080;174,125;213,269;283,234;387,255;532,269;646,090;851,242
054:0,006;68,010;173,120;576,257;584,084;713,234;972,225
055:0,006;92,182;123,197;139,190;158,002;247,126;334,102;438,106;651,019;750,149;753,144;858,150
056:0,006;123,197;124,141;190,001;328,123;778,239;783,234;833,161;875,148;901,104;902,185;953,130
057:0,006;74,178;133,130;225,121;619,230;943,184
058:0,006;118,187;131,125;247,126;279,246;283,257;326,125;385,002;478,105;620,237;656,096;819,115;848,123;992,258;1110,230
059:0,006;65,083;132,015;173,120;192,268;207,018;237,002;265,209;757,166;760,149;812,185
060:0,006;139,190;265,209;478,105;606,118;859,105
061:0,007;43,010;46,269;476,148;821,019;836,195;861,109
062:0,007;35,200;48,010;55,147;227,196;294,130;329,090;422,180;495,161;631,116;1019,237;1092,084
063:0,007;28,222;729,166
064:0,007;47,184;893,178
065:0,007;60,205;67,129;91,205;518,268;676,105;841,194;968,239;1062,272
066:0,007;29,161;83,018;226,174;341,152;427,104;773,236
067:0,007;7,236;278,194;631,185;767,268
068:0,007;46,269;205,187;328,195;625,131;751,272;798,195;849,145;878,144;1124,258
069:0,007;55,125;162,236;365,080;658,255;996,099;1039,175;1131,177
070:0,007;29,161;240,123;327,104;404,257;544,178;581,106;622,105;730,019;912,269
071:0,008;42,095;258,230;601,115;743,096;995,170
072:0,008;46,160;240,001;329,214;383,155;444,150;492,139;665,189;918,147;1117,145
073:0,008;35,200;150,094;222,002;390,125;484,268;836,269;866,139
074:0,008;32,169;196,268;489,210;710,216;789,134
075:0,008;16,012;173,188;451,078;568,255;613,242;661,210;914,145
076:0,008;216,009;217,171;245,260;265,115;600,090;641,112;748,236;943,092
077:0,008;32,169;186,002;259,141;368,236;564,131;578,226;650,258;771,260;1085,257
078:0,008;45,264;76,150;189,080;353,225;463,242;617,262;678,171;696,267;715,155;754,177;851,131
079:0,008;119,215;136,095;190,150;424,104;426,122;609,180;693,209;732,139;1065,080
080:0,008;13,174;210,120;319,228;499,115;814,109;920,129;1098,241
081:0,009;264,165;396,226;570,209;673,239;961,263;1097,194
082:0,009;261,255;264,165;639,140;669,162;696,213
083:0,009;243,233;637,188;675,101;839,170;884,206;889,096;1109,222
084:0,009;215,210;386,226
085:0,009;255,239;370,217;696,185;712,241;870,126;954,115
086:0,009;305,145;605,121;861,189;999,123
087:0,009;236,208;297,237;453,222;471,122;530,188;629,236;758,262;800,126;925,109;1006,237;1008,095
088:0,009;86,229;289,246;314,002;358,236;627,142;892,019;934,227;946,171;1096,201
089:0,009;86,237;147,121;210,263;215,210;472,250;619,222;978,257;1145,142
090:0,009;37,222;128,002;202,078;305,145;834,201
091:0,010;199,206;364,187;377,239;416,255;517,216;603,246;659,223;700,175;1003,255;1042,205;1151,189
092:0,010;25,004;474,175;1027,227
093:0,010;226,217;271,228;592,155;603,257;662,237;754,210;980,194
094:0,010;133,122;340,225;608,019;683,231;694,188;884,237
095:0,010;131,264;246,197;345,147;945,268;962,121
096:0,010;118,187;200,129;272,195;613,105;669,089;745,120
097:0,010;133,122;276,178;718,083;804,019;902,125;1132,104
098:0,010;232,102;474,175;543,264;1024,255
099:0,010;170,226;284,269;324,177;393,187;1121,147
100:0,010;143,245;295,267;871,121
101:0,011;110,255;259,161;492,260;830,169;997,185;1176,267
102:0,011;150,228;240,198;889,149;1099,223
103:0,011;150,268;188,083;210,115;260,106;265,140;327,081;614,272;757,112;797,106;819,092;896,184;934,261;1154,222
104:0,011;94,080;114,167;451,092;509,155;586,217;740,261
105:0,011;67,012;71,170;125,121;189,001;193,115;204,001;212,084;217,083;557,272;736,209;787,185;892,261;928,267;1003,096
106:0,011;74,012;141,257;226,217;316,208;583,134;785,123;844,272;860,115;948,258;1147,175
107:0,011;29,012;150,228;286,141;342,214;380,080;1060,189;1133,125
108:0,011;26,129;122,012;169,171;606,215;633,101;685,257;1053,215
109:0,011;110,121;139,236;153,248;181,263;209,112;233,001;240,198;447,170;475,116;628,195;774,258;959,269;971,184;975,215
110:0,011;158,087;244,142;611,155;649,125
111:0,012;151,230;258,152;409,268;451,241;608,019;763,120
112:0,012;67,155;104,140;236,002;289,262;608,019;715,226;1091,260;1137,213
113:0,012;174,081;228,147;470,210;608,019;853,219;930,155;1064,210
114:0,012;151,230;626,092;802,141;931,205;940,141;1163,205
115:0,012;36,011;67,155;382,109;608,019;798,141;853,219
116:0,012;270,260;324,194;405,002;421,180;608,019;937,260
117:0,012;22,094;154,159;250,116;430,178;530,174;608,019;716,084;898,188
118:0,012;165,015;382,109;797,267;1172,155;1190,189
119:0,012;22,094;104,262;358,222;446,242;462,115;483,185;518,130;608,019;641,198;1040,229
120:0,012;90,161;122,262;267,159;705,122;795,269;818,201;879,099;966,159
121:0,013;15,262;79,243;146,096;228,112;599,092;639,215;912,201;1063,239
122:0,013;130,171;138,215;190,245;324,201;383,104;521,092;584,148;624,145;847,150;1123,171
123:0,013;43,201;143,081;323,106;339,120;760,196;840,260;858,196;1049,083
124:0,013;70,200;153,234;182,084;194,250;761,131;1034,109;1189,260
125:0,013;36,248;332,217;369,087;430,140
126:0,013;53,195;284,131;445,215;477,246;495,159;911,195;972,122
127:0,013;62,205;176,131;611,019;619,258;907,161;942,101
128:0,013;35,095;53,195;269,171;626,019;978,185;990,210;1058,089
129:0,013;15,178;78,020;152,268;195,215;1047,099
130:0,013;15,262;110,131;130,171;177,090;327,229;504,177;753,160;763,109;851,019;879,174
131:0,014;16,243;145,002;342,260;534,224
132:0,014;87,001;88,121;90,259;115,080;159,147;181,205;255,087;366,262;838,145;911,092;972,133;1010,205;1177,185
133:0,014;82,233;96,129;312,002;641,224
134:0,014;134,246;159,201;311,177;338,269;516,148;554,166;601,125;647,194;678,139;723,171;808,130;1156,150
135:0,014;17,189;204,261;217,155;273,255;286,205;406,201;479,223;666,131;678,268;718,129;882,268;940,170;1112,234
136:0,014;78,268;82,233;147,012;170,226;240,201;282,078;442,081;581,120;743,105;1109,129;1119,237
137:0,014;93,211;198,267;294,250;470,234;506,216;729,126;791,239;915,215;965,268
138:0,014;114,177;257,239;700,170;713,260;746,019;883,264;1134,144
139:0,014;78,268;86,237;236,260;483,167;520,180;714,096;731,130;871,234;878,264;881,234;887,161;904,104
140:0,014;83,121;114,177;248,162;553,096;609,233;843,101
141:0,015;286,217;577,121;603,177;914,167;1027,116
142:0,015;248,242;350,106;558,129;714,184;962,219
143:0,015;175,018;186,267;301,106;316,237;850,148
144:0,015;29,010;31,170;200,115;424,152;477,147;642,170;665,261;727,239;776,104;809,123;1188,234
145:0,015;20,129;38,015;249,134;316,255;359,078;586,257;951,236
146:0,015;128,161;146,222;162,174;476,131;538,201;643,019;846,139;864,149;988,234;1173,258
147:0,015;174,130;405,002;415,208;518,150;850,099;859,121;911,159;949,115;951,166;1019,232;1042,208;1180,205;1199,109
148:0,015;175,092;202,188;244,160;813,104;938,166;949,112
149:0,015;183,116;227,141;248,242;608,178;642,165;835,167;910,266;978,165;1048,232
150:0,015;183,116;356,160;747,188
151:0,016;78,002;93,160;258,001;335,140;548,257;591,101;655,233;660,121;853,133;1048,206
152:0,016;172,246;257,225;335,148;470,237;613,019;947,262;951,099;990,149
153:0,016;7,236;97,136;141,087;459,229;810,083
154:0,016;145,234;449,116;460,216;492,225;535,185;683,019;765,133;848,262;918,174
155:0,016;484,222;614,166;757,115
156:0,016;92,152;169,015;196,104;369,170;438,001;527,229;1036,272;1054,196
157:0,016;89,152;322,134;333,122;465,196;612,216;704,217;869,262
158:0,016;110,255;315,178;402,092;449,205;623,210;641,152;720,142;840,263;951,147
159:0,016;123,009;257,225;344,187;388,234;732,222;1023,267
160:0,016;97,136;181,104;209,234;235,233;604,162;691,231;737,152;768,089
161:0,017;77,125;126,001;137,208;173,150;204,095;313,267;451,126;598,088;692,101;935,087;952,208;1034,234;1109,095;1113,105
162:0,017;5,182;87,174;129,261;215,189;498,167;829,106;907,169;990,266;1070,233
163:0,017;90,018;108,104;195,169;261,226;267,139;845,167
164:0,017;65,009;123,018;219,260;236,096;523,234;702,245;770,217;901,177;983,184
165:0,017;5,182;117,236;137,208;151,161;419,241;873,196
166:0,017;24,091;43,201;185,018;197,078;249,134;549,175;662,092;706,088;711,159
167:0,017;24,091;45,213;811,272;836,165;976,092;1008,241
168:0,017;28,006;45,213;673,080;716,170;842,152;873,217;893,267;911,121;943,019;1008,241;1084,222;1108,171;1118,213;1128,150;1130,096
169:0,017;26,206;96,012;114,215;146,002;166,189;250,234;268,160;333,001;565,101;571,184;638,148;856,231
170:0,017;22,248;140,018;246,197;294,201;553,134;581,081;610,122;914,148
171:0,018;395,241;447,198;632,241;701,169;904,019;952,213;1112,266
172:0,018;135,178;285,206;314,090;339,126;434,130;439,152;494,125;899,019;1022,250
173:0,018;89,185;347,141;368,206;408,126;741,234;763,209
174:0,018;196,147;312,002;328,206;882,255;1007,189;1051,198
175:0,018;230,002;235,123;492,264;876,170;982,126;1022,250
176:0,018;261,190;283,126;380,169;648,242;850,170;872,269;882,019;1070,190
177:0,018;62,005;89,185;182,248;301,169;504,215;605,112;639,205;929,177;990,222;1139,210
178:0,018;232,272;526,205;1026,092
179:0,018;13,174;53,005;100,140;363,208;387,001;407,104;419,206
180:0,018;207,201;232,272;372,001;397,002;435,165;916,198;1070,190
181:0,019;107,263;793,155;870,118
182:0,019;83,253;255,002;342,134;673,169;700,187;893,152
183:0,019;81,259;175,018;245,228;256,264;385,187;498,123;525,267;633,121;648,196;754,089;765,272;1029,264;1126,141
184:0,019;143,081;145,211;182,253;279,188;518,255;653,184;709,092;923,122;960,087;966,227;1019,118
185:0,019;102,159;158,190;251,263
186:0,019;83,253;167,208;357,185;619,195;814,216;1009,269;1154,078
187:0,019;81,259;83,184;207,121;296,245;646,250;754,216
188:0,019;171,188;184,009;247,106;431,239;527,096;540,272;563,162;599,188;745,231;847,229
189:0,019;113,178;219,167;409,088;592,208;822,229;835,231;859,233;945,126
190:0,019;105,131;259,189;296,196;867,141;1109,263
191:0,020;227,257;564,083;674,269;942,189;1186,141
192:0,020;153,139;248,150;292,129;527,239;667,155
193:0,020;5,206;282,185;479,269;713,223;743,116;755,237;988,177;1117,242
194:0,020;97,189;148,237;190,208;227,222;349,257;400,272;428,216;451,155;505,246;599,228
195:0,020;5,206;14,087;109,206;183,185;269,095;297,255;413,129;634,230;846,142;853,090;983,089;1032,133
196:0,020;166,002;185,148;262,177;321,197;351,090;581,236;704,192;719,185;793,166;920,230
197:0,020;126,144;933,210;1137,262
198:0,020;94,080;262,246;343,177;500,228
199:0,020;109,233;237,112;934,227
200:0,020;114,092;163,159;276,155;482,177;592,131;650,178;666,245;677,147;682,140
