001:0,001;664,074;930,199
002:0,001;627,156;664,074;842,031
003:0,001;236,032;285,174;401,067;607,063;627,156
004:0,001;401,067;635,150;930,199
005:0,001;60,250;504,039;664,074;1032,111
006:0,001;607,063;633,127
007:0,001;763,154;809,156
008:0,001;653,091;842,031;1101,038;1103,085;1106,160
009:0,001;60,250;401,067;666,212;842,031;1182,119
010:0,001;607,063;860,185
011:0,002;88,106;217,069;483,199;504,039;687,179;910,011;929,170
012:0,002;304,220;504,039;698,148
013:0,002;217,069;249,035;250,036;526,094;547,050;1093,196
014:0,002;217,069;483,199;902,152
015:0,002;229,112;250,036;267,079;547,050;787,027
016:0,002;146,236;250,036;503,168;526,094;547,050;894,068;973,094
017:0,002;250,036;260,238;650,179;897,235
018:0,002;260,238;373,088;547,050;787,027;858,037;902,205
019:0,002;267,079;504,039;692,093;787,027;897,235
020:0,002;217,069;373,088
021:0,003;242,097;438,006;491,223;733,037;1038,052;1064,124
022:0,003;154,211;695,053;733,037
023:0,003;197,064;263,060;344,267;695,053;733,037
024:0,003;221,097
025:0,003;263,060;329,028;368,193;733,037
026:0,003;154,211
027:0,003;197,064;317,267;368,193;491,223;695,053;755,140
028:0,003;263,060;329,028;334,269
029:0,003;197,064;317,267;334,269
030:0,003;323,147
031:0,004;112,070;214,247;676,039;1099,250
032:0,004;146,236;237,071;1038,052;1073,083
033:0,004;149,266;237,071;1066,227;1131,051
034:0,004;148,037;153,230;180,081;265,136;1038,052;1131,051
035:0,004;148,037;149,266;676,039;914,116;1131,051
036:0,004;148,037;265,136;318,059;410,225;1117,113
037:0,004;54,047;214,247
038:0,004;180,081
039:0,004;148,037;196,181;237,071;800,176;1038,052;1190,227
040:0,004;138,049;153,230;676,039;696,157
041:0,005;138,049;298,113
042:0,005;68,209;138,049;292,109;304,048
043:0,005;83,268
044:0,005;126,120
045:0,005;7,145
046:0,005;23,127;304,048
047:0,005;71,202;138,049;304,048;662,242
048:0,005;29,178;138,049;229,101;304,048
049:0,005;7,145;29,178;676,039;683,102
050:0,005;38,271;71,202;310,032;523,174
051:0,006;103,131;110,027;165,226;182,029;230,047;271,184;418,049;458,040;678,150
052:0,006;154,072;180,084;412,109
053:0,006;24,126;197,052;275,226
054:0,006;110,027;182,029;230,047;319,049;495,183
055:0,006;110,027;154,072;180,178;182,029;252,221;458,040;649,048;665,084
056:0,006;236,032;416,183
057:0,006;129,240;319,049;458,040;655,266
058:0,006;24,126;103,131;154,072;230,047;252,221;1071,124
059:0,006;118,235;154,072;166,088;182,029;276,112;319,049;603,160
060:0,006;110,027;166,088;230,047;236,032;271,184
061:0,007;88,106;1017,135
062:0,007;78,182
063:0,007;86,261;151,159;446,058;888,256;1182,119
064:0,007;18,195
065:0,007;78,182
066:0,007;6,154;1194,094
067:0,007;102,073;195,089;318,059;639,195
068:0,007;151,159;236,032;302,218;392,058;1017,135
069:0,007;113,145;392,058;888,256
070:0,007;86,261;392,058;909,134
071:0,008;204,075;302,218
072:0,008;38,112;319,049;414,262
073:0,008;170,194;1057,075
074:0,008;213,228;1057,075
075:0,008;38,112;204,075;382,130
076:0,008;105,082;217,026;240,161;414,262
077:0,008;90,246;112,139;117,087;1057,075
078:0,008;128,197;130,150;196,088;204,075;298,142
079:0,008;117,087;204,075;208,060;209,084;487,054;548,261;1137,075
080:0,008;112,139;298,142;1057,075
081:0,009;260,065;265,122;330,118;406,071;438,006;498,275;532,274;624,070
082:0,009;207,048;265,122;277,034;438,006;597,253;624,070
083:0,009;207,048;276,213;277,034;532,274
084:0,009;213,080;260,065;330,118;372,039;409,094;438,006;529,102;602,081
085:0,009;206,270;207,048;260,065;306,108;372,039;438,006;599,173;722,070
086:0,009;196,181;372,039;412,043;438,006;500,154;521,077;932,098
087:0,009;207,048;273,215;277,034;469,136;575,230;624,070
088:0,009;234,113;277,034;483,100;489,006;521,077;624,070;827,093;914,070
089:0,009;227,197;306,108;438,006;529,102;664,074;827,137
090:0,009;302,077;438,006;677,137
091:0,010;168,126;197,052;284,176;329,028;394,146;457,184;546,044;956,021
092:0,010;152,075;199,155;281,030;318,059;328,112;899,042;919,230;956,021;1017,089
093:0,010;194,175;956,021
094:0,010;183,241;318,059;546,044;956,021
095:0,010;179,049;281,030;318,059;899,042;939,115;1101,038
096:0,010;152,075;197,052;318,059;899,042;939,115;956,021
097:0,010;199,155;318,059;919,230;956,021
098:0,010;152,075;197,052;281,030;394,146;956,021
099:0,010;166,003;260,065;281,030;393,100;546,044;956,021
100:0,010;152,075;284,176;546,044;956,021
101:0,011;34,042;208,060;229,202;343,051;365,201;1105,147
102:0,011;54,047;112,070;208,060;378,208;387,057;1019,072
103:0,011;34,042;233,197;387,057;1008,073
104:0,011;46,124;216,240;387,057;695,053;758,205;817,057;1140,187
105:0,011;54,047;112,070;208,060;363,235;392,058;448,260
106:0,011;76,114;112,070;335,241;1101,038
107:0,011;19,069;29,124;725,072
108:0,011;68,083;76,114;378,208;382,241;401,067;629,270
109:0,011;54,047;91,067;387,057;1004,258
110:0,011;29,124;34,042;242,248
111:0,012;332,207;598,029;679,065
112:0,012;217,092;332,207;598,029
113:0,012;165,191;412,043;679,065
114:0,012;213,228;217,069;243,185;598,029
115:0,012;34,042;204,063;412,043;641,153;1052,225
116:0,012;146,118;204,063;387,057;518,195;598,029
117:0,012;136,153;204,063;393,107;679,065
118:0,012;204,063;393,107;679,065
119:0,012;102,054;130,214;372,039;412,043;621,246
120:0,012;136,153;165,191;217,092
121:0,013;119,138;122,198;155,239;271,046;1008,073;1197,254
122:0,013;142,010;204,188;835,074;899,042;908,113;1017,089;1197,254
123:0,013;46,189;75,086;1008,073;1192,021
124:0,013;28,163;464,153;628,112;655,032;820,275
125:0,013;46,169;842,031;1065,095
126:0,013;74,080;201,009;278,083
127:0,013;75,086;130,043;187,009;271,046
128:0,013;46,189;237,071;271,046;464,153;549,203
129:0,013;122,198;427,105;1008,073;1189,037
130:0,013;128,235;197,064;275,270;698,058;718,225;894,046
131:0,014;44,203;47,033;130,150;249,035;703,039;747,071;880,129;1041,115
132:0,014;19,069;87,200;703,039;709,146;724,268;750,033;973,253
133:0,014;47,237;249,035;703,039
134:0,014;23,127;249,035;679,065;703,039
135:0,014;70,170;102,054;144,148;584,032;851,138
136:0,014;43,205;102,054;135,252;960,127
137:0,014;19,069;20,212;102,054;155,239;1131,051
138:0,014;20,099;135,252;203,045;249,035;1015,228
139:0,014;19,069;43,205;47,237;679,065
140:0,014;20,212
141:0,015;91,067;149,001;343,051;369,214;725,072
142:0,015;130,043;258,044;329,028;343,051;486,098;831,087
143:0,015;115,166;519,067;747,058;821,240
144:0,015;115,166;743,048;771,257
145:0,015;153,077;258,044;343,051;380,144;910,011;980,029;1066,039
146:0,015;130,043;153,077;258,044;458,091
147:0,015;130,043;258,044;539,058;639,178
148:0,015;118,027;130,043;258,044;384,133;880,039;908,128;937,248
149:0,015;130,043;315,124;725,072;1026,037;1102,091
150:0,015;181,163;725,072
151:0,016;19,076;84,220;123,044;170,076;263,060;582,148;910,011;948,120;957,106;1014,185
152:0,016;47,033;94,118;102,073;111,115;123,044;162,107;217,069;458,040;643,253;664,076;910,011;944,158
153:0,016;19,076;47,033;123,044;146,069;183,183;190,220;226,188;231,043;276,147;334,067;361,257;688,128
154:0,016;52,238;123,044;156,264;354,061;376,257;487,054;725,235;839,147;901,086;910,011;938,242;958,226
155:0,016;84,220;910,011;970,265;1101,038
156:0,016;102,073;146,069;183,183;487,054;602,153;1101,038
157:0,016;47,033;146,069;170,076;910,011;944,158;978,221
158:0,016;102,073;184,080;437,001;487,054;688,128;707,180;910,011;954,179
159:0,016;94,118;146,069;156,264
160:0,016;47,033;130,215
161:0,017;418,091;489,059;787,027;798,044;991,085
162:0,017;332,098;355,173;398,153;403,049;517,048;972,039;1198,259
163:0,017;381,206;427,033
164:0,017;211,128;354,061;398,153;412,043;587,103;629,233;677,119;890,048
165:0,017;390,154;418,091;427,033;1010,218;1016,160;1073,257
166:0,017;333,186;354,061;398,105;427,033;790,098;1005,129
167:0,017;340,181;398,105;424,001;650,179;661,057;1027,037
168:0,017;211,128;333,186;446,001;629,233;828,046;1186,051
169:0,017;332,098;354,061;427,033;1170,178
170:0,017;355,173;683,050;1001,176
171:0,018;206,270;358,044;372,039;385,032;396,075;873,096;991,253;992,138;993,048
172:0,018;356,123;467,058;769,037;970,265
173:0,018;389,274;396,075;827,093;842,039;1040,021
174:0,018;333,119;688,147;724,241;800,239;894,068;1065,095;1129,253
175:0,018;358,044;483,203;736,059;873,096;884,112;949,252
176:0,018;44,203;292,109;421,075;877,247;894,068;1011,082
177:0,018;443,265;467,075;826,254;1093,046
178:0,018;358,044;396,075;853,077
179:0,018;396,075;527,033;584,118;694,086;889,260;894,068;1044,254;1101,021;1105,215;1109,105;1116,115;1125,145
180:0,018;356,123;931,029;954,071;1011,082;1036,116
181:0,019;230,093;340,198;718,050;1080,218;1107,152
182:0,019;130,071;297,245;775,032;902,152;922,201
183:0,019;174,001;758,079
184:0,019;82,199;83,268;130,071;1108,212;1114,158
185:0,019;130,071;183,180;399,118;830,071;1078,208
186:0,019;130,071;138,097;183,070;277,046;607,063;758,079;892,071;1112,098
187:0,019;183,180;730,053;836,194;922,127;950,096;1151,174;1178,154
188:0,019;266,266;399,001;649,129;899,105
189:0,019;82,199;130,071;217,026;229,101;383,039;491,234;994,031;1138,209
190:0,019;130,071;230,093;618,001;669,136;956,021;1004,258;1078,208
191:0,020;60,261;68,160;156,050;158,216;358,044;462,135;581,046;1195,065
192:0,020;60,098;203,045;299,121;329,069;502,104;664,074;902,060
193:0,020;102,002;215,113;217,026;276,147;304,067;392,267;438,032;597,253;925,072
194:0,020;89,149;387,206;667,075;717,126;787,233;810,228;886,270;1018,060;1192,218
195:0,020;158,216;174,207;179,139;217,026;304,067;310,032;830,274;902,060
196:0,020;60,125;156,050;203,045;217,026;304,067;617,219;648,029
197:0,020;60,125;61,098;89,149;91,067;156,050;275,226;310,032;820,275;902,060
198:0,020;81,203;91,067;156,050;174,207;299,121;613,046;717,126;1186,070
199:0,020;225,090;304,067;395,147;449,046;902,060
200:0,020;68,160;91,067;118,174;161,002;203,045;217,026;271,046;304,067;310,032;665,044;970,205
