001:0,001;124,222;341,043;352,016;485,040;844,067;922,155
002:0,001;176,104;252,057;352,016;480,182;485,040;657,235;844,067;941,082
003:0,001;145,243;252,057;317,212;341,043;352,016;470,140;485,040;657,235;999,049;1076,226
004:0,001;171,016;252,057;341,043;516,217
005:0,001;188,037;317,212;352,016;496,098
006:0,001;139,124;188,037;252,057;281,065;341,043;401,132;485,040;1150,188
007:0,001;188,037;212,218;223,064;252,057;352,016;470,140
008:0,001;188,037;223,064;252,265;352,016;446,018;485,040;892,155
009:0,001;124,222;352,016;483,224;485,040;856,165
010:0,001;212,218;341,043;352,016;439,054;574,113
011:0,002;360,033;408,142
012:0,002;430,257;466,039;505,233;524,056;649,216
013:0,002;476,105;556,043;560,036;567,260;784,156
014:0,002;433,153
015:0,002;476,105
016:0,002;379,024;510,124;556,043;627,209;663,033;979,216;1102,156
017:0,002;408,142;510,124;663,033;876,085
018:0,002;87,147;360,033;412,146
019:0,002;87,147
020:0,002;427,225;556,043;652,077;709,223;842,142
021:0,003;326,126;350,077;713,050;1067,151;1188,038
022:0,003;267,156;283,033;310,069;313,143;525,182;713,050;895,255
023:0,003;245,139;310,069;369,151;421,106;713,050;897,045;970,066;1188,038
024:0,003;258,200;310,069;350,077;524,056;554,264;897,045;1188,038
025:0,003;252,180;298,042;310,069;392,186;970,066
026:0,003;121,272;369,151;897,045;1067,151
027:0,003;283,033;298,042;348,030;584,273;713,050;914,270;970,066
028:0,003;348,030;648,084;897,045
029:0,003;252,057;283,033;298,042;320,045;348,262;895,255;897,045;1188,038
030:0,003;180,069;245,139;258,200;298,042;348,030;557,081;620,050;673,229;1188,038
031:0,004;118,044;141,100;202,030;207,074;379,024;439,065;625,096
032:0,004;118,044;207,160;379,024;394,226;439,065;703,031;1091,049;1113,248
033:0,004;118,044;125,164;186,259;360,033;394,226;439,065;703,031;865,099
034:0,004;125,164;439,065;731,178
035:0,004;123,098;147,269;207,074;379,024;494,224;625,096;627,209;703,031;1091,049;1113,248
036:0,004;118,044;202,030;227,259;379,024;410,223;1136,088
037:0,004;163,148;207,074;379,024;421,106;550,270;663,033;1007,098
038:0,004;118,044;186,259;202,030;207,074;379,024;442,194;494,224;1091,049;1136,088
039:0,004;147,269;379,024;410,223;703,031;933,205
040:0,004;141,100;439,065;731,178;809,034;968,084;1044,139
041:0,005;34,061;94,109;396,069;1165,243
042:0,005;46,207;80,059;141,044;396,069;996,148
043:0,005;62,099;141,044;472,252
044:0,005;62,099;141,044;425,100;630,172;717,267;969,252;1162,087
045:0,005;51,097;64,210;686,192
046:0,005;34,061;51,097
047:0,005;69,232;387,275
048:0,005;64,210;94,109;396,069;1179,246
049:0,005;34,061;80,059;141,044;436,129;452,202;578,041
050:0,005;34,061;128,171;141,044;291,258
051:0,006;83,149;473,068;688,123
052:0,006;132,172;251,199;511,078
053:0,006;130,199;132,172;312,169
054:0,006;254,225;311,063;360,033;511,078
055:0,006;175,129;999,261
056:0,006;83,149;216,052;251,143
057:0,006;89,027;109,106;216,052;312,169
058:0,006;112,209;556,043;640,139
059:0,006;216,052;309,274
060:0,006;93,179;130,199;650,194;1079,267
061:0,007;69,232;578,041;1073,241
062:0,007;114,194
063:0,007;85,192;578,041
064:0,007;77,170;503,207;527,210
065:0,007;93,179;1073,241
066:0,007;56,071;77,170
067:0,007;106,108;287,070;366,116;578,041
068:0,007;85,192;897,244;1087,136
069:0,007;118,101;493,179
070:0,007;232,116;485,010;534,256
071:0,008;256,071;333,053;485,010;1166,111
072:0,008;73,216;467,073;485,010;1037,149
073:0,008;255,122;321,145;485,010;1171,201
074:0,008;333,053;485,010
075:0,008;73,216;648,084;1141,144
076:0,008;256,071;483,149;485,010;886,263
077:0,008;321,145;333,053;439,054;467,073;485,010;1037,217
078:0,008;323,088;333,053;485,010
079:0,008;264,136;333,053;485,010;555,154;589,093
080:0,008;256,071;462,177;467,073;485,010;1168,150;1177,052
081:0,009;59,243;98,065;238,034;425,267
082:0,009;58,141;118,101;238,034;388,234;425,267;538,030;660,102
083:0,009;165,121;238,034;439,228
084:0,009;23,187;202,030;218,197;973,133
085:0,009;62,151;98,065;243,208;574,232
086:0,009;98,065;238,034;538,069;623,175
087:0,009;73,188;98,065;251,149;272,093;785,228;903,105
088:0,009;106,151;165,121;620,050;663,033;914,109
089:0,009;58,141;73,188;348,030;620,050;672,230
090:0,009;23,187;713,050;914,109
091:0,010;13,193;71,066;111,130;190,026;681,157
092:0,010;34,061;80,059;150,167;996,275;1002,102;1036,153;1170,099
093:0,010;13,193;603,051;633,162;899,184
094:0,010;46,241;80,059;117,107;446,018;504,184;1060,134
095:0,010;38,108;71,066;354,160
096:0,010;50,245;71,066;116,247
097:0,010;38,009;42,128;71,066;80,059;175,099;603,051;671,100
098:0,010;63,134;80,059;117,107;141,123;190,026;603,051;620,050;701,206
099:0,010;80,059;190,026;626,250
100:0,010;61,194;63,134;80,059;111,130;175,099;190,026;603,051;633,162
101:0,011;42,247;43,083;56,071;69,037;156,154;404,111;1182,196
102:0,011;42,247;88,215;150,167;172,194;174,073;200,127
103:0,011;55,140;70,167;89,027;99,073;180,069;315,127;555,154
104:0,011;56,071;69,037;89,027;99,073;301,158;962,063;989,226;1107,126
105:0,011;42,090;99,073;404,111;640,139;1016,202
106:0,011;72,197
107:0,011;43,083;56,071;88,215;163,148;180,069;256,071;452,114
108:0,011;42,090
109:0,011;69,037;99,073;180,069;267,261
110:0,011;70,167;89,027;121,272;844,067;1042,036
111:0,012;141,163;261,046;345,135
112:0,012;69,079;78,067;141,163;962,063
113:0,012;69,269;78,067;302,091;999,049
114:0,012;141,123;216,052;339,214;1090,042
115:0,012;78,067;222,083;223,064;281,105;287,070;345,135;467,073;611,126;1090,042
116:0,012;78,275;524,244
117:0,012;125,210;518,225;999,049;1090,042
118:0,012;87,032;155,169;281,105;301,158;397,163;507,064;611,126;694,261;832,079;907,136
119:0,012;69,058;136,258;155,169;302,091
120:0,012;69,269;78,067;199,249;481,186;1090,042
121:0,013;292,137
122:0,013;254,066;267,261;287,070;292,137;311,063;353,251;541,116;625,177
123:0,013;353,251
124:0,013;267,103;311,063;436,252;468,029
125:0,013;287,070;335,058;436,252;468,029
126:0,013;72,197;212,090;254,066;299,201;352,035;358,144;821,122;908,251;927,196;970,066;1042,045
127:0,013;358,237
128:0,013;254,066;323,090;468,029
129:0,013;276,228;349,249;761,029
130:0,013;277,273;468,029
131:0,014;278,182;279,058;461,244;473,068;504,184;518,226;590,202;1029,233
132:0,014;320,045;503,207;680,032;850,085;857,214;992,027
133:0,014;279,058;320,045;398,196;685,142;692,062;1180,189
134:0,014;283,033;309,274;320,045;590,202;680,032;692,062
135:0,014;287,224;311,063;388,234;461,244;692,062
136:0,014;59,201;438,071;632,146;646,251;757,135
137:0,014;288,071;464,193;476,151;493,208
138:0,014;69,079;279,058;398,196;473,068;549,166;680,032;692,062;1162,087
139:0,014;413,119;473,068;690,140;850,085;940,106;986,059
140:0,014;320,045;433,153;446,217;707,122;793,059
141:0,015;203,034;232,245;962,063
142:0,015;87,032;203,034;230,128
143:0,015;87,032;179,204;232,245;244,062;261,190;856,165;1179,252
144:0,015;82,270;809,034;962,063
145:0,015;179,204;195,028;251,245;512,214;761,027;999,049
146:0,015;82,270;195,028;244,062;346,122;1036,041
147:0,015;109,263;1135,063
148:0,015;109,263;230,128;264,136;924,210;962,063
149:0,015;89,027;195,028;244,062;278,182;692,260;962,063;1009,200
150:0,015;56,071;87,032;174,018;195,028;203,034;287,224;292,058;496,097;962,063
151:0,016;261,046;576,134;793,059
152:0,016;299,156;1041,225
153:0,016;244,062;299,156;396,069;576,134;1088,247;1126,084;1189,147
154:0,016;162,102;261,046;618,115;695,045;793,059;1122,086
155:0,016;253,158;261,046;500,259
156:0,016;69,037;121,016;253,158;261,046;618,271;695,045;843,147;1172,250;1175,194
157:0,016;261,046;378,238;695,045;793,059
158:0,016;252,057;261,046;630,172;793,059
159:0,016;257,243;695,045;820,031;1056,059
160:0,016;162,102;669,137;703,031;1064,090;1150,244
161:0,017;95,271;352,035;446,018;518,196;524,056;574,079
162:0,017;77,087;213,013;254,225;498,069;1180,208
163:0,017;77,087;121,090;125,066;214,120;281,162;446,018;603,133;1021,192
164:0,017;69,058;104,228;125,066;176,104;214,120;230,008;281,162;288,230;352,035;471,159;490,121;844,067;928,178;1096,010;1152,066
165:0,017;195,014;208,078;289,065;352,035;446,018;544,199;1044,069
166:0,017;125,066;156,008;290,026;499,104;696,065;809,034;970,167
167:0,017;55,140;69,058;85,020;87,008;334,219;446,018;518,226;524,056;555,057;574,079;636,275;936,129;1049,079;1149,102;1184,137
168:0,017;69,058;113,004;153,086;221,052;289,002;373,034;421,128;446,018;471,159;809,034;917,069
169:0,017;208,078;279,058;518,167;542,147;546,158;842,264;933,100;1012,066
170:0,017;125,066;186,019;347,225;352,035;446,018;499,104;597,153;607,187;650,127;716,271;924,264;1121,010;1165,100
171:0,018;402,063;426,202;438,181;482,042;507,064;560,036
172:0,018;402,063;472,141;482,042;555,057;560,036
173:0,018;402,063;439,054;501,051;584,273
174:0,018;420,058;506,042;515,152;555,057;683,121;702,045;808,163;970,198
175:0,018;291,258;402,063;446,217;468,214;506,042;560,036
176:0,018;438,181;480,099;482,042;501,051;560,036
177:0,018;413,119;439,054;501,051;555,057;721,269;815,144;1145,066
178:0,018;426,202;472,141;482,042;565,193
179:0,018;35,230;290,057;402,063;439,054;506,042;574,271;584,196;1183,079
180:0,018;324,104;439,054;555,057;970,198
181:0,019;406,016;460,018;504,086;545,168
182:0,019;402,168;423,035;511,123
183:0,019;492,230;760,027;783,033;914,132;970,085;1008,224;1015,205
184:0,019;405,101;501,051;581,116;646,010;760,027
185:0,019;402,168;760,027
186:0,019;232,116;299,019;403,132;485,040;513,101;753,126
187:0,019;511,123;587,272;686,238;818,010
188:0,019;402,063;474,266;504,086;594,010;760,027
189:0,019;202,030;255,122;281,065;404,177;738,079;760,027;914,132;926,157;1161,036
190:0,019;549,269;608,151;683,101
191:0,020;300,002;447,029;505,233;1032,062;1163,084
192:0,020;281,065;350,270;450,149;506,042;507,064;587,232;680,032;768,010;1177,052
193:0,020;284,218;394,080;447,029;462,187;500,149;507,064;578,150;809,062;941,258;969,173;1100,027
194:0,020;203,034;232,228;466,039;589,106
195:0,020;254,066;278,227;281,065;327,002;466,039;578,150;632,258;908,167;929,010;1177,052
196:0,020;300,173
197:0,020;278,227;355,045;447,029;457,089;1091,049;1153,148
198:0,020;272,093;275,103;466,039;555,112;575,271;904,225;1143,200;1166,178;1188,038
199:0,020;223,064;394,080;1177,052
200:0,020;300,173;306,018;407,026;447,029;535,269;915,080;920,128
