001:0,001;53,049;73,199;1024,083
002:0,001;62,126;146,052;231,002;378,187
003:0,001;50,121;231,002;284,098
004:0,001;102,164;231,002;368,082
005:0,001;50,121
006:0,001;5,152;378,187
007:0,001;110,206;146,052;191,241;231,002;306,185;329,134;523,054;766,179
008:0,001;73,199;146,052;202,165;231,002;358,262;395,274;466,272;766,179
009:0,001;41,044;231,002;241,111;409,065;466,272
010:0,001;30,147;110,206;146,052;231,002;249,133;368,082
011:0,002;180,210;192,240;911,147
012:0,002;62,046;266,211;327,212;523,054
013:0,002;62,046;321,217;1098,128
014:0,002;62,046;266,211
015:0,002;8,140;62,046;111,237
016:0,002;86,257;523,054
017:0,002;68,225
018:0,002;62,046;192,240;523,054
019:0,002;68,225
020:0,002;62,046;327,212;803,268
021:0,003;35,218;69,100
022:0,003;62,183
023:0,003;35,218
024:0,003;127,104
025:0,003;53,049;69,100
026:0,003;220,099;342,090;1019,238
027:0,003;53,049;156,076
028:0,003;53,049;62,183;284,042;384,237;385,261;523,054;622,268
029:0,003;59,271
030:0,003;28,107;545,093;566,238;567,183
031:0,004;203,123
032:0,004;220,146;1037,038
033:0,004;209,157;1037,038
034:0,004;203,123
035:0,004;452,186
036:0,004;342,090;410,073;1037,038
037:0,004;13,262
038:0,004;188,034;301,259;378,074;410,073;1156,109
039:0,004;13,262;301,259
040:0,004;210,189
041:0,005;41,275;212,075;694,131
042:0,005;39,035;383,222
043:0,005;39,035;197,227
044:0,005;49,197
045:0,005;39,035;184,186;307,085
046:0,005;156,271
047:0,005;49,197
048:0,005;62,077
049:0,005;39,035;307,085
050:0,005;197,227
051:0,006;50,208;275,104;294,215
052:0,006;9,268;58,068;137,055;194,122;370,217;558,173;768,108
053:0,006;244,215;1075,253
054:0,006;19,221;89,037;261,109;428,106
055:0,006;58,068;89,037;166,273;351,031;420,148
056:0,006;58,068;119,221;248,093
057:0,006;30,232;351,031;373,155;392,077;670,253
058:0,006;20,132;351,031;428,106
059:0,006;50,208;58,068;89,037;261,109;297,273
060:0,006;30,147;351,031;373,236;455,165
061:0,007;41,249;110,058;363,118
062:0,007;275,249
063:0,007;199,061;363,118;993,236
064:0,007;78,051;84,101;199,061;373,236
065:0,007;41,275;138,192;199,061;322,210;378,074;582,251
066:0,007;123,087
067:0,007;112,220;378,074;466,116;1174,058
068:0,007;125,193;287,258;472,116;626,262
069:0,007;18,192;199,061;275,249;383,222;706,146;822,137;965,175;1174,058
070:0,007;33,116;84,101;506,214
071:0,008;89,037;162,122;182,043;216,264
072:0,008;209,198
073:0,008;166,273;182,043;204,235
074:0,008;191,229;840,263
075:0,008;179,119
076:0,008;180,210;182,043;209,198
077:0,008;351,162;758,166
078:0,008;204,235
079:0,008;176,206
080:0,008;96,246;179,119
081:0,009;25,188
082:0,009;33,116;67,113;199,102;593,049;886,220;1174,058
083:0,009;107,207;279,032;444,191;475,055;583,253;886,220
084:0,009;25,188;26,141;166,061;199,102;279,032;523,236;949,088;998,116
085:0,009;26,141;434,243;485,255;962,112
086:0,009;41,187;209,159;213,084
087:0,009;83,220;378,074;434,243;444,191
088:0,009;72,035;279,032;514,092;742,240
089:0,009;110,150
090:0,009;67,113;279,032;485,255
091:0,010;198,233
092:0,010;338,132;446,028;611,226
093:0,010;213,170
094:0,010;15,245;691,275;840,073;939,077;1037,038;1093,097
095:0,010;188,034;645,160
096:0,010;29,048;188,034;439,143;645,160
097:0,010;188,034;410,073;1029,226
098:0,010;194,104;209,275
099:0,010;86,257
100:0,010;198,233
101:0,011;55,096;80,252
102:0,011;35,203;756,063
103:0,011;34,260;715,063
104:0,011;49,173
105:0,011;187,252;715,063
106:0,011;212,174;683,080
107:0,011;37,001;50,129;715,063
108:0,011;107,177;212,174
109:0,011;191,241;715,063
110:0,011;34,260;715,063
111:0,012;220,175;416,184;827,234
112:0,012;29,020;61,167;271,204
113:0,012;9,268;593,049;871,122
114:0,012;47,029;100,097;284,042;593,049;622,268;745,107
115:0,012;100,097
116:0,012;47,029;76,204;220,175;757,186;858,178;1102,107
117:0,012;76,204;284,042;458,202;593,049;962,081
118:0,012;93,184;985,089
119:0,012;18,169
120:0,012;47,029;61,248;284,042;426,091;593,049;967,138
121:0,013;87,165;511,178
122:0,013;61,134;364,188;445,057;598,128;607,053;798,274
123:0,013;58,216;62,046;65,244;445,057;638,274;835,196
124:0,013;149,038;361,075;445,057;790,144
125:0,013;248,093;455,090;466,057;798,234;921,249
126:0,013;135,168;176,206;367,042;436,178;776,222
127:0,013;61,134;234,038;388,141;445,057;790,206;846,087;867,093;882,217;887,228
128:0,013;87,165;149,038;445,057;887,228;902,090
129:0,013;65,244;73,067;135,168;149,038;361,133;1071,038
130:0,013;39,170;149,038;373,155
131:0,014;134,251;420,148;483,264;922,257;1100,113
132:0,014;113,139
133:0,014;113,215;118,219;131,125;139,202;180,125
134:0,014;170,084;271,101;445,057;506,214
135:0,014;144,147
136:0,014;131,125
137:0,014;111,237;220,113
138:0,014;110,128;182,043;214,108
139:0,014;80,252;110,128;1107,098;1156,109
140:0,014;113,215;268,229;1190,118
141:0,015;93,065;183,103;555,206;595,034;892,043;912,247
142:0,015;108,232;110,058;116,065;133,171;281,107;892,043;912,247;962,081;1024,212
143:0,015;20,132;29,048;93,065;143,263;929,129;942,199
144:0,015;210,128;245,167;574,175
145:0,015;99,158;110,058;133,171;199,076;351,053;807,096
146:0,015;108,111
147:0,015;110,058;222,209;595,034
148:0,015;238,142;370,103;595,034;807,096;892,043;934,149
149:0,015;8,140;29,048;59,271;93,065;233,182;401,263;505,170;595,034;892,043;949,088
150:0,015;93,065;99,158;233,182;880,191;1174,058
151:0,016;29,048;86,115;214,169;542,240;712,113;1078,111;1091,028;1160,256
152:0,016;15,264;173,141;219,232;251,208;721,028;926,137;1090,217
153:0,016;18,169;86,115;969,095;991,206;1058,186
154:0,016;59,196;200,152;225,171;410,073;1074,166
155:0,016;146,144;342,053;823,182
156:0,016;14,181;342,053;547,075;713,141
157:0,016;94,209;272,124;342,053;969,095
158:0,016;138,144
159:0,016;22,236;59,196
160:0,016;15,264;287,143;342,053;783,218
161:0,017;70,010;195,103;205,193;214,034;259,135;269,069;659,166;982,141
162:0,017;271,069;454,056
163:0,017;374,149;1063,131
164:0,017;174,185;454,056
165:0,017;244,145;283,157;376,241;427,122;519,268;547,075;603,203;659,166;691,257;796,259
166:0,017;244,145;454,056
167:0,017;335,122;454,056
168:0,017;260,155;269,069;581,133
169:0,017;107,120;269,069;608,089;996,211;1057,199;1156,084;1162,111
170:0,017;47,029;61,248;107,120;269,069;454,056;1036,103;1089,190;1120,206
171:0,018;73,067;199,128;209,149;212,075;446,028;749,212;1092,252
172:0,018;15,254;73,067;209,149;416,196;502,055;588,092;913,028
173:0,018;118,219;176,268;231,002;273,078
174:0,018;73,067;134,251;500,055;560,080;712,129
175:0,018;73,067;185,238;1050,139
176:0,018;78,194;212,075;446,028
177:0,018;84,133;212,075;446,028;1026,153
178:0,018;15,254;73,067;347,130;446,028;1164,117
179:0,018;78,194
180:0,018;77,202;499,098;567,080;620,237;796,034;960,264
181:0,019;11,130;88,015;93,065;137,055;161,108;166,061;452,069;642,208;728,057;748,203
182:0,019;38,149;105,044;130,143;617,054;879,128;965,167
183:0,019;6,017;19,051;113,004;166,061;494,122;996,137
184:0,019;39,170;474,129;505,167
185:0,019;24,129;130,143;137,055;161,108;260,034;421,155;552,117
186:0,019;13,172;19,051;125,195;137,055;209,159
187:0,019;15,245;166,061;214,117;451,113;617,148;761,249;857,054
188:0,019;72,150;125,195;137,055;150,117;621,076;776,056;1089,190
189:0,019;13,172;19,051;137,096;632,245;882,028;1176,054
190:0,019;19,051;344,083;1193,217
191:0,020;42,106;80,091;501,090;845,062;928,184
192:0,020;15,274;738,057;817,155;913,174;987,121;1023,104
193:0,020;41,044;283,261;409,065;483,241;806,093;845,062;962,112
194:0,020;49,095;814,140
195:0,020;96,017;287,258;1094,205
196:0,020;55,124;409,065;497,189;515,162
197:0,020;41,044;269,096;308,121;409,065;454,159;475,055;635,137;845,062;1094,205
198:0,020;42,106;115,010;264,179;475,055;541,150;547,075;923,121;928,087;1109,162
199:0,020;80,091;98,017;475,055;674,259;776,147;845,062;935,212;966,150
200:0,020;15,274;41,044;283,102;547,075;814,140;859,076;1095,251
