001:0,001;133,108;413,241;581,045;606,150;756,046;910,170;968,001;1107,168
002:0,001;110,035;136,040;154,149;173,046;294,028;413,241;428,037;613,035;774,173;793,045;832,117;968,001;1056,188
003:0,001;119,261;136,040;189,226;428,037;820,056;866,122;960,072;993,180;1091,188
004:0,001;112,263;507,226;756,046;960,072;968,001;1161,166
005:0,001;119,261;205,049;215,210;241,103;294,028;384,255;756,046;968,001;1041,221
006:0,001;173,046;202,067;249,178;428,037;845,211
007:0,001;136,040;150,257;960,072;968,001;1034,155
008:0,001;110,035;154,149;173,046;241,103;294,028;428,037;606,150;756,046;903,232;968,001;1097,132;1107,168
009:0,001;110,035;189,226;960,072;1063,255
010:0,001;173,046;223,272;428,037;793,045;875,014;903,232;968,001;979,193
011:0,002;285,073;421,242;429,189;526,240;885,075;910,047;953,045
012:0,002;313,274;470,060;493,130;733,151;894,034;910,036;953,045
013:0,002;229,022;312,210;352,073;429,189;544,083;624,034;718,151
014:0,002;284,174;285,073;427,267;450,038;951,140;960,072;985,125
015:0,002;285,073;466,053;575,080;894,034;953,045
016:0,002;300,120;350,173;427,267;450,038;466,053;470,060;567,038;652,260;662,088;894,034;1034,229
017:0,002;285,073;412,026;421,242;450,038;524,163;538,161;953,045;963,082;989,072;1030,121
018:0,002;358,186;450,038;676,222
019:0,002;285,073;312,210;412,026;526,240;624,034;662,088;910,036;953,045;963,082;984,020;1091,265
020:0,002;301,032;350,173;412,026;450,038;624,034;692,264;910,036;1176,221
021:0,003;271,051;355,163;485,047;557,134;649,250;671,049;908,197
022:0,003;271,051;444,045;493,024;620,262;660,048;820,121;969,065;989,072;1106,149
023:0,003;355,163;444,045;493,024;616,173;660,048;778,197
024:0,003;271,051;451,036;493,024;660,048;671,049;808,229
025:0,003;241,097;271,051;451,036;470,060;477,147;493,024;673,083
026:0,003;332,155;375,054;451,036;485,047;493,024;609,189;616,173
027:0,003;350,089;485,047;505,160;534,186;609,210
028:0,003;200,106;485,047;493,024;609,210;671,049;818,162
029:0,003;200,152;202,067;241,097;271,051;451,036;493,024;620,262;642,234;660,048;822,136
030:0,003;178,219;477,147;483,025;534,186
031:0,004;128,024;175,147;466,053;469,066;505,053;514,055;590,145
032:0,004;128,024;173,136;309,056;345,176;860,240
033:0,004;175,147;241,043;514,055;649,250
034:0,004;148,169;463,051;469,066;514,055;556,140;925,032;1081,253
035:0,004;128,024;145,040;199,015;313,274;505,053;590,160;925,032;979,193;1081,253;1142,242
036:0,004;128,024;145,040;196,153;309,056;418,261;925,032;981,242
037:0,004;128,024;145,040;212,220;241,043;505,053;595,259;984,020;1141,126
038:0,004;196,153;209,026;243,121;466,053;595,259;881,042;1037,180
039:0,004;148,169;173,136;241,043;517,161;820,056
040:0,004;128,024;145,040;209,026;233,243;309,056;469,066;556,140
041:0,005;163,124;169,031;909,113;1097,132
042:0,005;101,184;169,031;223,208
043:0,005;83,045;246,102;253,184
044:0,005;83,045;169,031;850,194
045:0,005;188,254;193,031;867,213
046:0,005;83,045;128,024;163,124;624,034;646,218;910,036;926,084
047:0,005;101,184;491,171;867,213;926,084
048:0,005;83,045;223,208
049:0,005;104,250;333,048;356,209;850,194
050:0,005;60,037;99,222;169,031;534,074;598,053;649,152;1133,132
051:0,006;282,155
052:0,006;310,134;343,034;415,071;538,087
053:0,006;267,075;278,036;347,101;415,071;621,125
054:0,006;289,094;343,034;347,101;415,071;606,162;650,200
055:0,006;278,036;343,034;415,071;431,120;483,025;564,050
056:0,006;339,172;343,034;415,071;564,050
057:0,006;278,036;343,034;471,211;582,225
058:0,006;426,141;471,211;564,050
059:0,006;278,036;343,034;431,120;480,082;579,072;910,129
060:0,006;289,094;343,034;538,087;564,050;1009,059;1078,100
061:0,007;212,274;221,145;231,146
062:0,007;222,241;292,191;519,229;534,074;610,167
063:0,007;202,067;513,022;568,210;582,067;927,063;1118,067
064:0,007;216,258;364,067;463,051;497,151;509,137
065:0,007;159,060;202,067;610,167;1041,061
066:0,007;229,144;582,067
067:0,007;231,146;927,063;968,001;1019,250;1099,150
068:0,007;202,067;523,160;582,067
069:0,007;202,067;497,151;534,074;595,130
070:0,007;216,258;534,074;582,067
071:0,008;538,043;816,057;873,062;884,064
072:0,008;483,169;570,023;584,101;647,096
073:0,008;582,225;952,218
074:0,008;584,101
075:0,008;538,043;884,064;894,034;994,191
076:0,008;587,217;847,051;873,062;903,103
077:0,008;538,043;873,062;884,064
078:0,008;538,043;875,014;884,064
079:0,008;538,043;587,217
080:0,008;534,074;538,043;952,218
081:0,009;650,200;742,057;969,065
082:0,009;162,044;196,060;215,009;524,163;598,053;828,158
083:0,009;624,026;666,175
084:0,009;173,046;221,091;500,036;657,073;969,065
085:0,009;444,045;500,036;581,045;598,053;719,145;756,250;764,037;892,170;969,065
086:0,009;678,122;742,057;969,065
087:0,009;624,026;650,156
088:0,009;500,036;598,053;742,057;794,235;969,065
089:0,009;660,092;666,175;925,032;953,045;969,065;1086,262
090:0,009;581,045;622,254;624,026;636,152;660,092;678,122
091:0,010;218,070;285,173;350,064;837,052;910,047
092:0,010;162,044;178,219;293,263;566,075;703,049;787,069;894,204
093:0,010;250,061;317,021;456,251;566,075;787,069;837,052;933,273
094:0,010;219,113;250,061;258,098
095:0,010;218,070;258,098;350,064;463,051;532,135;566,075;837,052;906,150;1155,121;1176,064
096:0,010;219,113;258,042;284,033;492,100;508,051;651,110;787,069;904,254;910,047
097:0,010;218,070;250,061;350,064
098:0,010;209,273;218,070;250,061;285,173;349,196;384,255;787,069;882,159
099:0,010;173,046;227,154;350,064;837,052;910,047
100:0,010;250,061;349,196;463,051;493,199;566,075;731,013;910,047
101:0,011;168,059;209,026;215,172;239,143;469,066;567,124;707,036;709,060;715,176;875,014;984,020
102:0,011;159,060;168,059;225,061;229,022;538,043;544,083;707,036;712,068;862,271;875,014;984,020;1086,052
103:0,011;43,195;199,015;215,172;707,036;709,060;720,027;763,230;875,014;1006,095
104:0,011;147,059;159,060;225,061;326,020;709,060;763,230;875,014;974,235;984,020
105:0,011;159,060;225,061;227,030;709,060;715,062;837,220;875,014;989,072;1086,052
106:0,011;205,169;209,026;226,149;227,030;707,036;715,062;720,027;790,062;998,063;1101,094
107:0,011;43,195;168,059;225,061;239,143;709,060;715,062;984,020
108:0,011;159,060;227,030;720,027;984,020
109:0,011;209,273;634,043;707,036;734,082;875,014;1055,217;1086,052;1101,094
110:0,011;159,060;168,059;226,149;227,030;707,036;720,027;837,220
111:0,012;160,165;205,049;241,102;301,032;333,048;366,029;756,257;1041,061
112:0,012;201,133;396,068;428,111;624,026;625,203
113:0,012;162,062;169,191;205,049;249,167;301,032;366,029;636,111;684,138;885,075
114:0,012;169,191;366,029;684,138;885,075
115:0,012;200,140;249,167;301,032;333,048;366,029;483,048;485,227;712,068;885,075;1041,061
116:0,012;160,143;162,062;301,032;341,228;358,013;366,029;637,039;912,132;1041,061
117:0,012;147,059;164,190;428,111
118:0,012;162,062;201,133;301,032;333,048;375,054;620,198;625,203;712,068;989,072;1146,209
119:0,012;114,204;147,059;164,190;333,048;375,054;602,105;637,039;885,075
120:0,012;147,059;162,062;276,128;375,054;637,039;1041,061
121:0,013;777,066;847,051;980,042
122:0,013;310,134;839,026;881,042;1009,059;1081,115
123:0,013;881,042;1081,115;1181,175;1192,033
124:0,013;853,143;1040,041
125:0,013;839,026;847,051;919,069;1004,192;1158,254;1192,033
126:0,013;847,051;1009,059;1089,064;1158,254
127:0,013;839,026;856,102
128:0,013;777,066;823,227;873,062;881,042
129:0,013;847,081;864,051;1192,033
130:0,013;777,066;833,179;839,026;878,133;1009,059;1086,052;1192,033
131:0,014;483,048;570,023;594,038;605,270;806,067;1063,068;1065,047
132:0,014;136,127;438,018;570,023;587,219
133:0,014;575,241;613,035;809,152;1120,020
134:0,014;241,043;533,246;570,023;637,077
135:0,014;513,054;570,023;636,165;820,056;841,045;1041,060
136:0,014;509,104;613,035;792,099;793,045;1162,060
137:0,014;493,113;820,056;1076,092
138:0,014;499,096;570,023;718,113;1036,044
139:0,014;487,011;581,045;605,270;779,031;811,078
140:0,014;493,113;570,023;587,219;613,035;820,056
141:0,015;28,200;88,023;122,033;492,100;712,068;845,228
142:0,015;25,232;444,045;483,025;508,051;697,037;795,079
143:0,015;25,147;88,023;145,054;162,194;311,009;649,196;816,057;972,051
144:0,015;60,037;73,230;88,023;139,272;187,009;483,025;550,139;925,111;1041,060
145:0,015;28,200;88,023;134,205;147,033;483,025;528,051;550,139;724,160
146:0,015;73,230;88,023;122,033;145,054;233,243;283,241;333,036;440,009;483,025;592,206;718,062;1041,060
147:0,015;33,214;88,023;145,054;147,033;483,025;508,051;651,110;754,209;1200,079
148:0,015;25,147;88,023;122,033;136,040;139,272;145,054;151,003;310,238;483,025;508,051;795,079;822,139;1041,060
149:0,015;35,079;122,033;134,205;314,014;483,025;513,009;678,152;715,062;847,051
150:0,015;33,214;60,037;88,023;122,033;145,054;147,033;491,171;508,051;734,111;758,110
151:0,016;180,018;188,254;199,015;236,068;250,072;326,020;480,082;493,080;543,257;579,100;671,038;742,057;974,235
152:0,016;128,024;163,257;175,057;204,254;236,068;286,128;326,020;481,104;518,048;881,068
153:0,016;204,254;657,073;968,042
154:0,016;133,132;175,057;199,015;267,075;285,244;473,273;642,240;657,073;955,044
155:0,016;60,037;107,017;175,057;199,015;250,072;326,020;501,036;514,055;628,188;656,252;657,073;881,068;1083,045
156:0,016;110,035;162,020;175,057;227,030;236,068;250,072;326,020;509,137;955,044
157:0,016;133,132;199,015;250,061;285,244;483,048;628,188;671,038;916,136;955,044
158:0,016;162,044;175,057;199,015;236,068;262,270;267,075;326,020;483,048;656,252;881,068
159:0,016;172,099;175,057;250,072;326,020;468,190;553,009;671,038;673,224;881,068
160:0,016;138,271;162,044;172,099;199,015;236,068;267,075;326,020;483,048;642,234;955,044;968,001
161:0,017;195,206;259,022;563,013;570,031;624,179;674,160;700,268;732,261;799,270;812,037;863,163
162:0,017;215,192;663,036;671,049;777,066;818,162;820,069;896,233
163:0,017;229,022;646,051;783,201
164:0,017;213,006;229,022;588,087;657,179
165:0,017;221,145;333,043;489,022;500,036;586,024;679,214;820,056
166:0,017;215,192;229,022;521,008;567,112;663,036;700,268;934,073
167:0,017;220,033;229,022;560,037;816,057;1025,175;1058,190;1150,056
168:0,017;98,087;143,204;226,002;229,022;533,165;663,036;685,073;812,046;863,163;869,227;922,004;927,063;1132,220
169:0,017;229,022;529,011;568,174;663,036;695,030;816,057;828,045;944,051
170:0,017;98,087;308,031;671,038;885,075
171:0,018;613,201;682,054;900,041;1170,147
172:0,018;10,014;373,204;458,064;840,045;918,270;991,230;1108,020
173:0,018;486,028;519,229;570,058;620,212;900,041
174:0,018;512,084;513,022;544,107;570,023;620,212;756,046;900,041
175:0,018;485,047;507,031;544,107;617,067;682,054;889,014;1093,081
176:0,018;486,054;570,058;675,166;1194,041
177:0,018;450,038;570,058;675,166;682,054;918,270;1200,075
178:0,018;499,155;570,058;637,158;875,014;991,230;1066,191;1120,211
179:0,018;147,033;303,019;373,204;429,022;560,070;609,189;640,053;682,054;903,246;1082,050
180:0,018;516,203;587,064;682,054;793,045;900,041
181:0,019;377,068;413,054;493,024;611,185;662,071;914,200;919,069;1011,020
182:0,019;330,246;470,060;495,054;512,070;614,031;824,038;1017,240;1053,050
183:0,019;162,062;207,003;271,051;483,030;662,071;989,072;1011,068
184:0,019;241,043;250,072;323,018;377,068;444,009;662,071;894,062;995,169
185:0,019;377,068;412,026;419,228;512,070;641,039;662,071;919,069;1147,117
186:0,019;449,190
187:0,019;330,246;332,008;337,021;396,013;749,064;875,069;883,201;1057,113;1064,060;1147,117;1153,166;1160,052;1170,068
188:0,019;348,170;449,190;452,037;512,070;627,078;861,052;919,069;1045,067;1154,020
189:0,019;341,228;984,020
190:0,019;294,028;377,068;421,089;581,013;940,051
191:0,020;202,069;258,042;312,124;317,021;446,080;473,028;555,069;579,072;637,039;896,207;912,240;922,004;1008,134;1018,042
192:0,020;184,010;197,105;367,030;446,080;555,069;579,072;922,004;988,103;995,242;1086,052
193:0,020;96,008;202,069;278,220;290,067;317,021;457,020;473,028;487,011;555,069;647,096;688,101;690,038;881,068;914,064;922,004;1033,067
194:0,020;186,111;202,069;205,049;258,042;271,197;317,021;487,011;579,072;870,073;922,004;946,189;982,056
195:0,020;195,206;252,019;317,021;473,028;487,011;512,070;579,072;658,031;810,235;922,004;927,063;1015,020
196:0,020;197,105;317,021;456,158;487,011;579,072;921,190;922,004;1019,131
197:0,020;171,008;487,011;555,069;579,072;788,071;820,121;903,246;922,004;1086,122;1095,044
198:0,020;186,111;195,014;258,042;309,056;317,021;487,011;629,126;896,207;930,063;1111,225;1128,068
199:0,020;205,069;278,221;305,019;317,021;487,011;564,050
200:0,020;200,140;202,069;278,221;302,013;317,021;375,054;441,071;445,013;473,028;487,011;603,121;657,073;946,189;956,044
