001:0,001;93,026;118,213;313,034;561,158
002:0,001;313,034;337,253;575,019;725,193
003:0,001;319,247;575,124;775,177
004:0,001;363,116;560,090
005:0,001;328,137
006:0,001;374,165
007:0,001;118,213;313,034;663,173
008:0,001;313,034;629,203
009:0,001;392,131;446,034;560,090
010:0,001;437,201
011:0,002;210,247
012:0,002;270,218
013:0,002;78,261
014:0,002;165,251;295,133
015:0,002;150,252
016:0,002;78,261;587,088
017:0,002;146,147;340,157;575,019;587,088
018:0,002;63,255;793,267
019:0,002;295,133
020:0,002;151,099;270,218
021:0,003;40,197;141,033;525,028;578,266
022:0,003;75,260;141,033;554,134;1137,081
023:0,003;21,068;71,050;187,034;538,118;573,035;600,011;605,236
024:0,003;21,068;71,050;135,256;488,173;525,028;573,035;750,139
025:0,003;141,033;525,028;538,118;573,116
026:0,003;40,197;141,033;563,121
027:0,003;46,115
028:0,003;21,068;159,081;525,028;573,116
029:0,003;71,050;187,034;250,233;525,028;563,121
030:0,003;71,050;121,038;141,033;488,173;554,134;573,035;605,236
031:0,004;249,152;640,032;937,143
032:0,004;131,130
033:0,004;278,221
034:0,004;136,188;162,145;249,152;545,036;555,113;640,032;990,144
035:0,004;30,179;501,188
036:0,004;136,188
037:0,004;73,178;555,113
038:0,004;20,048;30,179;444,221;640,032;1004,226
039:0,004;160,246;611,241;1004,226
040:0,004;162,145;640,032;829,119
041:0,005;10,230;982,003;1032,269;1189,066
042:0,005;320,167;759,055;982,003;1114,171
043:0,005;54,270;759,055;982,003;1189,066
044:0,005;75,089;79,225;165,168;845,265;1059,183;1189,066
045:0,005;116,169;117,264;532,046;643,098;759,055;926,156;982,003;1140,156
046:0,005;24,155;643,098;982,003;1114,158;1136,149
047:0,005;117,264;320,167;982,003
048:0,005;60,080;75,089;286,068;982,003;1032,269
049:0,005;54,270;982,003
050:0,005;59,256
051:0,006;38,242;1149,219
052:0,006;94,087
053:0,006;6,077
054:0,006;31,157;134,187;199,219;285,077
055:0,006;45,070;72,263;80,027;94,087
056:0,006;6,077;52,132;395,064;403,274
057:0,006;44,172;113,065;361,103;600,011;681,109
058:0,006;63,214;224,102;938,131
059:0,006;54,219;576,152;1177,250
060:0,006;10,230
061:0,007;7,267;970,199
062:0,007;83,269;646,097
063:0,007;148,104
064:0,007;167,183
065:0,007;156,186;179,112
066:0,007;219,146
067:0,007;148,104;500,204
068:0,007;134,187;778,113
069:0,007;125,057;384,111
070:0,007;20,048;52,132;817,124
071:0,008;211,056;507,126
072:0,008;176,084
073:0,008;196,150
074:0,008;259,083
075:0,008;210,243;396,151
076:0,008;211,056;366,151
077:0,008;241,125
078:0,008;211,056;475,148
079:0,008;211,056;401,082
080:0,008;208,235
081:0,009;135,241
082:0,009;537,266;628,180
083:0,009;103,153;601,215
084:0,009;135,241;545,036;601,215
085:0,009;254,142;392,131;1129,242
086:0,009;21,259;105,078;545,036;574,058;614,162
087:0,009;151,163
088:0,009;37,208;151,163
089:0,009;218,275;551,036;669,096;912,219
090:0,009;111,228;545,036;574,058;618,192
091:0,010;122,262;573,035;853,225
092:0,010;82,149;222,055;558,178;600,011;659,244
093:0,010;79,109;156,216
094:0,010;223,228;1129,076
095:0,010;203,202
096:0,010;199,229;222,055;390,227;610,086;1081,048;1126,080
097:0,010;44,247;60,169;79,109;203,202;320,262
098:0,010;79,225;122,262;222,055;495,183;535,169;816,178;820,168
099:0,010;156,216;187,034;254,187;408,189;707,130;794,124;1076,102
100:0,010;86,138;222,055;480,187
101:0,011;24,155;59,256;60,057;104,196
102:0,011;60,057;443,115;575,048;600,178
103:0,011;91,162;93,184;698,232
104:0,011;32,160;60,057;77,272;902,225;905,120;906,127
105:0,011;7,196;26,275;575,048;698,232
106:0,011;31,157
107:0,011;63,255;297,161;575,048;781,120
108:0,011;26,275;187,034;268,272
109:0,011;7,196
110:0,011;60,057;91,162;560,275;575,048;658,220;759,055;906,127;915,178
111:0,012;62,136;379,084
112:0,012;44,247;115,164;1158,097
113:0,012;117,095;574,058;602,161;712,104;751,061;1027,169
114:0,012;102,063;542,078
115:0,012;193,125
116:0,012;141,079;318,166
117:0,012;88,189
118:0,012;62,136;390,227
119:0,012;88,189;135,238;199,229
120:0,012;135,238
121:0,013;178,200;635,149;728,155;739,042
122:0,013;35,016;175,185;178,200;191,083;195,081;919,272;1019,246
123:0,013;83,269;200,267;511,102
124:0,013;261,149;417,274;739,042;1082,119
125:0,013;116,177;739,042
126:0,013;33,198;116,177;1090,134
127:0,013;76,178;319,145;629,203;643,197;739,042
128:0,013;102,063;140,194;175,185;568,085;788,089
129:0,013;119,226;150,252;385,055;446,174;574,058;788,089
130:0,013;107,139;261,149;1150,270
131:0,014;5,100;18,244;52,139;105,095;109,040;326,233;487,200
132:0,014;7,267;109,040;480,043;942,209;1081,048;1160,170
133:0,014;24,206;53,035;109,040;485,192;686,255
134:0,014;23,250;24,206;53,035;105,095;109,040;565,246;1071,193;1081,048
135:0,014;4,240;53,035;224,102;270,108;425,264;880,165;1106,035
136:0,014;5,100;109,040;125,057;480,043;968,147;1075,047;1115,209
137:0,014;18,244;53,035;122,129
138:0,014;4,240;53,035;125,057;173,105
139:0,014;103,258;125,057;438,124;813,204
140:0,014;9,005;52,139;168,026;173,105;480,043;959,275
141:0,015;56,076;870,173;1022,201;1172,055
142:0,015;110,108;286,068;718,141;1172,055
143:0,015;18,211;28,265
144:0,015;36,215;396,061
145:0,015;20,048;64,128;1055,197;1172,055
146:0,015;18,211;69,002;165,251;393,155;396,061;779,128
147:0,015;24,008;29,245;64,128;286,068;541,061
148:0,015;28,265;29,245;56,076;396,061;951,252;1116,164
149:0,015;44,169;396,061;613,197;1154,156;1172,055
150:0,015;20,048;60,057;286,068;732,175
151:0,016;318,166;395,064;713,096
152:0,016;187,127;395,064;586,254;844,081
153:0,016;176,093;192,074;381,175;780,270
154:0,016;194,266;555,161
155:0,016;50,144;224,126;990,198
156:0,016;182,091;192,074;285,112;395,064;586,254
157:0,016;173,146;192,074;435,148;595,107
158:0,016;173,146;447,112;532,046;595,107
159:0,016;50,144;176,093;346,169;438,244;532,046;781,165;783,228
160:0,016;179,112;192,074;395,064;610,086;1012,217
161:0,017;172,139;439,037;595,259;817,098;826,193;839,043;920,047
162:0,017;91,180;439,037;575,019;600,011;663,258;926,220;932,076
163:0,017;92,098;93,026;271,065;402,069;445,169;920,047
164:0,017;80,027;113,065;411,172;439,037;600,011;703,155
165:0,017;92,098;93,026;438,244;519,256;553,061;575,019;592,262;874,146;920,047
166:0,017;93,026;402,069;502,243;544,093;568,146;575,019;600,011;636,150;920,047
167:0,017;93,026;411,172;439,037;575,019;587,205;600,011;646,097;743,186;760,032;949,164;966,155;986,220;1111,165
168:0,017;93,184;113,065;207,144;402,069;439,037;600,011;666,243
169:0,017;74,148;80,027;93,026;113,065;402,069;500,204;575,019;725,193;812,043;856,111;920,047
170:0,017;21,068;74,148;80,027;254,124;424,130;445,169;515,265;575,019;603,157;793,132
171:0,018;67,247;290,040;497,199
172:0,018;105,078;123,070;143,194;172,126;228,036;291,269;393,238;918,233;955,035
173:0,018;45,070;164,259;437,201;591,071;653,229;801,149;955,035
174:0,018;36,215;123,070;172,126;174,223;228,036;323,147
175:0,018;41,122;495,153;497,199;572,216
176:0,018;19,232;45,070;46,005;55,110;212,026;494,111;531,166;587,205;955,035
177:0,018;193,074;365,040;530,176;540,185;591,071;628,180;791,252;863,247
178:0,018;18,180;228,036;271,056;392,083;652,134;758,259;955,035;1085,085
179:0,018;22,005;41,122;45,070;55,110;530,176;591,071;638,233;923,258;1055,042
180:0,018;46,115;123,070;174,223;228,036;389,033;594,173;795,141;867,078
181:0,019;45,004;178,065;407,055;529,105;702,251
182:0,019;105,084;287,102;300,095;346,110;396,216;536,219;969,198;1115,150;1132,152
183:0,019;107,124;230,036;294,100
184:0,019;126,161;340,202;532,046;580,064;665,225;896,168;1187,157
185:0,019;186,083;302,093;648,264
186:0,019;109,050;121,249;480,043;591,071;595,259;644,152;796,076;1020,267;1081,048
187:0,019;107,124;534,129;559,253;659,043;820,250;987,209
188:0,019;131,130;275,122;386,251;1181,137
189:0,019;16,007;294,100;566,043;758,100;875,175;1055,217
190:0,019;165,168;460,122;665,225;680,242;710,132;718,141;768,155;927,274;1194,243
191:0,020;18,180;82,233;102,063;144,243;209,162;765,131;863,244;966,243;1130,083;1167,203
192:0,020;121,038;175,082;469,229;616,247;819,042;998,035
193:0,020;73,085;1189,066
194:0,020;63,214;175,082;251,099
195:0,020;57,164;144,243;634,198;982,104
196:0,020;121,038;344,034;634,198;690,228;703,220;877,130;980,250
197:0,020;57,164;102,063;192,217;1018,158;1083,100;1180,272
198:0,020;82,233;102,063;123,070;188,186;236,055;312,117;868,220
199:0,020;72,096;188,186
200:0,020;121,038;240,185;312,117
