001:0,001;121,129;378,063;574,043;638,184;839,251
002:0,001;216,249;595,026;654,147
003:0,001;121,189;228,036;332,222;396,052;412,244;443,027;595,026;647,045;776,250
004:0,001;138,009;209,238;378,063;595,026;637,046;1039,179
005:0,001;209,238;637,046
006:0,001;122,185;378,063;595,026;637,046;985,232
007:0,001;234,107;595,026;691,095
008:0,001;121,078;124,244;378,063;443,027;650,197;691,095;1042,181
009:0,001;76,034;90,140;574,043;648,159;679,217
010:0,001;124,244;574,043;637,046;901,181
011:0,002;284,056;467,089;1034,061
012:0,002;284,056;419,084;1034,061
013:0,002;220,043;263,213;284,056;413,266;600,045
014:0,002;355,189;600,045
015:0,002;351,056;352,239;952,219
016:0,002;350,074;484,085;1034,061
017:0,002;561,094;600,045
018:0,002;351,056;426,124;645,251
019:0,002;304,060;374,230;600,045
020:0,002;360,247;585,053;730,215;866,260;877,158;1034,061
021:0,003;157,025;269,109;359,072;1061,102
022:0,003;157,025;359,072
023:0,003;157,025;288,150;292,153
024:0,003;16,096;157,025;292,153
025:0,003;16,096;157,025;238,217;359,072;661,174
026:0,003;157,025;271,114;359,072;941,216
027:0,003;290,263;498,042;898,152
028:0,003;157,025;228,036;443,027;666,222
029:0,003;194,104;898,152
030:0,003;148,185;157,025;227,057;238,217;271,114
031:0,004;40,061;48,269;52,073;80,254;628,036;986,037;1172,241
032:0,004;38,188;628,036;986,037;1169,086
033:0,004;13,207;121,189;360,254;986,037
034:0,004;29,068;40,061;43,031;47,262;52,073;116,138;263,186;877,058;1063,187
035:0,004;39,190;40,061;52,073;263,186;386,224
036:0,004;40,061;47,262;628,036;877,058
037:0,004;61,193;359,072;386,224
038:0,004;13,207;628,036;987,101
039:0,004;52,073;280,081;628,036;701,143
040:0,004;33,223;52,073;154,164
041:0,005;29,068;40,022;112,194;178,085;359,072;415,200;500,183;877,058;1119,072;1195,218
042:0,005;40,022;71,274
043:0,005;6,200;38,240;40,022;55,117;91,067;500,183;534,273
044:0,005;40,022;73,206;351,056;410,207;750,141
045:0,005;104,149;415,200;1195,218
046:0,005;40,022;52,180;55,117;91,067;534,034;759,236
047:0,005;38,240;40,022;73,206;78,216;91,067;496,134
048:0,005;29,068;52,180;932,146
049:0,005;40,022;157,025;178,085;684,026;750,141
050:0,005;40,022;78,216;91,067;534,034;697,235;1125,045
051:0,006;194,104;256,064;285,075;382,205
052:0,006;217,210;483,185;589,060
053:0,006;147,265;256,064;284,056;322,050;365,058;429,071;605,060
054:0,006;202,130;203,208;256,064;343,215;589,060
055:0,006;234,050;483,185
056:0,006;207,139;352,230;365,058;450,179;589,060
057:0,006;147,265;207,139;219,050;406,172
058:0,006;205,179;219,050;343,215;365,058;429,071;622,186
059:0,006;203,208;217,210;429,071;589,060
060:0,006;256,064;352,230;365,058;445,091
061:0,007;369,140
062:0,007;218,148;333,032;365,182;630,170
063:0,007;374,230
064:0,007;287,121;333,032;413,116;684,026;772,234
065:0,007;109,087;1138,172
066:0,007;340,092;866,230
067:0,007;453,196;684,026;840,271
068:0,007;104,049;218,148;574,043;630,170;684,026;772,234;1158,123
069:0,007;484,274;602,116;684,026;934,157
070:0,007;333,032;340,092
071:0,008;93,107;273,040;274,198;365,058;393,098;996,066
072:0,008;99,184;996,066
073:0,008;104,149;288,163;298,175;465,194
074:0,008;99,079;925,246
075:0,008;39,271;220,043;443,031;767,212
076:0,008;103,253;220,043;465,194;996,066
077:0,008;93,107;220,043;471,155
078:0,008;150,039;202,127;830,180;1115,236
079:0,008;86,203;168,074;274,198;331,175
080:0,008;50,274;103,253;654,147;706,209;970,114;996,066
081:0,009;239,141;368,030;446,040
082:0,009;227,152;368,030;590,264;884,030;932,065
083:0,009;28,179;312,047;409,145;446,040;447,187
084:0,009;263,095;312,047;413,266;884,030;907,090
085:0,009;166,027;251,272;780,131;884,030;891,061;904,231;932,065
086:0,009;219,050;431,209
087:0,009;262,273;368,030;471,172;573,121;590,264
088:0,009;239,141;446,040
089:0,009;339,233;368,030;446,040;625,155;661,057;780,131;884,030;897,249;932,065
090:0,009;227,152;312,047;570,261;907,090
091:0,010;218,040;227,057;487,094;498,042;853,106;932,065
092:0,010;218,166;342,049;460,211;498,042;857,117
093:0,010;313,083;947,056;1136,263
094:0,010;73,029;94,136;342,049;564,139
095:0,010;79,174;756,155;800,093
096:0,010;278,169;342,049;498,042;855,236;857,273;1072,194
097:0,010;218,040;254,163;661,237
098:0,010;218,040;312,135
099:0,010;298,175;312,135;496,134;544,104;564,139
100:0,010;218,166;342,049;604,127
101:0,011
102:0,011;206,097;947,056
103:0,011
104:0,011;1163,256
105:0,011
106:0,011
107:0,011;426,124
108:0,011;92,168;947,134;1033,130
109:0,011;92,168;288,150;443,027;609,267;702,169;759,146
110:0,011
111:0,012;132,151;285,075;304,060;468,084;609,042;854,146;868,069
112:0,012;43,031;73,029;176,083;185,121;285,075;357,051;635,193;700,225;868,069
113:0,012;26,057;64,087;160,027;273,040;319,076;396,052;700,225;813,057;868,069
114:0,012;151,162;160,027;273,040;322,067;357,051;494,174;543,188;661,057;1051,077
115:0,012;43,119;209,027;282,245;396,052;661,057;1005,121;1094,179
116:0,012;61,239;160,027;274,171;285,075;396,052;661,057;989,158;1180,031
117:0,012;156,116;164,119;274,171;304,060;357,051;396,052;661,057;680,150;811,098
118:0,012;45,166;160,027;337,195;357,051;519,146;787,079
119:0,012;73,029;160,027;219,050;273,040;304,060;408,116;519,146;635,193;820,150;868,069
120:0,012;43,031;73,029;116,151;312,047;396,052;680,150
121:0,013;275,255
122:0,013;171,163;271,091;290,213;662,185;784,164;1003,072;1025,048
123:0,013;220,120;233,089;728,206;1025,048
124:0,013;290,221;425,047;600,040
125:0,013;298,255;333,057;425,047;570,261;835,035;929,102;1110,274
126:0,013;333,057;425,047;606,133
127:0,013;322,265;333,057;492,259;559,079;645,262;666,159;835,035;919,203
128:0,013;10,251;803,185;908,127;913,135;929,102;1025,048
129:0,013;156,116;333,057;348,031;1043,124;1069,244
130:0,013;419,093;961,088;1014,246;1025,048
131:0,014;94,089;242,029;407,246;963,039;1064,126;1148,162
132:0,014;94,089;180,093;488,040;534,034;837,094
133:0,014;67,155;246,011;1054,039;1064,117
134:0,014;67,155;128,048;160,183;348,031;963,039;1154,203
135:0,014;68,119;79,160;196,034;298,242;333,032;348,031;1005,244
136:0,014;79,160;348,031;812,167;951,031;1089,205;1121,066;1180,031
137:0,014;43,031;180,093;338,090;502,182;521,109;877,058;963,039;1148,162;1180,031
138:0,014;79,245;498,042;866,260;963,039;1180,031
139:0,014;143,267;591,093;648,031;986,037;1063,197
140:0,014;122,039;348,031;363,040;396,246;641,083
141:0,015;76,034;242,029;534,034;806,239;837,191;1018,092;1144,200
142:0,015;75,009;196,254;263,104;363,040;463,250;685,101;824,091
143:0,015;76,034;206,269;263,213;363,040;379,267;510,213;1169,048
144:0,015;104,049;128,048;206,269;242,029;247,187;363,040;377,029;409,109;747,060
145:0,015;198,262;227,057;247,187;425,047;613,252;835,035;880,088;1152,231
146:0,015;30,046;409,109;492,107;569,047;686,105;848,147;947,056
147:0,015;96,034;227,057;242,029;251,233;573,249;857,135;868,069
148:0,015;94,136;104,049;561,174;598,271;715,105
149:0,015;76,034;218,040;242,029;429,071;685,101;947,056
150:0,015;76,034;162,013;242,029;434,126;1086,134;1161,105;1168,140
151:0,016;138,169
152:0,016;150,191
153:0,016;80,085;128,048;175,087;347,263;938,058;1089,011
154:0,016;80,254;122,049;130,100;895,051;952,219
155:0,016;128,048;175,202
156:0,016;150,191;639,167
157:0,016;104,049;130,100;423,262
158:0,016;185,121
159:0,016;160,154;798,249
160:0,016;156,204;666,222
161:0,017;162,275;228,036;539,128;585,053;714,067;891,061;896,122;947,249;1056,072
162:0,017;45,166;94,016;149,144;191,157;228,036;345,023;475,252;660,087;714,067;944,238
163:0,017;257,207;269,094;345,023;361,155;543,247;560,072;1176,056
164:0,017;180,246;345,023;353,063;689,098;716,067;806,154;830,155;891,061;903,231
165:0,017;180,246;228,036;418,160;489,040;585,053;775,154;891,061;922,166
166:0,017;201,083;345,023;347,036;348,031;353,063;661,237;1087,056
167:0,017;162,275;345,023;353,063;359,072;382,129;976,155;983,072
168:0,017;191,157;220,025;248,011;345,023;353,063;381,271;714,067;896,122
169:0,017;153,011;228,036;505,133;694,072;845,165
170:0,017;177,002;228,036;345,023;364,081;410,272;585,053;714,067;973,240
171:0,018;29,068;56,090;107,039;308,130
172:0,018;46,083;107,039;168,074;338,206;1007,046
173:0,018;107,039;196,224;308,130;354,087;359,067;448,110;501,011
174:0,018;74,185;131,067;168,074;242,029;456,071;671,112;697,053;782,136;965,235
175:0,018;96,161;107,039;293,145;327,033;448,110;485,211;588,053;759,231;782,136;815,072
176:0,018;151,090;671,112;746,040
177:0,018;75,019;151,090;166,046;172,167;665,121;692,057;835,035;877,158;927,129
178:0,018;172,167;354,235;453,040
179:0,018;23,003;74,185;96,161;168,074;248,043;455,255;510,163
180:0,018;107,039;155,011;156,017;354,235;394,094;978,087
181:0,019;271,091;716,042;874,051;948,240;1155,157;1188,122
182:0,019;220,120;246,002;390,033;478,171;757,046;1191,275
183:0,019;404,227;1003,180
184:0,019;202,127;438,227;576,267;756,175;874,051;958,105;1086,216
185:0,019;213,143;723,046
186:0,019;192,142;225,011;915,238
187:0,019;171,163;175,010;259,145;345,023;429,052;500,074;812,057;1017,114;1045,065
188:0,019;193,013;255,273;297,217;826,011
189:0,019;269,094;478,171;874,051;985,127;1057,046
190:0,019;192,142;874,051;915,238;932,263
191:0,020;36,204;253,033;511,259
192:0,020;46,031;117,225;160,183;344,043;350,074;856,173;1135,167
193:0,020;28,179;30,046;225,201;253,033;350,011
194:0,020;26,057;253,033;350,074;864,168
195:0,020;32,162;253,033;490,197;856,173
196:0,020;28,014;76,034;82,001;125,002;377,036;615,103
197:0,020;26,057;225,201;253,033;450,244;946,227
198:0,020;26,057;36,204;141,007;350,074;1044,263;1112,056;1182,182
199:0,020;30,046;270,164;279,123;1193,065
200:0,020;26,057;30,046;279,123;350,074;845,084;871,057;921,058;1031,011
