001:0,001;324,157
002:0,001;325,165
003:0,001;231,154;324,157;331,245
004:0,001;306,146
005:0,001;418,241;653,216
006:0,001;331,245;429,063;682,078
007:0,001;294,205
008:0,001;283,040;288,195;306,146
009:0,001;337,235
010:0,001;272,216
011:0,002;212,222;641,062;701,076;1060,064
012:0,002;167,054;214,248;288,082
013:0,002;130,052;343,076
014:0,002;188,148;352,114
015:0,002;149,199
016:0,002;167,054;231,131;1198,044
017:0,002;288,082
018:0,002;149,199
019:0,002;63,237;167,054;276,170
020:0,002;276,202
021:0,003;289,250;528,074;651,225
022:0,003;176,193;528,074;811,260
023:0,003;77,121;299,258;528,074;651,225;712,004;801,170;974,145
024:0,003;114,275;117,234;351,075;528,074;670,066;1052,105
025:0,003;104,145
026:0,003;89,234;282,034;355,251
027:0,003;56,178
028:0,003;76,196
029:0,003;49,114;422,099;681,064;811,260
030:0,003;124,214
031:0,004;113,107
032:0,004;77,265;96,087;207,272;215,056;583,209;642,054;1050,166
033:0,004;77,265;113,107;526,140
034:0,004;53,065;126,117;215,056;525,126
035:0,004;184,268;225,251;584,107
036:0,004;63,087;490,049;526,140;642,054;848,194;1077,187
037:0,004;69,272;642,054;1040,142
038:0,004;40,198;215,056;516,201;751,028;781,104;1023,133
039:0,004;215,175
040:0,004;215,056;525,126
041:0,005;131,190
042:0,005;131,190;580,085
043:0,005;178,093;426,038;540,148
044:0,005;178,093;476,066;536,259
045:0,005;138,197;404,164
046:0,005;132,215
047:0,005;173,076;406,263;426,038;580,085
048:0,005;167,235;425,131;448,186;1051,225;1185,174
049:0,005;159,108;320,123;1010,259
050:0,005;118,152;173,076;341,023;404,164;426,038;509,182
051:0,006;23,207;190,209;208,180;619,190;645,256
052:0,006;111,239
053:0,006;109,208
054:0,006;86,098;324,039;925,188
055:0,006;109,208;202,104;997,188
056:0,006;108,258;324,039;926,028;995,252
057:0,006;202,104;324,039
058:0,006;211,183;327,230
059:0,006;137,177;1112,230
060:0,006;149,202;324,039
061:0,007;279,201;351,070;470,109
062:0,007;366,176;386,201;470,109
063:0,007;110,185
064:0,007;409,229;426,038;472,141
065:0,007;279,201;671,029;701,083;1185,029
066:0,007;297,048;660,154;1185,029
067:0,007;277,027;297,048;671,029;681,064;701,083
068:0,007;110,185
069:0,007;297,048;698,161;1185,029
070:0,007;297,048;332,218;1083,186;1185,029
071:0,008;81,090;170,052;174,045;488,269;1057,131
072:0,008;34,140;174,045;468,080
073:0,008;145,148;641,035
074:0,008;67,272;170,052;437,220;641,035
075:0,008;119,269;926,223;1109,112
076:0,008;119,269;174,045;603,234;881,179
077:0,008;145,148;170,052;174,045;485,253;549,211
078:0,008;86,098;135,152;341,149;641,035
079:0,008;247,113;641,035
080:0,008;63,103;411,189;957,161
081:0,009;55,143;444,069
082:0,009;79,061;283,040;388,062;543,242
083:0,009;51,167;170,052;283,040;343,122;490,049;709,110
084:0,009;60,079;79,061;343,122;424,203;836,178;1146,234
085:0,009;60,079;444,069
086:0,009;49,090;55,143;433,261;476,066;490,049;671,029;917,149
087:0,009;79,061;283,040;444,069
088:0,009;49,090;709,110;805,196
089:0,009;94,114;309,100;629,219;669,166;742,241;985,182;1068,237;1197,137
090:0,009;79,061;424,203;490,049
091:0,010;148,032;348,257;494,169
092:0,010;127,241
093:0,010;297,048;494,169
094:0,010;284,187;312,195;476,066;968,233
095:0,010;241,241;277,027;301,222;420,049;1004,262
096:0,010;190,209;476,066;942,039
097:0,010;202,177;277,027;327,230;388,062;411,153;646,122
098:0,010;505,203;564,206;1039,230;1061,223
099:0,010;276,109;277,027;362,240;388,062;566,233;1128,248
100:0,010;285,219;388,062;391,214;481,122
101:0,011;16,204
102:0,011;53,065;341,149;427,112
103:0,011;218,135;282,034;442,176
104:0,011;175,228
105:0,011;53,065;221,099;478,145;750,242
106:0,011;126,018;145,248
107:0,011;218,135;282,034;376,104;732,115;1031,208;1063,218
108:0,011;16,204;174,045;215,191
109:0,011;53,065;225,251;335,180;692,064;795,205;925,188;991,194
110:0,011;68,187;215,191;1198,044
111:0,012;161,155;1044,118
112:0,012;62,244
113:0,012;124,273;167,054;285,123
114:0,012;154,083;381,218;892,118
115:0,012;136,186;384,058;436,138
116:0,012;130,052;159,108;478,275
117:0,012;62,244;124,273
118:0,012;117,180;289,219
119:0,012;130,052;154,083;468,086
120:0,012;130,052;266,086;981,155
121:0,013;193,236;632,167;694,070;712,004;842,084
122:0,013;193,236;351,075;538,184;611,134;712,004;784,102;826,061;928,131;936,094
123:0,013;201,215;351,075;549,211;635,071;646,154;712,004;748,266;1022,116
124:0,013;201,206;607,236;826,061;936,094
125:0,013;293,232;538,184;701,049
126:0,013;240,061;411,189;487,237;712,004;731,171
127:0,013;31,242;485,253;712,004;842,084;1047,176;1147,250
128:0,013;297,120;515,066;731,171;779,049;826,061;1022,116
129:0,013;258,192;271,103;297,120
130:0,013;201,206;351,075;712,004;748,266
131:0,014;87,183
132:0,014;6,250;31,118;129,168;620,192;908,171;1022,078;1098,054
133:0,014;13,130;104,065;182,239;258,192
134:0,014;82,237;600,049;792,254
135:0,014;13,130;1010,209;1098,054
136:0,014;33,262;303,195;641,062;710,054;801,183
137:0,014;27,275;912,162;1098,054
138:0,014;129,168;1098,054
139:0,014;31,118;910,175;939,136
140:0,014;36,216;286,209
141:0,015;212,179;264,098;635,071;722,165
142:0,015;227,227;435,032;805,035
143:0,015;169,137
144:0,015;148,193;502,137;1051,162
145:0,015;164,121;444,056;509,032;628,135;636,076;694,201
146:0,015;56,178;148,032;519,133;738,267;853,230;950,093
147:0,015;148,032;524,234;1003,202;1078,130;1164,097
148:0,015;148,032;628,135
149:0,015;166,137;227,227;274,032;660,215;826,061;898,218;986,211
150:0,015;15,002;180,274;212,179
151:0,016;61,115;351,070;852,102
152:0,016;27,189;378,097;446,100;642,054;732,093;961,028
153:0,016;52,164;351,070;444,069
154:0,016;81,274;351,070;754,048;905,244
155:0,016;59,095;300,155;509,182;806,040;986,121
156:0,016;52,164;351,070;375,196;487,090
157:0,016;161,100;319,256;404,177;754,048;842,203
158:0,016;61,115;754,048;986,121;1060,064
159:0,016;59,095;351,070;754,048;1060,064
160:0,016;179,222;272,274;329,231;351,070;766,259;793,267;1060,064
161:0,017;122,211;341,023;395,049;429,063;794,028;798,237
162:0,017;40,198;250,057;316,237;341,023;384,058;653,180;745,251;751,028
163:0,017;34,140;250,057;254,141;357,124;376,221;409,229;429,063;751,028;974,049
164:0,017;89,262;341,023;392,208;550,245;726,178;740,064;751,028
165:0,017;341,023;384,058;395,049;429,063;678,058;738,206;798,049
166:0,017;250,057;384,170;544,080;647,156
167:0,017;67,099;341,023;365,249;395,049;453,070;648,273;715,049;860,028;1028,232;1052,105;1114,028
168:0,017;63,103;122,211;341,023;365,249;384,058;475,048;678,058;758,124
169:0,017;205,098;259,204;282,034;341,023;376,221;384,058;457,153;470,048;678,058;698,228;741,203;813,078;847,189
170:0,017;196,163;250,057;254,141;384,058;460,156;678,058;746,035;751,028
171:0,018;120,120;294,205;473,108
172:0,018;377,167
173:0,018;213,100;242,263;1198,044
174:0,018;189,233;307,045;472,186;642,133;1037,267;1041,104
175:0,018;152,144;478,130;640,113;712,066;821,040;1135,064
176:0,018;242,263;249,061;447,256;635,071;642,248;832,201
177:0,018;189,233;612,039
178:0,018;293,112;428,045;433,261;573,048;692,174;712,004;744,221
179:0,018;121,176;635,071;642,250;697,069;718,236;766,178;777,177
180:0,018;172,129;719,054;798,237;852,164;884,040;1136,128
181:0,019;134,166;1161,245;1170,069
182:0,019;134,166;171,007;319,256;455,075;475,063;692,174
183:0,019;121,015;152,187
184:0,019;21,264;44,241;75,167;442,230;641,062;789,128;1198,044
185:0,019;146,162;289,250;296,097
186:0,019;93,124;796,161;946,251;1185,218
187:0,019;83,156;124,007;475,183;641,062;738,267;769,166;884,186
188:0,019;83,156;467,048;681,064;918,130
189:0,019;102,189;146,162;972,110;1198,044
190:0,019;101,134;636,071;664,213;671,029;681,064;926,223;943,108;1001,104
191:0,020;44,241;219,029;436,254;513,256;739,136
192:0,020;55,252;376,102;426,038;520,173
193:0,020;4,007;8,254;219,029;483,163;806,040;922,219;978,115
194:0,020;8,254;61,007;94,231;101,134;165,136;342,087;395,049;484,102;824,203
195:0,020;32,223;436,254;753,131;802,148;806,040;1007,206
196:0,020;52,097;104,252;204,152;219,029;362,240;378,231;477,066;944,234;1171,135
197:0,020;23,207;36,216;117,010;158,263;219,029;376,102;693,250;1159,215;1173,064
198:0,020;80,136;866,039;956,269
199:0,020;94,231;483,163;806,040;1042,091;1162,241
200:0,020;52,097;310,186;453,245;516,166;592,254
