001:0,001;254,243;364,055;453,126
002:0,001;29,098;196,217;364,055;631,212;1057,059;1197,077
003:0,001;198,099;326,062;364,055;461,028;604,255;665,195
004:0,001;29,131;326,062;415,097
005:0,001;398,121;401,071;410,232;461,028;509,039;745,159;793,122
006:0,001;281,150
007:0,001;304,151;398,121;461,028;665,195
008:0,001;196,217;263,041;308,112;326,062;400,150
009:0,001;228,174;279,260;509,039;616,096
010:0,001;178,021;190,255;244,068;279,260;326,062;509,039;733,213
011:0,002;393,222
012:0,002;312,146;356,052;436,201
013:0,002;282,203;293,063;410,062;579,044;682,176
014:0,002;382,234;981,037
015:0,002;293,063;452,145
016:0,002;293,063;496,272;745,099;854,236
017:0,002;347,086
018:0,002;171,033;316,157;900,028;905,247
019:0,002;293,063;316,157
020:0,002;304,158;324,056;552,144
021:0,003;694,200
022:0,003;136,116;492,034;1040,105
023:0,003;541,181
024:0,003;622,215
025:0,003;492,034;694,200
026:0,003;492,034;932,227;1093,046;1156,243
027:0,003;359,062;364,055;428,003;492,034;932,227
028:0,003;587,092
029:0,003;492,034;943,165
030:0,003;158,164
031:0,004;87,243;708,057;981,037
032:0,004;293,226;298,059;576,131;883,057;981,037
033:0,004;327,120;461,056;594,248;1104,037
034:0,004;298,059;461,056;656,133;708,057;996,246
035:0,004;293,226;327,120;708,057;1057,059;1150,127
036:0,004;298,059;571,151;996,246
037:0,004;304,108;461,056;632,213;981,037
038:0,004;335,226;708,057;981,037;1057,059
039:0,004;425,164;656,133;981,037
040:0,004;298,059;527,119
041:0,005;347,188;559,256;981,055;1001,182
042:0,005;473,142;578,068;1020,196
043:0,005;96,070;125,257;509,039;578,068;1061,155
044:0,005;389,253;578,068;1057,238
045:0,005;347,188
046:0,005;298,059;349,262;356,246;428,235;571,151
047:0,005;356,246;578,068;981,055
048:0,005;406,261;494,231;578,068;1079,270
049:0,005;349,262;578,068;884,171
050:0,005;351,256;981,055;1079,270
051:0,006;226,077;263,009;558,083;619,026;714,069;805,138;907,233
052:0,006;316,187;435,185;619,026;728,183
053:0,006;226,142;263,009;714,069;728,183
054:0,006;167,199;215,042;263,009;458,198;1107,263
055:0,006;238,270;263,009;499,194
056:0,006;215,042;263,009;433,261;714,069;794,207
057:0,006;215,042;263,009;441,109;807,035;935,108
058:0,006;215,042;263,009;398,087;793,044
059:0,006;225,154;226,142;604,255;619,026;714,069;883,104;891,060
060:0,006;263,009;435,185;891,060
061:0,007;16,215;65,028;98,132;807,035;1014,037;1090,221
062:0,007;13,182;667,223
063:0,007;43,076;48,189;65,028;168,077;295,065;509,114
064:0,007;6,089;43,076;116,241
065:0,007;143,128;295,065;667,223
066:0,007;55,009;92,060;143,128;264,267;674,071;746,243
067:0,007;65,028;92,060;172,188;295,065;593,170;807,035;1169,245
068:0,007;6,089;92,060;134,100;410,062;441,108;1136,247
069:0,007;39,199;92,060;98,132;118,182;745,027;807,035;1007,173
070:0,007;48,189;65,028;116,241;295,065;509,114
071:0,008;156,028;344,138
072:0,008;156,028;304,158
073:0,008;139,081;717,109;852,053
074:0,008;128,209
075:0,008;88,242
076:0,008;143,108;154,099;156,028;344,138;427,107;852,053;891,187;981,055;1180,275
077:0,008;154,099;156,028;341,152;460,054;599,083;1180,275
078:0,008;192,040;216,265;852,053;1076,039;1199,162
079:0,008;88,242
080:0,008;128,209;852,053;1108,224;1181,178
081:0,009;96,070;263,041;471,257;568,038;634,253;1076,063
082:0,009;99,029;314,041;480,244;615,207;660,244;674,071
083:0,009;71,150;99,029;199,070;310,080;314,041;460,054;537,116;605,052;674,071
084:0,009;99,029;289,131;756,132;1076,063
085:0,009;128,227;404,099;430,124;460,054;551,161;674,071;1076,063
086:0,009;96,070;284,109;373,029;430,212;543,017;590,092;968,166
087:0,009;96,070;224,270;488,038;665,179
088:0,009;71,150;310,080;605,052;726,269
089:0,009;126,003;488,038;563,152;605,052;674,071
090:0,009;99,029;314,041;394,066;460,054;488,038;563,152;605,052;698,113
091:0,010;171,033;227,052;346,233;934,258;1023,036
092:0,010;161,095;356,052;580,155;682,206;1023,036
093:0,010;171,033;179,266;1095,241
094:0,010;235,207;580,155
095:0,010;227,052;285,133;430,212;699,148
096:0,010;227,052;286,089;1114,266
097:0,010;139,071;171,033;235,207;521,032;958,197;1023,036
098:0,010;159,114;231,052;285,133;346,233;356,052;543,017;745,099
099:0,010;161,095;171,033;356,052;733,112;1023,036
100:0,010;179,266;227,052;285,228
101:0,011;56,134;263,041;352,098;946,222;1100,040
102:0,011;308,231;474,033;484,058;551,113;1093,046;1184,234
103:0,011;211,124;1184,234
104:0,011;270,210;303,051;450,047;474,033;500,154
105:0,011;242,173;450,047;557,236;1029,253;1059,198
106:0,011;265,173;303,051;450,047;516,093;745,027;968,166;1093,046;1100,040
107:0,011;96,070;255,098
108:0,011;263,041;308,231;875,099;1175,060
109:0,011;255,192;303,051;427,107;474,033;515,244;981,055;1141,224
110:0,011;268,148;745,027;900,028;944,249;1100,040
111:0,012;183,030;250,060;272,158;285,228;297,103;453,126;597,063;674,264;743,207;768,175;943,265;1023,213;1128,138
112:0,012;183,030;282,203;1021,157
113:0,012;184,249;232,246;250,060;258,171;463,072;597,063;619,026;743,207;835,178;891,060
114:0,012;183,030;250,060;266,261;422,174;616,152;950,245;1144,086
115:0,012;182,126;183,030;258,171;285,180;461,056;463,072;616,152;1060,045
116:0,012;300,175
117:0,012;183,030;297,103;308,112;463,072;774,263
118:0,012;244,068;301,148;401,071;425,161;509,039;627,218;878,057;1128,092
119:0,012;244,068;264,267;571,180;941,237
120:0,012;232,246;250,060;332,190;401,071;422,174;597,063;639,154
121:0,013;424,128;579,044;620,031
122:0,013;39,199;463,073;620,031
123:0,013;303,051;393,063;424,128;620,031;1093,046
124:0,013;526,197;996,097;1005,167;1065,059
125:0,013;448,201;597,205;676,071;795,260
126:0,013;463,073;803,053;969,218;1003,215;1025,179;1065,147;1115,168
127:0,013;446,246;463,073;803,053;1115,168
128:0,013;538,266
129:0,013;463,073;579,044;620,031
130:0,013;484,058;579,044;790,121;803,053;841,115
131:0,014;363,074;589,245
132:0,014;556,090;594,263;854,181;1060,045
133:0,014;362,009;410,062;484,058;604,107;1060,045
134:0,014;363,074;657,247;908,194;1048,096;1060,045;1198,139
135:0,014;399,132;484,058;594,263;610,128
136:0,014;29,206;133,002;410,062;563,218
137:0,014;234,085;327,014;374,249
138:0,014;363,074;374,249;453,262;484,058;579,044;683,169
139:0,014;29,206;683,169
140:0,014;362,206;363,074;461,028;502,191;739,067;905,093;1123,271;1155,237
141:0,015;293,063;398,015;575,075;867,265
142:0,015;543,017;637,172;803,053;1189,264
143:0,015;543,017;603,082;791,131
144:0,015;16,215;629,116;784,057;867,265;938,081;977,165
145:0,015;575,075;872,167
146:0,015;89,140;131,015;543,017;680,260;739,067
147:0,015;575,075;846,087
148:0,015;543,017;626,081;1076,063
149:0,015;543,017;629,116;872,185
150:0,015;450,047;543,017;603,082;1057,059
151:0,016;59,195;118,014;390,204
152:0,016;29,051;122,181;201,053;394,258;463,072;667,248;828,179;896,112;1189,260
153:0,016;29,051;164,130
154:0,016;59,195;176,053;394,258;940,207;960,176;1008,232;1122,085;1148,171
155:0,016;29,051;261,205
156:0,016;122,181;176,053;401,071;474,180;842,117;900,028;995,148;1169,059
157:0,016;28,008;89,140;176,053;419,147;521,032;1122,085
158:0,016;43,274;521,032;900,028;941,237;1076,039
159:0,016;29,051;161,002;176,053;437,194;471,099;521,032;985,164;1014,206;1076,039
160:0,016;176,053;404,099;575,032;891,060;1076,039
161:0,017;118,013;139,071;356,110;394,066;755,231;1171,064
162:0,017;169,014;428,235;497,073;788,159;1171,064
163:0,017;170,177;475,072;781,027;995,083;1019,216;1029,060
164:0,017;118,006;258,111;575,075;868,159
165:0,017;146,004;286,106;1171,064;1197,077
166:0,017;122,193;139,071;346,214;394,066;487,178;797,172
167:0,017;158,164;346,214;376,053;389,078;539,073;684,232;1171,064
168:0,017;132,232;139,071;286,106;675,201;1028,131;1055,055;1155,065
169:0,017;122,193;139,071;331,147;394,066;558,178
170:0,017;69,243;83,006;170,177;173,029;258,111;314,041;470,138;556,038;675,104
171:0,018;153,170;156,057;192,040;235,084;474,033;505,216;562,235;660,079;853,065
172:0,018;137,162;156,057;511,129
173:0,018;98,045;117,013;153,170;156,057;441,103;505,216;1109,063
174:0,018;15,251
175:0,018;98,045;142,228;192,040;294,271
176:0,018;142,228;156,057;474,105;815,071
177:0,018;98,045;225,161;1105,060
178:0,018;13,182;49,013;145,010;156,057;536,038;660,079;853,065
179:0,018;93,001;98,045;136,116;184,015;596,204;645,144;771,104;827,035;989,248
180:0,018;137,162;192,040;235,084;374,049;469,113;570,207;681,216;853,065
181:0,019;287,162;793,044;811,034;1074,089
182:0,019;373,074;524,060;608,179;622,134;880,038;1025,031
183:0,019;164,130;278,072;333,014;398,087;451,074;510,122;801,038
184:0,019;324,056;366,009;397,189;513,038;524,060;767,191;801,038;1003,065
185:0,019;271,119;280,071;324,056;364,049;524,060;564,067;746,142;801,038;894,240
186:0,019;11,179;244,068;271,119;335,226;654,181;801,038;1113,055
187:0,019;285,180;303,051;364,049;516,093
188:0,019;278,072;360,100;364,049;488,038;640,073;801,038;1139,113;1149,232
189:0,019;278,072;287,162;364,049;524,060;622,134;793,044;894,240;919,116;953,203
190:0,019;278,072;290,003;324,056;397,189;408,059;524,060;597,063;650,239;793,044;801,038;1159,036
191:0,020;111,266;172,004;178,021;287,057;373,029;408,116;564,067;845,212
192:0,020;105,255;178,021;388,254;562,172;564,067;1092,230
193:0,020;157,101;178,021;331,147
194:0,020;140,157;270,210;530,032;891,205;993,060;1004,190
195:0,020;137,136;207,021;304,218;373,029;388,254;493,234;509,204;564,067;745,027;941,122;963,233;1091,176
196:0,020;87,120;178,021;378,117
197:0,020;118,129;140,157;178,021;373,029;420,194;661,204;697,191
198:0,020;118,259;144,010;166,168;178,021;367,143;578,080
199:0,020;178,021;321,240;378,117;400,080;564,067;853,065;1037,152;1050,112
200:0,020;20,163;87,120;99,029;105,255;178,021;431,052;549,056;562,172;787,129;824,116;1100,040
