001:0,001;186,056;261,087;470,074;729,178
002:0,001;147,120;183,035;192,223;315,056;685,105
003:0,001;163,048;225,124;248,070;359,200
004:0,001;169,096;183,035;187,082;388,062;469,183;470,074;514,238
005:0,001;187,082;223,155;248,070;339,199;685,105;732,129
006:0,001;78,143;145,046;163,048;183,035;225,171;315,056;514,238
007:0,001;163,048;223,155;315,056;548,211
008:0,001;315,056;470,074;530,183
009:0,001;180,103;183,035;200,229;248,070;333,150;339,199;548,211;729,178
010:0,001;171,257;183,035;225,124
011:0,002;656,225;922,023;1080,165;1186,073
012:0,002;388,062;402,089;503,042;927,195;1107,062;1131,064
013:0,002;460,243;1101,026;1186,073
014:0,002;503,042;922,023;927,195;1101,026
015:0,002;402,089;503,042;922,023;1128,269
016:0,002;236,032;332,044;436,146;458,018;462,231;503,042;775,063;785,084;917,243;922,023;1023,213
017:0,002;460,243;911,041;922,023;1042,143;1101,026;1132,144;1186,073
018:0,002;426,047;446,126;922,023;1000,149
019:0,002;503,042;922,023;1023,213;1195,061
020:0,002;446,126;922,023;1159,130;1186,073
021:0,003;30,069;89,026;107,051;142,073;211,178;317,067;395,244;758,030
022:0,003;30,069;71,083;107,051;161,040;194,029;227,060;228,167;758,030
023:0,003;50,055;63,059;89,026;144,058;166,268;194,029;211,178;227,060;317,067;486,026;497,027;946,197;1080,045
024:0,003;44,273;50,055;63,059;112,265;161,040;265,263;317,067;497,027;498,098
025:0,003;63,059;107,051;112,265;142,073;194,029;268,249;317,067;530,247;758,030;1019,210
026:0,003;36,186;98,183;195,033;441,087
027:0,003;44,273;50,055;71,083;89,026;144,058;166,113;194,029;195,033;227,060;317,193;497,027;652,122;697,066;1080,045
028:0,003;30,069;63,059;98,183;144,058;161,040;195,033;395,244
029:0,003;30,069;111,214;142,073;161,040;195,033;497,027;765,133;1035,040;1080,045
030:0,003;75,253;227,060;228,167
031:0,004;170,211;266,039;429,079
032:0,004;141,236;411,054;417,271;556,264;568,216;757,058
033:0,004;190,219
034:0,004;157,039;164,076;170,211;190,219;266,039;568,216;757,058;1121,052
035:0,004;162,191;396,059;613,192;674,075;872,259
036:0,004;141,236;157,060;182,066;187,039;245,163;266,039;417,271;656,050;658,207;1074,069;1087,147
037:0,004;172,192;701,136;1101,026;1121,052
038:0,004;192,223;266,039;396,059;534,174;674,075;729,084;757,058
039:0,004;164,076;266,039;556,264;674,075;699,154;932,069;1045,127;1095,036;1121,052
040:0,004;417,036;495,178;685,090;757,058
041:0,005;110,036;121,065;177,036;223,075;364,226;376,027;719,197;828,020;931,241
042:0,005;117,141;121,065;177,036;227,114;426,064;436,049;594,084;763,028;828,020;879,049;987,115;1014,055;1059,141
043:0,005;110,036;121,065;223,075;349,254;785,084;932,069;1095,036;1152,063
044:0,005;110,036;130,125;177,036;227,114;364,226;376,027;436,049;681,227;719,197;932,069;1014,055
045:0,005;117,141;317,088;353,060;403,176;426,064;436,049;630,135;727,075;763,028;828,020;879,049;1024,119
046:0,005;144,151;187,039;193,268;828,020;879,049;952,219;1014,055;1152,063
047:0,005;147,176;223,075;329,041;376,027;433,056;505,173;763,028;999,180;1112,082
048:0,005;110,036;130,125;426,064;457,176;630,135;828,020;977,251;1152,063
049:0,005;123,189;223,075;376,027;426,064;457,176;835,087;958,235;1095,036
050:0,005;121,065;177,036;317,088;763,028;828,020;864,059;932,069;1008,021;1095,036
051:0,006;811,050;1100,110
052:0,006;511,026;691,175;727,075;734,066;902,093
053:0,006;223,075;322,134;511,026;734,066;811,050;1012,217;1092,066;1149,234;1164,036
054:0,006;511,026;691,175;728,040
055:0,006;723,097
056:0,006;734,175;1008,021;1012,217
057:0,006;322,134;727,075;734,066;943,129;1149,234
058:0,006;723,097;727,075;741,027;812,098
059:0,006;107,051;204,229;675,116;727,075;728,040;922,023;986,255;1092,066;1139,176
060:0,006;163,048;227,060;254,263;297,006;711,101;728,040;811,050;1092,066;1100,110;1128,269
061:0,007;167,210;179,003;319,001;353,215;357,058;369,157;385,069;486,026;530,053;925,116
062:0,007;22,234;319,001;357,029;363,011;461,228;614,109
063:0,007;157,039;179,003;319,001;357,029;401,242
064:0,007;157,039;179,003;319,001;370,245;564,018;615,137
065:0,007;142,149;179,003;267,097;319,001;430,072;486,026;530,053;564,018;658,230
066:0,007;135,033;179,003;319,001;458,120;486,026;530,053;607,267;1074,069;1082,267
067:0,007;15,018;22,234;179,003;379,256;564,018;614,109;615,137;943,054;1074,069
068:0,007;211,210;238,027;267,097;319,001;359,116;420,100;496,119;564,018;832,179;1074,069
069:0,007;157,039;174,122;207,079;292,160;357,029;564,018;658,037
070:0,007;167,210;179,003;319,001;357,029;395,063;461,228;564,018;607,267
071:0,008;355,250;361,093;363,011;685,082;1195,061
072:0,008;353,215;395,063;606,053;676,044;870,070;1080,045
073:0,008;363,011;685,090;726,041;739,192;1195,061
074:0,008;333,150;363,011;685,082;870,070;1195,061
075:0,008;361,093;363,011;676,044;908,242
076:0,008;386,190;775,063;870,070
077:0,008;363,011;711,108
078:0,008;353,060;359,116;1195,061
079:0,008;363,011;499,052;676,044;775,063;870,070
080:0,008;363,011;676,044;711,108;775,063;936,100
081:0,009;243,040;252,253;358,023;359,108;395,063;547,045;752,036;1044,076;1152,063
082:0,009;169,096;243,040;281,038;344,050;358,023;369,103;430,045;816,060;831,115
083:0,009;144,058;249,029;358,023;430,072;502,020;543,227;1098,230
084:0,009;249,029;372,115;395,063;396,059;502,020;518,270;697,066;816,060;846,185
085:0,009;247,165;313,029;344,050;358,023;525,159;697,066;828,020;868,124;911,041;948,043
086:0,009;265,057;281,038;344,050;358,023;481,171;599,054;728,265;752,036;1014,103;1160,250
087:0,009;249,029;252,253;344,050;530,053;585,162;697,066;728,040;752,036;1080,164
088:0,009;261,090;358,023;395,063;497,237;803,133;816,060;896,250
089:0,009;243,040;247,165;281,038;359,108;430,072;599,054;631,065;745,180
090:0,009;243,040;249,029;261,090;281,038;358,023;371,114;378,103;458,018;483,046;599,054;752,036
091:0,010;431,217;543,071;575,236;849,086;858,252
092:0,010;411,054;448,051;606,232;1152,149
093:0,010;417,036;448,051;543,071;647,035;858,252
094:0,010;171,257;418,050;553,140;647,035;1069,193
095:0,010;495,231;543,071;734,259;854,148
096:0,010;142,073;303,130;388,060;417,036;562,118;1112,160
097:0,010;448,051;539,258;562,118;647,035;779,160;943,054;1181,268
098:0,010;418,050;539,258;748,173;763,028;854,148;943,054;1112,160
099:0,010;388,060;411,054;417,036;418,050;549,089
100:0,010;303,130;388,060;411,054;417,036;448,051;553,140;775,063;943,054
101:0,011;362,100;426,047;529,128
102:0,011;177,034;202,029;236,032;502,020;582,089;777,244;904,034
103:0,011;177,034;261,087;305,071;426,047;502,020;523,127;543,071;701,136;721,038;928,194;1107,062
104:0,011;105,245;151,057;202,029;248,070;354,185;700,074;904,034
105:0,011;89,026;105,245;818,229
106:0,011;151,057;177,034;202,029;319,117;502,020;637,183;650,229;851,253;936,257;1107,062
107:0,011;151,057;236,032;527,246
108:0,011;151,057;188,152;338,026;372,078;418,050;426,047;502,020;527,246
109:0,011;151,057;177,034;236,032;502,020;528,121
110:0,011;163,141;219,236;236,032;355,250;528,121;1032,034;1164,036
111:0,012;211,210;263,129;286,045;329,041;353,060;391,065;585,043;652,025;864,059
112:0,012;188,152;201,100;329,041;365,148;652,025;762,233
113:0,012;263,129;311,045;564,018;585,043;652,025;762,233;1125,268
114:0,012;161,040;207,215;286,045;638,274;968,067
115:0,012;232,238;286,045;391,065;652,025;698,200;864,059;1131,064;1159,130
116:0,012;238,010;575,236;585,043;652,025;720,235;1038,232
117:0,012;11,275;585,043;652,025;773,129;864,059
118:0,012;201,100;286,045;585,043;692,163;739,034;812,212
119:0,012;286,045;391,065;652,025;692,163;739,034;779,160;822,268;1131,064
120:0,012;186,056;286,045;718,256;816,060;849,086;864,059
121:0,013;145,046;147,120;359,046;388,062;410,046;479,100;547,273;597,045;790,027;1044,076;1054,194
122:0,013;102,005;135,033;202,029;305,071;469,205;726,041;851,253
123:0,013;135,033;287,029;450,064;458,120;480,049;579,002;692,205;705,095;858,035
124:0,013;135,033;260,066;450,064;459,107;870,043
125:0,013;145,046;450,064;456,076;469,205;605,212;631,065;674,075;687,027;1023,155
126:0,013;145,046;445,152;450,064;611,188;652,025;800,176;1118,183
127:0,013;135,033;145,046;436,152;700,054;726,041;774,110;814,274;1056,070
128:0,013;226,274;597,009;858,035
129:0,013;189,239;456,076;636,258;858,035
130:0,013;145,046;475,128;611,188;726,041;774,110;858,035
131:0,014;36,010;52,014;305,071;426,128;515,052;684,071;870,043
132:0,014;299,040;450,170;499,052;508,158;720,235;854,176
133:0,014;179,003;318,254;357,058;421,127;490,040;575,198;684,071;877,149;1121,181;1152,063
134:0,014;299,040;305,071;347,170;1050,037;1119,043
135:0,014;305,071;475,175;490,040;614,187
136:0,014;357,006;441,069;490,040;499,052;684,071;920,211;1013,185
137:0,014;286,045;299,040;388,118;499,052;517,002;600,268;797,061;832,146;870,043;1014,055
138:0,014;313,038;409,125;458,184;499,052;720,187;828,273;870,043
139:0,014;318,233;490,040;1011,261
140:0,014;299,040;458,184;564,018;624,009;684,071;886,112;1080,045
141:0,015;236,106;280,193;385,069;497,068;606,053;887,164;929,030
142:0,015;248,238;304,068;380,064;400,203;447,070;525,212;606,053;987,245
143:0,015;227,149;329,041;380,064;497,068;730,191;737,096;1024,058
144:0,015;227,149;304,068;385,069;497,068;606,053;902,093;1007,274
145:0,015;238,027;379,124;385,069;518,257
146:0,015;11,275;70,001;240,275;302,191
147:0,015;220,119;304,068;357,058;380,064;447,070;513,153;582,171;727,053;988,061;1002,112
148:0,015;238,027;280,193;304,068;380,064;385,069;447,070;554,095;1022,243
149:0,015;228,096;304,068;454,270;497,068;628,054;709,009;758,030
150:0,015;157,060;238,027;366,178;447,070;497,068;513,153
151:0,016;254,123;477,011;576,226;671,245;904,034
152:0,016;483,046;611,169;867,031;987,208
153:0,016;479,146;517,002;590,098;641,257;720,226;867,031;1008,250;1057,128;1128,202
154:0,016;513,273
155:0,016;470,074;502,020;535,077;543,071;721,038;867,031;964,096;1168,194;1175,169
156:0,016;229,171;395,063;483,046;604,198;856,038;911,041;937,070
157:0,016;479,146;1121,052
158:0,016;505,068;611,169
159:0,016;513,273;515,037;630,226;839,066;867,031;958,196;967,067;1107,062
160:0,016;483,046;599,054;721,038;958,196;987,208
161:0,017;173,105;190,056;254,123;276,016;386,053;418,096;519,061;1035,040;1037,203
162:0,017;364,206;386,053;433,117;458,018;509,059;519,061;647,035;1119,036;1127,040
163:0,017;344,050;357,058;386,053;404,102;418,096;761,115;790,063;918,058;1035,040
164:0,017;369,187;377,229;386,053;458,018;508,158;519,061;1003,058
165:0,017;369,187;468,242;620,061;1018,168
166:0,017;364,206;400,002;458,018;509,190;519,061;1043,241;1081,096
167:0,017;404,102;458,018;470,037
168:0,017;362,219;766,028;863,265;1035,040
169:0,017;247,217;386,053;403,006;656,050;720,154;778,058;991,237;1035,040
170:0,017;388,062;407,227;458,018;485,076;735,040;980,133;1173,052
171:0,018;228,069;332,044;517,002;533,135;597,009;911,041;1008,021;1104,035
172:0,018;188,057;327,032;517,002;597,009;970,222;1161,035;1164,036
173:0,018;188,057;192,006;366,178;385,119;388,060;436,065;517,002;593,047;606,027;1008,021;1116,099
174:0,018;166,268;187,039;188,057;268,249;312,031;332,044;386,067;456,032;533,135;597,009;877,038;962,187;1053,227
175:0,018;188,057;288,233;332,044;493,162;501,077;517,002;593,047;615,237;745,074;982,120;1008,021;1106,086
176:0,018;225,244;228,069;385,119;517,002;593,047;597,009;937,255;970,222;992,034;1163,067
177:0,018;187,039;188,057;228,069;312,031;361,044;517,002;597,009;963,034;1008,021;1104,268;1109,222;1164,036
178:0,018;223,117;228,069;312,031;404,162;593,047;597,009;921,161;1008,021
179:0,018;121,065;145,015;188,057;312,031;332,044;469,006;585,043;596,006;734,066;911,041;982,120;1008,021;1092,066;1163,179
180:0,018;89,026;123,260;208,046;444,162;458,018;501,077;517,002;597,009;920,226;937,255;1008,021;1113,194;1116,099
181:0,019;147,186;226,009;268,222;289,090;355,160;700,074;958,035;964,067
182:0,019;173,105;279,033;405,269;446,160;467,006;747,222;964,067
183:0,019;50,055;138,009;182,066;195,190;248,092;268,222;415,071;469,183;549,006;672,189;692,160;775,009;969,101
184:0,019;157,060;180,159;182,066;656,050;670,150;832,179;913,042;949,272
185:0,019;182,066;672,189;722,115;737,037
186:0,019;157,060;195,190;405,269;447,187;511,026;676,113;828,020;903,103;950,134;964,067
187:0,019;161,009;180,159;230,009;248,092;462,006;700,074;765,058;838,061;985,036;1050,181;1090,059
188:0,019;147,186;213,003;306,231;317,067;513,200;656,050;722,115;792,030;793,061;944,059;1186,034
189:0,019;178,015;182,066;676,113;705,045;795,074;904,034;969,101;1004,253;1062,034
190:0,019;182,066;670,150;700,074;950,134;1050,181
191:0,020;207,079;282,059;570,218;739,034;765,237;972,153;1061,021;1112,202
192:0,020;107,051;186,056;227,026;230,050;282,059;292,160;329,041;345,050;385,233;391,065;590,190;595,185;631,065;721,038;1082,043
193:0,020;230,050;286,062;298,014;338,026;401,114;424,037;996,130;1012,079;1026,055
194:0,020;191,260;219,026;230,050;306,231;312,010;338,026;406,045;424,037;701,185;928,103
195:0,020;219,026;286,062;299,040;378,011;684,247;735,218;816,027
196:0,020;186,056;219,026;282,059;294,062;312,223;338,026;396,059;545,049;570,218;582,068;631,065;732,129;739,034;782,167;870,160;913,237;1131,064
197:0,020;219,026;269,014;353,060;426,128;430,072;577,018;631,065;730,112;879,049;897,038;996,130;1086,034;1150,030
198:0,020;186,056;230,050;292,016;338,026;436,049;520,052;542,002;571,011;701,185;751,040;847,050;851,009;964,067;1080,165
199:0,020;179,003;186,056;228,010;230,050;286,062;309,119;341,017;358,023;374,253;424,037;811,050;1018,168;1061,021;1093,055
200:0,020;220,119;230,050;282,059;286,062;327,208;350,010;424,037
