001:0,001;122,207;238,043;254,245
002:0,001;150,247;565,065;634,203
003:0,001;133,129;457,174
004:0,001;187,121
005:0,001;173,166
006:0,001;101,214;565,065;664,245
007:0,001;101,214;404,040;516,251
008:0,001;19,195;404,040;512,166
009:0,001;127,112;404,040;446,202
010:0,001;187,121
011:0,002;185,152
012:0,002;137,030;197,263
013:0,002;116,141;909,152
014:0,002;132,045;295,243;383,054;390,191
015:0,002;241,180;411,055;467,248
016:0,002;23,190;137,030;206,080
017:0,002;137,030;185,102
018:0,002;145,175;185,152;378,046;462,091
019:0,002;185,102
020:0,002;137,030;145,175;411,055;462,091;571,046;797,089;938,200
021:0,003;180,034;214,151;350,066;647,052;776,078
022:0,003;129,126;319,002;339,252;350,066;647,052;694,093;751,271
023:0,003;81,169;138,042;238,043;245,171
024:0,003;118,259;350,066;820,165;902,237
025:0,003;137,101;138,042;180,034;350,066;654,176
026:0,003;115,080;120,064;138,042;143,259;443,216;515,215;647,052;751,271
027:0,003;102,194;115,080;138,042;192,167;633,237;882,086
028:0,003;138,042;180,034;389,237
029:0,003;81,169;180,034;241,047;527,270;647,052;706,086
030:0,003;150,247;180,034;339,252;654,176
031:0,004;101,268;137,030;169,071;378,057;614,221
032:0,004;88,148;559,043;569,154
033:0,004;57,167;270,211;378,057;614,221
034:0,004;135,133;169,071;382,153
035:0,004;74,120;94,111;191,071;250,052;293,077
036:0,004;94,111;250,052;378,057;802,137
037:0,004;57,167;169,071;397,134
038:0,004;88,148
039:0,004;118,256;250,052;553,138
040:0,004;111,096;169,071;404,040;432,224
041:0,005;139,041;168,174;472,098
042:0,005;139,041;169,101;997,206;1011,101
043:0,005;155,237;559,043
044:0,005;193,161
045:0,005;181,103;209,035;224,198;319,002;559,043
046:0,005;195,129;559,043
047:0,005;70,138;468,255
048:0,005;139,041;247,172;862,192
049:0,005;70,138;139,041;155,237;172,098;507,161
050:0,005;168,174;348,073;559,043
051:0,006;309,189;324,088;928,084
052:0,006;170,261;280,068;324,088;536,069;818,110
053:0,006;373,212
054:0,006;280,068;298,053;373,212
055:0,006;280,068;331,169
056:0,006;453,125;536,069;868,084
057:0,006;280,244;536,069;715,120
058:0,006;280,244;309,189;454,139
059:0,006;382,268;453,125
060:0,006;296,231;536,069;772,181
061:0,007;71,258;181,103;682,026
062:0,007;74,120;682,026;999,082
063:0,007;111,108;652,029;727,258
064:0,007;66,184;367,083;682,026;1126,060
065:0,007;152,198;461,112;480,268;682,026;912,160;999,082;1126,060
066:0,007;51,239
067:0,007;124,262;378,046;480,268;1126,060
068:0,007;31,049;111,108;180,034;309,194
069:0,007;51,239;378,046;461,112;1126,060
070:0,007;367,083
071:0,008;37,150;67,073;229,050;415,099
072:0,008;22,113;229,050;250,052;291,036;319,002;420,263;726,198
073:0,008;67,073;229,050;317,074;319,002;413,170;786,104
074:0,008;120,168;209,035;246,050;291,036;335,063;411,104
075:0,008;49,238;229,050;291,036;335,063;369,209;1178,172
076:0,008;67,073;209,035;291,036;317,074;319,002;415,099;565,198
077:0,008;22,113;317,074;364,073;411,104;599,204
078:0,008;209,035;291,036;319,002;411,055;578,204
079:0,008;67,073;270,156;369,064
080:0,008;8,142;185,073;209,035;319,002;335,063;378,081;397,244
081:0,009;32,219;205,192;319,002;516,190;745,239;818,211;1010,168
082:0,009;152,069;260,159;565,065;658,174;836,076;873,074;1006,064;1076,160
083:0,009;152,069;221,249;304,131;569,191;907,069
084:0,009;67,073;92,236;324,107;390,053;429,265;444,189;536,069;1073,127
085:0,009;149,219;387,243;683,255;742,069;796,222
086:0,009;25,081;92,236;132,045;152,069;226,235
087:0,009;116,141;152,069;240,185;757,083
088:0,009;126,095;907,069;1069,262
089:0,009;124,157;132,045;252,208;873,074;907,069;1195,106
090:0,009;132,045;205,192;873,074;963,117
091:0,010;182,272;884,112;907,255;1063,206
092:0,010;103,093;107,222;652,029;964,108
093:0,010;229,255;471,089;603,217
094:0,010;99,217;171,031;219,097
095:0,010;88,089;115,162
096:0,010;171,031;273,076;841,268
097:0,010;99,217;652,029;1169,266
098:0,010;88,089
099:0,010;107,222;171,031;178,115
100:0,010;115,162;474,200;652,029;794,172
101:0,011;249,190;296,115;384,167
102:0,011;250,219;787,097;981,026;993,145
103:0,011;527,273
104:0,011;301,218
105:0,011;183,107;390,053;465,250;934,088
106:0,011;183,107;243,053;346,138
107:0,011;243,053;330,220;378,046;390,053;472,269
108:0,011;209,035;243,053;301,218
109:0,011;241,047;378,205;390,053;518,222;825,100;972,125;1031,195
110:0,011;293,120;302,060;344,190
111:0,012;64,053;161,230;188,210;820,165
112:0,012;95,210
113:0,012;126,211;225,147;383,054;400,123;840,040
114:0,012;185,197;383,054;438,139;731,141
115:0,012;172,208;383,054;445,206;1140,235
116:0,012;208,249
117:0,012;13,230;840,040
118:0,012;153,196;776,078;840,040
119:0,012;115,230;153,196;172,208;185,197;467,248;840,040
120:0,012;8,142;126,211
121:0,013;124,157;571,046;850,035;938,200
122:0,013;19,195;73,049;207,139;378,057;649,175;713,154;722,069;865,088;1042,209
123:0,013;31,049;172,098;377,092;494,155;716,101;1071,249
124:0,013;34,105
125:0,013;31,049;228,251;719,175
126:0,013;21,009;125,114;127,112;187,128;317,074;338,096;435,055;571,046;840,040
127:0,013;20,128;338,096;571,046;913,091;1082,190;1197,150
128:0,013;23,190;407,192;571,046;840,040;873,074;927,185
129:0,013;71,224;369,064;743,094;1127,215
130:0,013;51,262;207,139;332,105;562,180;649,175;1003,120;1030,219
131:0,014;138,042;176,084;269,060;299,143
132:0,014;240,177
133:0,014;151,269;240,177;410,198;596,069;867,139;1175,108
134:0,014;125,114
135:0,014;189,200;299,143;825,167;899,095
136:0,014;168,188;403,185
137:0,014;151,269;168,188;243,053;358,252
138:0,014;164,122;1113,143
139:0,014;192,169;411,055;441,152;674,142;946,043;966,225
140:0,014;39,155;966,225;1005,174
141:0,015;13,230;21,014;82,227;335,063;356,035;865,147;918,114;928,142
142:0,015;19,187;185,056;382,135
143:0,015;11,176;16,147
144:0,015;185,265
145:0,015;16,147;25,081;873,185;895,026
146:0,015;185,056;356,035;921,064
147:0,015;11,176;185,056;356,035;869,026
148:0,015;19,243;921,064
149:0,015;19,187;185,056;426,115;554,216;605,120;756,081;921,064
150:0,015;88,087
151:0,016;272,138;301,072;467,141;539,030
152:0,016;212,153;269,060;474,241;480,247;489,092
153:0,016;277,266;523,259
154:0,016;126,095;269,060;301,072;558,196
155:0,016;169,071;521,219;552,256;1006,099
156:0,016;301,072;539,030;1060,234
157:0,016;32,219;37,176;539,030
158:0,016;250,222;450,169;1034,043;1043,199
159:0,016;212,135;238,043;269,060;277,266
160:0,016;238,043;301,072;552,256;739,251
161:0,017;79,092;114,094;212,187
162:0,017;79,092;420,035;474,223
163:0,017;58,119;879,231
164:0,017;58,119;84,193;118,051;212,187;330,060;372,267;848,035;879,231;887,192
165:0,017;64,053;103,093;241,047;356,035;866,215;1164,142
166:0,017;95,228;118,051;171,031;181,077;455,057;527,066;646,142;728,273;1045,092;1051,078
167:0,017;72,122;415,211;434,214;565,065;747,269;850,150
168:0,017;114,094;118,051;241,047;407,127;413,208;635,080;677,105;777,223
169:0,017;84,193;400,123;674,235;764,088;789,236;1019,249;1024,201
170:0,017;105,005;228,195;825,203
171:0,018;34,006;167,020;216,101;653,135;693,092;703,035;869,275
172:0,018;106,216;169,101;212,207;654,030
173:0,018;64,053;121,194;168,011;268,159;302,188
174:0,018;64,053;74,163;170,168;1161,100
175:0,018;106,216;969,147;1056,211
176:0,018;44,150;857,250
177:0,018;74,163
178:0,018;64,053;121,194;191,016;342,071;435,191;539,030
179:0,018;52,131;61,006;543,129;556,170
180:0,018;52,131;845,272
181:0,019;5,231;104,020;260,200;907,069;1148,132;1179,111
182:0,019;286,257;642,134;765,099;850,122
183:0,019;71,009;120,064;141,104;162,100
184:0,019;51,012;120,064;256,272;303,241;921,064;1179,111
185:0,019;50,241;193,134;270,113;407,127
186:0,019;50,241;430,259;946,167;961,256
187:0,019;5,231;42,098;118,051;193,134;336,072;596,201;1110,222
188:0,019;31,220;229,215;286,257
189:0,019;31,049;165,016;229,215;1053,112;1093,257
190:0,019;42,098;120,064;162,100;201,087;295,236;1115,043
191:0,020;157,177;219,039;325,233;449,072;529,137;860,177;882,043;983,130
192:0,020;228,158;258,097;348,073;753,219
193:0,020;157,177;194,084;247,185;302,060;369,064;743,094;1128,095
194:0,020;211,171;329,215;478,073;887,115;905,272;1050,120;1089,260
195:0,020;302,060;348,073;746,077;795,195
196:0,020;219,039;253,217;369,064;499,066;614,253;694,131
197:0,020;229,076;347,180;614,253;1096,026
198:0,020;219,039;302,060;369,064;711,144
199:0,020;70,001;156,135;569,030;992,260
200:0,020;211,171;219,039;228,158;348,073;711,144;983,130;1159,060
