001:0,001;140,068;176,213;216,022;250,077;281,188;524,115;865,070;1080,237
002:0,001;64,060;84,111;108,189;160,040;216,022;239,120;1184,064
003:0,001;93,042;160,040;216,022;239,120;711,062;758,104;1042,055;1079,072;1119,215;1184,064
004:0,001;64,060;91,234;140,068;150,035;192,043;216,022;271,255;306,076;445,039;1168,167
005:0,001;108,189;160,040;215,152;445,039
006:0,001;84,111;140,068;150,035;160,040;192,043;216,022;281,188;445,039;711,062;758,104
007:0,001;111,193;216,022;234,099;711,062;733,159;1080,237
008:0,001;111,193;711,062;984,079;1025,137;1184,064
009:0,001;120,038;150,035;160,040;192,043;313,177;880,137;1184,064
010:0,001;216,022;347,137;445,039
011:0,002;93,042;111,036;206,109;212,049;559,218;1031,059;1079,251
012:0,002;64,060;68,170;81,072;93,042;122,273;132,048;153,122;218,061;339,094
013:0,002;68,170;212,049;339,094;424,207;431,003;449,256
014:0,002;72,069;111,036;155,117;212,049;529,051;540,074;699,026;1031,059;1102,241
015:0,002;93,042;116,077;212,049;460,227;540,074;699,026;1031,059;1128,216
016:0,002;109,264;153,122;529,051;540,074;645,043;696,137;699,026;1079,251
017:0,002;81,072;132,191;809,012;810,117;957,192;1128,216
018:0,002;81,072;111,036;119,194;645,043;699,026;1031,059
019:0,002;81,072;136,252;212,049;424,046;540,145
020:0,002;105,076;119,194;132,048;161,264;529,051;645,043;679,192
021:0,003;184,064;271,040;610,152;735,225;1113,046
022:0,003;195,064;271,040;617,160;938,073;1116,076;1184,064
023:0,003;212,124;235,162;271,040;437,054;528,056;630,044
024:0,003;73,123;216,022;231,265;311,064;342,119
025:0,003;162,133;327,059;342,119;512,056;561,258;938,073;1116,076
026:0,003;162,133;630,044;1142,141
027:0,003;169,180;212,124;561,258
028:0,003;150,035;163,131;498,025;570,185;630,044
029:0,003;184,064;235,162;271,040;290,223;303,041;624,226;938,073;1072,252;1113,046
030:0,003;73,226;136,252;169,180;184,064;271,040;538,144;1113,046
031:0,004;709,045;716,034;810,071;835,236;1031,023;1042,055;1054,268;1136,075;1194,270
032:0,004;735,225;810,071;1028,197;1031,023;1129,027
033:0,004;709,045;812,098;1031,023;1042,055;1136,075
034:0,004;659,013;709,045;805,052;890,216;1031,023;1054,268;1129,027
035:0,004;16,224;1031,023;1103,115
036:0,004;709,045;716,034;835,236;922,230;1031,023;1091,231
037:0,004;716,034;805,052;922,230;999,029;1028,197;1031,023;1087,139
038:0,004;709,045;716,034;805,052;812,098;1087,139;1129,027
039:0,004;709,045;805,052;810,071;1042,055;1136,075;1165,186
040:0,004;716,034;810,071;1043,255;1129,027
041:0,005;125,059;169,153;865,070
042:0,005;189,237;385,108
043:0,005;235,247;616,047;656,263;865,070
044:0,005;210,245;487,201;597,012;687,141;691,113;961,094
045:0,005;125,059;156,050;385,108;867,022;1186,150
046:0,005;110,034;155,117;231,111;298,074;469,258;489,209;645,043;658,261;865,070
047:0,005;110,034;125,059;132,048;156,050;441,218;616,047;691,113;865,070
048:0,005;110,034;125,059;174,115;298,074;445,051;478,197;524,084;893,261
049:0,005;110,034;130,082;156,050;357,071;487,201;616,047;656,263;865,070
050:0,005;118,110;125,059;156,050;298,074;489,209;658,261
051:0,006;255,044;327,059;431,003;558,088;597,012;777,124;999,029;1032,048;1124,182
052:0,006;201,229;487,043;577,041;597,012;734,047;817,037;899,159;999,029;1047,062;1055,188
053:0,006;164,020;213,058;226,098;414,041;434,126;495,023;633,168;734,047;1046,072
054:0,006;164,020;213,058;254,210;431,003;509,142;577,041;597,012;734,047;735,182;844,117;999,029;1046,072
055:0,006;191,076;201,229;213,058;218,061;243,032;254,210;327,059;381,015;424,272;431,003;487,043;567,189;769,028;777,124;1168,167
056:0,006;255,044;282,234;414,041;431,003;495,061;505,008;548,177;597,012;734,047;1032,048
057:0,006;157,065;191,076;243,032;268,140;414,041;424,272;431,003;495,061;523,257;734,047;1032,048
058:0,006;194,145;243,032;327,059;414,041;431,003;528,088;567,189;577,041;597,012;716,034;771,149;772,196;1046,072
059:0,006;243,032;296,208;431,003;495,061;577,041;597,012;729,151
060:0,006;209,187;255,044;412,220;426,182;431,003;487,043;495,061;597,012;731,196;1032,048
061:0,007;208,045;211,040;253,025;503,187;604,112;999,056
062:0,007;169,150;192,066;208,045;253,025;409,086;704,065;863,057;987,068;1095,205
063:0,007;192,066;253,025;424,207;503,187;987,068;1010,123
064:0,007;201,046;208,045;253,025;354,178;863,057;912,129
065:0,007;135,013;169,150;253,025;448,089;999,056
066:0,007;192,066;253,138;863,057
067:0,007;208,045;253,025;354,178;704,065;999,056
068:0,007;207,236;208,045;320,231;654,140;660,076;863,057;920,152
069:0,007;192,066;210,028;211,040;287,181;624,226;759,035;912,129
070:0,007;206,109;211,040;253,025;401,159;704,065;987,068;999,056
071:0,008;100,233;151,241;164,020;232,156;238,028;392,123;769,028;861,244
072:0,008;158,057;164,020;310,199;439,044;498,025;849,011;1139,088
073:0,008;100,233;238,028;347,137;849,011;1179,089
074:0,008;144,155;164,020;218,037;238,028;378,174;439,044;498,025;673,085;769,028;829,109;1063,248
075:0,008;151,241;158,057;164,020;236,201;238,028;439,044;498,025;849,011;1158,219
076:0,008;158,057;164,020;236,201;316,072;498,025;769,028;849,011;1139,088
077:0,008;146,106;158,057;164,020;207,236;498,025;769,028;810,071;849,011;1091,231
078:0,008;140,126;144,155;155,031;158,057;164,020;218,037;316,072;439,044;498,025;704,065;1063,248
079:0,008;130,112;164,020;169,153;218,037;272,206;439,044;498,025;772,010;849,011;1169,126
080:0,008;66,142;316,072;673,085;849,011;1154,228
081:0,009;255,047;317,034;492,062;558,064;971,239;1179,139
082:0,009;192,168;252,272;255,047;676,195
083:0,009;57,161;492,062;495,100;558,064;930,090
084:0,009;210,028;317,034;492,062;524,115;558,064;817,037;984,258
085:0,009;179,207;185,071;210,028;264,044;317,034;442,064;492,062;509,147;558,064;725,061;851,272
086:0,009;185,071;192,168;210,028;246,199;817,037;928,165
087:0,009;185,071;252,272;255,047;509,147
088:0,009;179,204;185,071;211,082;367,047;478,197;527,247;987,068;1015,235
089:0,009;246,199;255,047;492,062;558,064;817,037;928,165;930,090;1097,239
090:0,009;179,204;211,082;282,001;317,034;495,100;616,047;1078,089
091:0,010;218,061;282,001;532,122;892,053;1046,072
092:0,010;237,160;282,001;872,113
093:0,010;111,036;114,134;282,001;842,050;892,053;893,105
094:0,010;277,254
095:0,010;114,134;200,070;282,001;836,211;994,093
096:0,010;230,061;282,001;892,053;1095,223
097:0,010;237,160;282,001;842,050;875,250;892,053;1127,254
098:0,010;282,001;836,211;842,050;932,210
099:0,010;240,070;253,025;270,242;342,001;842,050;994,093;1018,039;1034,270
100:0,010;270,242;282,001;837,222;932,210
101:0,011;135,013;221,163;303,041;361,169;424,046;495,033
102:0,011;140,159;341,062;368,066;437,054;521,107
103:0,011;62,241;135,013;177,250;437,054;495,033
104:0,011;130,112;135,013;176,126;341,062;431,003;499,098;761,224
105:0,011;62,241;135,013;194,130;303,041;341,062;357,071;368,066;455,231;484,051;488,068;543,101
106:0,011;135,052;156,186;495,033
107:0,011;132,048;135,013;201,241;1005,049
108:0,011;135,052;156,186;303,041;368,066;437,054;500,106
109:0,011;135,052;175,210;176,167;368,066;424,046;495,033
110:0,011;135,013;176,167;341,062;387,185;428,234;540,074;737,015;825,012
111:0,012;314,014;495,023;539,079
112:0,012;213,058;223,181;314,014;332,057;495,023;505,008;900,260;921,034
113:0,012;314,014;495,023;505,008;659,013;829,114;921,034
114:0,012;314,014;495,023;505,008;921,034
115:0,012;314,014;495,023;505,008;905,256
116:0,012;314,014;439,044;495,023;505,008;861,063
117:0,012;332,057;505,008;958,240
118:0,012;314,014;505,008;829,114
119:0,012;232,156;332,057;505,008;861,244;999,056
120:0,012;332,057;363,027;424,211;505,008;921,034
121:0,013;61,069;155,031;354,226;391,223;484,050;499,175;659,013;733,159;751,008;867,022;897,102;1168,250
122:0,013;63,113;442,064;499,082;584,053;659,013;723,065;763,097;778,231;1047,062
123:0,013;61,069;127,269;140,016;229,031;323,125;332,176;381,016;584,053;867,022;916,171;1113,046
124:0,013;28,086;442,064;584,053;837,271;867,047;891,095
125:0,013;87,019;102,211;285,063;470,112;659,013;727,098;810,071;816,111;867,022;875,250
126:0,013;102,211;155,031;332,176;484,050;584,053;867,022;891,095;1053,212
127:0,013;68,015;155,031;277,254;290,194;354,226;470,112;484,050;499,082
128:0,013;81,072;169,255;484,050;580,015;659,013;704,271
129:0,013;93,274;155,031;391,223;442,064;487,043;499,175;659,013;709,045;815,123;867,022;894,119;1095,012
130:0,013;28,086;61,069;93,274;296,208;396,072;577,041;660,248;816,111;867,022;972,186
131:0,014;218,037;308,215;311,064;357,071;428,234;487,070;595,158
132:0,014;487,070;539,073;670,066;861,063
133:0,014;309,274;371,270;487,070;633,097;1122,026
134:0,014;265,170;309,274;484,051;514,156;539,073;670,066;772,010;1060,030
135:0,014;272,192;285,063;343,084;357,071;426,182;861,063
136:0,014;273,135;285,063;308,215;487,070;539,073;670,066;780,257;810,071;1060,030;1122,026
137:0,014;311,064;484,051;557,107;570,015;738,174;974,063;1060,030
138:0,014;273,135;332,057;459,022;540,076;670,066;853,237;1060,030
139:0,014;285,063;399,193;539,073;707,083;861,063
140:0,014;245,090;285,063;311,064;371,270;401,169;484,051;513,233;623,177;794,089;1122,026;1171,208
141:0,015;513,233;1075,035;1145,144
142:0,015;784,163;1078,057;1097,074
143:0,015;772,010;1149,113
144:0,015;741,046;798,010;1097,074
145:0,015;558,064;560,056;689,187;741,046;1078,057
146:0,015;741,046;848,143;857,177
147:0,015;156,050;211,040;491,015;741,046;840,065;1054,175;1078,057
148:0,015;642,012;749,110;1078,057
149:0,015;550,031;649,231;956,049;1042,163
150:0,015;749,110;848,143;1097,074
151:0,016;424,046;436,259;441,016;794,274;809,012
152:0,016;759,035;809,012
153:0,016;809,012;1075,035;1122,026
154:0,016;221,163;809,012
155:0,016;764,208;809,012;1122,026
156:0,016;782,044;809,012
157:0,016;766,229
158:0,016;759,035;809,012
159:0,016;830,235;1075,035;1186,157
160:0,016;255,047;524,084;570,063;692,079;738,174;759,035;809,012;1075,035;1157,225
161:0,017;106,127;109,070;199,053;412,057;580,088;605,046;1046,012
162:0,017;59,071;104,264;109,070;184,197;199,053;532,025;633,074;772,222;780,137;936,108;1081,012;1136,075;1146,039
163:0,017;87,099;114,088;140,068;184,197;199,053;349,014;495,023;512,056;539,033;718,015;814,162;1009,159
164:0,017;59,071;85,008;129,148;156,149;199,053;512,056;602,004;605,046;721,025;799,123;941,010;1047,062
165:0,017;59,071;156,149;184,064;261,104;274,004;605,046;728,053;1031,023;1047,062
166:0,017;138,114;355,062;370,016;504,065;644,266;657,189;698,053;751,239;772,222
167:0,017;74,001;109,070;261,104;475,019;504,065;531,239;605,046;849,011;938,073;1047,062
168:0,017;59,071;109,070;138,114;181,031;199,053;201,241;222,076;504,065;557,008;723,015;781,157
169:0,017;62,071;199,053;512,056;605,046;644,266;881,011;1047,062
170:0,017;74,005;114,088;129,148;199,053;504,065;512,056;605,046;1034,033;1059,062
171:0,018;282,234;292,156;630,044;1049,033;1086,048
172:0,018;269,270;316,072;409,034;601,093;632,044;1137,070;1200,063
173:0,018;255,044;372,063;461,034;515,236;593,039;760,190
174:0,018;286,015;347,063;349,040;596,073;626,053;872,270;934,012
175:0,018;61,069;123,009;198,140;793,008;1054,150
176:0,018;314,269;663,053;702,004;760,190;1023,053;1056,191
177:0,018;218,061;320,226;347,063;487,104;504,001;663,013;681,025;872,270;960,011;1099,125
178:0,018;140,068;177,216;190,050;480,039;529,051;586,031;624,156;661,053;867,022;887,065;999,029;1041,039
179:0,018;267,025;347,063;480,225;515,236;543,039;1099,125;1131,097
180:0,018;303,082;320,226;333,001;347,063;442,015;863,063
181:0,019;480,225;488,068;555,001;614,025;772,010;1058,027;1078,057
182:0,019;596,255;683,025;772,010;1058,027;1092,105;1097,074
183:0,019;550,031;603,223;772,010;1147,034
184:0,019;527,008;550,031;646,194;687,013;766,160;774,046;1030,131;1056,101;1058,027;1172,132
185:0,019;488,068;586,231;610,106;772,010;1103,103
186:0,019;521,251;550,031;619,001;858,249;1020,010;1058,027;1185,128
187:0,019;536,252;603,223;1077,072;1086,030
188:0,019;534,015;772,010;1030,131
189:0,019;81,072;127,038;185,098;200,070;301,266;488,068;531,239;609,025;780,084;1047,033;1107,048
190:0,019;521,251;596,255;772,010;1172,132
191:0,020;73,178;99,003;120,038;135,013;201,046;212,015;310,260;445,051;459,022;533,079;621,036;1009,084
192:0,020;93,112;120,244;177,216;182,219;262,198;273,046;317,139;334,038;445,051;459,022;516,141;690,008;942,010;1005,049
193:0,020;58,018;61,065;73,178;86,015;157,065;233,264;273,046;334,038;363,027;462,124;538,040;570,063;659,107;725,061;956,049;986,058;1065,266;1101,034;1111,063;1129,275
194:0,020;120,038;200,070;201,046;219,211;273,046;310,260;334,038;459,022;540,105;570,063;621,036;986,058;1005,049;1078,057
195:0,020;61,065;120,244;155,031;157,065;231,111;459,022;554,266;591,015;621,036;1007,212
196:0,020;65,008;77,084;157,065;200,070;247,045;314,014;531,016;771,149;956,049;1001,112;1042,053;1098,100
197:0,020;61,065;73,237;93,112;120,038;182,219;214,018;273,046;298,074;459,022;624,039;628,004;725,061;924,221;956,049
198:0,020;61,065;64,060;84,142;120,016;157,065;262,198;285,015;334,038;363,027;459,022;570,063;621,036;805,052;916,012;957,036;986,058;1005,049;1006,026;1114,223;1154,228
199:0,020;77,084;192,043;252,250;317,139;333,057;348,034;363,027;445,051;459,022;540,105;659,013;725,061;826,223;979,105;986,058;999,047;1093,097
200:0,020;73,237;201,046;221,145;378,027;516,141;595,158;621,036;1005,049
