001:0,001;43,133;123,044;551,071;687,051;794,216;880,053;1121,198
002:0,001;62,188;518,071;795,110;1017,079;1121,198
003:0,001;43,133
004:0,001;123,044;709,221;1143,274
005:0,001;90,155
006:0,001;44,129;123,044;742,138;764,026;812,275
007:0,001;123,044;493,243;518,071;687,051;873,140
008:0,001;149,152;239,053;449,129;764,026;765,241
009:0,001;51,252;90,155;239,053;317,172;518,071;687,051;764,026;794,193;1129,133
010:0,001;44,129;62,188;90,088;764,026;792,197;864,250
011:0,002;51,126
012:0,002;108,052;120,085;849,045
013:0,002;208,148;239,053;288,215
014:0,002;108,052;417,249;428,225
015:0,002;77,219;368,157
016:0,002;7,039;29,223;108,052;143,257;288,215;849,045;1067,148
017:0,002;120,085;849,045;1183,248
018:0,002;67,214;849,045;1036,104;1104,068
019:0,002;70,224;344,070;368,157
020:0,002;77,219
021:0,003;25,207;191,265
022:0,003;7,125;598,202
023:0,003;27,265;123,226;196,120
024:0,003;7,093;27,265;518,071;682,220;827,180;884,088
025:0,003;80,116;433,052;462,202
026:0,003;34,271;1129,253
027:0,003;30,158
028:0,003;9,256
029:0,003;12,139;433,052;458,101
030:0,003;196,120
031:0,004;95,170;730,171
032:0,004;72,221;91,050;141,092
033:0,004;91,050;156,240
034:0,004;95,170
035:0,004;78,266;91,050;225,246;332,197;1011,156
036:0,004;91,050;163,171
037:0,004;78,266
038:0,004;209,200
039:0,004;141,092
040:0,004;31,106
041:0,005;29,032;70,224;1154,096
042:0,005;54,262;149,064;363,232
043:0,005;128,187;149,064;447,181
044:0,005;149,064;533,134;538,072;546,096
045:0,005;25,251;29,032;119,250;919,079
046:0,005;8,225
047:0,005;72,221;230,202;447,181
048:0,005;12,139;29,032;112,232;149,064;467,220
049:0,005;27,222;112,232
050:0,005;27,222;205,043;377,080;1123,027
051:0,006;26,069;121,082;216,118;232,158
052:0,006;49,205;118,272
053:0,006;121,082
054:0,006;26,069;49,205;182,099;938,256
055:0,006;20,245;704,057;853,179;897,101;1067,109
056:0,006;20,245
057:0,006;26,069;118,272;239,053;358,205
058:0,006;26,069;71,244;856,164;1061,245
059:0,006;80,116;253,272
060:0,006;25,251;595,226;709,205
061:0,007;105,037;386,154;604,058;728,187
062:0,007;38,160;165,268;730,073;1021,089
063:0,007;5,215;58,043;105,037;370,234
064:0,007;58,043;154,234
065:0,007;51,246;109,161;730,073;1026,135;1149,112
066:0,007;31,206;58,043;109,161;956,203
067:0,007;28,202;105,037;298,240;505,167;730,073;1054,039;1149,112
068:0,007;31,206;58,043;165,268
069:0,007;6,062;38,160;105,037;325,147;578,058;730,073;857,061;1054,039
070:0,007;40,102;1054,039;1168,091
071:0,008;106,030;209,191;857,061
072:0,008;91,107;100,036;276,094;299,113;901,163
073:0,008;106,030;178,040;249,188;314,203;1011,204;1146,105;1156,036
074:0,008;299,113;885,072;917,235
075:0,008;159,247;178,040;230,209;467,221;927,132
076:0,008;106,030;528,243;885,072;973,183;1156,036
077:0,008;127,148;159,247;178,040;230,202;507,098
078:0,008;10,127;100,036;202,264;276,094;857,061
079:0,008;8,246;100,036;178,040;240,104;885,072;901,163
080:0,008;100,036;314,203;857,061;938,199
081:0,009;150,059;229,050;433,229;804,159
082:0,009;147,117;1023,082
083:0,009;136,164;1127,088
084:0,009;87,249;362,123
085:0,009;150,059;263,123;777,137
086:0,009;136,164;336,103
087:0,009;127,148;150,059;179,201;538,072;581,111
088:0,009;212,103
089:0,009;147,117;500,060;581,111;595,115;1156,036
090:0,009;7,192;87,249;538,072;884,088;992,180;1136,247
091:0,010;61,237;63,068;522,131;822,071
092:0,010;63,068;201,231
093:0,010;97,175;605,032;822,071
094:0,010;89,137;822,071
095:0,010;209,226;420,175;999,263;1080,183
096:0,010;63,068;97,175;205,258;230,163;533,134
097:0,010;61,237;63,068;94,212;334,263;438,258;730,200
098:0,010;94,212;605,032;905,251
099:0,010;83,236;504,105;605,032;805,204
100:0,010;205,258;464,097;522,131;599,212;605,032;805,204;936,231;1054,039;1104,193
101:0,011;545,227;1135,034;1157,177
102:0,011;499,079;500,060;754,247
103:0,011;529,037;1104,231;1153,108
104:0,011;479,164;500,060;587,114;693,258;1004,242
105:0,011;495,271
106:0,011;30,128;529,037;1004,242
107:0,011;529,037;1157,177
108:0,011;30,253
109:0,011;502,140;529,037;885,072;956,206
110:0,011;477,077;500,060;595,115;689,180;816,207
111:0,012;254,141
112:0,012;140,128
113:0,012;38,109;150,059;253,206
114:0,012;144,269;254,141
115:0,012;84,270
116:0,012;78,089;212,097;480,270
117:0,012;68,080;386,116
118:0,012;38,174
119:0,012;63,068;84,270;176,269;1017,128
120:0,012;68,080;284,269
121:0,013;40,130;379,250;597,099
122:0,013;216,118;389,056;712,031;717,108;880,053
123:0,013;211,179;773,073;880,053
124:0,013;231,130;698,201;717,132;846,058
125:0,013;210,037;288,160;880,053
126:0,013;220,137;389,056;765,241;822,071;864,061;1067,148;1134,186
127:0,013;64,159;1061,143;1168,251
128:0,013;39,097;370,259;529,037;919,098
129:0,013;42,110;69,004;90,088;197,109;211,179;288,160;712,031;734,161;801,108
130:0,013;362,145;389,056;712,031;825,163;880,053
131:0,014;26,063;403,246
132:0,014;7,039;64,063;562,135;932,034
133:0,014;24,259;200,063;488,081;932,034
134:0,014;7,039;69,089;82,093;571,080;675,130
135:0,014;6,062;7,039;26,063;488,081;932,034
136:0,014;6,062;24,259;462,172
137:0,014;17,110
138:0,014;6,062;26,063;433,229
139:0,014;25,207;932,034;1121,221;1156,036
140:0,014;6,062;26,063;214,132;711,105
141:0,015;10,127
142:0,015;24,201;296,132
143:0,015;95,260;386,214;538,072;656,102
144:0,015;7,197;325,156;953,172;971,207;1023,155;1092,236
145:0,015;24,201;26,063;189,235;389,030;547,193;577,201;1104,068
146:0,015;51,126;95,260
147:0,015;34,079;946,226
148:0,015;7,197;473,106;687,051;783,274
149:0,015;75,209;595,180
150:0,015;58,192;89,137;144,269;149,152;1054,187
151:0,016;125,240;209,031;348,118
152:0,016;167,122;209,031;486,156;549,125;704,057;712,031;756,156;997,149
153:0,016;209,031;308,094;341,093;470,130;646,058;1123,027
154:0,016;98,251;195,166;305,075;389,056;852,163;878,220;917,114;1123,027
155:0,016;120,136;163,130;209,031;523,246;704,057;726,183;1059,197
156:0,016;138,235
157:0,016;108,052;111,163;305,075;344,149;1100,164
158:0,016;7,125;209,031;546,096;576,251;983,134;1123,027
159:0,016;165,089;305,075;430,179
160:0,016;195,166;1123,027
161:0,017;168,140;578,058;1158,194
162:0,017;150,059;310,098;578,058;1123,027
163:0,017;182,099;275,186;325,030;500,056;564,135;611,174;800,143
164:0,017;195,030;491,093;937,058;1015,119
165:0,017;197,251;279,082;288,064;456,139;1054,039;1145,053
166:0,017;160,132;279,223;988,265;1003,080;1017,152
167:0,017;229,220;636,253;666,104;694,149;877,161
168:0,017;168,140;205,043;344,149;399,011;514,056;578,058
169:0,017;139,167;530,133;979,034
170:0,017;98,009;139,167;174,110;289,079;343,011;456,139;671,044;876,197
171:0,018;52,105;788,166;829,111;877,134;890,215;1036,229
172:0,018;106,030;333,089;628,172;655,189;973,126
173:0,018;66,090;344,070;411,193;472,154;704,057;718,131;965,175
174:0,018;7,093;175,203;229,050;340,143;1039,080
175:0,018;64,004;87,263
176:0,018;42,180;229,050;357,044;709,195;954,117
177:0,018;42,223;411,193;799,080;956,247;1031,170
178:0,018;75,008;175,203;229,050;333,089
179:0,018;50,115;63,174;78,274;305,075;655,189
180:0,018;24,151;41,011;42,180;606,129
181:0,019;23,186
182:0,019;7,095;23,186;205,043;237,011;240,104;375,028;507,191;765,125;795,227
183:0,019;37,086;108,052;215,043;266,191;344,070;433,221;588,209;1137,152
184:0,019;27,152;31,136;205,043;371,236;990,275
185:0,019;11,195;27,152;37,086;205,043;265,105;344,070;375,028;428,195
186:0,019;31,136;45,274;62,271;211,266;232,147;375,224;380,171;496,201;630,214;689,044;976,224
187:0,019;45,274;116,127;404,207;433,052;466,114;527,044;881,236;1156,102
188:0,019;29,032;91,107;318,031;428,195;565,200;641,125;1013,046
189:0,019;58,233;375,028;468,094;721,263;792,256;834,071
190:0,019;33,233;190,139;375,028;433,052;466,114;927,250;974,156;1119,240
191:0,020;50,115;101,013;135,077;417,219;433,046
192:0,020;40,102;107,030;433,046;1060,209;1146,144
193:0,020;20,008;24,239;32,236;200,247;240,250;331,233;433,046;482,247;858,061;1146,144
194:0,020;8,225;264,246;433,046;1026,135
195:0,020;32,236;65,013;200,247;591,134;673,077;682,223;814,244
196:0,020;123,226;1012,140;1104,068
197:0,020;69,009;159,156;433,046
198:0,020;9,013;197,109
199:0,020;24,239;47,013;100,036;123,166;142,037;232,147;305,180;433,046
200:0,020;30,158;135,077;940,045;1104,068
