001:0,001;41,173;81,100;615,076;821,242
002:0,001;96,053;178,126;917,042;983,161
003:0,001;137,181
004:0,001;77,187;96,053;205,188
005:0,001;161,232
006:0,001;106,173
007:0,001;41,173;917,042;983,161
008:0,001;81,100;448,114;589,060;690,242
009:0,001;54,232;917,042;978,245
010:0,001;41,171
011:0,002;40,194;335,129;340,097
012:0,002;48,262;735,073;1020,182
013:0,002;10,067;56,213
014:0,002;37,163
015:0,002;10,067;58,156;655,026;875,151;1171,160
016:0,002;10,067;31,140;78,262
017:0,002;61,162
018:0,002;10,067;47,199;637,162;655,026;705,092;735,073;745,139;1156,093
019:0,002;64,132;735,073;838,111
020:0,002;40,178
021:0,003;11,243;87,084;889,052;1090,217
022:0,003;34,188;291,174
023:0,003;10,246;49,149
024:0,003;87,084
025:0,003;152,231
026:0,003;91,143;152,231
027:0,003;11,243
028:0,003;62,150
029:0,003;62,150;393,243
030:0,003;49,149
031:0,004;96,226;454,194;589,060;740,039;766,081
032:0,004;56,114;90,068;102,181;118,060;234,109
033:0,004;79,063;113,121;118,060;155,119;279,057;351,175;391,249
034:0,004;90,068;118,060;196,202;279,057;382,205
035:0,004;102,234;171,098;589,060;706,238;1129,174
036:0,004;57,121;90,068;245,103;382,205;589,060;730,205
037:0,004;98,197;118,060;295,169;615,204;740,039
038:0,004;208,266;234,109;279,057;391,249;453,036;464,130;740,039;744,122
039:0,004;87,141
040:0,004;155,119;740,039
041:0,005;55,104;488,071;650,167
042:0,005;58,171;488,071;650,096;753,110;957,188;1087,035;1191,101
043:0,005;157,109;203,034;264,241;453,036;477,254;572,181;921,152
044:0,005;34,059;181,047;203,034;205,206;217,066;434,160;488,071;583,156;889,052;1068,220
045:0,005;107,091;414,225
046:0,005;34,059;206,235
047:0,005;34,059;214,166
048:0,005;55,104;1103,225
049:0,005;15,116;107,091;402,033;414,225;650,167;917,042;1191,101
050:0,005;34,059;203,034;214,166
051:0,006;58,265;98,261;151,065;198,190;258,176;325,155;388,085
052:0,006;33,179;49,063;66,167;73,028;183,155;301,271;713,246;1082,177
053:0,006;73,028;137,222;183,155;213,261
054:0,006;66,045;82,214;1045,155
055:0,006;49,063;203,260
056:0,006;49,063;73,028;96,053;151,065;203,260
057:0,006;98,261
058:0,006;53,271;151,065;299,226
059:0,006;49,063;58,265;66,167;151,065;211,085
060:0,006;57,125
061:0,007;155,161;698,075;1047,032
062:0,007;170,185;182,197
063:0,007;137,256;256,070;1047,032
064:0,007;157,109;194,050;463,094;477,254;1087,035
065:0,007;95,092;256,070;698,075;1087,035
066:0,007;182,197;596,056;698,075;1117,216;1155,035
067:0,007;137,256;256,070;996,057;1023,255;1047,032;1087,035
068:0,007;95,092;194,050;256,070;1047,032
069:0,007;194,050;397,102;698,075;1043,157;1048,238
070:0,007;158,272;245,103;1047,032
071:0,008;214,004;361,188;773,098
072:0,008;140,049;166,198;211,085;214,004;275,221;289,107;316,209
073:0,008;159,107;214,004;372,093;980,209
074:0,008;159,107;197,234;214,004;352,233;745,063
075:0,008;166,198;214,004;435,275;655,026;723,108
076:0,008;166,083;745,063
077:0,008;53,271;214,004;289,107
078:0,008;194,050;275,221
079:0,008;197,234;214,004;316,209;372,093;745,063
080:0,008;214,004;284,158;745,063
081:0,009;99,072;316,046
082:0,009;111,063;157,176;166,161;554,226;916,046;954,257
083:0,009;223,202;316,046
084:0,009;99,072;118,050;564,227
085:0,009;145,097;214,034;261,154;509,046
086:0,009;99,072;118,050;157,176;486,239;723,108;891,157
087:0,009;221,198;1011,038;1021,087
088:0,009;316,046;557,057;582,269
089:0,009;40,178;503,235;593,103;668,048;736,154;1110,115
090:0,009;71,184;116,246;118,050;176,136;316,046
091:0,010;100,073;133,152;1022,213;1089,139
092:0,010;100,073;117,079;155,072;463,241;837,223
093:0,010;179,268
094:0,010;92,263
095:0,010;37,211;655,026;783,135
096:0,010;129,129
097:0,010;155,072;283,079
098:0,010;100,073;101,076;155,072;391,219
099:0,010;92,263;117,079
100:0,010;100,073;177,191;179,268;391,219
101:0,011;131,215;363,147;668,048;743,123
102:0,011;167,247
103:0,011;204,135;1123,145
104:0,011;15,116;668,048;827,147
105:0,011;201,113;204,135;668,048;784,092
106:0,011;201,113
107:0,011;179,267;806,199;815,134
108:0,011;163,117;1068,220
109:0,011;155,072;167,247;1159,081;1172,116
110:0,011;420,185
111:0,012;100,074;110,203
112:0,012;102,017;410,039;514,145;1150,206
113:0,012;187,272;410,039;650,096;1071,176
114:0,012;92,218;470,198;537,100
115:0,012;35,217;71,045;198,190;410,039;668,134;917,204
116:0,012;131,215
117:0,012;100,074;175,157;766,081;807,204
118:0,012;110,203;791,139;979,267
119:0,012;92,218;100,074;186,076
120:0,012;35,217;100,074;263,241
121:0,013;38,267;258,110;683,223;755,171;794,196
122:0,013;234,163;285,060;516,246;552,168;596,056;742,273;782,230;886,228;963,070;1145,132
123:0,013;113,251;596,056;782,230
124:0,013;113,095;285,060;552,168
125:0,013;35,098;122,102;182,226;279,057;359,102
126:0,013;31,140;96,053;113,095
127:0,013;33,016;200,239;215,147;268,198;285,060;448,114;808,132;879,245;1020,178
128:0,013;61,156;73,028;122,102;285,060;596,056;812,266
129:0,013;79,224
130:0,013;67,014;261,154;361,156;516,246;780,123;804,111;891,084;1052,096
131:0,014;205,206
132:0,014;119,110
133:0,014;118,111;809,039;1023,081;1043,232;1088,141
134:0,014;116,223;1139,123
135:0,014;139,230;189,208
136:0,014;57,121;989,109;995,104;1029,143;1151,147
137:0,014;189,208;767,233;1192,089
138:0,014;118,111;306,050;310,148;816,122;978,115
139:0,014;277,155
140:0,014;145,097;574,186;595,163
141:0,015;108,105;509,033;615,204;875,076;945,201;1124,213;1156,157;1165,185
142:0,015;99,205;118,017;343,239;410,039;757,124
143:0,015;100,068;225,233
144:0,015;61,237;217,066;396,244;421,211;449,244;488,071;643,179;659,060;751,039;871,106
145:0,015;61,237;338,017;396,244;913,125;1004,075;1040,151
146:0,015;217,066;509,033;643,179;735,073;820,191;1162,136;1186,151
147:0,015;108,105;746,155;965,185;1018,103;1182,035
148:0,015;104,072;167,193;249,115;509,033;892,246;1014,070;1082,177;1121,232
149:0,015;99,205;217,066;417,060;489,127;735,073;757,124;912,100;1109,150
150:0,015;102,115;225,233;343,239;515,105;820,191
151:0,016;175,217;387,248;1011,038;1068,104
152:0,016;181,047;594,221;643,176;984,248
153:0,016;181,047;531,109;557,057;593,271;996,057;1024,089
154:0,016;140,027;181,047;509,033;557,057;682,119;996,057;1011,038;1068,228
155:0,016;140,027;220,255
156:0,016;140,027;315,082
157:0,016;140,027;252,138;379,115;996,057;1192,035
158:0,016;140,245;509,244;527,184;553,116;757,141;879,119
159:0,016;354,176
160:0,016;387,248;557,057;586,257;1011,038;1144,230
161:0,017;463,271;493,267;569,263;839,046
162:0,017;152,245;941,083;1020,097;1068,039;1117,245;1137,168
163:0,017;398,275;472,162;553,185;701,083
164:0,017;387,209;449,132
165:0,017;152,160
166:0,017;375,180;511,070;1101,063
167:0,017;358,218
168:0,017;164,129;202,156;293,185;406,154;750,245;866,154
169:0,017;61,201;177,191;203,034;276,138;1113,103
170:0,017;77,187;191,065;252,271;347,251;426,180;681,114
171:0,018;114,189;140,049;195,136;723,248;731,215;809,254;874,138
172:0,018;71,184
173:0,018;33,179;79,063;99,072;140,049;188,228;960,093;1168,110
174:0,018;29,019;140,049;188,228;226,237;264,162;425,268;700,136
175:0,018;78,016;79,063;171,098;259,165;590,049;619,060;672,094
176:0,018;68,185;524,275;590,049;660,206;727,267;1026,196;1168,218
177:0,018;181,047;532,130;590,049;613,098;763,209;881,123;991,111;1024,125;1144,092;1194,145
178:0,018;79,063;179,186
179:0,018;109,017;259,165;275,213;681,245;685,116
180:0,018;139,017;179,186;268,157;400,228;590,049;664,112;964,039
181:0,019;118,050;191,093;214,034;397,274;889,052;934,121
182:0,019;199,099;453,036;632,114;675,126
183:0,019;39,211;131,060;215,147;380,121;453,036;666,106;889,052;1087,107
184:0,019;128,117;141,195;214,034;217,196;335,181;458,163;511,150;531,104;581,111;617,060;637,160;666,106;724,157;904,052;1059,194
185:0,019;141,195;271,072;402,033;431,137;1059,194;1069,063
186:0,019;133,152;265,050;453,036;670,147;886,063;1013,075;1066,206;1088,226;1146,138
187:0,019;40,246;402,033;452,039;656,082;668,134;676,141;734,147;740,039
188:0,019;191,115;260,255;402,033;453,036;671,095;914,269;953,241;993,199;1198,152
189:0,019;194,148;214,034;217,196;647,174;887,129;913,148;1040,083
190:0,019;90,068;133,137;194,148;508,214
191:0,020;84,217;360,194;386,215;707,197;793,255;881,113
192:0,020;35,222;198,174;552,150;566,148
193:0,020;66,045;206,235;218,017;291,143;563,083;677,121;755,235;1197,196
194:0,020;35,172;128,117;522,127;541,098
195:0,020;61,201;130,223;142,017;361,126;503,196;802,194;1020,182;1195,201
196:0,020;40,194;828,184;1133,215
197:0,020;66,045;198,174;207,199
198:0,020;155,201
199:0,020;101,076;153,132;161,121;365,224;639,125;853,107;855,136;969,224
200:0,020;66,045;291,143
