001:0,001;491,143;522,024;587,067;645,252
002:0,001;458,049;522,024;587,067;622,027;663,263;735,045;820,245
003:0,001;458,049;522,024;550,137;587,067;622,027;663,263;839,201;876,124;1092,041
004:0,001;443,216;522,024;589,270;1185,055
005:0,001;153,195;364,118;522,024;553,129
006:0,001;346,069;378,117;458,049;496,157;557,153;603,209;621,062;622,027;645,252;735,045;931,244
007:0,001;467,120;522,024;587,067;715,119;977,038;1140,261
008:0,001;401,233;458,049;467,120;587,067;622,027;735,045;877,106
009:0,001;496,157;621,062;628,220
010:0,001;458,049;522,024;550,137;612,178;621,062;631,124;802,227
011:0,002;61,064;105,032;113,044;271,269;459,070;596,257;963,026;1011,050;1114,209
012:0,002;70,190;136,058;149,063;397,030;433,002;457,056;513,217
013:0,002;61,064;70,190;100,263;105,032;113,044;149,063;382,045;397,030;683,033;706,048;949,266
014:0,002;105,032;149,063;397,030;433,002;459,070;465,150;706,048;730,053;888,255;1011,050
015:0,002;88,053;124,148;601,035;654,046;683,033;730,053
016:0,002;61,064;88,053;124,148;149,063;412,114;459,070;560,059;612,178;654,046;695,258;1011,050;1103,193
017:0,002;187,075;433,002;454,126;459,070;599,226;654,046;690,171;706,048;730,053;1026,061;1092,041
018:0,002;88,053;105,032;139,118;282,063;433,002;454,126;560,059;593,131;719,218
019:0,002;105,032;113,044;128,170;412,114;433,002;458,182;560,059;637,262;654,046;683,033;719,218;730,053;1065,273
020:0,002;100,263;397,030;433,002;457,056;459,070;560,059;574,071;645,098;690,171
021:0,003;90,063;100,178;112,065;184,178;354,031;400,048;603,256
022:0,003;101,130;112,065;175,070;299,145;354,031;367,050;446,195
023:0,003;90,048;175,070;291,219;367,050;487,102;579,050;861,060
024:0,003;142,163;235,036;288,246;487,102
025:0,003;90,048;267,109;354,031;400,048;579,050;876,071
026:0,003;10,203;112,065;235,036;299,145;400,048;579,050;876,071
027:0,003;90,048;183,091;400,048;446,195
028:0,003;90,048;136,138;175,070;288,246;291,219;367,050;426,174;433,002;439,113;856,059;861,060
029:0,003;90,063;112,065;235,036;333,258;400,048;621,062;789,233
030:0,003;90,048;175,070;307,068;398,238;579,050;927,093
031:0,004;44,067;50,069;61,064;88,153;123,073;149,054;187,075;329,229;353,212;1001,086;1026,061;1173,164
032:0,004;71,236;149,054;187,075;196,168;309,061;332,245;548,031;657,075;738,200;952,056
033:0,004;50,069;73,167;75,052;124,050;176,031;187,075;309,061;353,212;412,058;556,229;1026,061
034:0,004;86,266;149,054;329,229;548,031;756,124;880,030;935,128
035:0,004;86,266;123,073;149,054;309,061;379,077;457,056;548,031;657,075;690,043;939,099;1026,061
036:0,004;50,069;75,052;124,050;176,031;196,168;246,037;311,112;317,033;360,103;556,229;657,075;711,092;1177,067
037:0,004;50,069;75,052;113,044;121,109;149,054;176,031;247,090;379,077;433,025;475,231;657,075;690,043;1015,178
038:0,004;75,052;185,228;187,075;311,112;317,033;332,245;371,097;548,031;657,075;735,206;805,043;869,263
039:0,004;75,052;88,153;123,073;124,050;149,054;187,075;309,061;371,097;548,031;662,274;690,043
040:0,004;71,236;90,048;123,073;149,054;176,031;309,246;317,033;475,231;548,031;704,224
041:0,005;100,178;152,068;309,157;415,042;445,065;942,120
042:0,005;187,184;194,054;322,096;418,054;779,034;819,074;830,183;999,073
043:0,005;215,250;888,255;1008,150
044:0,005;192,259;445,065;593,131;861,060
045:0,005;217,273;418,054;877,106;1093,254
046:0,005;139,118;186,163;222,264;418,054;870,046;951,036;958,123;999,073
047:0,005;276,253;445,065;870,046;985,079
048:0,005;194,054;730,053;779,034;827,220;870,046;999,073
049:0,005;170,082;418,054;908,240;942,120;1146,254
050:0,005;204,157;445,065;481,262;870,046;1008,150
051:0,006;161,051;592,143;783,034;815,032;952,056
052:0,006;88,053;136,058;161,051;249,187;783,034;846,238;851,125;952,056
053:0,006;134,264;161,051;819,074;871,179
054:0,006;134,264;876,071;1169,134
055:0,006;136,058;177,126;215,250;318,128;732,139
056:0,006;245,266;247,029;450,191;460,225;963,026
057:0,006;123,059;153,195;161,051;871,179;963,026;981,231
058:0,006;136,058;249,187;378,117;783,034;819,074;918,187;963,026;1047,113
059:0,006;161,051;783,034;819,074;898,182;952,056
060:0,006;128,170;161,051;390,066;558,183;1050,056
061:0,007;200,026;211,057;218,064;441,023;446,095;574,071;589,197;628,024;824,194
062:0,007;187,184;389,053;514,130;628,024;777,254;1108,064;1185,055
063:0,007;218,064;474,096;628,024;741,253
064:0,007;204,157;218,064;387,052;397,136;400,048;408,101;493,038;589,197;604,098;880,030;981,032;1005,252;1019,253;1185,055
065:0,007;200,026;236,098;389,053;493,038;574,071;628,024;779,034;781,274;789,183;815,212;1177,067;1185,055
066:0,007;44,067;94,251;200,026;276,161;388,100;469,053;505,182;522,024;532,158;628,024;1064,090
067:0,007;354,182;380,057;385,017;389,053;574,071;604,098;628,024;786,082;880,030;945,242
068:0,007;211,057;286,222;389,053;493,038;628,024;741,253;922,006;954,153;956,233
069:0,007;194,054;200,026;211,057;218,064;493,038;598,241;1185,055
070:0,007;88,053;106,151;880,030;983,062;1185,055
071:0,008;261,041;300,022;366,186;423,160;726,057;936,180
072:0,008;154,192;300,022;325,139;578,089;634,059;869,063;912,174;1173,052
073:0,008;271,269;683,033;742,244;794,117
074:0,008;285,229;286,106;300,022;372,160;898,182;1173,052
075:0,008;300,022;305,044;599,226;856,059;889,181;1173,052
076:0,008;300,270;305,044;463,123;856,059;1126,027;1173,052
077:0,008;152,068;165,260;285,229;300,022;305,044;518,147;634,059;807,152
078:0,008;305,044;724,126;856,059;861,060
079:0,008;306,148;463,123
080:0,008;300,270;305,044;601,104;634,059;692,219;1173,052
081:0,009;916,026;977,038;1016,081
082:0,009;735,045;885,202;927,098;983,165
083:0,009;706,048;737,247;916,026;982,040;1076,154
084:0,009;916,026;1016,081
085:0,009;686,006;729,204;951,036;977,038
086:0,009;939,209;977,038
087:0,009;354,031;441,249;461,009;916,026;939,209
088:0,009;927,098
089:0,009;441,249
090:0,009;683,033;794,117;951,036;983,165;1076,154
091:0,010;165,068;375,220;385,017;401,027;549,084
092:0,010;152,068;368,073;388,100;757,020;911,147;922,006;1024,190
093:0,010;257,199;385,017;401,027;531,042;744,254;1071,102
094:0,010;151,189;247,090;559,069;757,020;857,073;922,006;1010,196
095:0,010;95,152;152,068;385,017;455,125;559,069;802,227;869,063;1115,096
096:0,010;127,132;230,224;368,073;375,220;385,017;462,079;720,067;757,020;869,063;1024,190;1146,171
097:0,010;230,224;368,073;385,017;401,027;478,236;757,020;888,269;922,006;1004,211
098:0,010;123,073;141,160;385,017;401,027;552,186;559,069;757,020;888,269;922,006;1004,211;1027,125
099:0,010;95,152;141,160;368,073;385,017;478,236;552,186;559,069;820,152;922,006;1008,142
100:0,010;127,132;559,069;757,020;883,231;922,006;1027,125;1115,096
101:0,011;433,025;517,096;901,027
102:0,011;245,266;457,257;505,134;793,163
103:0,011;564,155;999,073
104:0,011;433,025;642,059;787,091
105:0,011;433,025;513,217;663,104;857,073
106:0,011;484,132;862,252;901,027
107:0,011;433,025;502,200;545,139;857,073;930,135
108:0,011;457,257;603,113
109:0,011;433,025;575,194;667,038;857,073;901,027
110:0,011;433,025;505,134;657,054;667,038;793,163;901,027
111:0,012;174,087;232,103;412,058;493,162
112:0,012;142,244;157,256;328,204;412,058;459,225;522,204;663,053
113:0,012;162,221;190,045;483,192
114:0,012;156,258;246,037;336,179;663,053
115:0,012;150,056;162,221
116:0,012;157,256;246,037;317,033;328,204;809,258
117:0,012;88,053;142,244;150,056;174,087;246,037;430,268;564,155;663,053;722,022;907,164;918,187
118:0,012;150,056;190,045;478,106;663,053;727,216;883,221
119:0,012;150,056;246,037;465,150;541,221;727,216
120:0,012;232,103;238,221;335,125;349,178;412,058;441,023;566,244
121:0,013;1094,105
122:0,013;864,094;901,053
123:0,013;190,045;359,173;405,274
124:0,013;846,238;864,094;1018,034
125:0,013;557,153;720,067;963,082;1011,050;1097,095
126:0,013;720,067;941,006;1074,220
127:0,013;154,192;408,101;568,049;587,067;683,087;720,067;973,247
128:0,013;445,065;450,145;634,059;774,066;899,173
129:0,013;463,131;546,013;601,035;774,066;864,118;922,006;996,199;1089,194;1092,041
130:0,013;907,166
131:0,014;358,072;467,060;474,047;498,029;568,049;667,038;765,102;821,126;927,032;1190,238
132:0,014;306,125;358,072;474,047;504,034;615,085
133:0,014;364,118;400,048;498,029;504,034;561,203;568,049;601,035;845,218;967,078;1177,067;1190,238
134:0,014;318,128;358,072;474,047;498,029;561,203;1177,067
135:0,014;185,228;474,047;568,049;616,258;761,020;764,048;1010,257
136:0,014;320,215;358,072;448,218;474,047;504,034;601,035;784,268;1108,064
137:0,014;211,057;256,186;358,072;433,002;448,218;504,034;703,149;764,048;967,078
138:0,014;320,228;358,072;474,047;580,052;630,264;703,149;764,048;885,202;901,249;1108,064
139:0,014;256,186;498,029;504,034;615,085;764,048;1078,152;1163,241;1184,152
140:0,014;375,275;474,047;643,013;667,038;757,020;866,191
141:0,015;10,203;44,067;92,211;236,152;380,057;415,042;628,024;722,022;996,071
142:0,015;197,036;205,041;234,208;722,022;991,131
143:0,015;44,067;92,211;197,036;236,152;380,057;390,066;702,107;722,022;988,171;1124,135
144:0,015;197,036;203,146;219,074;410,173;601,104;722,022;1076,181
145:0,015;246,171;367,050;415,042;827,239;911,147
146:0,015;197,036;380,057;390,066;722,022;983,062
147:0,015;205,041;211,057;223,017;234,208;415,042;722,022;1001,086;1047,062
148:0,015;205,041;219,074;390,066;686,006;702,107;951,036;996,199
149:0,015;203,146;415,042;722,022;983,062
150:0,015;219,074;390,066;462,079;503,065;835,017;931,263;983,062
151:0,016;312,056;441,023;526,035;574,071;629,062;737,022;815,032
152:0,016;98,158;159,016;306,125;312,056;536,180;629,062;842,104;1042,027
153:0,016;336,109;526,035;629,062;797,052;815,032
154:0,016;378,239;441,023;475,086;801,251
155:0,016;312,056;434,108;439,161;441,023;460,089;1118,203
156:0,016;124,050;174,253;526,035;595,066;629,062;779,034;842,052;1101,100
157:0,016;90,063;98,158;354,182;382,045;434,108;441,023;475,065;915,162;926,204
158:0,016;300,022;312,056;382,045;414,121;629,062;801,251;815,032
159:0,016;205,041;241,173;441,023;463,131;524,120;564,183;752,054;907,164
160:0,016;382,045;409,001;439,161;441,023;454,226;526,035;804,250;840,043
161:0,017;190,045;346,069;354,060;433,235;686,006;747,119;802,098;819,045;885,129;1108,064
162:0,017;354,060;369,145;387,052;467,060;594,215;869,063;1167,084;1190,125
163:0,017;355,033;360,041;488,049;535,091;726,057
164:0,017;346,069;354,060;355,033;425,009;467,060;571,030;621,230;660,115;686,006;721,028;933,043
165:0,017;346,069;354,060;360,041;518,147;540,200;686,006;690,043
166:0,017;381,183;413,072;460,042;480,070;621,230;686,006;701,153
167:0,017;194,054;197,014;305,044;355,033;660,115;686,006;726,057
168:0,017;336,179;355,033;360,041;381,183;408,064;467,060;535,091;570,145;619,225;634,087;726,057
169:0,017;360,041;411,001;467,060;623,176;686,006;709,035;735,206;971,069;1160,147
170:0,017;355,033;465,219;488,051;634,087;660,208;689,229;700,117;707,215;900,257;904,057
171:0,018;272,064;387,052;986,135;1021,031
172:0,018;257,054;311,105;433,025;480,275;676,051;895,215;1035,029
173:0,018;112,032;125,249;226,063;247,029;387,052;1035,029
174:0,018;352,240;387,052;726,009;796,067;885,022;1035,029
175:0,018;127,011;136,138;891,022;1028,128;1035,029
176:0,018;219,074;352,240;412,033;432,191;720,067;932,240;1035,029
177:0,018;229,074;446,184;478,052;679,009;931,189;1052,031
178:0,018;268,013;517,052;1014,272;1092,041
179:0,018;235,036;311,105;387,052;1035,029
180:0,018;286,106;526,035;578,051;875,063;1037,274;1155,201
181:0,019;374,199;701,009;1021,031;1182,225
182:0,019;247,029;403,028;982,040;1092,250
183:0,019;250,070;261,041;356,028;971,069;1018,183;1112,071
184:0,019;181,007;199,051;261,041;597,013;848,132;927,093;1063,071
185:0,019;261,041;356,028;982,040;1021,031
186:0,019;326,232;356,028;598,050;867,270;876,071;982,040;1033,099
187:0,019;247,029;326,232;356,028;971,069;982,040;1021,031
188:0,019;312,132;466,013;555,066;694,128;742,009;1021,031;1034,062;1162,211
189:0,019;261,041;457,056;541,209;730,009;971,069;1003,108;1132,053
190:0,019;261,041;474,047;544,125;602,028;774,066;839,237;854,017;902,118;994,034
191:0,020;71,136;99,029;123,059;215,155;440,030;795,020;939,099;1152,038
192:0,020;64,114;88,016;362,150;390,013;835,017;940,113;1034,089
193:0,020;99,029;118,252;123,059;161,051;169,048;187,008;300,022;343,056;454,207;778,057;815,013;819,074;835,017;994,034
194:0,020;64,114;105,062;355,235;454,207;480,013;839,201
195:0,020;71,136;105,062;472,226;502,121;506,030;835,017;891,022;983,062;1008,038
196:0,020;105,062;355,143;440,030;835,017;994,034
197:0,020;115,167;183,247;204,138;236,014;331,274;440,030;489,009;640,028;702,069;757,020;812,013;846,125;900,097;994,034
198:0,020;64,009;105,062;123,059;174,169;228,064;509,179;706,013;835,017;1009,109
199:0,020;83,189;99,029;105,062;322,096;329,009;372,001;440,030;774,066;835,017;900,097;905,060;949,266;1079,038
200:0,020;83,189;99,029;123,059;183,247;323,029;400,272;714,024;773,051;835,017;876,071;1049,031
