001:0,001;28,185;85,240
002:0,001;67,254
003:0,001;11,094;1073,234
004:0,001;13,256;145,109;427,138
005:0,001;100,144
006:0,001;44,112;430,237
007:0,001;36,272
008:0,001;11,094;31,101
009:0,001;71,237
010:0,001;44,112;1156,082
011:0,002;292,076;740,213
012:0,002;272,088;330,196
013:0,002;260,137
014:0,002;350,232;712,272;795,232
015:0,002;222,117
016:0,002;84,081
017:0,002;342,129;711,145;1102,149;1149,122
018:0,002;278,202;853,083;948,089
019:0,002;84,081;214,228
020:0,002;214,228
021:0,003;162,223;245,236
022:0,003;201,010;208,145;396,143;881,167
023:0,003;201,110;520,139
024:0,003;198,105;570,274
025:0,003;255,268;307,139;616,120
026:0,003;503,191
027:0,003;241,106;598,133
028:0,003;288,249;1052,085
029:0,003;133,128;755,129;928,139;1020,274
030:0,003;252,152;503,191;514,106;1040,255;1121,083
031:0,004;203,085
032:0,004;149,135;1180,117
033:0,004;140,106;372,275;526,210;719,195
034:0,004;158,251
035:0,004;178,104;977,254
036:0,004;165,108
037:0,004;153,228;184,187
038:0,004;184,187
039:0,004;36,267;499,076
040:0,004;14,170;296,216
041:0,005;40,091;57,163
042:0,005;57,163;67,254;695,191;888,145
043:0,005;42,234;420,170;509,249
044:0,005;15,224;25,198;292,185
045:0,005;15,224
046:0,005;32,095;270,218;322,091;465,085;605,112
047:0,005;40,091
048:0,005;13,194;391,235;864,225
049:0,005;20,139;392,268;521,259;602,240
050:0,005;16,179
051:0,006;20,242
052:0,006;36,267
053:0,006;80,016;153,236;936,091
054:0,006;12,239;84,215;778,238;1008,163
055:0,006;53,105;123,088;161,206
056:0,006;12,239
057:0,006;20,242
058:0,006;88,145;803,211;841,082
059:0,006;161,206
060:0,006;123,088
061:0,007;23,246;1003,124
062:0,007;25,211;392,127;501,223
063:0,007;64,084;536,108;681,137
064:0,007;204,124
065:0,007;42,155
066:0,007;23,246;36,218;891,203;1112,236
067:0,007;35,172;1011,133
068:0,007;36,218;139,131;892,118
069:0,007;106,209;608,216
070:0,007;95,223
071:0,008;280,168;393,218
072:0,008;299,122
073:0,008;455,188;526,267
074:0,008;285,210
075:0,008;267,225;886,251;978,218;1110,184
076:0,008;138,221;187,175
077:0,008;187,175;550,143;681,110;712,251;848,190
078:0,008;329,238;514,188;953,221
079:0,008;280,168
080:0,008;339,238
081:0,009;11,002;131,181
082:0,009;131,181
083:0,009;11,189
084:0,009;139,131
085:0,009;15,084;28,185;298,155
086:0,009;11,189
087:0,009;154,108;210,198;1147,207
088:0,009;58,144;64,084
089:0,009;30,098
090:0,009;41,143;279,130
091:0,010;368,081
092:0,010;285,082;918,084
093:0,010;527,263
094:0,010;75,268
095:0,010;335,255
096:0,010;301,262
097:0,010;391,235
098:0,010;218,078;301,262
099:0,010;257,133;550,141
100:0,010;527,263
101:0,011;98,095;341,158
102:0,011;114,148
103:0,011;114,148;509,135
104:0,011;108,210;199,008;247,259
105:0,011;9,202
106:0,011;94,261
107:0,011;46,221;1012,251;1197,259
108:0,011;93,244
109:0,011;93,244
110:0,011;73,087;108,210;319,259;402,185;660,148
111:0,012;14,274;85,012;334,113
112:0,012;188,174
113:0,012;198,275;904,210;1070,235
114:0,012;339,138;928,085;1041,110
115:0,012;201,169;334,113
116:0,012;191,127;242,269
117:0,012;199,127;1032,246
118:0,012;242,269;284,142;333,110
119:0,012;76,093;201,169
120:0,012;284,142
121:0,013;19,260
122:0,013;20,092;53,213;136,261;1098,095
123:0,013;56,222
124:0,013;19,260
125:0,013;131,194;257,133;390,232
126:0,013;34,129
127:0,013;20,092;56,222
128:0,013;53,213;537,127
129:0,013;31,101;205,135;372,198
130:0,013;19,091;20,240;365,224;1058,209
131:0,014;52,121
132:0,014;104,085;110,217
133:0,014;15,232;88,164
134:0,014;88,164
135:0,014;133,128
136:0,014;50,154;198,275;220,163;265,213;1111,210
137:0,014;110,217
138:0,014;41,143;413,184;1196,185
139:0,014;52,121;75,268;224,121
140:0,014;52,171
141:0,015;198,105;924,106
142:0,015;78,083
143:0,015;109,016;178,104
144:0,015;105,086
145:0,015;58,149
146:0,015;71,237;166,094
147:0,015;145,109
148:0,015;91,207;1151,123
149:0,015;95,203
150:0,015;15,190;105,086;1176,108
151:0,016;693,252
152:0,016;484,231
153:0,016;720,140
154:0,016;612,167
155:0,016;804,103
156:0,016;412,274;720,140;927,095
157:0,016;616,120;693,252
158:0,016;333,221;379,016;644,248;804,103
159:0,016;13,256
160:0,016;656,186
161:0,017;264,152;329,095;1016,236;1073,143
162:0,017;26,096;204,092;208,096
163:0,017;204,092
164:0,017;209,209
165:0,017;26,096;484,231
166:0,017;250,127;329,256;487,195;644,248
167:0,017;230,221;282,172
168:0,017;285,195
169:0,017;390,190
170:0,017;224,141
171:0,018;15,190;713,139;838,108;1099,215
172:0,018;6,123
173:0,018;6,123;870,098;960,129
174:0,018;162,119
175:0,018;236,158;335,246
176:0,018;12,174
177:0,018;35,182;162,119
178:0,018;15,130;878,188
179:0,018;42,234;982,269
180:0,018;7,172;236,158;686,268;706,105
181:0,019;25,274;42,196
182:0,019;162,136
183:0,019;398,168
184:0,019;40,118;469,133;622,234;1104,120
185:0,019;33,170
186:0,019;25,198;162,136
187:0,019;84,215
188:0,019;42,196;78,083;532,170
189:0,019;25,211
190:0,019;40,118;1127,224
191:0,020;232,010;410,184;491,146
192:0,020;249,270
193:0,020;396,016;420,146;667,089
194:0,020;58,144
195:0,020;235,273;249,270;1152,138
196:0,020;225,219
197:0,020;351,082;695,275;803,225;812,143
198:0,020;201,203;482,219;1013,275
199:0,020;296,216;559,088;769,207;980,175
200:0,020;30,098;399,016;667,089;761,163;792,142;864,275;1108,127
