001:0,001;420,219;786,001;837,249
002:0,001;104,251;841,241
003:0,001;842,115
004:0,001;104,251
005:0,001;841,241
006:0,001;1090,124
007:0,001;846,166;907,091
008:0,001;836,256
009:0,001;837,249
010:0,001;1061,089
011:0,002;203,187;903,219
012:0,002;43,170;109,206;749,243;755,161;798,223
013:0,002;109,206;690,008
014:0,002;45,229
015:0,002;62,008
016:0,002;43,140;366,001;900,274
017:0,002;146,214
018:0,002;189,155;615,007;741,008
019:0,002;43,140;1149,223
020:0,002;45,135
021:0,003;142,096;272,023;384,147;500,009;717,113;873,197;969,121
022:0,003;405,246;465,109;500,009;700,084
023:0,003;346,200;500,009;776,255;930,246;960,225;1040,246
024:0,003;346,200;716,119;972,184
025:0,003;756,198
026:0,003;479,243
027:0,003;384,147;500,009;727,195;758,262;942,232
028:0,003;324,099;359,130;479,243;500,009;700,084
029:0,003;359,130;500,009;792,117
030:0,003;142,096;500,009;754,121
031:0,004;186,265;218,192
032:0,004;169,237
033:0,004;218,192;561,161
034:0,004;146,006;149,253;235,124;404,107;412,253
035:0,004;149,253;513,166;649,014;737,005;1103,083
036:0,004;174,154
037:0,004;58,116;272,023;275,149
038:0,004;58,116
039:0,004;275,149
040:0,004;249,109;499,107;615,007;933,141
041:0,005;723,140
042:0,005;1141,262
043:0,005;786,232;1048,005;1198,092
044:0,005;1132,237
045:0,005;220,137
046:0,005
047:0,005;220,137;542,005;1122,105;1124,207
048:0,005;1139,109
049:0,005;1170,206
050:0,005;1124,207;1198,092
051:0,006;307,022;531,237;662,120;721,208;1100,016;1144,132
052:0,006;277,118;307,022;610,079
053:0,006;353,078;1100,016
054:0,006;291,219;307,022;502,096;1100,016
055:0,006;286,246;307,022;696,222;1100,016;1157,244
056:0,006;272,023;307,022;523,109;1100,016
057:0,006;286,246;783,110;1100,016;1139,099
058:0,006;52,195;70,258;291,219;925,178;1100,016;1174,078
059:0,006;277,118;307,022;502,096
060:0,006;70,258;173,227;307,022;512,118;610,079
061:0,007;5,107
062:0,007;118,161;133,125;564,188
063:0,007;118,264
064:0,007;133,125
065:0,007;209,208;510,200
066:0,007;118,092;130,225;1165,200
067:0,007;239,166
068:0,007;118,161;744,213
069:0,007;138,136;672,125
070:0,007;118,092;209,208
071:0,008;39,127;921,008
072:0,008
073:0,008
074:0,008
075:0,008
076:0,008;416,132;458,008
077:0,008
078:0,008;39,127
079:0,008;512,118;575,236;1131,232
080:0,008
081:0,009;151,195;523,109
082:0,009;192,114
083:0,009;142,176
084:0,009;114,184;151,195
085:0,009;194,190;242,260
086:0,009;294,114
087:0,009;142,176
088:0,009;194,190
089:0,009;242,260
090:0,009;148,185;231,173
091:0,010;614,093;615,007;1046,209
092:0,010;615,007;800,143;1123,222
093:0,010;615,007;793,250
094:0,010;628,250;803,203
095:0,010;676,168;892,188;1046,209
096:0,010;339,117;713,124
097:0,010;537,175;615,007;1087,240
098:0,010;697,222;733,206
099:0,010;677,076;1087,240
100:0,010;158,257;615,007;803,203
101:0,011;98,091
102:0,011;38,159
103:0,011;38,159
104:0,011;57,225;768,229
105:0,011;37,095
106:0,011;85,255;363,136;867,168
107:0,011;37,095
108:0,011;60,099
109:0,011;91,170;597,217
110:0,011;85,255
111:0,012;243,213;410,177
112:0,012;209,152;898,200;919,115;1101,175;1160,110
113:0,012;183,178;828,257;838,264
114:0,012;257,133
115:0,012;269,213;800,244;947,254;1100,016;1108,158
116:0,012;209,152
117:0,012;193,275;207,186;458,185
118:0,012;207,186
119:0,012;410,177
120:0,012;146,214;638,233
121:0,013;234,165
122:0,013;192,228
123:0,013;192,228
124:0,013;337,270;992,127
125:0,013;234,110
126:0,013;234,165;629,246;1068,222
127:0,013;320,264;337,270
128:0,013;291,145;309,238
129:0,013;309,238
130:0,013;248,113
131:0,014;864,265
132:0,014;700,197;705,252;796,150
133:0,014;500,009;698,275
134:0,014;705,252
135:0,014;696,181;698,275
136:0,014;697,115;908,137
137:0,014;433,252;471,170
138:0,014;704,205
139:0,014;728,007;774,120
140:0,014;796,150
141:0,015;371,242
142:0,015;153,223;1073,168;1124,254
143:0,015;424,188;801,186;949,257;1112,251
144:0,015;433,252;614,093
145:0,015;370,217
146:0,015;393,153
147:0,015;42,274
148:0,015;350,120;1007,116
149:0,015;405,010;1013,165
150:0,015;371,242;970,113;1200,119
151:0,016;33,256;322,104
152:0,016;33,157
153:0,016;229,184
154:0,016;33,256;921,190
155:0,016;33,157
156:0,016;65,082
157:0,016;45,110;318,014;328,119
158:0,016;63,108
159:0,016;322,104
160:0,016;107,270;229,184;328,119;594,108
161:0,017;176,191;1083,152
162:0,017;65,082;176,191
163:0,017;173,227;307,022;537,175
164:0,017;158,244
165:0,017;191,173
166:0,017;183,178
167:0,017;158,244;615,007;793,136;933,141
168:0,017;52,233
169:0,017;235,124;822,174
170:0,017;217,143
171:0,018;238,167;272,023;326,089;590,186;753,192
172:0,018;191,097
173:0,018;174,154;829,097
174:0,018;191,097;238,167;272,023;460,140;468,180
175:0,018;272,023;331,180;700,197
176:0,018;259,164;272,023;277,262
177:0,018;188,245
178:0,018;188,245;272,023;299,262;326,089
179:0,018;85,100
180:0,018;85,100
181:0,019;690,174;1044,225
182:0,019;684,183
183:0,019;400,256;676,089;780,179
184:0,019;659,254;794,248
185:0,019;339,117;814,082
186:0,019;684,183
187:0,019;5,107;339,019;794,248;928,187
188:0,019;653,187
189:0,019;702,171
190:0,019;804,098
191:0,020;276,179
192:0,020;351,138
193:0,020;221,217;294,182
194:0,020;279,078;440,257
195:0,020;316,236
196:0,020;286,254
197:0,020;294,182
198:0,020;286,254;351,138;687,078;720,138;1156,096
199:0,020;323,245
200:0,020;148,185
