001:0,001;30,085
002:0,001;263,137
003:0,001;131,173;1078,233
004:0,001;126,147
005:0,001;131,173
006:0,001;156,193;263,137
007:0,001;126,147
008:0,001;187,183
009:0,001;133,246
010:0,001;131,275;133,246
011:0,002;30,085;75,180
012:0,002;75,180
013:0,002;71,210;91,099
014:0,002;63,127;168,198
015:0,002;63,196;1167,098
016:0,002;91,099
017:0,002;477,111
018:0,002;63,127;106,213
019:0,002;54,090;71,210;716,162
020:0,002;106,213
021:0,003;277,256
022:0,003;154,107;476,108;556,232
023:0,003;18,223
024:0,003;141,006;271,150;277,256
025:0,003;154,100;235,134;443,247;768,126
026:0,003;271,150
027:0,003;185,227
028:0,003;61,080;154,107
029:0,003;235,134
030:0,003;176,169
031:0,004;84,169
032:0,004;84,169;138,110;139,097;151,092;330,202
033:0,004;21,262
034:0,004;54,110;413,157;740,110;801,088
035:0,004;330,202
036:0,004;157,095;216,223;345,165;860,226
037:0,004;100,102
038:0,004;21,262
039:0,004;122,020;139,097;947,119
040:0,004;199,108;489,187
041:0,005;364,201
042:0,005;337,217
043:0,005;318,248
044:0,005;331,222
045:0,005;53,123;337,217;369,175;550,201
046:0,005;337,225
047:0,005;404,123
048:0,005;53,123;337,225;1155,222
049:0,005;327,234
050:0,005;479,207;790,125;1053,157
051:0,006;100,102;252,094;403,193;1175,266
052:0,006;818,249
053:0,006;686,155
054:0,006;706,232;841,083
055:0,006;151,196
056:0,006;818,249
057:0,006;702,088;783,237;1059,097
058:0,006;668,080
059:0,006;698,090
060:0,006;771,250;843,223
061:0,007;44,105;287,133;584,105
062:0,007;44,105
063:0,007;186,110
064:0,007;54,090;812,218;872,123;1022,267
065:0,007;33,140;698,123;812,247
066:0,007;33,140;462,185
067:0,007;55,116
068:0,007;62,219;162,178;344,126;668,116
069:0,007;344,126;1141,247;1171,237
070:0,007;134,133
071:0,008;27,019;31,232;576,271
072:0,008;121,113
073:0,008;170,162;1084,231;1089,193
074:0,008;100,206
075:0,008;100,185
076:0,008;151,245;747,150
077:0,008;143,108;151,245
078:0,008;31,232;121,113
079:0,008;100,185;141,263;170,162;407,232;494,111;629,217;864,092
080:0,008;111,195
081:0,009;207,106
082:0,009;205,094;241,131
083:0,009;432,211
084:0,009;259,078;338,164;469,219
085:0,009;205,094;600,093
086:0,009;241,131
087:0,009;134,133;259,078;432,211
088:0,009;61,080
089:0,009;218,218;697,193;859,111
090:0,009;332,164
091:0,010;88,151;931,110
092:0,010;77,193;658,140;884,207
093:0,010;88,119;814,227
094:0,010;52,243
095:0,010;77,193;88,119
096:0,010;52,124;669,151
097:0,010;122,082
098:0,010;52,124
099:0,010;87,227;122,082
100:0,010;52,243;1118,151
101:0,011;167,231;278,121
102:0,011;211,121
103:0,011;240,176
104:0,011;132,083
105:0,011;157,089
106:0,011;338,261
107:0,011;23,248;424,178
108:0,011;22,101;262,231
109:0,011;157,089;240,176;605,255
110:0,011;132,098
111:0,012;55,087
112:0,012;115,103
113:0,012;70,178
114:0,012;51,233;823,097
115:0,012;115,103;376,266
116:0,012;56,257
117:0,012;18,223;56,257
118:0,012;115,219;189,144;916,158
119:0,012;23,248;55,087
120:0,012;189,144
121:0,013;33,122
122:0,013;35,207
123:0,013;60,086
124:0,013;279,158;538,145
125:0,013;22,101
126:0,013;60,086
127:0,013;69,255;1086,085
128:0,013;33,122;69,255;430,145
129:0,013;35,207;279,158;1131,077
130:0,013;126,214;394,234;804,222;991,101
131:0,014;167,127;1160,084
132:0,014;60,125
133:0,014;95,188;857,127
134:0,014;40,267
135:0,014;95,188
136:0,014;60,125;551,206;1125,106
137:0,014;103,183
138:0,014;71,145;471,166
139:0,014;69,250
140:0,014;110,084;235,241
141:0,015;177,230
142:0,015;185,219
143:0,015;168,198;584,248;920,188;1049,124
144:0,015;221,210
145:0,015;72,128
146:0,015;155,157
147:0,015;150,098;963,076
148:0,015;182,204
149:0,015;177,230
150:0,015;72,128
151:0,016;517,129
152:0,016;167,166;1138,195
153:0,016;421,109
154:0,016;414,006;428,269
155:0,016;369,175
156:0,016;398,226;878,175
157:0,016;141,263;681,108;921,140
158:0,016;421,109
159:0,016;428,269
160:0,016;556,122
161:0,017;64,218;485,237;537,214
162:0,017;63,134;79,191
163:0,017;65,244
164:0,017;65,244
165:0,017;107,165
166:0,017;73,093
167:0,017;64,218;206,214;580,233
168:0,017;79,191
169:0,017;73,093;173,084
170:0,017;73,092;869,101;959,195;968,214
171:0,018;103,228;625,227;640,089
172:0,018;357,271;988,248
173:0,018;65,142
174:0,018;126,156
175:0,018;81,208;197,163
176:0,018;86,266;752,140
177:0,018;21,107;103,228
178:0,018;19,095;439,156
179:0,018;197,163
180:0,018;65,142
181:0,019;89,241
182:0,019;142,247;937,092;1009,271
183:0,019;54,110;77,251;496,170
184:0,019;77,251
185:0,019;122,077
186:0,019;53,250;648,263;702,088;869,204
187:0,019;178,160
188:0,019;172,156;178,160
189:0,019;40,267;89,241;122,077;1094,092;1124,217
190:0,019;63,170
191:0,020;510,076
192:0,020;510,076;731,198
193:0,020;404,237
194:0,020;399,129;928,134
195:0,020;727,103
196:0,020;151,163;155,157;249,195;495,108
197:0,020;152,187
198:0,020;559,218
199:0,020;383,090;538,120
200:0,020;538,120;1197,251
