001:0,001;519,191;521,013;534,111;671,003;765,199;790,167
002:0,001;87,097;521,013;537,091;822,001;1199,262
003:0,001;521,013;534,111;1050,110;1194,162
004:0,001;87,097;436,001;519,191
005:0,001;521,013;551,096;610,259;1018,017;1131,076
006:0,001;585,223;653,261;678,111
007:0,001;536,218
008:0,001;521,013;551,227
009:0,001;521,013;537,091
010:0,001;624,097
011:0,002;663,079
012:0,002;536,218;774,145
013:0,002;671,219
014:0,002;675,213;687,124
015:0,002;284,098
016:0,002;756,103;836,224;887,020
017:0,002;502,025;527,212
018:0,002;663,079
019:0,002;687,124
020:0,002;709,174;974,260;1059,101;1125,200
021:0,003;758,224
022:0,003;508,239;707,014;964,093
023:0,003;737,174
024:0,003;707,014;1032,237;1176,236
025:0,003;707,014;1055,108
026:0,003;707,014;1042,183
027:0,003;743,013;859,236
028:0,003;707,014;986,265
029:0,003;707,014;880,146
030:0,003;707,014;986,265;1032,237;1199,262
031:0,004;220,083;394,022;600,253;910,004;1003,215
032:0,004;274,190;394,022;471,024;498,023;516,261;623,183;903,216
033:0,004;242,257;394,022;492,202;498,023;618,273;812,253
034:0,004;219,228;387,143;498,023;527,102;910,004;1042,183;1125,246
035:0,004;387,143;394,022;492,202;498,023;555,167;600,253;711,197;910,004;1150,076
036:0,004;307,118;394,022;483,152;498,023;566,242;618,273
037:0,004;219,233;566,242;910,004
038:0,004;307,118;1168,093
039:0,004;219,228;394,022;498,023;623,183;910,004;1131,188
040:0,004;274,176;394,022;483,152;498,023;574,197;910,004
041:0,005;899,192
042:0,005;618,184;803,001;935,025;1050,199
043:0,005;502,025;532,249;675,213
044:0,005;502,025;593,159
045:0,005;496,231;532,249;803,001;1003,264
046:0,005;496,231;529,250
047:0,005;502,025;769,245;803,001;935,139
048:0,005;502,025;545,106;803,001;933,260;1003,264
049:0,005;389,089;502,025;524,170;545,106;803,001;963,004;1181,222
050:0,005;502,025;529,250;788,249;803,001;899,192
051:0,006;550,099
052:0,006;622,225;657,013;834,096
053:0,006;252,201
054:0,006;531,152;657,013;860,209
055:0,006;622,225;657,013;879,128
056:0,006;525,200;657,013;871,187;879,128
057:0,006;498,023;499,109;657,013;956,114;985,201;1007,198
058:0,006;562,007;657,013
059:0,006;531,152;657,013;849,223
060:0,006;521,013;525,200;1152,094
061:0,007;528,145;1133,178
062:0,007;1018,017
063:0,007;1018,017;1142,205;1165,272
064:0,007;1133,178;1198,225
065:0,007;1018,017;1183,118
066:0,007;1018,017;1165,272
067:0,007;528,002;657,192;707,014;893,153;1018,017;1198,225
068:0,007;1103,249;1130,261;1196,273
069:0,007;1018,017;1133,208
070:0,007;1018,017
071:0,008
072:0,008
073:0,008
074:0,008;110,010;140,259;712,238;769,148;778,024
075:0,008
076:0,008
077:0,008;502,025;587,153
078:0,008
079:0,008
080:0,008
081:0,009;885,213;957,267;1014,273;1161,177
082:0,009;702,088
083:0,009;657,013;715,221;756,103
084:0,009;715,221
085:0,009;786,110
086:0,009;741,094
087:0,009;671,226
088:0,009;593,127;1035,004;1097,008
089:0,009;438,165;671,226
090:0,009;671,109;702,088
091:0,010;671,109
092:0,010
093:0,010;471,198
094:0,010
095:0,010
096:0,010
097:0,010
098:0,010;1017,173;1032,156
099:0,010
100:0,010
101:0,011;1059,101
102:0,011;521,013;600,120;657,013;832,007;1017,173
103:0,011;1020,099;1071,253
104:0,011;915,258
105:0,011;905,251;935,139;1037,224
106:0,011;937,189
107:0,011;992,113
108:0,011;720,246
109:0,011;915,258
110:0,011;937,189
111:0,012;942,172
112:0,012;1072,106
113:0,012;947,165
114:0,012;942,172;1085,182
115:0,012;180,001;184,220;624,097;692,115
116:0,012;941,078;1072,106
117:0,012;1108,162
118:0,012;180,274;325,012;941,078
119:0,012;952,025
120:0,012;947,165
121:0,013;94,205
122:0,013;169,154;170,204
123:0,013;211,216
124:0,013;170,204;394,022;552,199;1149,204
125:0,013;386,157;654,242
126:0,013;350,181
127:0,013;94,205;169,154;211,216;386,157;1078,242
128:0,013;197,148
129:0,013;177,223
130:0,013;179,088;552,199;661,181
131:0,014;466,238
132:0,014;179,088;587,177
133:0,014;587,177;608,263
134:0,014;471,198;803,118
135:0,014;440,080;956,114
136:0,014;517,207
137:0,014;350,181;628,156
138:0,014;503,182
139:0,014;551,008;1111,222
140:0,014;523,263;882,025;917,238
141:0,015;628,156;823,200;1046,013
142:0,015;550,099;936,010
143:0,015;528,232;1046,013
144:0,015;548,132
145:0,015;471,024;1046,013
146:0,015;803,001;1046,013
147:0,015;588,089;905,251;1046,013
148:0,015;531,123;1046,013
149:0,015;528,232;1046,013
150:0,015;593,127;1046,013
151:0,016;274,187;287,206;471,024
152:0,016;287,115;838,082
153:0,016;281,082;1176,024
154:0,016;362,104;471,024;1046,013
155:0,016;242,257;471,024;574,197;680,024;1103,249
156:0,016;281,082;471,024
157:0,016;287,115;471,024
158:0,016;287,206;471,024
159:0,016;288,146;362,104;471,024
160:0,016;274,187;471,024
161:0,017;777,202
162:0,017;220,083
163:0,017;36,121;1036,024
164:0,017;758,274
165:0,017;818,076;910,004;1118,211
166:0,017;818,076;1148,211
167:0,017;551,096
168:0,017;750,271
169:0,017;750,271
170:0,017;36,121;72,017;777,202;833,121
171:0,018;882,025
172:0,018;846,149;882,025
173:0,018;824,261;882,025
174:0,018;882,025
175:0,018;840,238;882,025
176:0,018;803,001;927,267
177:0,018;867,188;1154,207
178:0,018;827,221;882,025
179:0,018;389,089;882,025
180:0,018;725,159;751,123;867,188;882,025
181:0,019;510,108
182:0,019;471,024;490,113;510,108;670,017;845,120
183:0,019;503,182;567,167;1004,260
184:0,019;516,261
185:0,019;538,175;560,256
186:0,019;524,170
187:0,019;175,094;845,120
188:0,019;538,175
189:0,019;508,017;853,212
190:0,019;560,256;710,175
191:0,020;228,086;910,004;1106,081
192:0,020
193:0,020
194:0,020;228,086;380,020
195:0,020
196:0,020;1106,081
197:0,020
198:0,020
199:0,020
200:0,020
