001:0,001;917,124;919,162;1101,013
002:0,001;919,162;1101,013
003:0,001;268,114;322,001;938,222
004:0,001;960,209;1101,013
005:0,001;1024,192;1101,013
006:0,001;590,135
007:0,001;995,167;1101,013
008:0,001;973,270
009:0,001;590,135;1101,013
010:0,001;974,093
011:0,002;410,206
012:0,002;242,105
013:0,002;323,133;530,088;878,144;1061,105
014:0,002;346,218;410,206;904,218
015:0,002;320,080;887,172;992,077
016:0,002;530,088
017:0,002;328,191;346,218
018:0,002;323,133;328,191;595,177
019:0,002;242,105;897,208;1147,240
020:0,002;336,247
021:0,003
022:0,003
023:0,003;378,128
024:0,003
025:0,003
026:0,003
027:0,003;378,128
028:0,003
029:0,003
030:0,003
031:0,004
032:0,004
033:0,004;348,023;1042,004
034:0,004
035:0,004;130,097;299,004
036:0,004
037:0,004
038:0,004
039:0,004;1116,269
040:0,004
041:0,005;574,254
042:0,005;547,267
043:0,005;548,230
044:0,005;168,077;709,230;971,207
045:0,005;168,077;513,006;572,240;1034,103
046:0,005;642,126
047:0,005;547,267
048:0,005;528,212;642,126;886,007;952,110
049:0,005;507,199;528,212;610,190
050:0,005;610,190;915,003
051:0,006;129,242;733,017
052:0,006;175,088;179,195
053:0,006;159,009;304,207;1191,024
054:0,006;179,195
055:0,006;245,079;391,191
056:0,006;145,144
057:0,006;281,158;1131,009
058:0,006;129,242
059:0,006;132,138;195,011;245,079;552,158
060:0,006;5,228
061:0,007;395,120
062:0,007;367,232;968,260
063:0,007;398,204;1101,013
064:0,007;429,177
065:0,007;395,120
066:0,007;429,177;526,199
067:0,007;354,157
068:0,007;397,118;692,189
069:0,007;397,118
070:0,007;380,012;398,204
071:0,008;560,161;764,006;800,085
072:0,008;555,114;764,006;874,086
073:0,008;386,241;764,006;792,252
074:0,008;551,145;584,218;764,006;843,136;874,086
075:0,008;386,241;560,161
076:0,008;555,114;764,006;793,272;1004,211;1023,274
077:0,008;554,094;764,006;792,252
078:0,008;516,012;551,145;764,006;787,007
079:0,008;571,248;643,122;764,006;817,211
080:0,008;643,122
081:0,009
082:0,009
083:0,009
084:0,009
085:0,009
086:0,009
087:0,009;877,197
088:0,009
089:0,009
090:0,009;819,140
091:0,010;644,188;755,010
092:0,010
093:0,010
094:0,010;59,173;380,010;787,007
095:0,010;633,268
096:0,010
097:0,010;59,173;111,010
098:0,010
099:0,010
100:0,010
101:0,011;362,208
102:0,011;395,192;1007,240
103:0,011;377,089
104:0,011;369,249
105:0,011;479,103
106:0,011;362,208;787,007
107:0,011;361,272
108:0,011;359,224
109:0,011;43,189;1199,249
110:0,011;377,089
111:0,012;310,117;348,023
112:0,012;326,143;348,023;789,187;939,023
113:0,012;331,125;348,023
114:0,012;302,142;331,125;348,023
115:0,012;167,271;310,117;348,023
116:0,012;308,274;348,023
117:0,012;305,222;978,023
118:0,012;348,023
119:0,012;167,271;348,023
120:0,012;303,222;348,023
121:0,013;78,106;666,239
122:0,013;967,084
123:0,013;516,012;624,255
124:0,013;678,087
125:0,013;682,224;1122,121
126:0,013;643,205;679,084;686,238
127:0,013;789,187;909,014;1189,188
128:0,013;624,255
129:0,013;686,238
130:0,013;679,084;1003,230;1025,220
131:0,014;437,123;513,006;589,183;787,007
132:0,014;395,262;434,182;513,006;516,012;535,125;610,257;737,264
133:0,014;476,245;513,006;561,246;569,269
134:0,014;516,012;610,257;787,007
135:0,014;402,010;507,199;516,012;644,188
136:0,014;434,182;513,006;516,012;569,269;658,106;787,007
137:0,014;513,006;529,101;589,183;787,007
138:0,014;395,262;437,123;516,012;684,172
139:0,014;5,228;513,006;560,264
140:0,014;437,207;516,012;529,101;787,007
141:0,015;548,131;610,164
142:0,015;308,274
143:0,015;590,119;698,121
144:0,015;614,159
145:0,015;610,164;956,161
146:0,015;596,143
147:0,015;597,244
148:0,015;513,006;590,119;614,159
149:0,015;564,121;1032,018
150:0,015;579,262;643,205;664,077
151:0,016;376,181;380,012;405,167;764,006;784,014;1199,226
152:0,016;380,012;405,167;784,014;996,220
153:0,016;371,187;380,012;412,256;784,014;1153,004
154:0,016;380,012;421,170;784,014;1143,150
155:0,016;371,187;376,181;784,014;1139,090;1199,226
156:0,016;380,012;406,271
157:0,016;380,012;406,271;784,014
158:0,016;372,113
159:0,016;469,256;784,014
160:0,016;380,012;462,146;784,014;1143,150
161:0,017
162:0,017
163:0,017
164:0,017
165:0,017
166:0,017
167:0,017
168:0,017;724,020;899,217
169:0,017
170:0,017
171:0,018
172:0,018
173:0,018;235,083
174:0,018
175:0,018
176:0,018
177:0,018
178:0,018
179:0,018
180:0,018;132,138;304,018
181:0,019
182:0,019
183:0,019
184:0,019
185:0,019
186:0,019;388,239;758,083;922,192
187:0,019
188:0,019
189:0,019;388,141;624,019
190:0,019;1101,013
191:0,020;992,231;1191,024
192:0,020;359,224;597,080;1191,024
193:0,020;937,097;1191,024
194:0,020;992,231;1191,024
195:0,020;937,097;1191,024
196:0,020;995,241
197:0,020;981,122;1191,024
198:0,020;981,254;995,241
199:0,020;968,260
200:0,020;232,107;1191,024
