001:0,001;541,250
002:0,001;606,093;662,022;759,110
003:0,001;597,023;702,273
004:0,001;608,243;662,022;744,101;916,261;1004,112
005:0,001;607,119
006:0,001;637,252;662,022;808,255;1149,003
007:0,001;662,022;702,273
008:0,001;541,250;662,022;833,230
009:0,001;607,119;662,022;753,264
010:0,001;662,022;782,142
011:0,002;184,220;339,002;749,025
012:0,002;515,148;749,025;903,216;1071,156
013:0,002;516,157;741,115;749,025
014:0,002;541,253;749,025
015:0,002;528,102;556,229
016:0,002;572,107;967,025
017:0,002;515,148;1007,147
018:0,002;524,229;749,025
019:0,002;541,253;749,025
020:0,002;528,102;749,025
021:0,003;538,141;899,220;938,229
022:0,003;582,161
023:0,003;539,108;615,135
024:0,003;539,108;582,161
025:0,003;555,231
026:0,003;538,141
027:0,003;615,135
028:0,003;586,207;685,175;773,157;946,148
029:0,003;577,149
030:0,003;547,203;703,149
031:0,004
032:0,004
033:0,004
034:0,004
035:0,004
036:0,004
037:0,004
038:0,004;248,003;303,167
039:0,004
040:0,004
041:0,005;983,104
042:0,005;957,203
043:0,005;995,087;1011,207;1125,119;1172,275
044:0,005;931,013
045:0,005;617,021;889,256;1060,082;1199,198
046:0,005;1000,147
047:0,005;983,104
048:0,005;889,256
049:0,005;905,023;925,238;1148,164;1168,258
050:0,005;976,145
051:0,006;460,214;492,123
052:0,006;492,123;547,265
053:0,006;610,198
054:0,006;437,199;976,239
055:0,006;496,208
056:0,006;496,208
057:0,006;547,265;662,022;728,086
058:0,006;460,214
059:0,006;530,090;554,082
060:0,006;627,217
061:0,007;811,100
062:0,007;807,217
063:0,007;749,025;761,176
064:0,007;827,183;1133,148
065:0,007;819,194;983,142
066:0,007;833,230;943,115;1022,260
067:0,007;800,250;820,169
068:0,007;927,266;1059,145
069:0,007;811,100
070:0,007;575,175;1194,090
071:0,008;318,251;430,025;454,010;500,164
072:0,008;255,100;430,025
073:0,008;293,232;430,025;470,174
074:0,008;273,256;318,251
075:0,008;103,115;430,025;486,162
076:0,008;103,115
077:0,008;271,154
078:0,008;265,091;982,162;1057,115
079:0,008;259,243;293,232
080:0,008;265,091;271,154;273,256;430,025;510,150;654,023;786,171;1104,130;1144,232
081:0,009
082:0,009;958,171
083:0,009
084:0,009;265,126
085:0,009
086:0,009
087:0,009
088:0,009
089:0,009;265,126;835,009
090:0,009
091:0,010;617,021;905,023
092:0,010;523,268
093:0,010;354,210;617,021;846,261;905,023
094:0,010;617,021;787,181;905,023
095:0,010;501,076;617,021;827,128;846,261
096:0,010;564,101;617,021;905,023
097:0,010;617,021;781,102;905,023
098:0,010;501,076;617,021;786,152;905,023
099:0,010;354,210;564,101
100:0,010;531,173;905,023
101:0,011;175,202;290,022;498,134
102:0,011;290,022;480,007;560,112;1066,183
103:0,011;290,022;483,153
104:0,011;290,022;430,025;516,157
105:0,011;290,022;483,153
106:0,011;272,130
107:0,011;339,082;587,107;593,269
108:0,011;290,022;499,269;973,157
109:0,011;276,104;290,022;468,131
110:0,011;175,202;290,022;503,235;858,260;915,091
111:0,012;228,200;430,025;441,194
112:0,012;102,168;441,194;811,117
113:0,012;203,203
114:0,012;234,271;686,002;811,117
115:0,012;228,200
116:0,012;213,241
117:0,012;204,231
118:0,012;197,144;681,213;848,005;927,266
119:0,012;286,158;1091,238
120:0,012;197,144;286,158;751,242;864,140;1004,128
121:0,013;1137,144
122:0,013
123:0,013
124:0,013
125:0,013
126:0,013
127:0,013;906,244;1030,001
128:0,013;681,213;902,013
129:0,013
130:0,013
131:0,014;246,274;1030,001
132:0,014;204,224;1030,001
133:0,014;273,140
134:0,014;194,176;246,274;1030,001
135:0,014;192,103
136:0,014;184,220
137:0,014;216,008;227,165;1030,001
138:0,014;192,103;1030,001
139:0,014;194,176;1030,001
140:0,014;204,224;1030,001
141:0,015;1059,275
142:0,015;1059,275;1149,003
143:0,015;890,025;1149,003;1190,245
144:0,015;1041,213;1175,120
145:0,015;1102,258;1149,003;1180,251
146:0,015;689,085;1041,213;1149,003
147:0,015;1071,156;1149,003
148:0,015;1094,132;1149,003
149:0,015;1061,236;1149,003;1175,120
150:0,015
151:0,016;1199,019
152:0,016;1199,019
153:0,016;13,097;46,016;1148,108;1199,019
154:0,016;1199,019
155:0,016;1199,019
156:0,016;1199,019
157:0,016;1194,090;1199,019
158:0,016;1199,019
159:0,016
160:0,016;1182,171
161:0,017;481,197
162:0,017;597,023
163:0,017;597,023;745,247
164:0,017;597,023;634,089
165:0,017;530,090;597,023
166:0,017;592,009;597,023;745,247;936,198;1042,004
167:0,017;558,192;597,023;815,174
168:0,017;634,089
169:0,017;597,023;745,076
170:0,017;575,237;597,023;858,260
171:0,018;940,239;958,165
172:0,018;976,109
173:0,018;906,244;934,110;1051,202
174:0,018;961,255
175:0,018;990,238;1061,236
176:0,018;1046,109
177:0,018;951,262
178:0,018;270,193;686,002;781,102;783,158
179:0,018;892,202;951,262
180:0,018;892,202
181:0,019;614,128;661,248;686,002;814,173
182:0,019;610,198;642,114;686,002;1116,085
183:0,019;686,002;882,210
184:0,019;661,248
185:0,019;614,128
186:0,019;642,114;811,168
187:0,019;234,271;523,268;686,002;841,214;1180,134
188:0,019;686,002;791,246;882,210;1102,258
189:0,019;430,025;670,199;686,002;811,168
190:0,019;619,087
191:0,020;379,239
192:0,020;279,242
193:0,020;347,169
194:0,020;271,222;1199,019
195:0,020;271,222
196:0,020;270,193
197:0,020;285,143;350,094;936,199
198:0,020;268,171;285,143
199:0,020;350,094
200:0,020;381,207
