001:0,001;865,098;899,004;1155,200
002:0,001;872,236
003:0,001;273,233;747,173
004:0,001;1040,266;1167,098
005:0,001;884,146
006:0,001;1084,202
007:0,001;865,098
008:0,001;912,103
009:0,001;900,164;945,112
010:0,001;273,233;285,001;986,265
011:0,002
012:0,002
013:0,002
014:0,002
015:0,002
016:0,002
017:0,002
018:0,002
019:0,002
020:0,002
021:0,003;581,094;640,021
022:0,003;598,225;640,021
023:0,003;517,110
024:0,003;474,186;640,021
025:0,003;87,126;640,021
026:0,003;603,173;640,021
027:0,003;552,136;598,225;640,021
028:0,003;622,218
029:0,003;685,017;977,213;1029,260;1043,109
030:0,003;87,126;410,006;517,110;640,021
031:0,004;870,088;899,004;1138,232
032:0,004;861,024;869,260;899,004;1145,181
033:0,004;855,149;899,004;1120,088
034:0,004;855,149;899,004;1133,229
035:0,004;808,009;1110,231
036:0,004;446,221;795,233;899,004;1103,007;1141,117
037:0,004;869,260;1133,229
038:0,004;814,175;899,004;1110,231
039:0,004;865,088;899,004;1138,232
040:0,004;423,012;728,184
041:0,005
042:0,005;705,103;712,203
043:0,005
044:0,005
045:0,005
046:0,005;57,114;745,077;912,087
047:0,005
048:0,005
049:0,005
050:0,005
051:0,006;782,224;861,024;971,081;1028,015
052:0,006;782,164;785,112;861,024;904,100;1028,015
053:0,006;321,144;861,024;978,239;1188,209
054:0,006;811,082;1078,096
055:0,006;321,144;861,024;906,122
056:0,006;814,088;861,024;883,136
057:0,006;782,224;861,024;911,233;1192,102
058:0,006;785,112;861,024;1028,015
059:0,006;906,122;1028,015
060:0,006;782,164;1028,015
061:0,007;417,105
062:0,007;83,247;112,084;198,105;257,242
063:0,007;100,173;423,012;562,090
064:0,007;83,082
065:0,007;83,082;100,173;162,153;1155,218
066:0,007;83,247;841,208
067:0,007;162,153;176,014;381,250
068:0,007;198,105
069:0,007;112,084;152,134;1196,017
070:0,007;152,134;628,090
071:0,008;829,084
072:0,008;344,119;352,008;712,203;836,005;1199,135
073:0,008;625,220;829,084
074:0,008;619,235
075:0,008;651,025;841,208
076:0,008;637,116;715,241;1028,015
077:0,008;715,241
078:0,008;619,235;1158,089
079:0,008;344,119;737,011;794,111;1199,135
080:0,008;625,220
081:0,009;423,012;580,219;993,169
082:0,009;152,151
083:0,009;513,078
084:0,009;152,151;423,012;625,172
085:0,009;423,012;553,217
086:0,009;423,012;568,180
087:0,009;423,012;623,200;798,212
088:0,009;493,214;513,078;553,217
089:0,009;464,173
090:0,009;423,012;550,118
091:0,010;646,243
092:0,010;648,006;694,169;1180,249
093:0,010;705,103
094:0,010;251,020;268,181
095:0,010;268,181;1028,015
096:0,010;646,243
097:0,010;709,200;904,100;1133,007
098:0,010;730,274;1137,007
099:0,010;640,021
100:0,010;855,196
101:0,011;658,212;1021,021
102:0,011;651,025;810,102
103:0,011;724,249
104:0,011;651,025;699,198;704,096;978,239
105:0,011;651,025;732,159
106:0,011;704,096;736,082;784,096
107:0,011;784,272;843,258
108:0,011;651,025;843,258
109:0,011;651,025;824,129;1135,198
110:0,011;651,025;699,198
111:0,012;266,262
112:0,012;291,018;930,253;1196,017
113:0,012;390,230;1167,022
114:0,012;266,262
115:0,012;262,179
116:0,012;317,087;580,086;1028,015
117:0,012;257,205;262,179;456,003;509,210;538,209
118:0,012;257,242;317,087
119:0,012;257,205
120:0,012;258,086
121:0,013
122:0,013
123:0,013
124:0,013
125:0,013
126:0,013
127:0,013
128:0,013
129:0,013
130:0,013;808,009;824,129
131:0,014;508,255
132:0,014;500,233
133:0,014;60,100;622,218;971,196;1009,230
134:0,014;538,209;1114,202
135:0,014;509,153
136:0,014;466,192
137:0,014;446,221;1060,149
138:0,014;466,192;971,081
139:0,014;664,245
140:0,014;60,100;865,025;1035,266
141:0,015;651,025;733,271
142:0,015;730,274;831,197;1103,007
143:0,015;756,089
144:0,015;831,013;1005,200;1103,007
145:0,015;993,183;1103,007
146:0,015;831,197;865,025;1005,200;1103,007
147:0,015;768,267;993,183
148:0,015;770,234;1103,007
149:0,015;770,145;911,013;1103,007
150:0,015;788,270;1103,007
151:0,016;892,002
152:0,016;745,077
153:0,016;1060,149
154:0,016;919,137
155:0,016;909,160
156:0,016;808,009;865,025;877,091;893,155
157:0,016;956,274
158:0,016;877,091
159:0,016;893,155
160:0,016;909,160
161:0,017;977,124;997,154
162:0,017;865,025;1108,156
163:0,017;865,025;1007,256
164:0,017;831,257
165:0,017;865,025;997,154
166:0,017;662,137;977,124
167:0,017;865,025;1003,156
168:0,017;861,087;865,025;977,213
169:0,017;831,257
170:0,017;255,165;865,025;1093,100
171:0,018;1045,127;1167,022
172:0,018;945,112;1167,022;1196,017
173:0,018;930,253;1196,017
174:0,018;930,116;1167,022;1196,017
175:0,018;985,179;999,255;1196,017
176:0,018;489,109;1167,022
177:0,018;1045,127;1167,022
178:0,018;944,219;1167,022
179:0,018;489,109;625,018;930,116;1167,022;1196,017
180:0,018;872,236;1167,022;1196,017
181:0,019;661,127;808,009;881,188
182:0,019;662,137;737,011;821,145
183:0,019;172,098;737,011;870,264
184:0,019;680,226;737,011;804,263
185:0,019;785,226;808,009;1041,179
186:0,019;660,224;737,011;808,009;880,108
187:0,019;661,127;737,011;808,009;880,108
188:0,019;804,263;808,009;870,264
189:0,019;703,145;737,011;785,226
190:0,019;660,224;737,011;808,009;923,004;1141,117;1172,134
191:0,020
192:0,020
193:0,020;88,079
194:0,020;1199,236
195:0,020
196:0,020
197:0,020;88,079
198:0,020
199:0,020;1197,235
200:0,020
