001:0,001;382,244
002:0,001;73,247;75,148;340,147
003:0,001;354,122;628,237
004:0,001;290,226;382,244
005:0,001;314,157;1172,154;1195,195
006:0,001;303,171;335,268
007:0,001;369,162
008:0,001;384,124;707,084;874,150
009:0,001;75,148
010:0,001;129,205;1139,147
011:0,002;92,251;803,243
012:0,002;156,126;1184,113
013:0,002;62,110
014:0,002;415,233
015:0,002;93,141;228,187;746,227
016:0,002;92,251;415,233
017:0,002;74,216;133,082;353,165
018:0,002;55,122
019:0,002;62,110
020:0,002;71,165
021:0,003;61,125
022:0,003;163,124
023:0,003;196,272;393,135
024:0,003;199,115;1004,092
025:0,003;160,219
026:0,003;163,227
027:0,003;16,256
028:0,003;160,219
029:0,003;171,092;212,115
030:0,003;171,092;662,095
031:0,004;107,113;454,133;550,179;699,202
032:0,004;74,216;149,159
033:0,004;14,261
034:0,004;15,001;398,101
035:0,004;94,161;356,138
036:0,004;74,145;94,161;173,202
037:0,004;107,113;846,261
038:0,004;149,159
039:0,004;119,142;392,172;517,200;614,224
040:0,004;197,253
041:0,005;241,116
042:0,005;245,167
043:0,005;200,179
044:0,005;39,169;241,116;716,213
045:0,005;245,167;423,156;522,174
046:0,005;200,237;821,100
047:0,005;291,250
048:0,005;145,213
049:0,005;129,263
050:0,005;249,133
051:0,006;58,127
052:0,006;166,141;305,094
053:0,006;58,127
054:0,006;184,153
055:0,006;228,187;960,198;1025,147;1108,172
056:0,006;141,207
057:0,006;155,259
058:0,006;184,153
059:0,006;141,207
060:0,006;146,095;181,163;323,255
061:0,007;182,181
062:0,007;514,194
063:0,007;182,181
064:0,007;67,220;112,155
065:0,007;177,245
066:0,007;177,245
067:0,007;67,220;299,205
068:0,007;236,190
069:0,007;236,190;1066,077
070:0,007;331,109;856,144
071:0,008;229,144;706,254
072:0,008;108,137;901,142
073:0,008;108,137
074:0,008;161,227;547,172;584,156;1015,137
075:0,008;193,095;280,168;420,166;985,194;1050,107
076:0,008;183,094;718,164
077:0,008;119,142
078:0,008;174,150
079:0,008;173,202;656,267
080:0,008;221,268;739,126
081:0,009;417,238
082:0,009;281,200;698,077;793,149
083:0,009;209,140;267,144
084:0,009;322,257
085:0,009;239,141;620,175
086:0,009;423,156
087:0,009;193,238
088:0,009;325,105;1043,157
089:0,009;210,133;264,081;370,082
090:0,009;209,140;325,105
091:0,010;175,171
092:0,010;239,161;1061,124
093:0,010;482,079
094:0,010;130,136;360,172
095:0,010;159,193
096:0,010;235,243
097:0,010;122,260
098:0,010;124,172;235,243;482,079
099:0,010;124,172;375,260
100:0,010;148,174;665,148
101:0,011;157,119
102:0,011;66,100
103:0,011;74,145;753,180
104:0,011;9,177
105:0,011;73,129
106:0,011;420,091;1172,183
107:0,011;9,177
108:0,011;104,271
109:0,011;67,274
110:0,011;61,125;104,271
111:0,012;210,084;293,235
112:0,012;210,192;637,129
113:0,012;178,239
114:0,012;4,107
115:0,012;210,192
116:0,012;293,235
117:0,012;4,107;380,084
118:0,012;321,220;449,167;1019,200
119:0,012;155,259;1038,141
120:0,012;210,084;683,192
121:0,013;69,195
122:0,013;68,138;525,258;674,183
123:0,013;127,145
124:0,013;126,267;131,175;174,154;262,272
125:0,013;117,252
126:0,013;100,090
127:0,013;68,138;100,090
128:0,013;174,154
129:0,013;72,239
130:0,013;131,175
131:0,014;7,223
132:0,014;297,088
133:0,014;7,223
134:0,014;119,082;595,149
135:0,014;99,264;103,149;655,257
136:0,014;98,224;786,187
137:0,014;103,149;434,088
138:0,014;290,226;328,141;1144,193
139:0,014;145,213;532,168;843,162;1011,267
140:0,014;130,136
141:0,015;200,168
142:0,015;86,112;200,168;253,232
143:0,015;16,252
144:0,015;16,252;86,112;111,230
145:0,015;56,256
146:0,015;103,008;253,232
147:0,015;111,230;343,198
148:0,015;62,206
149:0,015;62,206
150:0,015;110,003;199,166
151:0,016;38,102;58,120;105,160
152:0,016;8,204;61,089;63,255
153:0,016;58,120;291,250
154:0,016;61,089;514,136
155:0,016;129,126;473,113
156:0,016;105,160;1163,084
157:0,016;63,255;75,134
158:0,016;75,134;136,195;529,109
159:0,016;129,126;146,095;865,109
160:0,016;8,204;129,263
161:0,017;60,186
162:0,017;66,100;524,081
163:0,017;21,109;347,171
164:0,017;68,081
165:0,017;37,104
166:0,017;37,104
167:0,017;13,164;860,094
168:0,017;98,224;583,194;682,251
169:0,017;26,198;632,272
170:0,017;21,109;60,186
171:0,018;93,254;642,092;1165,251
172:0,018;93,254;113,170;114,087
173:0,018;157,119
174:0,018;139,246
175:0,018;112,155
176:0,018;154,101;1066,253
177:0,018;139,246
178:0,018;114,087
179:0,018;113,170
180:0,018;240,254
181:0,019;131,091
182:0,019;221,180
183:0,019;176,147;698,258
184:0,019;105,266
185:0,019;105,266
186:0,019;151,267;649,200
187:0,019;14,261;86,164;143,253;409,163
188:0,019;143,253;151,267;795,193;1005,134;1156,259
189:0,019;71,077
190:0,019;135,163
191:0,020;276,274;303,150;776,161
192:0,020;108,098;210,229
193:0,020;210,229
194:0,020;291,258;1066,179
195:0,020;195,220
196:0,020;279,135
197:0,020;352,098
198:0,020;108,098
199:0,020;182,125
200:0,020;351,183;1137,138
