001:0,001;87,247;212,230
002:0,001;464,132
003:0,001;188,243
004:0,001;122,213
005:0,001;21,232
006:0,001;151,166;188,243
007:0,001;212,230
008:0,001;103,018;196,251
009:0,001;118,108;742,178
010:0,001;87,247;464,132
011:0,002;82,174;92,160;295,256
012:0,002;196,167
013:0,002;80,237;730,092
014:0,002;246,215;384,090;639,209
015:0,002;92,160;176,255
016:0,002;141,266
017:0,002;176,255
018:0,002;82,174
019:0,002;35,209;220,193;669,105
020:0,002;69,214;103,008;295,256
021:0,003;96,163
022:0,003;134,085;421,135
023:0,003;111,216;1015,120
024:0,003;126,094
025:0,003;115,178
026:0,003;152,147;740,159
027:0,003;134,085
028:0,003;115,178;361,152
029:0,003;142,119;248,203
030:0,003;113,012;126,094;412,216;451,094;589,155;640,140;921,131;972,203
031:0,004;358,108
032:0,004;395,086
033:0,004;52,169;136,004;265,253
034:0,004;269,123;331,122
035:0,004;24,199
036:0,004;190,219;265,253;601,247
037:0,004;242,177
038:0,004;298,082;395,086
039:0,004;331,122
040:0,004;242,177
041:0,005;95,155
042:0,005;51,157;982,216
043:0,005;78,110
044:0,005;45,112
045:0,005;62,159
046:0,005;45,112
047:0,005;51,157
048:0,005;24,096
049:0,005;54,200;979,164;1197,174
050:0,005;54,200
051:0,006;209,143;706,193
052:0,006;55,012;130,197
053:0,006;35,100;190,214;249,092
054:0,006;42,084
055:0,006;55,092;473,251;503,090
056:0,006;714,093
057:0,006;35,209;501,246
058:0,006;84,110;225,129
059:0,006;35,100
060:0,006;69,214;367,247;632,188;900,272
061:0,007;421,135
062:0,007;170,118;413,167
063:0,007;23,202
064:0,007;113,236
065:0,007;99,275;843,224
066:0,007;36,082;341,143
067:0,007;270,080;723,084;976,227
068:0,007;105,150;270,080
069:0,007;147,146;970,220;1166,214
070:0,007;229,160
071:0,008;203,225;644,094
072:0,008;200,140;1066,259
073:0,008;66,102;202,159;293,213;345,223;1086,196
074:0,008;24,199;582,275
075:0,008;125,081
076:0,008;203,225;260,098
077:0,008;260,098;572,240;823,114;975,275
078:0,008;181,193;976,263
079:0,008;125,081
080:0,008;218,100;1193,221
081:0,009;107,128;414,215
082:0,009;138,173
083:0,009;132,224
084:0,009;140,077;160,107
085:0,009;143,264
086:0,009;160,107
087:0,009;138,173
088:0,009;104,272
089:0,009;136,093;839,080
090:0,009;319,261
091:0,010;113,196;271,244;719,237
092:0,010;194,111
093:0,010;199,103
094:0,010;234,205
095:0,010;113,196;1014,200
096:0,010;199,103
097:0,010;271,244
098:0,010;234,205
099:0,010;224,101
100:0,010;224,101
101:0,011;540,263;737,208
102:0,011;336,134
103:0,011;392,119;501,128
104:0,011;339,134
105:0,011;325,106
106:0,011;325,106;1096,088;1117,246
107:0,011;586,271
108:0,011;418,254;903,111
109:0,011;39,088
110:0,011;39,088;806,146
111:0,012;154,142
112:0,012;24,096
113:0,012;132,224;208,237;292,215;899,148
114:0,012;158,252
115:0,012;511,147
116:0,012;154,142
117:0,012;313,133
118:0,012;75,204;141,266;313,133;556,166
119:0,012;82,166
120:0,012;120,008;197,097
121:0,013;293,260;300,257;1166,146
122:0,013;295,180;445,128;968,143
123:0,013;65,148;302,249
124:0,013;243,164
125:0,013;302,249;465,274
126:0,013;302,209;842,088;987,202
127:0,013;88,227
128:0,013;293,260
129:0,013;465,274
130:0,013;272,234
131:0,014;137,164;218,130
132:0,014;185,221
133:0,014;218,130
134:0,014;161,259
135:0,014;129,180
136:0,014;127,208;681,137
137:0,014;127,208;745,108
138:0,014;61,250
139:0,014;61,250
140:0,014;129,180;185,221;873,199;1154,249
141:0,015;27,084;462,155;582,098
142:0,015;21,232;95,155;144,197
143:0,015;166,089
144:0,015;65,090;324,260;494,160
145:0,015;11,097;603,225
146:0,015;107,122;166,089
147:0,015;78,118
148:0,015;27,208;65,090;442,159;638,118
149:0,015;66,102
150:0,015;25,263
151:0,016;239,246;634,102
152:0,016;63,257;238,109
153:0,016;63,258
154:0,016;99,275;282,214
155:0,016;5,137
156:0,016;317,187
157:0,016;63,257
158:0,016;5,264
159:0,016;63,258
160:0,016;238,109;317,187;533,085;755,174;893,110
161:0,017;32,152;509,120;608,133
162:0,017;247,131;734,254;759,147
163:0,017;176,120
164:0,017;133,175
165:0,017;189,148;920,247
166:0,017;136,179;247,131
167:0,017;248,203;892,209;1124,109
168:0,017;133,175
169:0,017;32,152;225,111;567,196
170:0,017;157,223
171:0,018;345,240
172:0,018;279,146;474,119
173:0,018;290,241
174:0,018;239,206
175:0,018;394,172;1078,240
176:0,018;231,274;299,188;394,172
177:0,018;225,129;290,241
178:0,018;160,155;239,206
179:0,018;299,188
180:0,018;374,224;484,252
181:0,019;126,261;880,180
182:0,019;126,261;144,212
183:0,019;140,220
184:0,019;102,113;167,191
185:0,019;7,271
186:0,019;7,271;490,129
187:0,019;167,191
188:0,019;388,236
189:0,019;165,132;239,246;410,213;776,254
190:0,019;144,212
191:0,020;152,105;769,249;1019,140
192:0,020;214,091
193:0,020;181,193;198,232
194:0,020;150,174;151,114
195:0,020;162,164;272,234
196:0,020;151,114;766,225;1098,114
197:0,020;190,219;222,128;465,227;889,155
198:0,020;39,259;701,266
199:0,020;260,155;380,105;655,247;774,090
200:0,020;164,161;214,091
