001:0,001;304,263;335,194
002:0,001;321,246
003:0,001;218,212
004:0,001;263,243
005:0,001;251,253
006:0,001;257,234;368,103;810,253
007:0,001;368,103
008:0,001;18,023;71,146;418,186
009:0,001;134,172;251,253;727,109;1003,246
010:0,001;224,141
011:0,002;608,091;649,127
012:0,002;588,266;666,200
013:0,002;666,200
014:0,002;77,192;489,239
015:0,002;18,023;48,201;841,271
016:0,002;920,206
017:0,002;649,127
018:0,002;621,140;624,215
019:0,002;624,215
020:0,002;841,271
021:0,003;109,186
022:0,003;63,121
023:0,003;165,175;685,206;767,111;982,152;984,160;1139,187
024:0,003;130,085;242,008;262,160;922,204
025:0,003;133,098;232,132;732,091
026:0,003;98,172;130,085;593,196;677,270
027:0,003;95,190
028:0,003;115,017;129,232;461,234;620,121
029:0,003;49,264;1173,248
030:0,003;118,204
031:0,004;289,256;307,187
032:0,004;340,083;948,263
033:0,004;291,154;1030,138
034:0,004;270,090;465,145;467,174
035:0,004;291,154;896,248
036:0,004;60,140;289,256
037:0,004;120,173
038:0,004;256,014;467,174
039:0,004;314,248;1074,111
040:0,004;307,187;382,178
041:0,005;58,153
042:0,005;100,256;102,225;622,232;777,160
043:0,005;102,225
044:0,005;120,178
045:0,005;297,148
046:0,005;115,217
047:0,005;58,153;115,217;561,153
048:0,005;219,243;292,199
049:0,005;100,256;120,178;122,248;185,138;1156,152
050:0,005;122,248;660,207;676,146;1114,118
051:0,006;133,081;139,198;340,083
052:0,006;88,240
053:0,006;92,268
054:0,006;60,115;92,268;276,117
055:0,006;77,161;669,240;1148,164
056:0,006;276,117
057:0,006;59,242;85,194;259,019;304,263
058:0,006;139,198
059:0,006;63,121;421,202;679,132
060:0,006;89,206;957,187;974,259
061:0,007;85,095
062:0,007;9,181;346,239;1007,179
063:0,007;85,095;1028,232
064:0,007;77,192
065:0,007;150,166
066:0,007;101,145;411,232
067:0,007;102,151
068:0,007;93,077
069:0,007;9,181;787,161;1181,190
070:0,007;120,177;245,153;506,255
071:0,008;233,265;687,275
072:0,008;522,224
073:0,008;512,164
074:0,008;400,125
075:0,008;444,088;527,097;839,141
076:0,008;407,147;819,175;925,116
077:0,008;296,088
078:0,008;422,164;871,180
079:0,008;400,125
080:0,008;527,097
081:0,009;664,180;1141,192
082:0,009;550,084;1147,145
083:0,009;546,273;832,022
084:0,009;49,264
085:0,009;707,172;980,169
086:0,009;543,130;707,172
087:0,009;550,084
088:0,009;534,169
089:0,009;884,249;927,154
090:0,009;534,169;884,249
091:0,010;54,094
092:0,010;60,115;136,197
093:0,010;27,111;707,106
094:0,010;136,197;342,234;999,197
095:0,010;54,094;62,106;418,077;486,146;627,265
096:0,010;62,106;619,214;956,274
097:0,010;102,251
098:0,010;102,251;380,207;438,179;1084,140
099:0,010;185,138;481,274
100:0,010;106,089;878,177
101:0,011;240,179;910,090;1003,148
102:0,011;218,212;256,014;448,196
103:0,011;233,265;256,014;270,219
104:0,011;256,014;335,152
105:0,011;110,257;243,082;354,168
106:0,011;132,267;256,014;270,182;747,132
107:0,011;232,132;256,014;290,116;1197,255
108:0,011;240,179;256,014;354,168
109:0,011;243,082;256,014;270,182
110:0,011;236,202;256,014;270,219
111:0,012;335,259
112:0,012;338,274;526,229
113:0,012;441,244
114:0,012;95,190;104,144;269,189
115:0,012;262,207
116:0,012;288,118;505,116;900,229
117:0,012;378,019;441,244
118:0,012;283,191
119:0,012;264,188;266,232;400,170;611,243;976,249
120:0,012;269,189;283,191
121:0,013;421,189
122:0,013;466,092;1083,090
123:0,013;25,188;31,202
124:0,013;400,203
125:0,013;432,161
126:0,013;552,076;793,206;900,113;984,258
127:0,013;509,214
128:0,013;400,170
129:0,013;502,109
130:0,013;31,202;199,011;552,076
131:0,014;68,275;757,181
132:0,014;71,239;76,184
133:0,014;56,157;64,270;627,170;946,190;1056,266
134:0,014;76,184
135:0,014;93,255;911,089
136:0,014;64,270;77,157;1034,243
137:0,014;71,239;428,106
138:0,014;85,194;705,259;905,258;1057,196;1059,076
139:0,014;56,157
140:0,014;54,113
141:0,015;104,144;239,175
142:0,015;133,228;382,188
143:0,015;133,228;147,101
144:0,015;33,233
145:0,015;33,233;78,156
146:0,015;120,173;676,089
147:0,015;147,101;608,091;833,140;981,202;1140,206
148:0,015;122,258;951,222;1012,085
149:0,015;75,172;264,188
150:0,015;78,156
151:0,016;18,023;53,186;381,228
152:0,016;60,140;78,099
153:0,016;18,023;101,204;366,198
154:0,016;18,023;169,222
155:0,016;71,229;432,090
156:0,016;18,023;57,112;150,166
157:0,016;18,023;78,203;615,266
158:0,016;84,236
159:0,016;90,013;117,148;680,236
160:0,016;18,023;57,112;102,151;120,177
161:0,017
162:0,017
163:0,017
164:0,017;1018,238
165:0,017
166:0,017
167:0,017
168:0,017
169:0,017
170:0,017
171:0,018;92,221
172:0,018;109,205;516,111
173:0,018;122,142;335,236;466,092
174:0,018;52,225;92,221
175:0,018;62,229;281,177;783,086
176:0,018;18,193
177:0,018;49,099;1122,228
178:0,018;60,199;323,086
179:0,018;52,225;60,199;169,222;202,140
180:0,018;18,193
181:0,019;407,147;819,275;832,022
182:0,019;101,145;832,022
183:0,019;416,190;832,022
184:0,019;432,130;473,227;865,022
185:0,019;473,227;832,022
186:0,019;396,008;412,165;441,135
187:0,019;122,142
188:0,019;432,130;626,141;667,151;832,022
189:0,019;441,135;832,022
190:0,019;626,199;645,225;757,233;832,022
191:0,020;5,118;383,270
192:0,020;169,205
193:0,020;71,146
194:0,020;321,229;759,251
195:0,020;122,224;139,201
196:0,020;119,086;674,145
197:0,020;127,094;456,089;463,118
198:0,020;119,086;122,224;903,234
199:0,020;105,141;546,197;944,142
200:0,020;89,206;408,085
