001:0,001;24,184;512,255
002:0,001;68,172
003:0,001;59,261;68,172;70,179
004:0,001;80,003;213,229
005:0,001;53,202;948,210
006:0,001;66,141;228,126
007:0,001;93,255;158,088;430,093;661,262
008:0,001;59,261;66,141
009:0,001;93,255
010:0,001;53,202;750,229
011:0,002;159,143
012:0,002;202,200
013:0,002;177,267;193,174;712,230
014:0,002;158,088;208,192
015:0,002;161,173;241,083;418,177
016:0,002;5,155;173,122;568,273;687,146
017:0,002;161,173
018:0,002;173,122;202,200;605,111
019:0,002;159,143;177,267
020:0,002;241,083;362,216
021:0,003;67,120;213,229;241,171;575,226
022:0,003;450,140;492,170;846,215;1098,247
023:0,003;293,086
024:0,003;262,147
025:0,003;293,086;751,242
026:0,003;67,120;572,148;839,084
027:0,003;363,242
028:0,003;268,226
029:0,003;267,263
030:0,003;241,171
031:0,004;204,239;440,225
032:0,004;508,076;1114,101
033:0,004;287,247;1127,111
034:0,004;109,190
035:0,004;109,190;645,239
036:0,004;194,177;638,080;639,088
037:0,004;204,239
038:0,004;195,225
039:0,004;185,262;865,174
040:0,004;243,088;908,120
041:0,005;194,177;246,251;600,215;772,253
042:0,005;234,199;262,264
043:0,005;409,146;954,157
044:0,005;130,270
045:0,005;253,167
046:0,005;240,093;361,208;568,083
047:0,005;199,130;391,083;933,093
048:0,005;74,077;1050,108
049:0,005;234,199
050:0,005;262,264
051:0,006;78,110
052:0,006;47,084;285,148
053:0,006;14,165
054:0,006;17,210
055:0,006;39,197;97,185
056:0,006;14,102
057:0,006;13,184;17,210;876,110
058:0,006;97,185
059:0,006;19,140
060:0,006;24,184;976,202
061:0,007;448,271
062:0,007;283,096;430,213
063:0,007;488,137;754,170
064:0,007;296,249
065:0,007;399,259
066:0,007;267,084;885,186
067:0,007;430,213;929,096
068:0,007;448,271
069:0,007;262,147;1096,092
070:0,007;283,096
071:0,008;94,232
072:0,008;108,261
073:0,008;104,256;108,261
074:0,008;109,091;692,192;875,256
075:0,008;267,077
076:0,008;115,168;743,156
077:0,008;104,256
078:0,008;109,091;1129,217
079:0,008;338,092
080:0,008;94,232
081:0,009;104,137
082:0,009;133,152
083:0,009;80,003;458,233
084:0,009;123,172;132,003;133,152
085:0,009;120,113
086:0,009;138,126;250,259;344,172
087:0,009;143,108
088:0,009;19,118
089:0,009;77,247;422,236
090:0,009;14,165;41,118
091:0,010;46,217;59,196
092:0,010;59,106
093:0,010;82,236
094:0,010;59,106
095:0,010;96,191;240,093
096:0,010;194,181;602,174;1013,100
097:0,010;59,196
098:0,010;313,100
099:0,010;190,244
100:0,010;75,139;1114,090
101:0,011;293,275
102:0,011;207,194
103:0,011;138,126;182,110;803,267
104:0,011;165,111;220,194
105:0,011;149,205;561,102;567,120;823,251
106:0,011;152,268
107:0,011;208,192;227,165;755,202
108:0,011;165,111;939,083
109:0,011;38,096;152,268
110:0,011;45,080;896,140
111:0,012;133,258;385,115
112:0,012;260,216;830,184
113:0,012;105,258
114:0,012;112,124
115:0,012;98,234;724,167;1021,199
116:0,012;236,115;432,146;448,131
117:0,012;112,124
118:0,012;49,079;674,163;1085,209
119:0,012;307,100;348,205
120:0,012;49,079
121:0,013;170,078;252,131;285,170;464,021;623,116
122:0,013;252,131;464,021;548,142;991,080
123:0,013;110,128
124:0,013;225,242;464,021;561,214
125:0,013;110,128;464,021;546,167;653,122
126:0,013;377,230;464,021;625,161;1067,148;1084,116
127:0,013;246,273;471,113;794,273
128:0,013;170,078;464,021;603,182
129:0,013;156,160;380,270;464,021;548,122
130:0,013;194,090;634,209
131:0,014;190,237
132:0,014;240,201
133:0,014;208,155
134:0,014;256,182
135:0,014;208,155
136:0,014;221,226;277,255;290,188;365,143
137:0,014;212,237
138:0,014;172,231;240,201
139:0,014;44,218;720,234
140:0,014;172,231
141:0,015;62,101;130,155;131,222
142:0,015;70,179
143:0,015;130,218
144:0,015;68,245
145:0,015;72,151;1151,258
146:0,015;174,103
147:0,015;96,209;739,084;827,168;1071,163
148:0,015;131,222;363,151;464,021;544,140;835,091
149:0,015;132,241;548,142;1146,205
150:0,015;131,217;741,130;785,151
151:0,016;104,174;156,160
152:0,016;93,163;907,218;983,115;997,161
153:0,016;51,230;796,080
154:0,016;51,230;62,101;1129,174;1153,167
155:0,016;74,077;93,163;452,186;810,238
156:0,016;99,156;885,269;1147,247
157:0,016;6,178
158:0,016;104,174;439,096;534,238
159:0,016;738,197;964,102;1069,076
160:0,016;99,156;528,222
161:0,017;200,269
162:0,017;31,252
163:0,017;16,016;71,188;962,214
164:0,017;9,251;33,259;686,120
165:0,017;73,197
166:0,017;35,104
167:0,017;33,259;200,269;346,212
168:0,017;9,251
169:0,017;16,249;31,252
170:0,017;46,271;194,181
171:0,018;115,250
172:0,018;15,157;1040,213
173:0,018;98,095;146,253;625,171;630,168
174:0,018;81,130;728,253
175:0,018;46,217
176:0,018;61,273;135,220
177:0,018;146,253;344,231;453,115;593,244
178:0,018;171,144;194,090;255,157;326,168;580,184;664,090;667,173
179:0,018;115,250
180:0,018;135,220
181:0,019;216,208
182:0,019;221,133
183:0,019;302,215
184:0,019;382,248
185:0,019;216,208;308,273;1160,115
186:0,019;266,145;382,248
187:0,019;260,090
188:0,019;221,133
189:0,019;264,238;421,157;821,209;969,249
190:0,019;264,238;553,188
191:0,020;253,170;592,233
192:0,020;247,120;433,130
193:0,020;275,186;897,121
194:0,020;223,121
195:0,020;223,121;232,207;917,170
196:0,020;25,082;236,115;275,186;284,272
197:0,020;285,148;504,160;1037,142
198:0,020;284,272;947,130
199:0,020;261,212;597,253;729,139
200:0,020;232,207
