001:0,001;137,213
002:0,001;166,171
003:0,001;81,118;765,239
004:0,001;59,107;167,272
005:0,001;74,135
006:0,001;60,133
007:0,001;74,135
008:0,001;133,088
009:0,001;96,152;1163,219
010:0,001;84,078
011:0,002;193,245
012:0,002;207,126
013:0,002;151,177;461,170;492,099;617,210
014:0,002;173,094;193,245
015:0,002;152,254
016:0,002;114,112
017:0,002;156,212
018:0,002;184,101
019:0,002;156,212
020:0,002;377,176
021:0,003;42,130
022:0,003;34,117;36,198
023:0,003;36,198
024:0,003;34,117
025:0,003;99,147
026:0,003;79,263;80,090
027:0,003;54,086;99,147
028:0,003;42,130
029:0,003;52,017;120,159;715,085
030:0,003;230,083;251,136;397,216
031:0,004;43,231;481,193;526,163;605,201
032:0,004;42,201
033:0,004;72,148;428,263
034:0,004;109,099;1191,170
035:0,004;101,237
036:0,004;72,148;1198,126
037:0,004;75,219
038:0,004;90,122
039:0,004;75,219;364,076;558,200
040:0,004;90,122;101,237
041:0,005;69,093;765,123;969,261
042:0,005;46,214;50,250;956,085
043:0,005;54,164;684,179
044:0,005;401,222;571,231;777,193;1096,261;1142,093;1183,267
045:0,005;6,123;46,214;526,112;777,148;917,232
046:0,005;69,093
047:0,005;38,167;279,271;1151,083
048:0,005;50,250;69,267
049:0,005;6,123;1191,261
050:0,005;69,267;1004,123
051:0,006;158,106
052:0,006;157,272;450,252;487,110
053:0,006;122,262
054:0,006;184,101;194,107
055:0,006;122,262;346,107
056:0,006;110,273;158,106
057:0,006;110,273;1095,118
058:0,006;110,263;171,164
059:0,006;80,090
060:0,006;110,263;970,207
061:0,007;105,215;155,011;896,181
062:0,007;339,089
063:0,007;119,235;307,160
064:0,007;197,097;440,177
065:0,007;122,110;387,269;642,177
066:0,007;122,110;838,244;896,181
067:0,007;32,202;96,007;105,222;339,089;959,238
068:0,007;140,238
069:0,007;105,215;478,244
070:0,007;114,076;913,093;989,144
071:0,008;294,179;857,257
072:0,008;117,230;137,108
073:0,008;137,108
074:0,008;151,186
075:0,008;47,185
076:0,008;151,186
077:0,008;115,153;230,083;1065,262
078:0,008;33,125
079:0,008;166,221
080:0,008;207,193
081:0,009;101,127
082:0,009;116,214
083:0,009;105,174;993,227
084:0,009;15,079
085:0,009;15,079;105,174;767,229;833,174
086:0,009;186,229;731,159;790,272;879,231;936,214
087:0,009;210,210
088:0,009;188,249;215,222
089:0,009;124,146
090:0,009;101,127
091:0,010;350,120
092:0,010;128,216;145,243;881,117
093:0,010;459,217
094:0,010;287,145;459,217;793,141;847,096
095:0,010;272,151;287,145
096:0,010;363,264
097:0,010;241,141
098:0,010;288,258
099:0,010;292,144;904,250
100:0,010;363,264
101:0,011;651,213;1137,099
102:0,011;1142,189
103:0,011;144,154;627,011;719,192
104:0,011;750,158
105:0,011;461,163;851,170;1195,133
106:0,011;144,154
107:0,011;717,235;791,125
108:0,011;757,265;1082,182
109:0,011;719,192;767,122;798,144
110:0,011;780,112
111:0,012;159,196
112:0,012;279,271
113:0,012;267,172
114:0,012;159,196
115:0,012;125,265;476,215
116:0,012;125,265
117:0,012;26,115;267,172
118:0,012;351,205;931,176
119:0,012;163,100;788,192;1135,205
120:0,012;26,115;244,097;1008,203
121:0,013;96,087
122:0,013;29,085;34,266
123:0,013;188,249
124:0,013;81,118;255,159;407,221;653,118
125:0,013;75,244;96,087
126:0,013;75,244;525,101;716,262;1008,154
127:0,013;111,243
128:0,013;308,205
129:0,013;112,079;271,182;491,156
130:0,013;29,085;666,252
131:0,014;111,182
132:0,014;71,257
133:0,014;184,233
134:0,014;43,231
135:0,014;53,099;87,092;516,240;593,141;613,232;711,159
136:0,014;56,136
137:0,014;143,232;184,233
138:0,014;56,136;143,232;145,168
139:0,014;87,092
140:0,014;53,099;128,216;560,097
141:0,015;115,121;1131,136;1187,092
142:0,015;164,230
143:0,015;97,218;573,272;659,099;880,083;899,239
144:0,015;33,125;164,230;728,229
145:0,015;145,168;711,163
146:0,015;21,274;115,121
147:0,015;106,257;597,146;903,244;978,083
148:0,015;157,239;532,136;805,092;1027,219;1088,110;1099,216
149:0,015;114,076;293,078
150:0,015;140,197
151:0,016;270,156
152:0,016;319,095
153:0,016;115,160;995,089
154:0,016;338,114
155:0,016;346,240
156:0,016;269,120;338,114
157:0,016;267,204
158:0,016;319,095
159:0,016;269,120
160:0,016;724,232;743,249;996,240
161:0,017;311,204;729,189;922,148
162:0,017;359,261;609,076
163:0,017;29,248
164:0,017;384,105;926,126;1021,101;1163,192
165:0,017;535,270
166:0,017;516,200;573,085;764,096;927,230
167:0,017;355,232;516,200;535,270
168:0,017;498,189
169:0,017;387,269
170:0,017;361,152;382,273
171:0,018;34,266;200,235
172:0,018;73,143
173:0,018;144,171
174:0,018;50,009;90,113
175:0,018;51,206;157,239;827,222
176:0,018;83,170;1160,229
177:0,018;90,113
178:0,018;37,107;215,238;711,218
179:0,018;38,203
180:0,018;38,203;288,258;974,155
181:0,019;50,261;984,250
182:0,019;42,201;574,145
183:0,019;130,248;463,232
184:0,019;47,185
185:0,019;15,224
186:0,019;40,096;823,168;917,204
187:0,019;234,102
188:0,019;60,133;438,218
189:0,019;16,207
190:0,019;16,207;687,224
191:0,020;193,236
192:0,020;486,152
193:0,020;161,227;1038,231
194:0,020;193,236;875,105
195:0,020;192,155
196:0,020;140,197
197:0,020;204,100
198:0,020;192,155;898,236
199:0,020;161,227;828,100
200:0,020;174,252;697,254;938,243;949,221
