001:0,001;779,114;830,189
002:0,001;677,267;759,024;957,089
003:0,001;830,189
004:0,001;759,024;869,108
005:0,001;759,024;823,016;957,089
006:0,001;759,024;888,101
007:0,001;759,024;888,101
008:0,001;759,024;867,225
009:0,001;555,025;677,267;759,024;954,109
010:0,001;759,024;881,225
011:0,002;381,261;412,173;789,025;899,147;1176,002
012:0,002;454,184;1176,002
013:0,002;412,259;653,227;1176,002
014:0,002;412,173;647,162
015:0,002;402,228;727,184;899,147;1176,002
016:0,002;865,259;1176,002
017:0,002;308,023;361,168;1153,131
018:0,002;379,141
019:0,002;379,141;759,025;931,259
020:0,002;381,261;402,228;1147,076;1176,002
021:0,003
022:0,003
023:0,003;1074,021
024:0,003
025:0,003
026:0,003
027:0,003
028:0,003
029:0,003
030:0,003
031:0,004;191,127;655,222
032:0,004;116,120
033:0,004;133,192;568,156
034:0,004;116,120
035:0,004;117,082
036:0,004;135,194;169,110;316,192
037:0,004;126,152;1103,156;1176,002;1195,209
038:0,004;191,127
039:0,004;169,110
040:0,004;165,217;759,025;1023,169
041:0,005;117,167;823,016;1074,021
042:0,005;334,134;1074,021
043:0,005;399,199;1074,021
044:0,005;359,202;1074,021
045:0,005;334,253
046:0,005;152,254;159,005;334,134;511,012;662,085
047:0,005;358,148;718,257;1074,021
048:0,005;380,104;579,017
049:0,005;359,202;1074,021
050:0,005;360,090
051:0,006;487,018;513,264
052:0,006;487,018;517,143
053:0,006;513,264;1085,081
054:0,006;487,018;548,242
055:0,006;505,271
056:0,006;745,081;1198,154
057:0,006;430,172;487,018;517,143;718,212;745,081;809,176
058:0,006;487,018;529,135;605,242;750,102
059:0,006;487,018;488,154;505,017;964,177
060:0,006;488,154
061:0,007
062:0,007
063:0,007
064:0,007
065:0,007;893,009
066:0,007
067:0,007
068:0,007
069:0,007
070:0,007
071:0,008;973,126
072:0,008;205,203;1091,008
073:0,008
074:0,008;205,203;242,008
075:0,008
076:0,008
077:0,008
078:0,008;371,232
079:0,008
080:0,008
081:0,009;398,194;505,017
082:0,009;387,247;550,163
083:0,009;505,017
084:0,009;466,244;505,017
085:0,009;505,017
086:0,009;373,119;505,017;856,177;1105,275;1148,181
087:0,009;168,115;365,226
088:0,009;365,226;505,017
089:0,009;168,115;505,017
090:0,009;363,258;505,017
091:0,010;308,163;487,018;499,174;555,025;655,149;1064,228
092:0,010;555,025;596,195;771,021;887,003
093:0,010;308,163;555,025;611,198;771,021;933,161
094:0,010;555,025;655,222;771,021;1036,238
095:0,010;565,207;771,021;888,103
096:0,010;555,025;611,198;771,021;909,127;1101,263
097:0,010;571,207;771,021;881,009
098:0,010;555,025;619,076
099:0,010;588,088;933,161
100:0,010;596,195
101:0,011;465,165;667,211;823,016;1085,145
102:0,011;518,001;823,016;1094,168
103:0,011;480,179;722,261;937,181;1090,227
104:0,011;511,012;722,261;823,016;959,258
105:0,011;511,012;671,159;823,016
106:0,011;469,273;483,233;511,012;823,016;977,206
107:0,011;218,204;462,007;480,179;511,012;667,211
108:0,011;462,092;511,012;725,103;1095,211
109:0,011;462,092;465,165;511,012;750,102
110:0,011;483,233;511,012;803,076;823,016;977,206
111:0,012;421,257;635,254;1013,152;1070,263;1072,084
112:0,012;138,170
113:0,012;138,170
114:0,012;285,024;371,232
115:0,012;304,248
116:0,012;291,176
117:0,012;505,084
118:0,012;405,191;505,084;555,025;681,193
119:0,012;373,167;681,193;1141,021
120:0,012;289,215;1074,021
121:0,013
122:0,013
123:0,013
124:0,013
125:0,013
126:0,013
127:0,013
128:0,013
129:0,013
130:0,013
131:0,014;309,224;1094,222
132:0,014;323,132
133:0,014;376,200
134:0,014;430,172
135:0,014;322,131;1088,172
136:0,014;376,200;1111,253
137:0,014;568,156;1090,149
138:0,014;374,135
139:0,014;309,131
140:0,014;176,100;309,224
141:0,015;164,227;261,245;881,009
142:0,015;159,275;759,025;881,009;1164,124
143:0,015;215,089;759,025;881,009
144:0,015;137,212;759,025;922,009
145:0,015;164,227;759,025;908,171;1071,192
146:0,015;152,254;515,010;952,151
147:0,015;215,089;881,009
148:0,015;89,181;759,025;881,009
149:0,015;170,019;235,245;574,253;713,173;881,009
150:0,015;172,257;881,009
151:0,016;137,087
152:0,016;29,157;889,009;1164,124;1168,193
153:0,016;29,157;387,247
154:0,016;66,188;189,254
155:0,016;66,188;1176,002
156:0,016;89,181
157:0,016;70,243
158:0,016;70,243
159:0,016;67,136;137,087;492,168;978,108
160:0,016;60,135;441,223;477,265
161:0,017;270,198;285,024;331,180
162:0,017;218,204;703,157
163:0,017;271,141;285,024;477,265
164:0,017;213,232;249,162
165:0,017;213,232;285,024;304,248;1061,254
166:0,017;249,162;254,213;285,024;322,269;771,021;912,179;915,185
167:0,017;322,269
168:0,017;254,213;771,021;915,185
169:0,017;270,198;285,024;327,152;587,275
170:0,017;176,100;285,024;331,180;906,261
171:0,018;308,023;487,018;533,169;759,025;1184,082
172:0,018;299,159;308,023;339,076;706,127;831,079
173:0,018;299,159;764,253;781,149
174:0,018;339,076;380,104
175:0,018;308,023;353,256
176:0,018;299,139;308,023;356,150
177:0,018;308,023;445,171
178:0,018;285,024;308,023;362,164
179:0,018;362,164
180:0,018;308,023;356,150;938,085
181:0,019;244,187
182:0,019;248,001;332,079
183:0,019;115,271;484,148
184:0,019;115,271
185:0,019;254,201;399,199
186:0,019;475,008
187:0,019;247,146;1001,157
188:0,019;247,146
189:0,019;301,024;685,258
190:0,019;244,187;505,017
191:0,020;574,263
192:0,020;717,113
193:0,020;548,242;551,087;579,204
194:0,020;850,092
195:0,020;622,145
196:0,020;557,142
197:0,020;412,259;850,092
198:0,020;197,223
199:0,020;557,142
200:0,020;759,024;966,244
