001:0,001;585,228
002:0,001;124,134
003:0,001;7,148;39,001;527,012;608,146;890,019
004:0,001;604,098;805,137;1117,015
005:0,001;632,109
006:0,001;419,273;974,013
007:0,001;548,124;585,228
008:0,001;605,266
009:0,001;608,146
010:0,001;567,092;651,227
011:0,002;479,265
012:0,002;297,215;498,106
013:0,002;274,022;469,013;479,265
014:0,002;310,192;317,020;559,118
015:0,002;353,142
016:0,002;129,179;292,021;317,101;350,138
017:0,002;350,138
018:0,002;317,101
019:0,002;498,106
020:0,002;123,025;470,258;570,209
021:0,003;224,227;701,017
022:0,003;239,143;288,227;292,021;414,009;429,166;457,197
023:0,003;126,219;292,021;397,103
024:0,003;116,189;292,021;443,110;701,017;1197,244
025:0,003;129,179;292,021;465,255;634,112;701,017
026:0,003;10,112;239,143;292,021;456,209;701,017;1195,098
027:0,003;148,194;344,193;701,017
028:0,003;149,207;701,017
029:0,003;126,219;292,021;457,197;701,017
030:0,003;87,144;292,021;420,122;701,017
031:0,004;7,148
032:0,004;9,101;54,133;1056,211
033:0,004;10,112
034:0,004;47,202
035:0,004;47,202
036:0,004;9,101;134,239
037:0,004;43,137;772,131
038:0,004;7,082;455,134
039:0,004;8,020;542,250;551,233
040:0,004;17,164
041:0,005;440,114;499,171;667,092
042:0,005;450,151
043:0,005;274,022;440,114
044:0,005;499,171
045:0,005;450,151
046:0,005;423,222;436,123;502,240;565,256;791,083
047:0,005;436,123
048:0,005;292,021;425,081
049:0,005;464,189;548,169
050:0,005;502,240
051:0,006;116,189;123,025
052:0,006;268,087;351,025
053:0,006;123,025
054:0,006;123,025
055:0,006;123,025
056:0,006;123,025;430,125;750,025
057:0,006;140,234
058:0,006;40,272;123,025
059:0,006;167,147
060:0,006;123,025
061:0,007;55,190;211,188;274,022;495,015
062:0,007;55,190;813,087
063:0,007;55,132;274,022;476,165;1035,015
064:0,007;68,188
065:0,007;68,188;127,194;274,022;529,113;1155,137
066:0,007;73,267;398,082;455,131;897,113
067:0,007;57,087;66,100
068:0,007;66,100;274,022;481,103;509,272
069:0,007;168,089;274,022;455,131;464,236;476,165
070:0,007;57,087;960,133
071:0,008;50,261
072:0,008;196,254;285,194
073:0,008;202,081;517,255
074:0,008;224,200
075:0,008;228,089
076:0,008;509,272
077:0,008;291,245
078:0,008;133,204
079:0,008;224,200
080:0,008;222,261
081:0,009
082:0,009
083:0,009
084:0,009
085:0,009
086:0,009
087:0,009
088:0,009
089:0,009;521,008;532,166
090:0,009
091:0,010;467,218;521,008;629,019
092:0,010;464,236;629,019
093:0,010;119,192;274,022;493,025;521,008;582,217;629,019
094:0,010;119,192
095:0,010;408,230;521,008;576,245;593,096;629,019
096:0,010;443,122;629,019;1060,115
097:0,010;434,268;521,008;593,096
098:0,010;448,275;521,008;629,019
099:0,010;463,112;521,008;629,019
100:0,010;448,275;1106,147
101:0,011
102:0,011
103:0,011
104:0,011
105:0,011;370,142;530,254;605,194
106:0,011;266,091
107:0,011
108:0,011
109:0,011
110:0,011
111:0,012;486,192;644,098;1078,189
112:0,012;242,201;379,148;945,013;1145,210
113:0,012;306,179
114:0,012;242,097
115:0,012;272,196
116:0,012;306,179;686,171;1053,112;1192,259
117:0,012;297,092;527,012;1069,236
118:0,012;243,130;298,018;360,210
119:0,012;489,086
120:0,012;243,130
121:0,013;343,232;990,141
122:0,013
123:0,013
124:0,013
125:0,013;456,209;468,083;572,230;1145,011;1184,236
126:0,013;965,081
127:0,013
128:0,013;861,141
129:0,013
130:0,013;54,133;138,013
131:0,014;127,194;136,094;167,147;436,230
132:0,014;196,254;629,019
133:0,014;31,208;872,025;1144,157
134:0,014;134,239
135:0,014;136,094;297,092;446,121
136:0,014;129,152
137:0,014;123,025
138:0,014;31,208;1029,131
139:0,014;156,193;616,204;1149,170
140:0,014;129,152
141:0,015
142:0,015
143:0,015;252,222;892,015
144:0,015
145:0,015;807,223;960,100;990,208
146:0,015
147:0,015
148:0,015;242,005;286,174;825,188;985,013
149:0,015
150:0,015
151:0,016;325,083;1145,245;1154,204
152:0,016;337,181;409,101;568,092
153:0,016;285,103;419,137
154:0,016;376,130;580,166;901,267
155:0,016;205,085;464,189
156:0,016;274,022;337,181
157:0,016;299,201;454,020;549,229
158:0,016;281,121;681,025;737,244
159:0,016;325,260
160:0,016;242,097;1081,196
161:0,017;383,111
162:0,017;345,170
163:0,017;419,078
164:0,017;388,232
165:0,017;359,222;380,267;1109,078
166:0,017;40,272;354,211;383,111;999,098
167:0,017;343,232;369,172
168:0,017;354,211;615,101;1141,115
169:0,017;369,172
170:0,017;362,166;545,078;937,017
171:0,018;528,217;621,087;755,160;904,146
172:0,018;12,121;437,201
173:0,018;564,102;825,201
174:0,018;561,125;564,102
175:0,018;289,174;1113,100
176:0,018;542,168;909,235
177:0,018;626,235;1048,160;1054,275
178:0,018;12,121;157,018;570,160
179:0,018;521,008;539,219;964,114
180:0,018;529,113;539,219
181:0,019;473,107;1076,174
182:0,019;434,009;661,091;673,162
183:0,019;357,109;848,256
184:0,019;473,107
185:0,019;50,261;200,134;271,011;350,259
186:0,019;133,204;470,258
187:0,019;412,256
188:0,019;365,169;665,273
189:0,019;350,259;723,142
190:0,019;354,162;719,019;731,223
191:0,020;527,012;1015,248
192:0,020;527,012;1015,248
193:0,020;546,211
194:0,020;527,012;1101,127
195:0,020;551,233;858,013
196:0,020;35,249;488,236;531,012;1069,182;1172,252
197:0,020;542,250;570,160;714,234
198:0,020;527,012;1113,164
199:0,020;35,249;527,012;1069,182
200:0,020;527,012;1163,252
