001:0,001;359,247;688,134;1184,211
002:0,001;503,249
003:0,001;609,098;764,228
004:0,001;579,237
005:0,001;15,099
006:0,001;156,105
007:0,001;349,120;356,212;619,081
008:0,001;619,081
009:0,001;764,228
010:0,001;488,151
011:0,002;503,249;794,002
012:0,002
013:0,002
014:0,002;353,087
015:0,002
016:0,002
017:0,002
018:0,002;965,085
019:0,002;966,186;1158,002
020:0,002;353,087;1050,002
021:0,003;195,234;292,209;592,023;758,232
022:0,003;325,203;592,023;742,084
023:0,003;398,084;592,023;646,229;866,226
024:0,003;292,209;300,154;398,084;427,199;592,023;661,086;699,198
025:0,003;153,254;592,023;699,198;748,136
026:0,003;305,149;430,203;479,002;592,023;748,136
027:0,003;300,154;1096,111
028:0,003;592,023;816,114
029:0,003;295,175;548,222
030:0,003;289,098;871,157
031:0,004;574,106;785,088
032:0,004;578,142;607,145
033:0,004;573,242
034:0,004;578,142
035:0,004;185,088;1142,109
036:0,004;617,100
037:0,004;106,145;185,088;275,004;607,145
038:0,004;781,084;875,240
039:0,004;106,145;110,004;717,094
040:0,004;573,242
041:0,005;363,222;482,002
042:0,005;179,002;249,243;831,109;913,225
043:0,005;179,274
044:0,005;234,272;806,092;1166,272
045:0,005;186,204;276,110
046:0,005;276,110;924,106
047:0,005;210,179
048:0,005;37,153;805,147
049:0,005;179,274
050:0,005;210,179
051:0,006;145,085;895,153
052:0,006;720,104;1190,076
053:0,006;69,164
054:0,006;802,076
055:0,006;895,153
056:0,006;828,244;1025,199
057:0,006;1025,199
058:0,006;1090,085
059:0,006;456,164;828,244
060:0,006;145,085;820,098
061:0,007;169,218;249,248
062:0,007;296,211
063:0,007;157,132
064:0,007;143,122;699,257
065:0,007;153,254;157,132;169,218
066:0,007;51,248
067:0,007;257,220;440,150;878,143
068:0,007;192,221
069:0,007;151,171;370,006;697,108;967,251;1163,078
070:0,007;192,221
071:0,008;214,227;297,001;542,215;916,002
072:0,008;250,016;522,215;1000,173
073:0,008;204,268;219,197;994,212
074:0,008;270,251;951,108;1085,178
075:0,008;167,264;204,268
076:0,008;219,197
077:0,008;255,146
078:0,008;151,171
079:0,008;217,219
080:0,008;210,001;511,140;574,251
081:0,009;204,232;247,116
082:0,009;229,188;261,129
083:0,009;195,234
084:0,009;805,147;1017,100;1169,243
085:0,009;261,129
086:0,009;48,199;917,262;998,234
087:0,009;228,180;232,172
088:0,009;232,172
089:0,009;172,184;683,230
090:0,009;181,226
091:0,010;69,006;84,096
092:0,010;69,164;125,016;296,257
093:0,010;229,235;714,175
094:0,010;84,096
095:0,010;70,256;71,257;295,175
096:0,010;84,214
097:0,010;71,257;424,235
098:0,010;67,227;84,214;725,252
099:0,010;143,122;756,104
100:0,010;70,256;256,230;978,206
101:0,011;88,196
102:0,011;101,116;528,113
103:0,011;388,140
104:0,011;316,265;704,122
105:0,011;160,131
106:0,011;88,196
107:0,011;85,134;803,259;944,110
108:0,011;102,078;927,214;936,120;1131,230
109:0,011;85,134;160,131
110:0,011;83,018;102,078
111:0,012;196,139
112:0,012;331,243
113:0,012;218,222;441,190
114:0,012;14,101;183,012;217,140;305,213;923,174
115:0,012;305,213
116:0,012;467,174;1163,134
117:0,012;192,169;434,106
118:0,012;267,177;876,227
119:0,012;165,173
120:0,012;276,190
121:0,013;195,193
122:0,013;24,232;819,229
123:0,013;129,143;130,114;940,140
124:0,013;271,098;525,184
125:0,013;129,143
126:0,013;101,239;245,101;396,188;867,225;1038,198
127:0,013;101,239;266,217
128:0,013;180,006;245,101
129:0,013;130,114;208,193
130:0,013;187,139;206,019;266,217
131:0,014;71,135;82,111;815,135
132:0,014;82,111
133:0,014;95,267;316,092
134:0,014;51,248;95,267
135:0,014;67,227;984,215
136:0,014;48,199;71,135
137:0,014;87,121
138:0,014;105,150
139:0,014;68,006;732,154
140:0,014;53,121
141:0,015;442,259
142:0,015;247,178;1121,212
143:0,015;380,246
144:0,015;333,206;1021,108
145:0,015;274,216
146:0,015;464,181;475,157;651,219;745,265;922,151;1158,146
147:0,015;507,149
148:0,015;403,272
149:0,015;475,157
150:0,015;399,168
151:0,016;841,181
152:0,016;21,159
153:0,016;21,159
154:0,016;867,225;881,102
155:0,016;802,076;873,243;991,114
156:0,016;959,183
157:0,016;845,202
158:0,016;881,102
159:0,016;917,262
160:0,016;814,198;914,202
161:0,017;167,264;807,184
162:0,017;221,004;262,130
163:0,017;167,109
164:0,017;185,207
165:0,017;177,120;262,130
166:0,017;12,265
167:0,017;183,240
168:0,017;15,099;1082,087
169:0,017;170,252;1010,171
170:0,017;185,207;592,023;1003,231
171:0,018;429,269
172:0,018;483,124
173:0,018;421,177
174:0,018;442,222;937,094
175:0,018;191,091
176:0,018;191,091;483,124
177:0,018;436,264
178:0,018;429,269;766,219
179:0,018;488,151;541,206;896,091
180:0,018;434,106;489,240;612,247
181:0,019;333,195
182:0,019;166,113;424,220
183:0,019;372,237;901,183
184:0,019;241,105
185:0,019;321,210
186:0,019;321,210
187:0,019;432,101
188:0,019;304,212;333,195;573,220
189:0,019;316,092;558,146;741,195;885,188
190:0,019;166,180;304,212;1109,150;1191,251
191:0,020;303,183;919,098
192:0,020;256,230;303,183;648,216
193:0,020;302,100;981,264;1193,178
194:0,020;265,128
195:0,020;258,255
196:0,020;396,188
197:0,020;349,120
198:0,020;268,113
199:0,020;258,255
200:0,020;260,128
