001:0,001;47,260;91,001;184,215;1141,127
002:0,001;191,157
003:0,001;111,239
004:0,001;115,234
005:0,001;115,234
006:0,001;47,260;185,251;1036,020
007:0,001;185,251
008:0,001;111,193;184,215
009:0,001;127,005;176,174
010:0,001;126,191
011:0,002;663,181;881,197;1160,165
012:0,002;582,129
013:0,002;541,168
014:0,002;489,193;1003,022
015:0,002;541,168
016:0,002;489,193
017:0,002;69,239;756,117
018:0,002;575,162
019:0,002;536,243
020:0,002;538,156;616,022;878,120;1150,184
021:0,003;876,077;920,140
022:0,003;876,077;1051,228
023:0,003;894,228
024:0,003;1067,195
025:0,003;663,181;978,180
026:0,003;883,177
027:0,003;909,098;935,095
028:0,003;905,220
029:0,003;883,177
030:0,003;935,095
031:0,004;521,250
032:0,004;759,132
033:0,004;792,236
034:0,004;756,117;1005,250
035:0,004;775,123
036:0,004;865,165
037:0,004;722,199;759,132
038:0,004;800,261
039:0,004;836,091
040:0,004;775,123;800,261
041:0,005;707,093
042:0,005;759,188
043:0,005;720,020
044:0,005;381,128;627,142
045:0,005;218,214;261,235;428,005;707,093;763,180;824,203
046:0,005;813,087;915,097
047:0,005;697,023
048:0,005;915,097
049:0,005;760,197
050:0,005;763,180
051:0,006
052:0,006
053:0,006;40,232;791,006
054:0,006;521,250;941,006
055:0,006
056:0,006
057:0,006
058:0,006
059:0,006
060:0,006
061:0,007;423,124;596,225;1039,010;1093,090
062:0,007;430,165;1047,020
063:0,007;441,229
064:0,007;404,166
065:0,007;437,225
066:0,007;301,175
067:0,007;441,229;756,166
068:0,007;437,225;461,135;556,128
069:0,007;301,115;423,124
070:0,007;446,211;1093,090
071:0,008;520,025;661,160
072:0,008;520,025;611,240;616,022
073:0,008;342,179;520,025;602,132;616,022
074:0,008;341,172;484,008;520,025;655,264
075:0,008;520,025;616,022
076:0,008;520,025;674,195;839,022
077:0,008;520,025;616,022
078:0,008;559,104;602,132;616,022
079:0,008;529,140;690,022
080:0,008;520,025;616,022
081:0,009
082:0,009
083:0,009
084:0,009
085:0,009
086:0,009
087:0,009;575,162
088:0,009
089:0,009
090:0,009;822,233
091:0,010;1125,193
092:0,010;791,273
093:0,010
094:0,010;987,093;1037,091
095:0,010;1108,263
096:0,010
097:0,010;1145,156
098:0,010
099:0,010;1152,256
100:0,010;1048,139
101:0,011;697,023;1169,204
102:0,011;732,191
103:0,011;697,023
104:0,011;697,023
105:0,011;707,248;1179,152
106:0,011;404,166;673,243;697,023
107:0,011;806,153
108:0,011;697,023;1179,152
109:0,011;697,023
110:0,011;697,023
111:0,012;274,150
112:0,012;213,194
113:0,012;261,235
114:0,012;249,115
115:0,012;195,187
116:0,012;193,184;195,187
117:0,012;237,122
118:0,012;213,120
119:0,012;193,184
120:0,012;237,122
121:0,013;682,165;861,229;1152,203
122:0,013;833,183
123:0,013;766,219;893,181;988,002
124:0,013;825,135;931,002
125:0,013;793,242;931,002
126:0,013;825,135;931,002
127:0,013;776,089;931,002
128:0,013;931,002
129:0,013;401,086;616,022;931,002
130:0,013;793,242;931,002
131:0,014;766,219
132:0,014;697,255;879,025
133:0,014;748,089;771,111;879,025
134:0,014;824,203;879,025
135:0,014;815,274
136:0,014;759,022;879,025
137:0,014;697,255;879,025
138:0,014;771,111;879,025
139:0,014;879,025
140:0,014;783,133;879,025
141:0,015;576,109;905,220
142:0,015;84,201;294,002;560,267
143:0,015;385,014;576,109
144:0,015;362,169;896,248;1019,153
145:0,015;381,140
146:0,015;357,082;560,267
147:0,015;362,169
148:0,015;498,272;707,024
149:0,015;84,201;498,272
150:0,015;533,158
151:0,016;785,131
152:0,016;800,223
153:0,016;381,128;387,016;902,268
154:0,016;698,134
155:0,016;843,138
156:0,016;707,024;781,266
157:0,016;781,266
158:0,016;807,190
159:0,016;900,222;1002,009
160:0,016;785,131;843,138
161:0,017;16,190;42,121;707,024
162:0,017;14,105
163:0,017;16,190;21,176
164:0,017;66,175;116,117;707,024
165:0,017;164,135;707,024
166:0,017;21,176;35,258;760,024
167:0,017;14,105;707,024
168:0,017;42,121
169:0,017;34,013;35,258;707,024
170:0,017;42,117;707,024
171:0,018
172:0,018;1184,120
173:0,018;1102,076
174:0,018
175:0,018;1118,135
176:0,018;342,179
177:0,018;1191,245
178:0,018;1141,127
179:0,018;520,025;566,222
180:0,018;1191,245
181:0,019;822,226
182:0,019;805,006;823,079
183:0,019;292,130;722,019;769,143
184:0,019;903,179
185:0,019;1047,213
186:0,019;822,226
187:0,019;919,079
188:0,019;792,236
189:0,019;408,274;947,129
190:0,019;823,079;909,098
191:0,020
192:0,020;879,025;885,210
193:0,020
194:0,020
195:0,020;276,142;739,128
196:0,020
197:0,020
198:0,020;931,002
199:0,020
200:0,020
