001:0,001;98,143;808,195
002:0,001;6,252;473,168;628,201
003:0,001;69,012;98,143
004:0,001;73,223;118,149;430,211
005:0,001;80,165;521,212;768,102
006:0,001;166,244
007:0,001;118,149;166,244
008:0,001;117,184;1036,199
009:0,001;73,223
010:0,001;6,252;373,206;434,149
011:0,002;526,139
012:0,002;181,243
013:0,002;515,144;760,239;1156,168
014:0,002;298,170
015:0,002;517,078;538,229
016:0,002;544,219
017:0,002;538,229
018:0,002;517,078
019:0,002;559,238
020:0,002;526,139
021:0,003;170,092
022:0,003;263,208
023:0,003;185,085
024:0,003;173,096
025:0,003;170,092
026:0,003;189,275;609,144;634,217
027:0,003;186,236
028:0,003;91,233;173,096;185,085
029:0,003;260,203
030:0,003;230,239;263,208
031:0,004;255,153;310,184;762,013;791,130
032:0,004;374,249;417,228;762,013;796,236;817,212
033:0,004;135,025;144,245;333,172;762,013;791,130
034:0,004;365,163;469,189;762,013;980,119
035:0,004;333,172;511,129;918,158
036:0,004;310,135
037:0,004;163,084;242,242;323,245;762,013;857,269
038:0,004;267,201;762,013;839,242
039:0,004;267,201;596,179;959,181
040:0,004;306,147
041:0,005;440,119;1037,217
042:0,005;306,147
043:0,005;413,109;768,132
044:0,005;419,199
045:0,005;374,249;791,149
046:0,005;350,104;495,131;1185,076
047:0,005;385,163
048:0,005;416,200;992,189
049:0,005;409,076;566,133;607,203;924,166;1076,179
050:0,005;285,269;895,165;1158,274
051:0,006;103,098
052:0,006;96,263
053:0,006;24,266;254,149;571,150;716,151
054:0,006;24,266
055:0,006;198,076;803,142
056:0,006;80,165;96,263
057:0,006;173,083
058:0,006;127,197;450,098
059:0,006;105,209
060:0,006;89,151
061:0,007;168,250
062:0,007;121,181;179,145
063:0,007;179,145;1107,205
064:0,007;150,259
065:0,007;217,253;242,259
066:0,007;176,198;762,013;766,142;830,222
067:0,007;168,250
068:0,007;122,253;1082,154
069:0,007;158,233
070:0,007;119,195;1056,275;1137,269
071:0,008;71,235;93,110;175,008;266,107;425,192;628,163;811,197
072:0,008;219,274
073:0,008;227,181
074:0,008;266,107
075:0,008;10,222
076:0,008;242,242
077:0,008;238,186
078:0,008;313,209;657,084
079:0,008;220,158
080:0,008;260,011;311,176
081:0,009;548,127
082:0,009;502,154
083:0,009;652,173
084:0,009;186,236;548,127
085:0,009;26,258;1126,186
086:0,009;502,237;616,190
087:0,009;616,190
088:0,009;649,180;652,173
089:0,009;522,234
090:0,009;517,083;558,078
091:0,010;110,222;532,148
092:0,010;17,129;24,275;58,217;984,125
093:0,010;10,217;17,129
094:0,010;46,262
095:0,010;94,261
096:0,010;10,217;219,274;310,005;329,148
097:0,010;14,251
098:0,010;9,202;46,262
099:0,010;14,251
100:0,010;24,275;232,013;575,275;905,170
101:0,011;415,152
102:0,011;506,166;640,275
103:0,011;495,116;586,087
104:0,011;460,220
105:0,011;163,084;1034,142
106:0,011;586,087
107:0,011;416,094;834,119;862,228
108:0,011;82,228
109:0,011;414,265;568,220
110:0,011;310,135
111:0,012;155,137;370,006;409,129;437,022;796,122
112:0,012;71,235;437,022;886,194
113:0,012;117,237;370,006;437,022;807,095;1011,156
114:0,012;370,006;437,022;764,125
115:0,012;254,176;370,006;437,022;808,116
116:0,012;117,237;807,095
117:0,012;137,152;144,231;370,006;588,116
118:0,012;144,231;370,006;437,022;886,194
119:0,012;138,193;370,006;437,022;1011,156
120:0,012;137,152;796,122
121:0,013;579,238;1011,131
122:0,013;138,185;175,013;437,022;778,231
123:0,013;592,185
124:0,013;555,268
125:0,013;485,105;565,161
126:0,013;588,205
127:0,013;487,268
128:0,013;193,232;778,231
129:0,013;138,185
130:0,013;522,132;854,150
131:0,014;435,182;535,003
132:0,014;173,083;435,182;525,249
133:0,014;82,228;309,014;512,205;972,184
134:0,014;463,174;959,203
135:0,014;476,198
136:0,014;446,133;610,099;810,176;833,163
137:0,014;352,123
138:0,014;258,154;648,003
139:0,014;428,243;635,174;762,013;1073,077
140:0,014;450,081;1073,077
141:0,015;235,240;535,003
142:0,015;249,113;535,003
143:0,015;254,192
144:0,015;320,115;535,003
145:0,015;52,150;535,003
146:0,015;249,113;320,115;535,003;1149,245
147:0,015;235,240;535,003
148:0,015;52,150
149:0,015;216,018;314,187;842,099;1079,236
150:0,015;314,187;535,003
151:0,016;91,079
152:0,016;90,230;155,137;166,146
153:0,016;260,248
154:0,016;176,211
155:0,016;89,166;107,101
156:0,016;89,166
157:0,016;166,146
158:0,016;113,248
159:0,016;107,101
160:0,016;90,179
161:0,017;517,124
162:0,017;488,206;570,008;744,102;895,230
163:0,017;495,131;570,008;763,124
164:0,017;466,125;530,242;570,008;760,239
165:0,017;510,173;570,008;618,174;625,230
166:0,017;427,196
167:0,017;497,185;511,266;570,008;669,256
168:0,017;464,269;570,008;610,099
169:0,017;466,125;570,008;788,206
170:0,017;465,079;517,124;570,008;625,230;725,168;902,176
171:0,018;415,197
172:0,018;14,008;18,110
173:0,018;363,227
174:0,018;376,198;401,134
175:0,018;427,196;1200,256
176:0,018;458,261;861,079
177:0,018;373,206;869,258
178:0,018;565,161;570,187
179:0,018;363,227;669,109
180:0,018;401,134
181:0,019;254,198;322,253
182:0,019;30,018;272,153
183:0,019;139,014;462,212;1182,143
184:0,019;167,207;1161,159
185:0,019;94,261;370,090
186:0,019;142,159;668,153
187:0,019;129,090;146,203;351,096
188:0,019;142,159
189:0,019;146,203;167,207
190:0,019;129,090
191:0,020;127,196;135,025;186,081;855,223
192:0,020;135,025;162,100
193:0,020;135,025;186,081;370,006;473,168
194:0,020;48,146;135,025;150,094
195:0,020;113,248;135,025;158,189;1030,174
196:0,020;158,189;162,100
197:0,020;249,205;546,223;690,234;784,076
198:0,020;140,234;196,200;323,165
199:0,020;127,196;135,025;238,186;869,174
200:0,020;68,275;80,020;135,025;196,200
