001:0,001;270,245;1188,236
002:0,001;255,266;309,247;485,233;608,164;687,180;712,161
003:0,001;61,193
004:0,001;30,224
005:0,001;30,224;1155,106
006:0,001;309,247;1059,162;1119,175;1128,254
007:0,001;49,094;135,150;490,118;676,197
008:0,001;64,139;393,274;850,076;1189,231
009:0,001;65,194;144,246;294,236;301,213;482,199;904,177;1038,079
010:0,001;28,076
011:0,002;67,108;771,266;783,247
012:0,002;56,161;706,156;722,254
013:0,002;56,161;60,122;208,076;378,126
014:0,002;342,200;621,166;683,173
015:0,002;228,157;246,134;400,228;780,164;956,181
016:0,002;67,108;249,170
017:0,002;249,170
018:0,002;92,124;233,180
019:0,002;228,228;403,006;573,189;603,253
020:0,002;99,079
021:0,003;250,273;780,176;858,160;1020,128
022:0,003;262,275;739,242
023:0,003;243,110;315,003;491,162
024:0,003;226,096;686,141
025:0,003;170,271
026:0,003;186,141
027:0,003;106,259
028:0,003;186,141;446,163;491,200
029:0,003;262,275;284,271;491,162;1043,198
030:0,003;170,271;226,096
031:0,004;204,187
032:0,004;157,197
033:0,004;243,260
034:0,004;204,187
035:0,004;220,118;250,260
036:0,004;240,126;621,150
037:0,004;60,208;143,004;259,166
038:0,004;204,210
039:0,004;108,219
040:0,004;220,118;937,244
041:0,005;86,270
042:0,005;86,129;618,078
043:0,005;6,142;1012,099
044:0,005;124,115;1163,205
045:0,005;107,099;255,266
046:0,005;86,270
047:0,005;189,173;812,213;831,100
048:0,005;115,264
049:0,005;86,129;229,264
050:0,005;6,142;189,173;365,140
051:0,006;133,130;338,215;750,252
052:0,006;156,213;374,233;1049,097;1090,173
053:0,006;169,250
054:0,006;52,172;145,255;202,181;823,110;844,112
055:0,006;213,209;451,250;716,275
056:0,006;212,186;739,110
057:0,006;169,093;436,086;1059,239
058:0,006;169,250;178,261
059:0,006;181,146;212,186
060:0,006;178,261;283,209;713,133
061:0,007;105,181;222,109;398,213
062:0,007;105,181;176,268
063:0,007;44,152;1070,086
064:0,007;44,152;890,174
065:0,007;11,011;342,261;348,253
066:0,007;60,231;1072,255
067:0,007;67,103;286,089;322,110;348,222
068:0,007;45,190
069:0,007;60,231;187,236;261,129
070:0,007;143,268
071:0,008;55,078;671,219;753,138;879,241
072:0,008;60,085;558,078;589,171
073:0,008;128,189;546,174;924,094
074:0,008;60,122;98,161;128,189;263,085
075:0,008;65,003;90,169;379,139
076:0,008;132,081;152,171;574,241
077:0,008;4,244
078:0,008;52,172
079:0,008;5,140;772,172;1008,082;1053,163
080:0,008;90,169;92,124;1013,169;1165,259
081:0,009;144,246
082:0,009;170,149
083:0,009;136,199;170,149;1167,082
084:0,009;67,232
085:0,009;69,211
086:0,009;58,178;335,275;353,241;527,160
087:0,009;69,211;279,108;511,142
088:0,009;74,112;878,200
089:0,009;93,208
090:0,009;67,232;518,245;724,246;1049,211
091:0,010;284,158;891,097
092:0,010;183,156;671,249
093:0,010;97,177
094:0,010;111,169
095:0,010;158,100;183,156
096:0,010;117,254;1000,233
097:0,010;18,148
098:0,010;228,126;327,087
099:0,010;18,148;724,200;773,261
100:0,010;132,082
101:0,011;315,003;547,182
102:0,011;245,274;457,146
103:0,011;315,003;496,194;900,176
104:0,011;315,003;450,204;898,245
105:0,011;315,003;374,249;583,269;1075,215
106:0,011;308,114;315,003;348,253;547,182
107:0,011;315,003;334,201;361,099;530,201
108:0,011;315,003;721,143;731,194
109:0,011;5,140;334,201
110:0,011;361,099;910,205
111:0,012;29,215
112:0,012;30,128;940,179;1035,118
113:0,012;56,163
114:0,012;67,154
115:0,012;67,154
116:0,012;30,085;254,082;387,248;490,205;1031,096
117:0,012;29,215;327,255;863,236
118:0,012;30,128;969,269
119:0,012;67,146;1181,109
120:0,012;30,085;45,087;284,211;992,155;1132,080
121:0,013;171,097;925,210
122:0,013;116,242;764,228
123:0,013;131,241;171,097;651,025;777,217
124:0,013;33,269;126,205;156,222;726,122
125:0,013;33,269;651,025;813,106
126:0,013;178,216;651,025;805,083
127:0,013;116,242;651,025;828,147
128:0,013;152,171;651,025;783,181;1074,122
129:0,013;171,174;651,025;780,176
130:0,013;131,241;580,099
131:0,014;19,175
132:0,014;16,109;1056,228;1082,144
133:0,014;20,145
134:0,014;16,109;20,145
135:0,014;35,079;717,204
136:0,014;12,094;1123,161
137:0,014;10,155;26,251
138:0,014;26,251;63,178
139:0,014;19,175;721,143
140:0,014;13,134
141:0,015;45,087;519,124
142:0,015;106,222;209,130;651,025;785,219;898,080
143:0,015;144,138
144:0,015;13,164;20,015;51,013;136,199
145:0,015;13,164;479,259;570,275;666,174;756,269;803,259;945,199
146:0,015;45,109;122,164
147:0,015;100,198;1196,179
148:0,015;68,133;756,130;864,096;970,194;1141,164
149:0,015;106,259;262,244;610,130
150:0,015;68,133;403,006;470,198;504,249;1151,186
151:0,016;183,235;651,025;918,144;1120,097
152:0,016;286,179
153:0,016;177,262;320,245;356,172;437,231
154:0,016;187,236;894,198;1000,152
155:0,016;35,165
156:0,016;134,089;183,235;582,209
157:0,016;157,197;384,089
158:0,016;74,112;561,273
159:0,016;134,089
160:0,016;197,157
161:0,017;109,115;301,161;950,128
162:0,017;179,078;211,114
163:0,017;221,231;257,221;600,274;1136,087
164:0,017;145,255;394,115
165:0,017;211,114;233,103;356,114;1040,274
166:0,017;114,248
167:0,017;261,155;982,138
168:0,017;126,205;739,178;779,118
169:0,017;114,248;169,093;261,155
170:0,017;257,221
171:0,018;100,198;175,227
172:0,018;175,227;201,095
173:0,018;169,252;878,242;949,133
174:0,018;31,233;463,165
175:0,018;31,233;132,081;800,255
176:0,018;116,086;243,110;810,193;875,081
177:0,018;116,086;1143,269
178:0,018;187,200;361,158;363,251;1020,158
179:0,018;129,252;420,189
180:0,018;201,095
181:0,019;121,092
182:0,019;154,207
183:0,019;135,150
184:0,019;13,134;158,100
185:0,019;5,091;132,107
186:0,019;160,135;545,093
187:0,019;151,160;565,172;740,081
188:0,019;121,092
189:0,019;117,254;412,093
190:0,019;132,107;659,108
191:0,020;60,195;474,123
192:0,020;60,195;403,006;474,101
193:0,020;64,165;82,080;933,083
194:0,020;42,220
195:0,020;42,220;135,180;170,220
196:0,020;83,190;403,006;471,158
197:0,020;82,080;403,006;474,123
198:0,020;137,264;170,122;403,006;650,239
199:0,020;135,180;403,006;467,109
200:0,020;224,262;403,006;525,122;880,139
