001:0,001;60,138;245,212;454,262;509,120;534,135;623,227;782,131;831,232;915,256;958,219;992,114;1039,156;1173,261
002:0,001;11,218;20,158;164,125;179,078;195,085;284,149;299,077;384,214;405,167;445,085;505,206;895,126
003:0,001;11,218;16,144;435,005;489,168;517,079;530,123;784,150;795,206;800,170;935,122;948,124;975,111;983,098
004:0,001;29,111;566,206;678,216
005:0,001;67,186;200,216;297,262;571,261;646,200;693,098;974,106;983,273;1097,094
006:0,001;9,261;42,106;67,186;158,198;167,230;262,249;278,185;465,184;486,253;522,215;539,198;709,200;721,180;744,119;774,219;1122,082;1131,133;1177,270;1199,106
007:0,001;17,133;922,206
008:0,001;16,144;602,138
009:0,001;9,261;29,111;54,243;170,126;270,150;313,188;474,185;497,138;587,136;682,139;741,158;788,165;1176,206
010:0,001;17,133;515,138
011:0,002;1,230;147,216;187,130;243,257;257,118;329,156;445,202;464,213;638,088;639,262;694,230;767,213;933,272;1055,180;1117,091;1153,219
012:0,002;2,156;300,094;471,170;482,115;572,241;657,125;725,120;806,143;881,250;938,084;957,180;1017,084;1019,184;1136,196
013:0,002;1,230;120,149;265,125;266,111;321,251;467,273;598,250;639,129;642,115;659,120;715,201;736,116;766,122;826,087
014:0,002;7,174
015:0,002;13,104
016:0,002;7,174
017:0,002;13,104
018:0,002;5,151
019:0,002;5,151;50,158;219,262;252,216;349,119;461,212;560,215;657,202;724,241;758,169;768,253;1030,129;1125,256;1140,268;1156,241
020:0,002;2,156;88,262;106,216;159,186;167,077;263,130;286,092;367,172;453,253;467,172;488,144;697,213;727,160;763,193;779,201;839,206;1157,098
021:0,003;26,136
022:0,003;11,103
023:0,003;11,103;642,149
024:0,003;4,124;164,093;208,125;262,160;376,139;595,201;618,091;806,232;1186,213
025:0,003;12,232;792,136
026:0,003;2,149;4,124;23,241;108,212;218,138;267,182;301,259;481,154;648,099;793,168;975,186;1032,083
027:0,003;7,194;15,172;25,098;45,109;161,259;280,139;298,143;323,149;347,198;362,189;369,122;450,135;518,186;614,202;650,241;730,123;846,091;865,110;969,139;1012,251;1059,201;1064,202;1181,129;1191,253
028:0,003;25,098;281,167;329,216;520,098;711,204;720,198;821,214;862,180;925,144
029:0,003;15,172
030:0,003;7,194;12,232;696,150;777,206;792,139;820,261;847,167;866,270
031:0,004;76,118;136,230;206,219;296,203;303,243;379,129;434,230;435,143;447,268;459,198;488,219;616,114;775,169;794,183;919,212;1118,180
032:0,004;36,261
033:0,004;13,272
034:0,004;44,076;57,253;69,261;498,116;512,259;575,146;651,180;944,273;967,084;1156,111
035:0,004;28,167;37,253;44,076;90,077;123,262;196,135;216,106;225,198;231,158;719,106;1145,146;1153,078;1169,089
036:0,004;13,272;284,249;617,106;843,123
037:0,004;44,125;67,184;112,084;364,092;368,084;513,119;581,214;692,261;704,232;723,193;752,228;796,123;802,169;817,158;887,123;1024,084;1122,133;1126,253;1170,146;1199,082
038:0,004;44,125
039:0,004;39,131;607,158;730,125
040:0,004;39,131
041:0,005;15,187
042:0,005;40,084;99,081;105,148;143,092;149,148;259,094;290,084;319,106;337,111;684,084;929,151;944,094
043:0,005;14,259
044:0,005;15,187
045:0,005;15,204;688,192;864,139;953,129;1022,171
046:0,005;14,173
047:0,005;7,216;36,150;100,084;125,219;265,123;447,213;571,085;663,150;787,172;812,088;1075,143;1155,082;1179,165
048:0,005;66,094;134,206;178,124;191,111;217,201;501,081;561,214;815,184;938,241;1090,091
049:0,005;15,204;1138,171
050:0,005;14,173
051:0,006;29,198
052:0,006;29,160;62,207
053:0,006;38,207
054:0,006;29,198;148,136;515,146;1138,198
055:0,006;29,160
056:0,006;33,175
057:0,006;33,175
058:0,006;30,081;36,227;500,273;563,099;627,135;671,196;736,215;780,184;823,156;851,106;968,232
059:0,006;36,227
060:0,006;50,254;57,122;114,106;187,182;234,081;314,146;468,088;591,116;594,106;616,116;681,184;695,168;724,212;819,124;873,130;920,183;1181,133
061:0,007;38,165
062:0,007;55,167;562,262;622,084;646,272;923,156;1173,256;1193,202
063:0,007;39,143;286,184;346,246
064:0,007;58,246
065:0,007;33,257;38,165;520,149;657,185;846,273;899,230
066:0,007;38,082;195,092;360,143;434,138;456,087;653,250;879,181;929,180
067:0,007;33,257;58,246;179,081;216,172;225,183;256,168;457,169;484,251;490,130;639,106;674,212;712,214;798,215;846,094;1041,253;1115,268
068:0,007;38,082
069:0,007;30,185;153,267;372,115;474,189;493,078;506,170;610,243;806,167;839,129;939,232;960,134;1087,158;1134,123;1176,189
070:0,007;39,143;93,130
071:0,008;11,164;13,183;192,007;238,203;271,125;391,249;398,077;966,119;1001,078;1040,158;1055,183;1100,017;1116,141;1130,084;1147,167
072:0,008;13,183;741,241;1100,017;1107,257
073:0,008;10,126;192,007;238,203
074:0,008;22,150;42,219;182,125;192,007;215,257;239,270;625,131;695,156;946,196;1100,017;1107,257
075:0,008;12,248;192,007;216,089
076:0,008;18,146;108,214;158,167;192,007;239,270;874,134;949,151;1028,270;1100,017;1115,197
077:0,008;42,219;53,172;192,007;219,149;230,210;362,262;385,093;488,170;556,084;620,119;708,228;748,156;759,151;905,158;1033,088;1100,017;1113,268;1116,141
078:0,008;1,018;4,248;10,126;18,146;22,019;31,170;35,149;192,007;252,115;305,203;507,251;559,202;626,079;648,270;685,201;711,144;1001,219;1100,017;1103,271;1195,131
079:0,008;23,262;159,150;190,139;201,150;298,250;349,105;361,253;436,230;460,122;544,093;558,219;649,084;673,077;844,093;917,160;1100,017;1109,219
080:0,008;1,081;4,248;192,007;216,089;252,115;359,093;379,183;641,089;883,088;890,192;1009,227;1070,126;1100,017;1107,241
081:0,009;22,166
082:0,009;49,094;889,120
083:0,009;22,256
084:0,009;9,010;22,150;31,236;49,094;59,214;71,099;164,111;166,268;186,226;223,241;293,183;299,230;308,124;367,198;434,084;477,167;641,133;656,146;842,243
085:0,009;33,147
086:0,009;22,256;909,243
087:0,009;25,110
088:0,009;33,147
089:0,009;22,166
090:0,009;25,110;854,185
091:0,010;12,168
092:0,010;14,006;21,210;149,160;152,151;306,139;332,081;377,087;446,186;508,143;651,230;663,087;782,227;871,243;899,103;1010,119;1098,184
093:0,010;12,168;71,083
094:0,010;28,251;175,214;198,160;257,085;308,099;518,192;667,230;800,133;812,202;1084,256;1113,271
095:0,010;14,083;1009,168
096:0,010;3,164;13,229;18,106;33,216;146,111;156,092;248,172;362,099;465,257;483,202;507,084;578,186;864,169;903,131;1057,272;1098,241;1118,183;1122,264;1142,251
097:0,010;16,243;28,251;293,085;366,216;423,250;440,146;461,106;542,079;620,125;639,201;679,261;688,179;849,261;935,196;990,167
098:0,010;17,114;176,093;725,098;807,213;832,241;935,169;966,238;1062,131;1114,259;1185,158
099:0,010;13,229;200,251
100:0,010;4,240;25,212;50,261;55,098;117,160;130,241;136,084;251,198;284,193;295,241;418,184;561,251;942,202;1051,126;1055,203
101:0,011;22,019;25,188;328,186;557,168;608,273;841,198;1074,251;1123,238;1131,273
102:0,011;21,265
103:0,011;2,149;82,206;269,184;380,160;393,257;476,230;506,093;509,230;676,180;704,079;738,219;790,193;901,273;924,172;991,146;1022,144;1152,124
104:0,011;21,265
105:0,011;23,262;39,170;52,085;219,148;306,219;513,078;526,116;577,273
106:0,011;18,106;631,250
107:0,011;15,184;205,206;444,129;459,226;509,158;598,115;627,078;659,154;941,093
108:0,011;12,236;15,184;25,188;116,184;280,082;536,185;649,129;791,114;905,143;1070,167;1080,113;1117,216;1149,131;1165,144
109:0,011;82,206;115,253;127,156;150,185;261,246;269,112;288,130;426,158;456,089;564,203;589,226;637,202;938,203;1011,126;1030,151;1058,123;1129,106;1186,124
110:0,011;12,236;74,130;180,185;380,135;544,189;583,093;622,249;649,203;672,262;759,093;877,215;1041,204;1174,216
111:0,012;28,267;70,257;92,078;164,216;218,184;231,257;385,150;502,192;516,202;603,156;654,122;760,226;1193,185
112:0,012;9,020;10,219;17,253;18,185;28,267;365,085;429,185;483,094;822,098;1126,148
113:0,012;18,004;23,146;26,099;39,146;188,098;480,156;590,193;697,143;802,238;944,170
114:0,012;1,081;170,210;205,146;292,214;326,198;341,188;488,185;672,133;781,180;801,093;824,243;826,186;951,184;1011,110;1185,091
115:0,012;17,253
116:0,012;10,219;39,124;55,257;221,250;249,082;259,188;284,098;459,172;465,129;628,168;657,216;661,078;713,216;893,078;966,114;1072,227
117:0,012;15,245
118:0,012;26,099;80,170;501,172;570,089;633,099;792,238;901,216;1103,114;1145,151
119:0,012;18,185;113,081;558,170
120:0,012;15,245
121:0,013;8,189
122:0,013;23,087
123:0,013;23,087;302,193
124:0,013;17,134;142,170;238,168;249,184;256,262;289,134;306,170;348,214;379,134;868,091;1090,134
125:0,013;14,259;136,169;447,250;621,168;625,144;688,088;773,241;827,103;883,230;1104,202;1113,272;1126,262
126:0,013;8,189;230,124;315,273;428,085;457,241;466,085;481,099;570,243;619,189;1024,106;1123,212
127:0,013;25,212;907,193
128:0,013;47,138;52,193;223,230;365,184;424,186;437,081;501,184;786,170;790,202;804,129;816,230;864,146;977,110;982,256;1049,212;1055,213
129:0,013;17,134
130:0,013;52,193;551,091;1038,203;1051,078;1139,272
131:0,014;22,218
132:0,014;17,088;368,210
133:0,014;22,218
134:0,014;12,153;27,109;112,123;200,167;229,226;447,189;460,077;529,133;616,170;646,219;733,259;877,186;1047,148;1160,238;1200,204
135:0,014;33,130;56,170;75,092;183,257;187,243;432,214;543,253;609,262;648,130;738,111;920,114;972,122;1142,185;1180,103
136:0,014;23,004;27,109;40,078;72,114;113,150;125,243;250,135;306,206;350,273;488,085;546,136;568,212;656,098;683,243;847,133;984,156;1029,103;1160,158;1175,111
137:0,014;17,088;341,148;1065,169
138:0,014;2,119;278,106;314,148;1007,111;1115,197
139:0,014;21,210
140:0,014;2,119
141:0,015;31,274
142:0,015;37,214;277,078;491,169
143:0,015;55,123;168,148;208,099;356,149;391,169;722,204;744,262;1094,148;1107,201;1176,172
144:0,015;31,274
145:0,015;54,139;173,102
146:0,015;81,226
147:0,015;37,214;55,123;81,226;181,253;329,215;404,160;524,214;573,091;612,123;655,186;789,184;809,204;1011,192
148:0,015;32,126;54,139;422,272;609,213;798,160;877,196;942,130;1120,241;1147,184;1181,183
149:0,015;16,077;153,078;550,203;557,082;645,180;665,111;753,270;766,262;1110,160
150:0,015;31,102
151:0,016;33,215
152:0,016;34,234
153:0,016;32,239
154:0,016;10,138;98,151;135,093;169,118;225,123;273,170;282,246;325,115;402,085;415,115;667,084;834,131;893,160;904,093
155:0,016;33,215;317,113
156:0,016;34,234
157:0,016;28,113;78,168;100,124;213,186;229,112;250,106;253,149;406,089;416,125;576,184;669,103;823,172;878,077;962,154;1107,196;1129,129;1164,143;1183,149
158:0,016;32,239
159:0,016;28,113;1047,215
160:0,016;10,138;26,136;55,236;77,216;85,253;111,113;310,151;433,088;643,253;761,183;762,261;812,123;820,180;840,114;932,111;1105,133;1111,230;1200,123
161:0,017;40,078;133,143
162:0,017;30,135;266,148;337,085;362,135;441,139;497,214;512,249;639,120;654,170;744,206;751,114;827,212;1021,180;1028,146
163:0,017;9,215;14,201;30,135;185,123;252,089;392,138;506,149;600,227;602,120;610,160;666,215;729,093;792,119;963,261;1121,113
164:0,017;38,118;82,150;252,214;464,146;536,165;648,167;652,082;670,219;700,167;915,149;938,213;1079,091;1089,198;1124,261;1161,122;1186,201
165:0,017;64,169;97,257;109,099;209,249;256,138;309,115;316,272;414,243;595,135;658,079;693,144;842,122;930,133;1094,213;1181,148;1188,110
166:0,017;58,102;124,268;150,122;182,156;736,232;813,120;885,084;1005,133
167:0,017;38,118;64,201
168:0,017;36,132
169:0,017;36,132
170:0,017;14,201;192,007;209,249;352,250;419,215;498,198;525,085;664,167;765,088;862,156;880,158
171:0,018;17,085;24,178;54,250;214,158;249,077;364,206;558,077;589,189;594,114;604,150;624,020;642,109;658,149;888,093;889,089;989,111;996,169;1059,089;1137,126
172:0,018;23,241;624,020;677,082;925,181
173:0,018;20,250;562,078
174:0,018;20,250;32,268;122,146;211,078;251,193;258,158;395,192;436,243;468,241;568,160;578,111;624,020;652,213;692,183;952,082;1113,111;1165,204
175:0,018;23,179
176:0,018;17,019;23,007;32,268;425,216;624,020;646,200;715,165;774,130;833,184;1045,189;1172,106
177:0,018;23,179;624,020;644,196;873,179
178:0,018;32,093;104,118;197,134;288,124;302,183;359,213;455,249;460,138;490,119;510,261;540,120;568,122;624,020;671,181;892,124;1157,264
179:0,018;15,004;24,178;32,093;160,168;201,138;209,112;226,182;277,123;507,189;528,078;624,020;641,088;756,111;953,250;1039,126;1043,114;1098,133;1105,262
180:0,018;17,085;62,084;102,126;165,094;247,268;469,098;624,020;644,196;671,181;820,219;954,156;956,181
181:0,019;33,130;78,229;214,114;294,138;387,189;429,005;474,091;521,139;773,013;787,171;1133,130
182:0,019;31,170;139,077;235,118;330,273;346,088;427,241;437,130;451,123;608,088;628,020;649,228;773,013;778,238;800,264;1112,154
183:0,019;2,133;6,273;320,230;429,005;462,149;474,091;564,146;566,216;703,136;757,206;773,013;785,124;810,214;855,181;866,144;881,270;1002,171;1017,139
184:0,019;20,006;26,148;157,241;176,186;299,119;340,106;429,005;462,149;509,151;689,270;736,184;748,168;773,013;784,126;891,172;916,238;1003,196
185:0,019;31,102;39,112;206,124;281,257;429,005;466,230;468,116;482,180;649,228;682,123;723,151;742,172;773,013;778,238;784,126;992,124;1133,238;1147,114
186:0,019;39,112;276,219;429,005;477,114;748,139
187:0,019;33,213;392,088;461,154
188:0,019;6,273;297,135;379,077;429,005;482,180;581,084;654,165;699,184;713,131;773,013;780,114;781,108;785,124;904,213;1011,089;1051,094;1082,114
189:0,019;28,200;65,085;152,098;184,122;359,084;429,005;461,154;477,114;580,099;638,150;647,183;666,226;726,219;756,201;773,013;781,108;787,171;1000,172;1130,183
190:0,019;28,200;33,213;350,138;429,005;468,116;773,013;800,264
191:0,020;64,169;348,011;352,192
192:0,020;88,167;149,253;158,114;273,146;348,011;388,202;543,201;583,172;725,158;873,227;1003,183;1043,250
193:0,020;56,120;348,011;383,120
194:0,020;45,122
195:0,020;56,181;348,011;354,129
196:0,020;56,181;348,011;349,105;354,129;362,079;513,150;585,167;687,111;729,232;730,169;751,204;793,230;894,201;900,259;1110,119;1194,078
197:0,020;32,092;130,188;247,182;250,243;298,093;303,150;678,185;1131,141
198:0,020;15,243;65,182;211,118;240,186;348,011;368,146;388,202;401,230;646,139;664,168;682,203;900,088;1006,238
199:0,020;10,158;32,092;45,122;56,120;326,150;348,011;362,079;746,196;905,201;970,251;1000,149;1118,273;1126,202
200:0,020;65,182;179,262;348,011;352,192;383,120;490,243;545,227;595,077;670,093;736,078;873,167;1056,212;1071,151;1098,212
