001:0,001;1,129;167,181;172,268;191,188;267,219;452,223;528,118;543,234;554,216;648,219;803,178;931,170
002:0,001;26,228
003:0,001;16,113;53,249;64,112;152,275;218,262;434,239;446,096;450,262;491,140;509,219;524,264;551,138;558,196;572,248;1123,260;1124,121;1148,234
004:0,001;25,132;296,117
005:0,001;29,117;177,167;410,168;454,251;457,232
006:0,001;25,132;522,117
007:0,001;25,245
008:0,001;26,228
009:0,001;25,245;98,232;121,120;200,093;215,120;384,194;389,094;459,268;479,247;480,117;495,184;509,143;1110,129;1117,245;1171,184
010:0,001;47,210;53,094;192,241;409,226;452,275;611,124;616,123;754,160;766,251;923,226;1062,178
011:0,002;11,211;69,219;263,226;342,154;465,273;700,241;853,140;1040,246;1063,200;1093,251;1101,122;1121,230
012:0,002;44,096;47,226;67,260;99,124;105,257;198,110;330,241;431,153;466,264;594,167;908,168;961,182;1078,188;1159,241;1162,133;1190,222
013:0,002;10,191;11,211;872,241
014:0,002;10,191
015:0,002;10,244
016:0,002;18,094;65,120;90,226;148,167;165,247;167,096;253,275;431,149;460,099;498,185;587,206;660,227;766,081;793,125;890,194;932,081;1006,195;1162,097
017:0,002;22,101;102,079;188,149;422,221;425,025;431,153;461,111;548,241;1112,133;1146,265;1157,079
018:0,002;10,216;420,079
019:0,002;15,187;18,094;44,236;56,181;64,250;95,175;135,082;149,107;246,239;469,185;482,202;585,125;780,079;789,170;908,182;1183,143;1199,271
020:0,002;10,244;1196,230
021:0,003;108,247;223,143;496,216;607,130;728,096;1069,246;1089,109
022:0,003;5,202;175,181;322,168;366,260;603,191;1044,140
023:0,003;93,128
024:0,003;88,144;380,272;392,234;506,138;629,260;834,079;1076,133;1084,120;1115,250
025:0,003;93,128
026:0,003;90,258;225,096;322,111;396,249;405,025;428,139;435,182;546,140;627,185;705,182;717,257;815,206;1076,223
027:0,003;97,240
028:0,003;5,202;371,079;423,206;428,139;535,237;635,124;914,102;941,160;966,107;1000,094;1092,230;1186,170
029:0,003;97,240
030:0,003;125,251;153,245;166,199;187,113;196,094;209,268;293,245;557,139;580,110;596,202;765,120;1077,022;1092,076;1104,177;1127,184;1150,121
031:0,004;24,145
032:0,004;17,269;33,213;35,269;49,117;101,081;135,168;263,160;340,120;370,225;528,262;638,241;697,081;929,177;985,226;1114,246;1196,264
033:0,004;30,224
034:0,004;24,083
035:0,004;30,224
036:0,004;24,145
037:0,004;24,083
038:0,004;38,215;103,149;107,175;212,230;313,273;367,119;612,171;820,275;835,160;841,171;855,262;1044,111;1070,196;1142,210
039:0,004;52,221;145,093;277,144;408,140;666,143;794,079;812,230;1035,274;1075,122;1088,152
040:0,004;25,020;33,213;68,210;88,183;101,196;167,251;202,196;218,237;235,106;367,168;390,185;467,261;489,144;727,101;815,121;852,184
041:0,005;83,148
042:0,005;86,182;671,110
043:0,005;55,223;256,221;316,230;460,216;463,269;511,272;571,118;673,225;1087,206;1161,168;1172,177;1177,206;1192,127
044:0,005;83,148
045:0,005;79,078
046:0,005;74,110
047:0,005;55,223;622,119
048:0,005;74,110;157,237;211,269;243,140;273,154;325,097;417,118;436,132;487,226;494,230;587,123;724,272
049:0,005;79,078
050:0,005;13,236;52,143;86,182;240,079;408,257;476,154;601,245;750,132;837,119;993,118;1159,194
051:0,006;22,256
052:0,006;10,236;15,120;223,183;290,264;334,234;360,196;550,210;600,099;897,121;948,120;1029,265
053:0,006;29,268
054:0,006;19,175;100,199;162,143;168,161;191,199;236,116;257,188;362,216;435,175;566,132;605,110;658,140;747,184;813,175;1016,005;1029,265;1060,273;1106,120;1125,273;1131,122
055:0,006;15,120;62,177;306,101;390,132;419,247;449,079;456,226;486,125;583,196;779,264;790,160;795,230;805,154;951,125;1022,005;1059,114;1173,265
056:0,006;32,226;112,249;123,121;178,261;220,258;419,111;423,167;425,175;435,261;584,177;889,250;1041,123
057:0,006;25,194
058:0,006;22,256
059:0,006;25,194;292,177
060:0,006;11,221;44,096;76,099;91,273;141,260;164,273;283,247;407,160;442,110;501,170;579,138;973,132;998,119;1062,121;1110,222;1133,143;1180,188
061:0,007;17,001;99,185;189,245;259,206;457,247;471,219;504,123;601,160;741,102;796,200;840,102;1112,079;1120,114
062:0,007;17,173;859,275
063:0,007;17,173
064:0,007;9,275;41,240;64,241;116,130;161,261;319,125;362,096;385,181;516,229;756,273;847,200;977,168;1099,119;1146,154;1179,260;1191,159
065:0,007;10,216;18,269;399,123;470,188;619,264;620,210;1074,270;1148,088;1196,120
066:0,007;20,181
067:0,007;10,251;408,101;488,257;594,202;777,123
068:0,007;21,168;92,106;116,149;199,221;279,237;658,181
069:0,007;9,275;1191,088
070:0,007;22,236;30,099;70,226;85,249;99,185;367,110;436,118;556,229;737,017;741,102;902,099;1099,143;1150,168
071:0,008;13,273;80,125
072:0,008;90,258;154,161;162,112;218,251;254,093;263,216;309,177;583,099;589,268;846,160;886,111;932,188;1021,124;1199,178
073:0,008;10,264;139,140;217,177;275,140;402,195;432,216;543,167;581,119;744,118;912,195;984,200;1051,178;1109,089;1126,125;1141,222;1183,107
074:0,008;2,167;104,222;129,241;133,117;431,121;631,170;760,140;780,130;847,219;907,251;1079,118;1083,250;1108,251
075:0,008;17,101
076:0,008;13,247;20,167
077:0,008;23,240;72,140;486,268;586,170;625,275;787,223;988,177;1017,239;1092,076
078:0,008;2,167;10,264;288,096;687,154;745,123;800,140;860,173;878,260;1080,156;1144,173
079:0,008;19,125;275,175;423,097;486,191;596,230;1108,168;1117,270;1159,076;1194,182
080:0,008;13,273
081:0,009;18,218;29,260;47,270;90,138;333,229;506,232;597,146;669,139;755,245;838,154;1118,239;1137,274;1154,101;1188,177
082:0,009;25,204
083:0,009;27,255
084:0,009;25,204
085:0,009;18,218;33,020;34,160;204,149;263,211;965,121;1041,096;1092,106
086:0,009;27,255
087:0,009;44,076;61,239;199,229;319,185;524,226;954,269;990,223;1082,171;1119,178;1162,096;1175,149
088:0,009;9,093;67,096;179,110;187,138;429,210;534,223;749,172;819,101;935,178;1029,130;1048,191;1108,127;1122,081;1129,097;1130,106
089:0,009;34,160
090:0,009;29,260
091:0,010;2,090;6,119;293,112;353,094;354,138;488,168;901,173;1017,005;1039,270;1082,149;1113,268
092:0,010;15,187;637,195;726,264;809,107;946,223;1018,246;1030,120;1039,270;1046,160
093:0,010;3,168;1011,188
094:0,010;3,168;20,249;25,247;162,210;287,251;482,272;486,118;499,261;621,118;756,206;1090,219;1131,127;1177,223;1188,273;1199,118
095:0,010;5,143;39,187
096:0,010;6,119;388,175;722,146
097:0,010;55,149;168,206;175,144;231,094;237,117;285,273;299,250;474,094;527,123;581,230;750,175;800,119;826,139;859,229;920,130;962,187
098:0,010;2,090;7,146;495,272;503,194;581,257;771,106;1062,114;1117,088;1188,245
099:0,010;5,143;635,144
100:0,010;7,146
101:0,011;79,133;288,241;319,191;452,120;459,195;626,264;766,139;803,120;852,097;1099,180;1119,182
102:0,011;67,093;172,232;473,225;631,175;844,245;1114,125;1119,120;1146,099;1169,253;1182,234
103:0,011;22,190
104:0,011;28,200
105:0,011;28,107;89,237;165,272;179,117;196,249;230,229;270,168;308,133;377,120;448,247;491,241;619,232;765,185;780,154;797,118;1042,269;1170,185
106:0,011;22,190
107:0,011;10,140;98,130;103,270;105,168;132,249;506,206;558,106;752,223;762,230;786,188;914,124;938,096;1016,107;1178,089;1184,185
108:0,011;25,237;28,200;794,194;856,232;1180,270
109:0,011;28,107
110:0,011;43,183;276,223;381,249;393,221;398,096;401,113;413,241;465,168;487,251;608,111;831,184;840,081
111:0,012;11,232;75,082;385,025;445,188;589,234;728,144;760,195;1052,177;1062,195;1078,022;1106,216;1124,002;1159,177;1170,213
112:0,012;43,225;332,196;353,099;361,181;385,025;443,184;483,271;1057,211;1106,216;1124,002;1154,197
113:0,012;28,113;100,123;272,250;284,188;385,025;445,167;460,241;522,133;542,107;786,113;1124,002;1154,186
114:0,012;12,206;385,025;460,170;1124,002;1148,159
115:0,012;11,232;385,025;483,271
116:0,012;7,082;83,003;100,123;106,101;301,097;307,210;372,202;385,025;412,118;421,113;932,182;939,140;1063,225;1105,088;1124,002;1148,159;1186,154
117:0,012;7,082;61,113;385,025;447,171
118:0,012;30,241;43,225;183,143;215,216;260,120;333,132;385,025;435,262;443,184;1124,002;1156,270
119:0,012;12,206;163,227;268,247;318,154;385,025;411,107;534,132;559,181;624,120;787,096;864,140;936,113;1124,002;1140,186;1154,197
120:0,012;16,112;102,113;176,082;385,025;402,195;422,249;445,188;460,170;470,241;481,237;510,119;576,182;751,119;772,187;902,211;1124,002;1170,213
121:0,013;28,272
122:0,013;30,154;285,261;452,264;512,118;515,096;714,130;859,175;908,273;1049,270;1072,265;1097,111
123:0,013;20,222;30,154;230,160;260,107;287,196;321,247;440,268;442,106;690,120;744,223;913,118;971,194;1002,005;1043,109;1068,106;1128,171;1162,140
124:0,013;9,271;28,272;127,181;155,123;394,119;414,268;435,232;448,222;1103,094;1175,203
125:0,013;37,212
126:0,013;15,138;20,222;442,154;832,182;881,122;1164,120;1176,219
127:0,013;37,212
128:0,013;30,152
129:0,013;49,262;207,113;447,171;550,133;575,079;765,113;777,182;815,225;890,133;1062,262;1145,191
130:0,013;30,152;665,222
131:0,014;15,219;34,020;41,081;679,146;683,187;750,229;866,121;889,171;956,251;1132,120
132:0,014;13,248
133:0,014;24,234;1169,119
134:0,014;23,240;24,234;72,106;80,196;84,191;218,093;242,199;257,260;304,194;368,130;709,273;722,182;924,094;985,154;1093,223;1105,140;1126,109
135:0,014;13,020;67,227;149,250;190,099;575,113;744,225;803,264;1126,102;1140,144
136:0,014;15,219
137:0,014;13,247;91,216;115,112;122,226;254,234;324,216;335,272;373,273;449,195;548,118;610,132;722,269
138:0,014;15,138;175,081;747,149
139:0,014;13,248;512,099
140:0,014;30,241;258,199;292,210;300,132;327,261;405,144;486,149;1061,185;1139,239
141:0,015;25,133
142:0,015;2,125;29,106;30,111;287,106;533,094;911,225;1033,264;1067,271;1071,239;1140,081;1172,118;1174,241
143:0,015;30,091
144:0,015;30,111;213,130;337,221;414,251;450,249;496,096;509,132;699,152;1074,022;1098,253;1165,125
145:0,015;25,124
146:0,015;29,106;218,111
147:0,015;25,124;61,261;151,177;188,121;192,260;212,225;362,175;380,188;425,079;445,124;590,133;876,178;1059,109;1098,253
148:0,015;32,226;39,003;61,261;173,237;393,257;401,269;427,118;450,160;581,195;895,132;1007,196;1056,168;1155,206
149:0,015;25,133;30,091
150:0,015;56,239;115,181;122,143;149,112;276,096;280,182;332,226;403,206;410,144;595,194;756,188;992,102;1003,274;1173,264;1188,269
151:0,016;30,084
152:0,016;29,097;297,199
153:0,016;5,227;29,199;44,005;71,188;225,272;280,222;288,227;317,268;394,226;605,222;648,121;809,185;916,234;1049,156;1168,086
154:0,016;29,097
155:0,016;25,237;78,130;90,211;255,175;350,225;423,194;492,133;517,184;735,234;906,187;947,102;987,171;1073,264
156:0,016;29,199
157:0,016;30,084
158:0,016;5,227;71,188;145,161;179,130;193,269;199,121;393,202;457,113;555,111;605,257;707,132;877,130;903,177;922,132;971,130;1076,096
159:0,016;31,262
160:0,016;47,270;127,232;145,245;149,264;194,185;308,119;365,125;463,149;486,097;847,132;915,219;1081,271;1172,102
161:0,017;12,135
162:0,017;12,135
163:0,017;29,230;341,182;427,195;457,139;642,227;648,262;848,130;1021,173;1074,022;1102,198;1182,248
164:0,017;20,181;29,230;206,206;216,247;275,229;374,099;457,251;824,257;863,106;1074,022;1108,076;1144,223;1145,198
165:0,017;13,229;192,202;595,185;621,226;697,096;779,220;797,269;851,144;921,185;1050,125;1074,022;1094,127;1102,198;1126,203
166:0,017;40,138;61,124;78,081;92,082;110,177;131,275;136,239;404,272;482,250;885,096;912,125;941,167;1074,022;1088,185;1183,196
167:0,017;15,250
168:0,017;15,130;597,139;1074,022;1156,208
169:0,017;6,112;8,175;41,210;45,015;64,213;70,237;104,210;157,124;387,229;553,195;566,245;574,185;1074,022;1126,203;1169,122
170:0,017;8,175;13,229;226,191;307,221;387,133;468,119;506,146;518,101;641,237;667,101;698,106;801,123;1018,081;1067,089;1074,022;1105,088;1107,096;1156,208
171:0,018;37,274;335,227;737,017;748,246
172:0,018;45,116;137,227;614,144;628,188;737,017;751,178;847,268;934,175;979,101;1002,005;1061,129
173:0,018;34,268;40,196;47,079;67,094;121,183;185,175;264,149;737,017;748,172;751,220;799,196;1002,005;1046,180;1061,129;1082,089
174:0,018;27,161;148,188;164,234;251,269;265,245;281,272;310,123;516,226;522,248;561,264;681,223;735,185;749,274;1002,005;1043,109;1048,156;1049,121
175:0,018;47,079;362,230;559,225;737,017;748,246;1002,005;1048,156;1063,130;1186,096
176:0,018;11,270;12,140;27,161;139,222;275,258;437,275;443,274;737,017;753,122;871,120;938,111;1002,005;1044,089;1096,234;1110,154
177:0,018;40,196
178:0,018;39,121;1002,005;1030,242
179:0,018;29,268;32,129;39,121;44,076;45,116;233,112;338,274;443,206;680,118;737,017;751,178;753,122;953,124;1002,005;1009,239;1043,211;1046,180;1103,200;1180,094
180:0,018;37,274;737,017;749,274;1007,005;1030,242
181:0,019;16,099;214,264;460,120;667,206;776,257;859,269;938,194;957,268;1087,167;1165,274
182:0,019;11,104
183:0,019;20,249;154,216;159,106;265,261;284,094;477,079;569,171;587,272;724,226;922,223;934,144;978,160;1023,101;1089,118
184:0,019;10,162
185:0,019;3,106;6,112;19,130;33,221;233,249;269,093;278,257;392,106;405,221;431,237;448,138;543,269;688,140;831,264;981,211;1009,121;1059,194;1131,129
186:0,019;28,191;68,129;118,140;123,245;129,094;336,264;447,120;610,188;774,232;855,111;867,139;970,122;1070,140;1094,102;1187,167;1196,089
187:0,019;21,215;115,268;123,250;146,241;189,079;197,226;282,269;787,185;797,143;1082,270;1104,099;1145,125;1153,262;1167,206;1172,143
188:0,019;10,162
189:0,019;11,104
190:0,019;12,210
191:0,020;43,015;99,127
192:0,020;24,177;43,015;77,234;152,099;179,116;283,099;338,222;512,167;537,219;621,251;693,138;984,139;1068,120;1093,133;1099,101;1149,196;1157,273;1174,171
193:0,020;43,015;105,257;504,094
194:0,020;43,015;48,189
195:0,020;43,015;70,086
196:0,020;43,015;72,155
197:0,020;43,015;70,086;1159,130
198:0,020;43,015;72,155
199:0,020;21,215;24,177;99,127;980,144;1126,241;1133,140;1150,186;1173,239
200:0,020;48,189
