001:0,001;145,190
002:0,001;63,245;311,018;322,105;554,181;641,086;686,219;707,225;809,141;974,114;984,186;1093,272;1104,239
003:0,001;16,087
004:0,001;94,205;105,169
005:0,001;105,202
006:0,001;105,202
007:0,001;99,154
008:0,001;99,154
009:0,001;105,169
010:0,001;16,087
011:0,002;11,098
012:0,002;49,104
013:0,002;53,151
014:0,002;53,151
015:0,002;54,196
016:0,002;45,131;82,184;168,165;291,217;439,244;577,155;579,105;684,232;784,097;818,088;872,150;945,172;960,155;982,129;985,114;1005,146;1078,125
017:0,002;54,196
018:0,002;49,098
019:0,002;49,104
020:0,002;45,131
021:0,003;26,224;63,167;340,215;409,166;532,081;676,219;687,174;698,192;711,143;919,250;923,025;928,263;978,086;986,092;1045,141;1101,182
022:0,003;55,246;407,097
023:0,003;63,167;153,175;218,112;252,114;282,141;293,258;346,167;362,189;388,097;778,189;820,225;915,205;928,263;940,236;1156,088
024:0,003;60,218;218,124;364,192;371,228;413,165;417,168;458,081;523,181;529,105;564,086;640,214;771,241;926,198;945,177;952,250;983,246;1096,255
025:0,003;57,162;316,212
026:0,003;51,230;55,246;885,097
027:0,003;21,084;26,224;121,109;163,161;253,174;404,153;485,235;533,001;564,086;807,008;817,172;850,232;885,261;946,076;951,255;963,181;1005,182;1079,256;1196,146
028:0,003;60,218;366,161
029:0,003;57,162;232,187
030:0,003;52,200;378,215
031:0,004;16,114;75,025;79,101;237,183;320,007;358,232;463,125;615,008;643,124;662,076;788,212;807,008;822,221;1052,167;1091,172;1169,129;1179,263
032:0,004;1,107;6,145;12,019;20,010;29,184;126,163;162,252;192,258;193,181;236,158;258,178;320,007;338,215;369,168;486,101;511,192;617,143;704,246;807,008;822,221;928,226;1039,223;1054,088;1136,272
033:0,004;6,145;75,025;113,124;143,137;153,095;182,168;218,261;228,264;283,178;320,007;353,244;470,107;487,109;504,167;578,256;615,008;626,263;639,274;769,130;784,145;1003,172;1185,084
034:0,004;13,083;32,001;54,100;75,025;106,211;146,190;149,183;320,007;362,205;389,137;571,130;626,152;631,166;635,199;641,131;747,191;777,125;807,008;812,122;921,168;1146,187
035:0,004;20,222;75,025;79,101;98,084;175,100;211,232;304,272;320,007;344,107;445,237;471,205;498,135;531,176;580,219;604,105;615,008;627,130;638,096;691,024;728,150;807,008;820,129;994,239;1193,147
036:0,004;5,272;40,145;75,025;89,228;615,008;638,096
037:0,004;38,223;51,207;73,220;75,025;102,212;177,167;201,200;320,007;331,144;332,210;353,244;408,137;471,153;555,264;576,152;604,250;615,008;626,263;662,107;736,227;812,122;1072,082
038:0,004;1,107;89,228;113,124;127,264;228,097;268,218;320,007;352,219;401,181;490,095;555,250;590,244;628,219;648,130;654,225;728,150;761,220;807,008;816,182;822,137;1022,148;1188,218
039:0,004;5,272;54,100;320,007;344,107;807,008;813,272
040:0,004;1,132;63,081;75,025;98,084;203,192;205,113;309,115;320,007;350,132;579,110;615,008;633,217;698,220;764,134;771,239;807,008;813,272;820,129;950,143;959,208;965,092;977,150;1025,137;1071,192;1163,166
041:0,005;69,255
042:0,005;77,130;347,261;847,207;923,025;964,201
043:0,005;75,135;79,080;83,176;145,088;173,090;179,166;261,207;319,261;583,199;596,215;649,107;658,192;677,092;698,256;710,096;923,025;932,223;935,084;1010,225;1105,265;1177,130
044:0,005;23,181;32,219;35,274;464,165;650,155;717,236;919,264;923,025;933,138;1110,223
045:0,005;62,181;70,210;192,186;205,258;258,112;919,272;923,025;931,261;1040,215;1190,265
046:0,005;69,255;641,181
047:0,005;32,219;52,161;84,252;92,189;147,264;236,137;259,223;289,198;327,186;371,139;447,144;602,184;630,141;730,152;803,186;813,236;826,166;837,147;855,199;864,077;874,177;923,025;957,265;991,198;1100,246
048:0,005;69,096;77,130;98,116;110,205;209,114;239,131;244,184;294,245;461,088;703,205;779,207;888,130;905,150;923,025;935,084;961,138
049:0,005;70,210
050:0,005;131,139;465,207;557,101;671,082;761,262;817,181;923,025;950,106;957,265
051:0,006;25,262;216,212;682,269
052:0,006;25,262;610,077;908,220
053:0,006;22,165;42,147;76,220;307,113;436,231;464,264;468,189;600,246;684,181;701,210;880,088;978,182;1007,110;1020,084;1072,221;1161,236
054:0,006;25,270
055:0,006;15,174;230,252;244,264;342,190;384,231;392,125;448,220;460,167;484,245;640,269;727,141;800,220;870,191;880,258;1053,139;1173,150
056:0,006;25,270
057:0,006;21,192;1060,145
058:0,006;26,176
059:0,006;15,174;241,181;368,115;407,109;474,244;486,228;700,262;834,125;992,215;1025,082;1061,092
060:0,006;42,147;87,107;207,092;234,167;265,125;330,237;332,235;491,231;563,207;597,257;598,176;785,166;898,212;968,172;978,148;1012,145
061:0,007;14,205;63,245;115,144;144,132;198,137;210,095;293,139;307,187;357,245;476,110;571,144;632,152;634,181;649,218;665,235;724,274;851,137;902,112;950,205
062:0,007;15,166;58,137;131,140;136,131;153,117;193,220;334,076;337,186;709,113;810,232;839,220;960,150;1145,228
063:0,007;21,192;98,140;108,223;127,130;180,199;194,183;206,207;241,230;259,101;425,198;582,134;792,205;825,152;1075,110
064:0,007;25,237;308,117
065:0,007;5,217;25,141;195,208;299,145;317,141;331,223;347,153;351,135;527,235;601,214;635,134;686,088;852,227;1094,261;1110,226;1157,181
066:0,007;12,135;25,237;127,187;252,117;553,235;643,262;715,256;727,077;860,218;960,214;994,255;1028,106;1051,274;1116,141;1121,130;1179,225
067:0,007;5,217
068:0,007;17,006;25,141;96,135;145,090;157,135;343,101;581,225;668,237;712,166;797,264;905,106;944,112;1088,189
069:0,007;14,205
070:0,007;12,135;284,095;550,186
071:0,008;14,091
072:0,008;9,261;81,125;92,100;96,231;237,141;391,095;459,246;492,153;787,130;788,219;828,114;959,177;1043,256;1075,228;1092,088;1185,106
073:0,008;14,091
074:0,008;9,261;25,112;102,165;107,168;152,208;157,113;214,100;287,231;317,227;351,125;360,153;371,114;474,143;544,114;597,153;776,150;833,214;859,146;982,088;1040,105;1112,129
075:0,008;25,112;642,235
076:0,008;15,265;153,212;252,162;340,199;628,146;836,241;863,145;1019,176;1193,227
077:0,008;14,273
078:0,008;1,132;2,005;5,249;23,181;78,168;82,018;96,231;143,214;167,176;235,174;309,225;604,189;608,092;620,081;727,110;733,239;752,131;862,182;939,258;1102,227;1117,235;1157,226
079:0,008;14,273
080:0,008;1,223;5,249;41,272;75,025;78,168;111,141;139,123;152,245;166,131;206,230;211,183;227,214;228,106;303,230;318,081;434,207;498,190;549,141;567,109;599,257;648,219;683,105;730,232;878,077;947,198;1034,114
081:0,009;22,271;102,003;132,124;157,080;206,023;228,133;244,170;292,018;345,220;347,168;378,137;382,264;409,190;489,264;546,001;569,207;708,139;757,218;835,191;858,088;966,186;978,272;1061,166
082:0,009;19,170;292,018;326,249
083:0,009;11,113;35,244;64,096;68,219;85,214;102,003;111,207;145,235;194,189;198,223;206,023;251,132;268,274;292,018;308,153;326,123;331,189;344,184;358,231;365,134;573,143;593,129;615,174;902,219;918,225;937,190;986,129;1108,114
084:0,009;3,176;8,166;15,098;28,275;88,264;100,090;102,003;157,080;206,023;217,097;241,178;263,198;292,018;324,090
085:0,009;11,113;102,003;109,106;206,023;214,272;292,018;324,090
086:0,009;8,166;19,170;82,222;102,003;116,139;152,261;177,140;186,215;206,023;218,178;228,133;292,018;352,219;432,152;440,113;571,227;573,113;661,174;677,189;759,086;816,212;855,230;971,110;996,214;1020,152;1029,130;1040,086;1121,246
087:0,009;18,175;206,023;231,172;292,018;326,249
088:0,009;22,271;102,003;109,106
089:0,009;18,175;43,261;206,023;231,172;292,018;365,134;602,166;713,232;729,076;820,239;977,217;1005,106;1022,263;1095,122;1197,088
090:0,009;72,208;86,082;102,003;168,215;178,230;202,132;206,023;236,158;269,176;292,018;326,123;390,144;457,210;539,207;564,105;578,137;583,146;603,207;782,101;912,137;918,191;992,125
091:0,010;27,161
092:0,010;40,211;112,235;132,265;204,261;245,190;304,166;380,124;650,255;671,152;711,174;746,263;812,086;873,130;1077,189
093:0,010;28,115;33,268
094:0,010;27,161;32,199;149,166;162,208;195,095;197,114;207,192;261,097;394,250;496,246;498,129;549,225;564,167;635,110;696,263;703,114;747,217;905,174;1084,152
095:0,010;32,199;286,132
096:0,010;33,268
097:0,010;26,177;849,132
098:0,010;28,195
099:0,010;28,195
100:0,010;26,177
101:0,011;18,226
102:0,011;20,109
103:0,011;18,197
104:0,011;18,197
105:0,011;4,275;49,220;97,096;105,186;174,096;205,170;218,265;278,076;656,125;771,105;782,143;958,272;975,208;1048,231;1054,246;1106,274
106:0,011;4,275;21,120;75,132;131,101;160,137;167,139;209,199;365,227;368,200;381,183;383,181;396,274;708,106;764,101;842,132;844,182;855,172;864,076;1005,092;1013,263;1017,088;1084,141
107:0,011;15,019;18,226;82,120
108:0,011;102,003;105,186;136,144;436,187;683,255;948,077;1022,076
109:0,011;21,120
110:0,011;16,187;68,090;81,244;121,226;919,186;941,167;1038,187;1119,221
111:0,012;5,184;20,140;466,152;502,168;510,205;555,168;758,236;791,168;809,105;1015,141;1024,122;1037,208;1123,182
112:0,012;1,223;193,168;253,124;400,081;502,181;514,081;575,205;617,106;629,228;711,231;966,106;983,212;1040,199
113:0,012;32,123;155,082;273,232;367,141;544,092;562,113;746,166;769,258;841,150;878,219;889,215;976,225;984,263;1007,174;1164,086;1179,130;1198,239
114:0,012;24,096;169,095;271,223;326,106;365,167;404,141;633,147;757,199;965,101;1154,165
115:0,012;21,005;31,082;82,250;181,145;202,189;216,145;314,198;357,162;367,155;565,164;594,117;752,269;835,145;860,264;881,235;1104,152
116:0,012;3,176;45,005;46,081;57,235;72,187;92,207;109,216;136,168;188,130;195,152;258,212;304,170;335,162;401,187;427,092;536,186;544,184;615,008;633,147;705,105;1094,167;1104,117;1175,172
117:0,012;20,140;32,123;122,100;129,215;165,219;190,140;473,135;477,168;866,199;1046,189;1082,231
118:0,012;11,159
119:0,012;5,184;31,082
120:0,012;11,159
121:0,013;8,114;16,215;82,018;96,163;117,096;212,167;219,181;444,110;464,245;583,198;916,256;980,165;1127,086
122:0,013;55,132;82,018;109,225;307,210;327,105;329,129;492,262;632,237;789,215;800,106;866,212;891,210;896,172;1087,086;1154,258
123:0,013;37,109;82,018;122,113;131,220;182,101;265,166;283,227;293,082;365,220;395,227;483,198;985,101;1085,137
124:0,013;16,215;21,220;59,265;82,018;91,088;603,231;700,092;741,148;976,255;981,230
125:0,013;24,084;28,115;82,018;85,092;99,144;104,114;109,225;177,088;454,131;531,231;760,088;812,176;913,246;925,077;953,176;976,166;1000,250;1023,192;1080,190;1101,239;1103,263;1168,092
126:0,013;45,095;156,265;324,165;382,225;544,077;570,105;586,101;654,124;674,210;699,109;716,186;723,114;835,167;868,241;963,076;981,231;1015,190;1044,122;1109,186;1178,264
127:0,013;8,114;40,113;45,095;82,018;99,144;128,125;213,132;302,198;307,208;329,131;440,174;610,232;697,086;752,141;850,236;1027,110;1055,106;1172,221
128:0,013;21,189;82,018;85,092;997,231
129:0,013;22,165
130:0,013;21,189;670,215;772,148
131:0,014;8,093
132:0,014;8,093
133:0,014;9,250;1143,147
134:0,014;12,090;15,171;255,137;395,152;421,228;457,101;481,139;532,237;632,082;669,263;755,134;760,092;890,264;1112,214
135:0,014;9,081;396,130;741,228
136:0,014;15,171;214,130;219,230;226,210;238,227;247,210;293,114;414,244;416,215;595,245;628,189;712,110;715,217;731,241;733,250;914,130;1018,218;1032,231;1045,261;1083,217;1189,137
137:0,014;1,220;33,254;42,080;74,181;184,250;227,245;293,167;561,174;645,227;707,212;781,214;810,235;846,101;969,187;1030,141;1039,198
138:0,014;1,220;9,081;35,252;78,238;121,211;258,145;273,131;296,101;309,190;319,228;353,176;507,274;562,117;583,107;608,225;629,132;688,086;693,096;705,228;1058,130;1168,269
139:0,014;3,265;48,001;78,238;124,181;211,223;234,272;246,198;283,225;326,264;682,109;689,101;765,139;1079,223
140:0,014;9,250;52,200;97,152;103,244;108,113;183,189;190,198;241,186;258,133;272,217;287,161;315,018;329,130;424,264;440,129;466,198;474,231;523,237;531,220;626,182;637,192;654,106;669,112;707,264;854,086;1079,112
141:0,015;16,155;295,007;309,164;691,024;722,109
142:0,015;6,129;14,252;18,208;47,181;51,113;119,131;125,217;195,109;295,007;308,153;463,130;498,250;510,237;666,088;681,166;691,024;701,148;766,230;786,082;1009,265;1083,146;1173,190
143:0,015;14,252;140,113;152,228;206,131;222,228;295,007;309,164;501,227;562,190;691,024;705,241;712,250;727,145;802,112;831,155;935,182;975,261
144:0,015;18,208;1032,150
145:0,015;16,155
146:0,015;18,002;30,254;65,166;85,161;148,144;214,205;352,237;508,232;538,137;582,220;748,110;853,114;1091,174;1120,225
147:0,015;35,274;212,217;245,262;295,007;304,170;334,105;525,107;579,232;665,205;691,024;694,239;841,205;891,141;1071,264;1159,168;1195,129
148:0,015;32,090;62,175;95,187;177,137;244,235;295,007;302,182;607,082;610,164;691,024;727,145;754,235;803,141;804,237;844,186;869,261;891,131;1040,250
149:0,015;26,201;295,007;315,262;459,124;573,076;691,024;699,219;930,150;972,088;1005,256;1019,181;1025,092;1093,112
150:0,015;6,129;26,201;295,007;302,129;336,230;395,205;448,199;565,131;627,250;691,024;694,239;701,148;724,155;815,231;825,137;836,172;932,272;957,264;1054,177;1133,131
151:0,016;5,222;12,076;316,101;321,008;392,198;399,232;586,227;627,199;793,230;841,112;895,225;1003,147;1162,105
152:0,016;5,080;10,198;161,186;321,008;336,110;410,230;504,109;506,246;519,001;536,269;550,257;658,199;755,189;911,166;946,176;947,096;1082,201;1154,250
153:0,016;12,076;232,168;321,008;352,183;489,137;519,001;566,146;580,236;723,207;737,112;771,237;845,168;936,101;943,168;953,261;971,239;1078,258
154:0,016;1,003;5,080;94,215;214,125;253,168;352,183;381,184;519,001;597,218;636,088;664,166;681,208;866,165;945,182;994,084
155:0,016;5,222;84,224;111,212;137,175;145,230;159,107;222,211;295,007;301,094;321,008;335,247;519,001;550,257;570,246;597,218;853,189;1010,217;1073,255;1085,139
156:0,016;33,002;37,211;51,176;74,217;106,192;131,237;419,082;519,001;567,210;667,101;757,117;1071,218;1121,122
157:0,016;10,198;194,090;321,008;336,110
158:0,016;16,187;115,230;122,081;193,132;234,261;314,232;321,008;341,143;519,001;536,269;660,165;776,263;793,130;842,166;1091,096
159:0,016;10,090;321,008;335,247;519,001;566,146
160:0,016;37,098;45,217;54,114;301,094;321,008;334,208;341,143;452,231;482,237;519,001;580,236;705,241;800,147;1108,166;1123,198;1129,192
161:0,017;12,133;23,235;33,207;42,166;136,092;149,223;271,250;284,261;334,135;472,220;573,077;720,192;1021,201;1080,130;1087,212;1098,168
162:0,017;19,244;89,223;92,183;154,124;208,106;216,231;441,114;712,134;732,263;734,256;880,106;895,147;1001,129;1148,269;1161,199
163:0,017;29,249;39,115;304,274;323,231;354,182;383,162;389,183;481,129;647,261;878,239;933,221;1096,130;1105,092;1166,261
164:0,017;32,216;129,115
165:0,017;28,258;178,124;241,214
166:0,017;33,207;456,139;1038,218
167:0,017;23,235;452,115
168:0,017;18,232;19,244;28,258;221,227;226,144;319,132;323,192;346,198;451,182;547,001;550,256;675,262;686,187;966,112;1054,208;1133,274
169:0,017;12,133;38,219;189,225;269,272;345,137;352,264;377,092;385,186;511,152;550,256;570,274;614,262;660,263;694,132;840,272;901,168;910,086;959,077;963,137;1124,208
170:0,017;32,216;89,166;630,256
171:0,018;8,163
172:0,018;41,116;124,132;149,184;239,130;323,161;330,232;339,218;393,189;445,181;574,141;609,088;635,139;660,182;925,189;1051,214;1099,210;1189,220
173:0,018;8,163;19,232;117,252;239,258;328,113;515,101;533,082;589,264;736,237;747,264;786,113;808,225;865,258;872,269;1137,084;1145,208;1158,198
174:0,018;8,227
175:0,018;8,007;9,125;23,264;85,140;96,081;99,200;166,167;173,207;203,252;214,171;257,161;274,132;281,152;359,137;371,109;389,174;539,113;558,244;619,144;629,092;669,218;732,186;795,191;829,165;848,130;868,110;939,122;993,225;1131,174;1165,208
176:0,018;9,125;1040,236
177:0,018;10,152;993,076
178:0,018;10,152;69,232;171,192;190,212;203,235;214,198;261,092;339,095;354,092;365,208;659,167;815,246;1053,152;1099,105
179:0,018;3,264;41,116;79,264;136,170;147,231;189,214;225,178;251,231;263,211;272,137;314,220;499,235;506,109;561,153;595,182;801,199;806,076;911,217;974,165;976,201;1005,220;1176,117
180:0,018;8,227;201,163
181:0,019;40,108
182:0,019;40,233
183:0,019;56,214;75,125;76,001;132,145;181,191;969,223;1102,212;1131,227;1167,141;1190,148
184:0,019;47,163;83,191;144,192;164,141;256,131;267,186;332,101;337,097;377,199;436,219;637,105;683,225;699,190;932,223;1020,182;1114,167
185:0,019;42,140;61,223;68,215;101,252;113,219;129,232;273,192;318,155;341,225;369,076;527,230;759,147;796,207;822,274;1094,199;1106,084;1127,264
186:0,019;40,233
187:0,019;39,003;51,230
188:0,019;83,191;735,181;815,150;854,274;1044,181;1153,212
189:0,019;40,108
190:0,019;81,183;132,145;254,113;295,223;419,110;428,219;497,217;537,143;761,174;935,138;950,263
191:0,020;41,117;282,187;301,097;321,174;387,130;394,192;495,244;540,217;615,008;642,258;884,231;988,086;1018,168;1047,131;1120,105;1142,101;1154,218;1183,235
192:0,020;41,117;120,112;170,184;591,155;640,220;682,130;876,214;938,210;1092,101;1107,190;1136,177
193:0,020;45,121
194:0,020;45,077;582,111
195:0,020;56,214;592,167
196:0,020;45,077;528,001;582,111
197:0,020;45,121
198:0,020;58,137;187,113;202,081;296,176;341,250;367,198;385,106;542,246;553,130;560,106;612,261;642,258;739,147;829,220;832,227;843,218;1065,155
199:0,020;11,260
200:0,020;11,260
