001:0,001;99,212
002:0,001;99,212
003:0,001;1,120;3,227;81,092;102,177;112,221;234,115;283,100;290,177;835,094;863,177;1181,184
004:0,001;107,142;959,255
005:0,001;1,126;107,142;208,257;224,079;362,145;512,136;579,158;638,094;897,263;937,201;957,257;978,222;1112,274;1126,148
006:0,001;112,268
007:0,001;102,177
008:0,001;98,243
009:0,001;98,243
010:0,001;112,221
011:0,002;10,201;330,197;336,095;477,086;738,272;817,208;834,162;863,240;938,090;1118,105;1143,018;1188,273
012:0,002;3,101;85,145;116,119;174,081;597,236;743,093;781,173;806,014;835,210;844,122;877,221;943,249;1056,111;1081,077;1095,264;1143,018;1183,182
013:0,002;12,230;18,116;20,197;30,236;37,001;43,180;141,177;159,260;222,230;308,108;321,255;697,257;704,126;877,274;977,162;1016,188;1140,232;1143,018;1173,146
014:0,002;13,195;16,185;136,081;236,186;269,274;275,087;295,081;703,115;715,149;806,014;830,231;868,196;878,185;1068,164;1143,018;1175,249
015:0,002;16,185;22,186;73,266;102,102;260,272;321,090;343,142;403,148;523,179;597,134;724,153;806,014;827,171;830,231;899,140;912,272;1106,207;1143,018;1181,181
016:0,002;13,195
017:0,002;20,197;317,195;806,014;844,122
018:0,002;22,186;131,235;210,096;214,198;407,087;563,100;654,126;806,014;847,097;897,151;1031,153;1057,148;1108,185;1143,018;1173,146
019:0,002;36,260;87,143;113,079;118,200;145,274;221,095;270,255;806,014;858,252;933,142;1004,079;1143,018;1171,229;1181,181;1188,273
020:0,002;10,201;806,014;858,252;1143,018;1183,182
021:0,003;5,180;107,241;129,107;261,009;266,247;271,164;290,176;372,114;444,207;491,130;537,148;867,176;1008,149;1058,152
022:0,003;33,272;209,188;261,009;306,087;316,236;331,118;398,158;511,196;524,139;660,100;890,142;895,090;919,207;939,262;1118,082;1135,206
023:0,003;102,100;107,096;202,118;261,009;270,221;288,208;384,254;431,153;464,235;632,220;918,274;1074,263
024:0,003;12,263;338,247
025:0,003;16,079;47,207;71,157;105,108;136,264;166,151;261,009;266,247;840,267;848,272;955,236;1001,115;1102,111;1127,256
026:0,003;13,096;34,152;67,219;261,009;269,079;312,164;374,176;393,087;401,220;447,235;554,263;702,111;727,095;832,195;842,113;856,141;895,247;908,196;992,079;1063,145;1089,157;1145,164
027:0,003;12,019;13,096;420,084
028:0,003;5,180;16,079;149,236;220,108;252,145;261,009;288,208;300,230;453,220;488,173;524,197;749,114;1065,105;1068,257;1098,142;1127,254;1176,221
029:0,003;12,263;261,009;290,176;492,084
030:0,003;16,107;261,009;271,164
031:0,004;13,262;877,113
032:0,004;21,151;59,274;68,086;125,079;204,171;455,079;542,207;564,200;795,130;810,136;836,222;888,145;935,097;1101,246;1149,231
033:0,004;19,266;37,197;105,184;132,141;160,223;187,258;292,196;493,109;697,113;1006,184;1029,162;1053,196;1093,079;1107,235;1195,177
034:0,004;4,187;8,241;13,103;93,093;279,241;311,093;332,126;458,224;675,264;747,267;815,141;910,157;1079,088;1190,231
035:0,004;16,148;138,103
036:0,004;8,241;16,148;100,224;123,084;156,219;163,224;200,086;219,100;753,153;860,210;957,143;1177,176
037:0,004;18,125;72,100;77,105;139,258;153,094;180,101;181,145;202,111;282,219;292,240;309,215;583,220;631,158;832,249;929,090;936,263;1097,145
038:0,004;13,103
039:0,004;13,262;1079,272
040:0,004;8,255;66,267;90,207;349,257;355,259;361,200;611,272;878,220
041:0,005;9,119;532,007;582,185
042:0,005;5,264;9,136;79,185;112,274;189,215;199,206;400,118;430,140;499,153;532,007;540,100;550,082;926,148;1037,158
043:0,005;7,110;97,107;117,143;127,100;224,096;230,153;289,268;314,079;328,257;332,079;377,136;532,007;558,274;565,126;582,185;850,077;890,262;921,210;987,122
044:0,005;27,202;69,107;80,219;93,100;100,186;161,090;193,223;224,200;299,100;401,202;406,193;414,176;471,221;532,007;550,082;1040,176;1110,257;1144,093
045:0,005;9,136;164,235;223,137;237,152;251,254;258,088;471,126;532,007;533,097;865,207
046:0,005;6,244;532,007;537,110
047:0,005;9,193;99,257;101,101;198,268;214,102;323,137;365,208;532,007;537,110;1120,088;1171,229
048:0,005;23,116;27,202;54,127;80,106;116,076;149,118;183,202;213,105;522,115;532,007;533,097;810,014;850,077;1088,274;1106,210
049:0,005;6,244;724,115;1186,229
050:0,005;5,264
051:0,006;19,105;276,162;284,105
052:0,006;19,155
053:0,006;14,208;19,095;165,256;221,076;264,094;294,151;307,118;327,272;329,171;491,264;520,162;530,173;550,162;929,264;1071,232;1127,150;1165,151
054:0,006;14,208;19,105;75,158;239,088;246,086;290,221;393,179;500,207;503,208;519,158;606,113;682,087;887,079;999,246;1058,134;1107,092;1156,095
055:0,006;19,155
056:0,006;19,095
057:0,006;21,121
058:0,006;1,158;192,236;600,105;850,136;983,201
059:0,006;26,168;178,179;248,148;321,184;371,197;384,268;565,136;722,139;818,148
060:0,006;21,121
061:0,007;4,235;13,157;33,137;36,106;75,001;139,149;185,177;280,145;289,076;306,207;562,105;593,215;843,088;1047,140
062:0,007;33,119;36,141;181,119;204,274;495,220;592,111;698,272;729,134;1046,221;1089,094;1106,095;1134,111;1158,094;1177,179
063:0,007;33,137
064:0,007;1,274;81,254;164,140;222,235;252,242;286,274;557,079;651,240;812,153;1031,126;1142,162;1146,185;1194,143
065:0,007;4,235;110,126;253,268;282,152;313,242;324,151;373,088;388,127;580,142;873,162;1151,272
066:0,007;59,260;146,241;266,149;293,179;364,139;385,090;508,148;672,106;819,130;822,151;961,097
067:0,007;8,127
068:0,007;36,141;90,206;101,236;115,094;120,256;139,149;239,139;266,257;316,153;523,140;758,162;765,274;817,201;896,231;1178,207
069:0,007;13,157
070:0,007;8,127;17,108;52,255;60,230;81,118;145,086;183,184;316,200;330,149;332,242;383,164;394,221;448,109;457,114;623,220;830,097;838,274;873,171;920,244;1082,249
071:0,008;34,090
072:0,008;43,156
073:0,008;44,100;63,220;571,244
074:0,008;48,010;63,220;377,179;392,197;501,274;672,126;688,274;715,153;721,263;803,242
075:0,008;43,156
076:0,008;3,102;32,267;87,184;91,092;95,127;101,110;133,153;219,125;238,119;286,259;351,148;443,152;537,087;717,179;960,127
077:0,008;3,102;113,086
078:0,008;38,242
079:0,008;34,090;135,152;141,202;309,140;359,196;818,087;859,158;860,126;1009,130;1053,092;1099,142;1151,224;1200,215
080:0,008;32,267;38,242;128,106;144,195;311,102;525,093;560,230;562,173;812,086
081:0,009;25,123
082:0,009;15,118;36,256;112,100;121,137;202,149;310,148;395,102;542,113;595,264;607,171;677,153;734,222;830,093;963,188;1016,158;1030,184;1173,105
083:0,009;36,256
084:0,009;34,011;36,260;47,230;52,176;56,102;73,125;149,145;157,186;205,101;239,086;245,141;340,094;747,236;890,148;918,130;1000,179;1002,220;1026,008;1053,083;1090,247;1135,115
085:0,009;52,176;61,168;84,235;161,152;164,202;172,152;211,110;232,145;237,223;261,137;313,076;400,242;520,142;558,130;563,111;573,274;882,143;940,267
086:0,009;10,261;15,118;276,141;389,207;417,158;431,096;663,235;680,202;701,236;866,087;937,246;943,207;1068,255
087:0,009;26,237
088:0,009;19,087;132,193;173,079;261,127;382,184;697,148;791,197;841,100;1013,202;1160,252
089:0,009;25,123
090:0,009;26,237
091:0,010;20,206;71,257;82,187;131,267;539,257;682,095;693,127;956,206;1048,139
092:0,010;131,267;525,208;808,200;815,255;955,095;1102,190
093:0,010;70,138
094:0,010;64,091
095:0,010;64,091
096:0,010;65,189
097:0,010;20,206;207,240;241,196;289,115;298,197;985,246;995,247;1061,162;1137,130
098:0,010;70,138
099:0,010;65,189
100:0,010;71,257
101:0,011;57,162;74,092;90,195;114,148;119,171;192,101;239,232;380,115;388,208;482,232;612,236;700,235;832,263;890,126
102:0,011;77,114;118,151;132,226;174,141;240,221;264,236;277,188;435,256;585,164;873,249;900,100;977,171;1053,206
103:0,011;59,275
104:0,011;59,275
105:0,011;57,162;679,198
106:0,011;60,232
107:0,011;78,198
108:0,011;74,092;78,198;209,148;236,235;461,109;476,176;665,256;724,232;877,158;917,140;968,145;1043,220;1102,097
109:0,011;119,171;247,193;261,096;335,263;533,208;595,088;614,179;663,151;874,164;1013,094
110:0,011;32,094;60,232;217,142;222,086;230,256;273,139;289,126;352,268;373,257;380,272;403,119;416,139;697,171;886,272;895,274;906,231;953,220;991,100;1015,113;1177,157
111:0,012;42,101;122,157;139,179;158,193;338,173;428,100;530,153;661,202;668,115;990,142;1095,226
112:0,012;28,241;1026,008;1049,089
113:0,012;42,236;56,110;65,202;132,224;156,113;549,171;621,256;628,241;1000,096;1010,252;1026,008;1049,089;1193,171
114:0,012;1,232;21,114;63,241;81,140;142,230;297,153;310,202;368,256;385,224;441,158;544,242;696,176;811,079;970,136;1026,008;1072,150;1101,262;1143,095;1149,158
115:0,012;34,219;64,258;101,096;103,126;131,185;141,180;181,157;321,230;410,164;566,268;589,157;742,221;746,113;755,087;809,113;825,014;835,210;894,232;974,197
116:0,012;1,232;30,226;121,168;194,226;374,241;591,256;609,127;687,162;742,145;880,263;929,111;1026,008;1072,224;1145,188;1169,150
117:0,012;21,114
118:0,012;30,226;85,230;221,272;601,081;645,115;660,226;694,141;829,200;871,095;948,254;1010,232;1026,008;1053,083
119:0,012;37,195;50,087;73,108;285,081;295,106;396,256;409,272;425,093;989,176;995,257;1026,008;1040,186;1071,088;1114,215;1150,157;1171,202
120:0,012;33,272;46,100;140,255;255,140;256,108;386,264;420,142;472,088;591,152;808,244;876,236;969,272;974,140;1026,008;1051,092;1143,247
121:0,013;8,149;29,008;32,081;42,088;290,110;309,111;410,106;671,081;745,157;759,113;804,263;825,130;876,097;936,202;1010,142;1026,008;1030,190;1145,126
122:0,013;3,207;8,251;90,087;274,256;349,258;384,076;402,093;492,226;609,115;637,093;701,226;884,244;906,236;922,087;938,139;994,136;1033,106
123:0,013;5,236;188,087;489,106
124:0,013;3,223
125:0,013;3,223;110,202;154,136;432,173;476,142;514,176;609,236;610,208;625,200;837,106;860,264;883,153;914,188;946,247;966,201;976,236;980,235;1030,190;1079,247;1087,240;1112,220
126:0,013;8,251;24,107;41,001;42,088;232,257;261,235;343,193;347,090;383,109;408,088;946,096;981,094;1001,088;1075,151
127:0,013;4,187;29,235;32,081;169,136;299,094;325,084;335,272;340,149;383,235;424,143;872,094;942,224;1040,252
128:0,013;9,193;26,125;127,110;285,247;304,149;844,246;897,106;1029,164;1056,240;1059,130;1065,210;1098,176
129:0,013;3,207;278,223
130:0,013;5,108;9,002;12,230;101,103;118,268;133,140;323,258;342,093;349,153;399,126;667,139
131:0,014;11,134;105,199
132:0,014;12,226;17,076;163,139;190,094;246,090;297,162;496,087;510,240;631,198;652,267;718,081;731,111;784,093;802,263;856,206;946,094;976,210;1076,114;1166,264
133:0,014;18,249;861,267
134:0,014;8,149;12,226;18,199;27,001;81,140;132,125;266,158;353,272;377,151;456,254;771,221;823,171;827,157;844,095;851,195;1060,255;1065,171;1104,093
135:0,014;1,084;72,274;137,093;264,171;306,200;309,086;460,157;502,171;537,196;1065,176;1077,142;1099,244
136:0,014;18,199
137:0,014;10,145
138:0,014;1,084;299,113;345,141;798,136;966,179;985,184;1002,197;1034,179;1056,149;1061,096;1128,110
139:0,014;10,145;18,249;818,014;856,206;989,236;999,093;1120,134
140:0,014;11,134
141:0,015;25,139;505,201
142:0,015;3,227;18,179;135,240;146,114;198,158;413,115;517,145;709,184;927,249;1084,130;1098,196
143:0,015;15,224;16,188;25,139;157,106;412,257;537,102;542,115;688,179;693,224;860,235;970,240;1004,176;1026,096;1052,186
144:0,015;16,188;187,264;333,087;366,264;371,079;439,188;907,094;1073,196
145:0,015;3,086;108,180;175,272;252,142;264,173;306,115;358,093;420,141;646,158;1138,090
146:0,015;18,179
147:0,015;15,224
148:0,015;11,113;184,102;210,173;250,179;288,193;408,232;465,094;634,114;718,109;1095,185;1099,109;1113,206;1118,083
149:0,015;19,106;255,224;374,215
150:0,015;19,106;31,188
151:0,016;26,184
152:0,016;28,241;43,116;63,086;65,255;145,196;218,202;236,143;359,110;424,264;478,272;643,088;830,176;910,149;1032,105;1040,232;1046,105;1059,093;1070,195;1127,179;1155,221;1171,197;1176,188
153:0,016;26,104
154:0,016;26,104
155:0,016;27,130;181,197;268,118;424,111;548,221;724,096;940,222;974,077;1057,179;1106,115;1128,151;1138,263;1172,114;1197,263
156:0,016;8,018;26,184;44,173;536,136;557,235;901,171;1163,262
157:0,016;3,219;73,200;109,153;337,084;480,236;582,137;1068,246;1137,096;1187,113
158:0,016;27,130
159:0,016;32,001;44,173;187,186;261,125;269,263;328,157;426,149;486,095;681,208;860,255;886,122;963,221;1014,176;1055,082
160:0,016;19,266;161,076;190,130;467,263;789,254;932,097;935,082;984,274;1016,254;1063,249;1075,137;1164,232
161:0,017;21,151;385,259
162:0,017;15,143;59,259;63,215;269,206;405,113;471,198;544,173;763,264;806,014;811,246;1095,186;1180,088
163:0,017;49,133
164:0,017;18,115;599,268
165:0,017;15,143
166:0,017;17,259
167:0,017;18,115;212,215;373,140
168:0,017;17,259;55,001;63,215;183,168;202,114;364,193;398,139;408,109;439,230;556,151;811,246;822,149;857,105;1026,272;1065,077;1066,254;1116,094;1147,195;1198,190
169:0,017;18,116;49,133
170:0,017;16,093;113,226
171:0,018;27,200;36,111;188,255;312,240;501,151;506,157;588,130;786,256;943,221;952,145;965,231;1138,171
172:0,018;26,233
173:0,018;11,113;19,187;118,197;169,206;174,076;366,263;375,137;577,090;840,220;850,215;1040,274;1155,151;1157,079
174:0,018;23,240;123,127;253,081;256,219;331,201;488,230;562,171;594,153;709,202;934,267;939,162;950,252;990,082;1111,079;1118,221;1150,176;1172,111
175:0,018;27,200;361,096
176:0,018;26,233
177:0,018;1,158;6,196;133,242;206,125;211,141;267,110;380,143;386,236;426,119;533,267;645,176;825,014;831,079;869,152;1057,235
178:0,018;23,240
179:0,018;6,196;313,145;325,196;337,108;389,079;788,111;909,255;1054,197;1126,079
180:0,018;36,111
181:0,019;1,076;24,254;70,236;77,259;270,093;319,139;344,200;558,267;930,257;943,235;1088,150
182:0,019;21,147
183:0,019;21,147
184:0,019;20,217
185:0,019;15,076;16,093;42,119;100,260;208,084;384,226;488,149;676,136;807,014;812,207;849,257;926,153
186:0,019;24,254
187:0,019;26,222
188:0,019;26,222;627,171;782,157;812,207;912,226;1083,210;1138,109
189:0,019;5,108;97,193;136,151;165,177;183,226;185,126;322,093;394,263;457,221;462,171;554,202;639,232;709,257;844,177;850,149;943,263;1068,153
190:0,019;20,217
191:0,020;31,153;82,110;118,266;162,240;196,162;262,202;553,113;741,136;767,256;771,140;848,247;873,224;941,184;977,151;1117,222
192:0,020;32,094;417,202
193:0,020;26,258
194:0,020;31,109
195:0,020;26,258;31,153;120,162;154,134;592,136;671,079;817,176;834,139;893,077;964,093;1011,206;1110,150;1120,240
196:0,020;7,110;16,224;38,185;63,094;90,096;97,136;105,206;126,136;130,148;296,119;328,254;357,140;393,143;399,151;632,126;638,222;719,255;856,197;958,256;1121,171;1130,176;1136,262
197:0,020;30,248
198:0,020;34,152
199:0,020;30,248
200:0,020;31,109;378,152;412,258
