001:0,001;228,219;396,143;400,012
002:0,001;227,242;356,012;1016,005
003:0,001;73,020;77,209;716,126
004:0,001;251,090;794,006;804,012;923,118;1115,244
005:0,001;286,126;531,005;809,222;816,249;857,005
006:0,001;326,083;498,244
007:0,001;251,090;360,017
008:0,001;234,012;286,126;1031,012
009:0,001;227,242;315,179;347,005;923,118
010:0,001;181,018;228,219;685,081;804,005;920,121;926,177;935,017
011:0,002;19,005;49,002;512,097;541,221;675,002;892,078;924,104;974,181;1186,228
012:0,002;528,099;677,018;864,142
013:0,002;1093,200
014:0,002;765,095;1073,003
015:0,002;272,198;820,005
016:0,002;512,097;957,003
017:0,002;528,099
018:0,002;304,172
019:0,002;304,172;788,251;1156,259;1171,012
020:0,002;499,181;1078,167
021:0,003;43,129;331,112;538,002;599,168;966,119;984,121
022:0,003;43,129;195,016;409,109;695,017;1018,253
023:0,003;42,088;235,024;389,160;417,013;785,192
024:0,003;66,178;409,014;599,168;633,003;714,006;785,192;1160,017
025:0,003;66,178;87,005;98,245;169,024;369,230;494,006;612,142;1039,175
026:0,003;43,018;69,218;379,087;513,119;1126,012
027:0,003;107,019;221,003;329,203;357,012;369,230;434,005;612,142;648,006;704,177;720,080;820,103;899,107;1080,239
028:0,003;128,082;160,001;409,109;1129,103;1165,192
029:0,003;42,088;118,017;226,014;341,188;960,095
030:0,003;46,007;69,218;87,005;98,245;148,019;329,203;972,006
031:0,004;418,009;544,013;646,160;982,017;1042,012
032:0,004;418,009;568,191
033:0,004;96,155;578,002;825,131;1055,213;1131,269
034:0,004;418,009;599,215
035:0,004;418,009;544,272;813,136;841,188
036:0,004;223,092;354,018;418,009;560,150;565,092;842,190
037:0,004;96,155;457,018;474,005;599,215
038:0,004;424,228;912,017;1021,198;1171,269
039:0,004;418,009;560,150;992,188;1007,017;1021,198;1127,118
040:0,004;418,009;544,272;979,141
041:0,005;425,104;600,005;1045,229
042:0,005;257,017;277,005;613,121
043:0,005;23,001;139,191;769,236;854,017;1021,173
044:0,005
045:0,005
046:0,005;1045,229
047:0,005
048:0,005;613,121;779,006
049:0,005;294,209
050:0,005;425,104
051:0,006
052:0,006;1159,082
053:0,006;67,018;207,101;216,017;299,003;890,236
054:0,006;627,178;723,264;978,005
055:0,006
056:0,006
057:0,006
058:0,006;627,178;1109,217
059:0,006
060:0,006;380,017
061:0,007;102,024;156,005;394,258;398,003;416,118;545,087;580,012
062:0,007;102,024;361,157;811,003;1017,207
063:0,007;32,133;66,001;98,008;212,014;535,018;928,017;1017,207;1139,242
064:0,007;68,014;102,024;394,258;861,012;1078,258;1111,109
065:0,007;102,024;329,012;340,145;413,012;421,161;455,009;519,002;802,128
066:0,007;102,024;340,145;667,006;704,177
067:0,007;102,024;421,161;1134,092
068:0,007;102,024;289,173
069:0,007;102,024;289,173;399,014;513,176;1040,012;1078,258
070:0,007;32,133;117,024;263,012;307,024;416,118;789,003
071:0,008;178,165;652,103;784,005;795,217
072:0,008;151,002;178,165;353,014;549,173;947,155;1193,170
073:0,008;63,018;178,154;501,189;613,222;918,006
074:0,008;180,250
075:0,008;198,238;1133,003
076:0,008;178,154;214,018;915,205;975,150;1012,017;1043,160
077:0,008;198,238;406,018;899,160
078:0,008;180,250;363,017;582,185;792,003
079:0,008;187,002;310,101;414,005
080:0,008;183,186;185,193;264,018;378,134;534,105;563,095;573,012;582,185;620,151
081:0,009;12,181;57,004;76,011;224,156;251,239;377,221;450,009;578,259;973,263;1130,256;1166,017
082:0,009;9,186;19,016;133,005;145,080
083:0,009;38,006;251,239;261,005;402,003;419,013;739,133;774,218;789,017;874,270;1005,168;1048,003
084:0,009;20,112
085:0,009;8,089;59,017
086:0,009;8,089;25,014;34,176;119,008;145,080;165,001;224,156;520,002;825,131
087:0,009;20,112;317,018;847,261;1193,107
088:0,009;9,186;218,002;578,259
089:0,009;12,181;703,155;802,018;847,261
090:0,009;34,176;525,165;834,097;888,151;1036,017
091:0,010;170,138;380,110;496,002;756,167
092:0,010;220,103
093:0,010;136,160;385,006;766,107
094:0,010;177,266
095:0,010;170,138;732,006;911,268
096:0,010;146,268;298,018;911,268
097:0,010;88,221
098:0,010;146,268;553,013;827,155;875,136;1040,221
099:0,010;136,160;172,003;177,266;373,151;472,017;519,002;766,107;828,092
100:0,010;88,221;199,218;935,269;1108,272;1138,003;1161,017
101:0,011;103,004;112,217;332,018;659,205
102:0,011;36,256
103:0,011;94,007;123,179;348,002;369,224;475,003;478,077;501,239;663,189;836,153;1198,256
104:0,011;103,157;138,024;149,012;170,004;478,077
105:0,011;36,256;259,080;413,016;451,175
106:0,011;119,222;765,006;901,135
107:0,011;88,233
108:0,011;88,233;99,002;369,224;1130,104;1162,093
109:0,011;103,157;698,080;714,006;719,219;1161,017
110:0,011;112,217;347,004;480,083;856,005
111:0,012;339,119;676,165;977,191;1019,205;1034,136
112:0,012;759,212;1143,258
113:0,012;292,017;421,247
114:0,012
115:0,012
116:0,012;339,119;358,004;484,258;553,013;646,160;736,012
117:0,012
118:0,012
119:0,012;421,247;1148,275
120:0,012;450,006;615,003;764,217;920,224
121:0,013;56,188;385,003;1176,194
122:0,013;56,188;283,004;418,009;582,190;604,017
123:0,013;135,249;278,005;362,260;442,006;1159,082
124:0,013;16,205;83,010;146,017;369,190;546,005
125:0,013;63,115;83,251;200,004;465,141;602,090
126:0,013;83,251;160,005;885,178
127:0,013;63,115;335,003;362,260;1038,250;1048,003
128:0,013;63,110;180,024;214,018;282,024;369,190;1192,122
129:0,013;16,205;17,012;63,110;478,154;510,012;1176,194
130:0,013;94,101;135,249;1044,012
131:0,014;517,155;722,105;960,272
132:0,014;334,213;378,017
133:0,014;579,267
134:0,014;349,002;840,275
135:0,014;334,213;729,132;868,165;1130,017
136:0,014;13,094;61,014;181,012;571,242;1183,132;1187,130
137:0,014;571,242;579,267;1024,003
138:0,014;531,012;729,132
139:0,014;13,094;23,001;35,017;126,012;759,212;821,228;1188,136
140:0,014;539,219;1024,080
141:0,015;75,020;163,087;951,097
142:0,015;139,143
143:0,015;82,193;139,191;147,004;431,251
144:0,015;102,269;549,153;970,266;1144,153
145:0,015;107,164;234,012;436,208;868,168
146:0,015;76,263;498,003;1106,199
147:0,015;107,164;188,017;198,079;654,005;873,003
148:0,015;102,269;168,002;178,016;442,167;489,263
149:0,015;76,263;86,005;139,143;190,164;221,014;455,188;530,249;580,005
150:0,015;94,101;306,016;436,208;628,218;722,003;1038,017
151:0,016;416,013;649,018;755,201;779,260
152:0,016;451,175;597,238;701,269;721,263;890,112;925,256;1106,122;1158,005
153:0,016;461,093
154:0,016;416,013;531,166
155:0,016;416,013;468,002;755,201;786,017;787,122
156:0,016;416,013;806,253;951,081;1014,087;1156,131
157:0,016;416,013;932,254;1104,260
158:0,016;416,013;787,122;988,254
159:0,016;220,103;416,013;531,166;729,087
160:0,016;116,017;372,004;416,013;461,093;468,013;784,208
161:0,017
162:0,017;474,116
163:0,017;154,153;187,014;426,006;705,236;906,093;1052,116
164:0,017;757,170;802,018;835,130
165:0,017;705,236;734,006;809,191;939,264;1060,005
166:0,017;756,167;820,017;835,130;1140,198
167:0,017;154,153;706,006
168:0,017;128,082;364,018;474,116;651,213
169:0,017;14,092;132,017
170:0,017;14,092;777,185;1133,200
171:0,018;659,205;823,213;850,275;1139,272
172:0,018;82,193;187,017;198,079;641,012;986,169
173:0,018;303,189;706,134
174:0,018;378,134
175:0,018;19,202
176:0,018;19,202;276,239;1093,119
177:0,018;875,105
178:0,018;272,198;986,169;1086,126;1095,169;1191,266
179:0,018;949,006
180:0,018;303,189;438,017;892,078
181:0,019;23,007;116,275;253,018;640,002;661,006;807,253;1103,142;1119,178
182:0,019;162,003;1109,201
183:0,019;162,003;843,156;898,092;1106,181
184:0,019;162,003;389,270;663,017;874,270
185:0,019;161,014;162,003;1109,201
186:0,019;162,003;739,133
187:0,019;162,003
188:0,019;162,003;389,270;721,017;757,170
189:0,019;162,003;899,166
190:0,019;162,003;392,213;422,013;843,156
191:0,020;115,095;951,132;1053,078
192:0,020;63,141;85,016;131,105;244,016;414,244;507,003;1106,199
193:0,020;115,095;487,009;632,174
194:0,020;116,151;168,193;174,263;273,081;431,014;515,264;913,005
195:0,020;273,081
196:0,020;116,151;731,116;766,155
197:0,020;131,105;818,203
198:0,020;111,136;916,218
199:0,020;111,136;191,016;416,269;1137,006;1194,146
200:0,020;63,141;1042,174;1126,205
