001:0,001;303,015;359,009;985,204;1050,002
002:0,001;112,195;828,007
003:0,001;262,024;307,100
004:0,001;112,195;304,091
005:0,001;637,171
006:0,001
007:0,001;637,171;809,160;1084,087
008:0,001;227,251;396,020;875,158;976,111
009:0,001;875,158;1119,002
010:0,001;227,251
011:0,002;34,008;135,121;326,156;358,244;364,152;891,254;1185,179
012:0,002;332,237;644,227;683,002;1060,007;1098,143
013:0,002
014:0,002;332,237;530,002
015:0,002;34,157;55,020;77,135
016:0,002;523,020;591,131
017:0,002;591,131;809,187;871,209;872,082;1046,170;1079,001
018:0,002;552,137
019:0,002;34,157;132,008;135,121;182,014;195,004;364,152;484,002;552,137;743,007;1098,143;1126,082
020:0,002
021:0,003;74,233;824,007;862,252
022:0,003;258,024;309,001;862,252;916,126;917,025
023:0,003;220,145;869,207
024:0,003;55,100;102,003;138,007;220,145;809,146;1028,095;1045,257;1072,146
025:0,003;296,275;774,107;794,087;828,100;893,025
026:0,003;256,020;715,128;763,002
027:0,003;55,100;572,097;674,002;715,128
028:0,003;74,233;139,007;174,161;499,087;650,233;665,007
029:0,003;284,215;296,275
030:0,003;268,159;374,233;561,121
031:0,004;21,159
032:0,004;15,148;79,007;171,163
033:0,004;58,222;123,013;171,163;426,007;467,207;820,215;1142,160
034:0,004;15,214;195,015;254,076;275,148;414,001;467,083
035:0,004;24,146;136,014;154,215;600,111;764,011;1016,089;1086,181;1173,143;1177,266
036:0,004;24,146;51,007;88,156;852,087;1102,163
037:0,004;15,148;80,007;88,156;158,015;447,161;754,093;1133,192
038:0,004;21,159;60,003;272,107;288,140;307,173;346,108
039:0,004;15,214;216,001;467,207
040:0,004;58,222;123,002;154,012;272,107;378,160;916,081;1084,007
041:0,005;30,238;31,011;102,191;949,258;1179,115
042:0,005;36,009;208,260
043:0,005;13,144;427,095
044:0,005;30,129;102,017;133,092;182,007;213,138;451,011;728,125;745,101;855,245;882,156;900,137;991,252
045:0,005;10,260;41,019;133,092
046:0,005;102,191;163,014;213,138;360,260;914,101
047:0,005;143,173;660,020;739,011
048:0,005;60,003;114,014;208,260;239,181;1032,160
049:0,005;30,129;682,215;780,082;845,007
050:0,005;13,144;256,024;348,095;599,220
051:0,006;18,196;1192,007
052:0,006;47,194;461,206;499,011;515,245
053:0,006;10,260;117,013;158,108;342,124;776,174;964,115
054:0,006;17,014;58,124;219,238;472,081;476,204;738,156;921,007;956,135;1018,092
055:0,006;18,187
056:0,006;18,081
057:0,006;18,187;32,014;47,194;635,002;707,123;894,191
058:0,006;58,124;865,002
059:0,006;18,081;158,108;195,165;447,020;514,179;906,124;1114,122
060:0,006;18,196;24,002
061:0,007;863,025
062:0,007;815,011;863,025;1181,147
063:0,007;944,025
064:0,007;863,025
065:0,007;863,025
066:0,007;264,020;783,230;859,145;954,025
067:0,007;863,025
068:0,007;863,025
069:0,007;863,025
070:0,007;863,025
071:0,008;206,001;210,087;903,218
072:0,008;248,091;559,215;843,124
073:0,008;180,162;1172,262
074:0,008;158,014;195,122;275,009;803,089;816,194;897,187
075:0,008;228,148;1049,001
076:0,008;180,162;199,121;703,007;803,089
077:0,008;230,254;1032,007
078:0,008;199,088;406,254;436,188;613,007;1190,001
079:0,008;210,087;253,139;682,095;848,149
080:0,008;199,088
081:0,009;225,013;252,024;408,147
082:0,009;252,024;265,009;372,098;420,204;464,169;995,215;1014,148
083:0,009;195,004;225,013;252,024;265,009;450,001;648,144;757,175;994,085;1014,093
084:0,009;23,247;195,004;225,013;252,024;265,009;831,197
085:0,009;23,247;107,018;195,004;225,013;265,009;579,020;648,144;972,025
086:0,009;195,004;225,013;252,024;265,009;849,122;908,169
087:0,009;195,004;252,024;265,009;771,001
088:0,009;195,004;233,003;252,024;265,009;408,147;656,001
089:0,009;195,004;225,013;265,009;372,098;739,011;831,197
090:0,009;195,004;225,013;252,024;275,226;503,076
091:0,010;65,140;102,015;155,238;162,002;207,179;256,024;303,253;766,002;874,144;1117,258
092:0,010;73,218;892,088;1138,247
093:0,010;98,197;196,004;207,179;287,009;1103,249;1110,007
094:0,010;65,140;485,144;550,020;744,259
095:0,010;121,178;795,257
096:0,010;68,111;604,001;849,122
097:0,010;35,009;48,125;427,191;820,128;1020,002
098:0,010;68,111;155,238;336,002
099:0,010;98,197;146,001;373,020;753,129;802,159;830,088;869,237;1005,025
100:0,010;33,009;73,218;725,211
101:0,011;127,149;414,144;586,009;1149,242
102:0,011;127,149;1125,259
103:0,011;150,192;409,002;420,088;501,107
104:0,011;88,003;163,202;453,001
105:0,011;137,274;164,001;467,083;881,011
106:0,011;53,002;1012,131
107:0,011;151,188;195,200;269,009;1042,215;1157,001
108:0,011;137,274;151,188;1198,011
109:0,011;150,192;171,146;545,001;1149,242
110:0,011;163,202;302,107;605,209;627,009;1103,249
111:0,012;213,115;985,083;997,011
112:0,012;198,007;251,020;513,214
113:0,012;189,228;539,009;1041,002
114:0,012;32,248;562,088;671,187;677,178
115:0,012;208,111;377,263;613,091
116:0,012;32,248;43,019;88,160;293,001;376,250;458,009;1059,265
117:0,012;145,017;179,127;864,007;1059,265
118:0,012;213,115;402,266;1122,137
119:0,012;179,127;303,020;513,214;610,114;783,230
120:0,012;189,228;390,015;517,009;1042,175;1092,169
121:0,013;198,123;416,009;1050,196
122:0,013;107,204;483,123
123:0,013;224,206;373,020;765,155;786,275;963,152
124:0,013;163,220;581,237;825,011;1042,154
125:0,013;107,204;224,206;449,105;673,163;801,161;943,211;1163,025
126:0,013;156,170
127:0,013;173,181
128:0,013;198,123;548,090;727,009;1042,154;1048,137;1068,011
129:0,013;163,220;806,155
130:0,013;156,170;414,257;478,098
131:0,014;155,001;188,020;347,082;1148,272
132:0,014;188,020;345,184;442,211;453,174
133:0,014;188,020;800,245;816,152;1073,275
134:0,014;188,020;391,097;490,108;513,002;518,244;564,020;787,098;968,179;1067,135;1119,089
135:0,014;225,101;512,011;729,247;952,123;1023,007
136:0,014;188,020;419,011
137:0,014;188,020;345,184;609,011;729,247;1153,161
138:0,014;188,020;225,013;391,097
139:0,014;188,020;347,082;775,266
140:0,014;50,007;188,020;225,101
141:0,015;419,011
142:0,015;155,169;296,015;435,234
143:0,015;155,169;684,011;792,263
144:0,015;419,011
145:0,015;419,011;792,263;885,240
146:0,015;419,011;626,239;772,194;804,258;884,001;1197,126
147:0,015;435,234
148:0,015;419,011;626,239
149:0,015;419,011
150:0,015;419,011
151:0,016;204,227;312,106;643,129;923,001;1083,139
152:0,016;49,249;95,012;214,174;240,013;254,262;355,009;1059,261
153:0,016;44,002;204,227;1014,219;1067,090
154:0,016;12,266;459,127;619,161
155:0,016;59,139;129,129;161,014;209,140;214,174;413,002
156:0,016;49,249;186,009;665,240
157:0,016;59,139;969,093;987,227
158:0,016;12,266;395,020;744,237;1113,087
159:0,016;67,076;525,162;538,020;744,259;834,171
160:0,016;67,076;217,004;254,262;265,007;665,240;689,002;1059,261;1100,144
161:0,017;251,174;536,204;644,175;649,204;837,139;850,090;883,125;920,011;947,002;981,230
162:0,017;88,003;98,253;195,192
163:0,017;194,263;373,258;923,097;1014,114;1103,191
164:0,017;194,263;613,001;963,007
165:0,017;216,020;752,219
166:0,017;258,196;571,076;666,009;752,219;933,146
167:0,017;172,003;253,244;541,001
168:0,017;173,181;187,001
169:0,017;253,244;283,009;294,001;553,085
170:0,017;4,005;24,002;553,085;610,001
171:0,018;164,176;206,007;271,090;1159,123
172:0,018;168,105;321,020;411,241;786,162;888,258;1106,219;1154,241
173:0,018;164,176;248,020;514,209;564,253;770,001;869,011;939,007
174:0,018;271,090;361,262;1172,002
175:0,018;168,105
176:0,018;313,257;354,020;411,241
177:0,018;163,113;462,160;653,111
178:0,018;192,175;321,015;482,162;514,209
179:0,018;192,175;1131,254
180:0,018;163,113;464,002;817,218;920,025
181:0,019;107,146;400,206;591,179;636,188;753,204
182:0,019;94,161;165,125
183:0,019;98,015;589,126
184:0,019;94,161;208,007;1079,133
185:0,019;114,258;337,262;708,227;822,009;1139,114;1182,133
186:0,019;7,165;397,248;632,011;745,179
187:0,019;7,165;121,003;246,272
188:0,019;68,012;246,272;550,009;589,126;817,105;1068,237
189:0,019;114,258;159,249;275,007;562,020;740,196;904,108;1064,007
190:0,019;88,160;386,226;511,007
191:0,020;131,013;263,114;369,015;420,093;912,139
192:0,020;77,216;92,003;98,253;461,238
193:0,020;80,200;223,108;478,146;920,007;1079,133;1121,081
194:0,020;95,106;172,008;198,002;257,001;263,114
195:0,020;92,257;146,157;355,135;719,262;743,007;765,155
196:0,020;76,209;381,001;420,093;491,156;606,266;616,149;630,194
197:0,020;76,209;142,008;182,014;226,211;867,011;1016,264
198:0,020;92,257;903,131;976,162
199:0,020;80,200;91,157;306,258;545,011
200:0,020;77,216;95,106
