001:0,001;99,024;156,104
002:0,001;99,024;106,258;183,019;236,268;334,016;741,266;1039,018;1103,077
003:0,001;99,024;106,258;764,016
004:0,001;99,024;105,197;263,104;526,127;985,221;1097,011
005:0,001;163,018;311,006;442,177;586,227;636,177;820,185;930,016
006:0,001;105,197;581,019;589,240;762,125;1092,011
007:0,001;99,024;122,262;327,267;711,011;1103,077
008:0,001;99,024;107,005;122,262;591,079;750,135
009:0,001;106,144;197,019;223,183;247,134;291,004;543,267;799,154;885,192;1105,200
010:0,001;99,024;106,144;176,019;282,192;358,210
011:0,002;108,159;334,018;339,091;732,264
012:0,002;89,241;740,253;761,172;878,016
013:0,002;90,156;556,128;585,092;821,011
014:0,002;89,225;548,018;1076,014
015:0,002;108,159;385,127;403,011
016:0,002;90,229;219,009;339,091;521,093;591,011;1036,004
017:0,002;59,007;89,241;363,016
018:0,002;90,156;343,018;671,196;839,014
019:0,002;89,225;101,011;463,224
020:0,002;90,229;129,014;463,224;607,096;680,019;762,207;881,196;1143,206
021:0,003;121,249;368,088;427,251;1075,103
022:0,003;123,096;312,172;623,014;697,206;836,019
023:0,003;154,165;859,227
024:0,003;122,198;1196,019
025:0,003;121,249;282,268;459,096;581,019;1177,082
026:0,003;128,246;185,004;282,136;401,018;579,126;958,014;1177,082
027:0,003;122,198;264,114;377,018;579,126;610,234;711,189
028:0,003;70,158;831,014;1002,133;1022,197;1027,225
029:0,003;70,158;196,132;697,206
030:0,003;123,096;1045,267
031:0,004;459,002;480,019
032:0,004;480,019
033:0,004;522,091;1193,141
034:0,004;279,211;337,014;380,093;480,019;1046,120
035:0,004;480,019
036:0,004;480,019
037:0,004;480,019
038:0,004;150,087;480,019;1046,120
039:0,004;480,019
040:0,004;279,211;1120,018
041:0,005;184,263;572,156;747,011;895,275
042:0,005;209,139;590,143;667,246;827,011;895,275
043:0,005;184,263;252,141;258,016
044:0,005;209,139;731,011
045:0,005;289,163;1146,198
046:0,005;38,103;485,166;491,159
047:0,005;154,168;167,246;383,262
048:0,005;251,246
049:0,005;38,103;1094,240
050:0,005;154,168;414,134;442,261;586,141;625,254;697,131;777,253;1105,002
051:0,006;174,092;628,014;790,002
052:0,006;420,002;503,242;700,002
053:0,006;420,002
054:0,006;420,002
055:0,006;420,002;757,229
056:0,006;420,002;503,242;671,197
057:0,006;420,002
058:0,006;174,092;492,195;691,002;711,163;768,108
059:0,006;484,111;891,168;923,256
060:0,006;158,018;420,002;757,229;840,141;845,002
061:0,007;85,114;158,005;228,094;451,127;769,262;887,232;958,018
062:0,007;83,132;93,079;521,087;623,246;629,128;915,019
063:0,007;83,132;355,159;755,016
064:0,007;159,141;830,170
065:0,007;103,134;187,004;349,014;462,149;798,112
066:0,007;82,173;189,016;228,094;648,148
067:0,007;85,114;296,016
068:0,007;82,173;493,133
069:0,007;103,134;1107,270;1165,016
070:0,007;93,079;184,236
071:0,008;143,001;189,270;267,237;625,153;649,201;903,018;928,273;1063,153
072:0,008;143,001;189,270;461,153
073:0,008;146,181;236,006;420,002
074:0,008;143,001;156,255;492,002
075:0,008;196,174;798,236;1112,151
076:0,008;143,001;146,181;765,210;844,158
077:0,008;143,001;203,257
078:0,008;143,001;196,174;440,002;589,240;1042,220
079:0,008;143,001;267,237;369,270;575,220;1060,245
080:0,008;156,255;293,014;882,138;1004,163
081:0,009;60,108;413,189;746,089
082:0,009;76,183;670,016
083:0,009;59,153;530,189;651,132
084:0,009;59,153;74,148;605,245;656,227;671,270;1012,179;1032,257
085:0,009;54,090;57,016;679,261;900,210;967,158;1054,218
086:0,009;68,172;303,141;331,004;521,093;552,016;628,011
087:0,009;68,172;434,232;1046,004
088:0,009;17,019;60,016;392,251;452,172;780,174;832,018
089:0,009;54,090;611,018;991,153;1009,141
090:0,009;60,108;1012,223
091:0,010;60,220;530,170;571,002
092:0,010;40,185;489,004;520,128;876,134;1182,004
093:0,010;95,232;358,014
094:0,010;39,016;95,232;754,011;1183,105
095:0,010;53,125;391,258;941,014
096:0,010;40,185;966,014
097:0,010;84,004;520,128;536,257;587,014;766,156
098:0,010;241,251;354,261;425,218;644,151;859,166
099:0,010;60,220;115,183;177,014
100:0,010;53,125;719,016;766,156;821,018
101:0,011;418,016;575,152;854,014;1030,004
102:0,011;1030,004
103:0,011;569,110;791,234;811,014;1030,004
104:0,011;569,110
105:0,011;523,112;1058,107
106:0,011;1030,004
107:0,011;589,135;629,157;1030,004;1200,148
108:0,011;75,100;474,004;523,112;644,179;875,115;1165,165
109:0,011;75,100;149,011
110:0,011;201,004;589,135;1028,018;1030,004
111:0,012;39,218;71,014;408,247;1073,112;1161,240
112:0,012;45,148;780,254
113:0,012;39,088;1067,125;1091,254;1140,247;1181,192
114:0,012;39,088;275,014;334,269;498,254;541,104;551,002
115:0,012;136,195;242,004;334,269;568,014
116:0,012;59,189;465,002;701,272
117:0,012;59,189;80,016;136,195;517,019;935,089;1025,092
118:0,012;39,218;977,272;988,258;1070,019;1116,193
119:0,012;96,008;383,157;642,011;683,115
120:0,012;56,018;323,079;340,158;496,011;701,272;811,111
121:0,013;16,170;103,011;618,016;720,086;945,014
122:0,013;16,170;82,234;213,006;472,245;893,264;1030,004
123:0,013;91,253;104,009;133,200;661,165
124:0,013;90,151;106,019;152,127;285,011;870,150;1030,004
125:0,013;87,003;152,127;479,132;610,154;762,011
126:0,013;128,273;409,018
127:0,013;82,234;550,002;720,086
128:0,013;133,200
129:0,013;91,253;106,011;239,006;349,011;681,158;916,011
130:0,013;90,151;573,018;870,150;877,198;1039,014
131:0,014;116,267;412,237;1026,019;1044,247
132:0,014;116,267;283,014;525,131;541,270;1137,134
133:0,014;979,172
134:0,014;282,238;424,014;670,097;1169,004
135:0,014;297,179;328,018;491,134;507,004;544,125;797,085;819,002;979,172;1140,127
136:0,014;297,234
137:0,014;397,004;525,131;807,014;831,016;890,230;1178,011
138:0,014;297,179
139:0,014;765,092
140:0,014;282,238;363,151;419,236;552,264;722,019;890,230
141:0,015;89,009;170,196;516,014
142:0,015;89,009;168,006;457,253
143:0,015;89,009;160,123;290,168;830,151
144:0,015;95,204;253,175;484,019;619,107;628,225;690,149
145:0,015;87,004;89,009;279,243;451,004;543,197;684,014
146:0,015;89,009;170,196;914,016
147:0,015;95,204
148:0,015;89,009;156,210;423,016;426,202;455,014;619,107
149:0,015;89,009;160,123;305,186
150:0,015;89,009;156,210;243,006;279,243;361,006;426,202;533,019
151:0,016;293,204
152:0,016
153:0,016;26,273;102,019;291,189;297,123
154:0,016;313,166;394,011;561,105
155:0,016;26,273;208,264;306,263
156:0,016;562,085;739,168
157:0,016;561,105;1020,273
158:0,016;529,089;536,246;582,198;755,247;787,141;1092,196
159:0,016;509,014;529,089;883,173
160:0,016;313,166;752,267;859,141;930,168;1112,091
161:0,017;110,236;287,127;368,090;473,186;812,002
162:0,017;184,154;251,016;575,152;616,139;727,016;741,266;938,154;963,151;992,165;1032,004
163:0,017;150,170
164:0,017;69,005;184,154
165:0,017;249,201;512,156;607,018;673,223;837,240;1150,163
166:0,017;112,186;241,090;278,173
167:0,017;249,201
168:0,017;112,186;359,197;430,151;651,018
169:0,017;110,236;125,005;200,251;417,097;613,002
170:0,017;150,170;272,154;438,225
171:0,018;101,078;337,018;371,227;546,011;556,103;779,016;949,138;1168,133
172:0,018;670,190
173:0,018;100,004;150,087;546,016;561,014;594,208;930,002
174:0,018;1109,268
175:0,018;517,109;558,016;823,019
176:0,018;670,190;916,150
177:0,018;1109,268;1165,211
178:0,018;371,227;933,211;1002,088
179:0,018;101,078;1147,018
180:0,018;517,109;644,016
181:0,019;203,009;231,157;512,134;568,166;882,177;943,104
182:0,019;143,001;159,141;203,009;294,249;652,011;875,256;937,016
183:0,019;203,009;229,223;673,097;825,267
184:0,019;203,009;229,223
185:0,019;79,008;203,009;227,221;335,192
186:0,019;45,148;67,003;99,024;156,264;874,245
187:0,019;203,009;350,261;1040,251;1182,016
188:0,019;203,009;231,157;378,079;772,014;867,016;982,251;1005,186
189:0,019;213,175;364,192;694,085;817,258;1007,127;1071,211
190:0,019;203,009;227,221;1075,166;1101,018;1109,004;1139,261
191:0,020;106,011;155,177;386,163;648,016;892,207;903,246;938,263;1007,227;1020,018
192:0,020;125,133;513,269;701,018
193:0,020;116,143;521,018
194:0,020;103,097;567,158;631,014;698,088;738,019;762,207
195:0,020;149,247;288,220;649,218;1162,156
196:0,020;103,097;138,005;281,254;1002,261
197:0,020;111,019;149,247;536,019;647,011;1184,018
198:0,020;155,177;969,011
199:0,020;125,133;487,245;497,179;530,221;651,112;661,189;681,151;800,107;973,127
200:0,020;116,143;1125,004
