001:0,001;8,024;55,246;477,221
002:0,001;8,024;62,174;182,275;342,018;403,090
003:0,001;13,109;177,003;392,165;1070,076
004:0,001;10,153;717,007;1031,191
005:0,001;10,153;70,006;73,199
006:0,001;8,024;47,271;383,018;1141,243
007:0,001;8,024;55,246;109,014;140,003;403,090;456,206
008:0,001;8,024;47,271;101,161;127,249;264,006
009:0,001;7,014;8,024;73,199;392,165;417,020;531,249;596,006;1031,191;1060,127;1116,187;1148,131
010:0,001;8,024;62,174;472,006;531,249;1003,018;1075,193;1133,230
011:0,002;9,146;49,109;735,007;1055,005;1086,008
012:0,002;33,129;443,253;563,007;632,216;1094,020
013:0,002;18,216;63,014;137,138;141,019;632,216;771,234
014:0,002;33,129;963,007
015:0,002;10,196;30,010;175,206;522,007;540,251;687,008;875,131;1039,249;1151,097;1181,196
016:0,002;9,146;97,216;137,138;900,020
017:0,002;33,100
018:0,002;8,024;42,011;175,206;448,006;1131,240;1176,193
019:0,002;10,196;679,253;1043,014;1131,168
020:0,002;18,216;322,017;1061,165;1084,008
021:0,003;314,086;411,025;461,214;488,020;552,006;666,025;677,014;1055,250;1096,018
022:0,003;380,004;411,025;677,014;1055,250
023:0,003;380,004;411,025;677,014;1075,193
024:0,003;314,163;380,004;411,025;677,014;1093,086
025:0,003;325,011;380,004;411,025;677,014;1057,157
026:0,003;380,004;411,025;677,014;1079,232
027:0,003;314,163;565,115
028:0,003;380,004;411,025;677,014;1079,232;1122,227;1147,086;1188,168
029:0,003;380,004;411,025;461,214;784,006;1006,249
030:0,003;380,004;451,129;486,163;716,001;976,192
031:0,004;17,108;330,006;533,143;566,008;830,266
032:0,004;54,011;308,020;533,139;540,174;624,008;665,089;716,017;830,266;930,159
033:0,004;36,180;647,017;665,089
034:0,004;17,108;226,017;357,212;791,225;904,014;1054,223;1119,005;1125,006
035:0,004;60,249;142,204
036:0,004;46,244;79,006;651,210
037:0,004;66,112;207,010;298,017;533,143;684,227
038:0,004;46,244;431,225;1086,001
039:0,004;36,180;57,011;66,112;620,020;856,014;1054,223
040:0,004;60,249;117,010;264,006;340,272
041:0,005;202,094;420,274;629,007;688,184;711,174;1145,109;1198,256
042:0,005;11,150;368,204;614,007;688,184
043:0,005;11,150
044:0,005;218,211
045:0,005;202,094;1072,007
046:0,005;218,211;341,007;405,114;570,153;1136,089
047:0,005;223,253;710,007
048:0,005;223,253;351,008;420,025;687,127;791,158;862,097
049:0,005;241,209;854,007;1191,143
050:0,005;241,209;430,112;654,007;687,127;744,018
051:0,006;366,172;428,007;661,145
052:0,006;40,089;131,244;910,017;973,213;1018,240;1028,115
053:0,006;661,145;669,017
054:0,006;1177,017
055:0,006;40,089;618,006;1184,142
056:0,006;1134,018;1196,229
057:0,006;1184,142;1194,199
058:0,006;397,096;632,018
059:0,006;397,096
060:0,006;651,210;1142,018;1196,229
061:0,007;420,019;559,206;608,007;755,233
062:0,007;711,005;863,259;885,158;905,228
063:0,007;425,019;559,020;711,005
064:0,007;711,005
065:0,007;369,003;405,114;477,006;809,020
066:0,007;711,005
067:0,007;711,005
068:0,007;228,010;711,005
069:0,007;304,010;527,097;605,010;711,005
070:0,007;711,005;863,259
071:0,008;875,120
072:0,008;875,228
073:0,008;1021,222
074:0,008
075:0,008
076:0,008
077:0,008
078:0,008;679,006;763,230
079:0,008;368,019;566,230;572,158;1115,266;1188,097
080:0,008;875,120;1122,124
081:0,009;267,235;279,112;327,017;358,256
082:0,009;100,146;173,003;338,017
083:0,009;79,019;147,076;804,018
084:0,009;95,018
085:0,009;110,079;620,007;877,194;933,020
086:0,009;81,019;634,238
087:0,009;89,081;110,079;147,018;358,256;504,020;634,238;843,151;1167,018
088:0,009;32,004;52,222;1042,017
089:0,009;79,017;147,076;192,109;541,020;1046,226
090:0,009;89,081;795,020
091:0,010;706,001
092:0,010;700,001
093:0,010;700,001;933,020
094:0,010;153,173;333,017;700,001
095:0,010;700,001;1137,080
096:0,010;79,014;185,144;723,014;847,124
097:0,010;153,173;185,144;314,010;700,001
098:0,010;700,001;1137,080
099:0,010;700,001
100:0,010;700,001
101:0,011;387,004;444,179
102:0,011;88,258;197,003;235,187;304,216;324,187;589,265;932,020;1175,269
103:0,011;431,226;488,173;618,020
104:0,011;381,242;563,006;1161,153
105:0,011;345,164;417,019;431,226;1024,018;1178,110
106:0,011;88,258
107:0,011;345,164;367,174
108:0,011;357,212;1075,007
109:0,011;235,187;732,100;865,090
110:0,011;25,012;96,204;288,173;651,025;708,213;1200,020
111:0,012;90,219;111,016;195,225;393,159;451,185
112:0,012;31,006;68,018;197,013;228,190;277,158;590,020;791,076
113:0,012;112,016;142,008
114:0,012;91,086;384,123;813,006
115:0,012;90,219;181,019;631,143;1050,007
116:0,012;91,086;279,003;393,159;676,020;732,018
117:0,012;97,080;129,011;195,225;473,234;983,006
118:0,012;28,006;243,010;265,095;479,007;677,014;815,163;859,018
119:0,012;97,080;411,007;435,006
120:0,012;228,190;310,010;530,008;640,163;1105,250
121:0,013;10,016;455,191;713,018;763,230;1070,145
122:0,013;33,100;156,011;381,242;1132,008
123:0,013;40,267;181,019;214,166;341,221;373,006;397,157;554,017;802,187;981,173
124:0,013;40,267;140,011;366,172;667,006;1161,153
125:0,013;40,161;284,010;326,185;758,014;847,132
126:0,013;11,274;110,246;649,214
127:0,013;15,157;115,016;214,166
128:0,013;11,274;487,209;782,006;871,261
129:0,013;15,157;1062,008
130:0,013;40,161;96,020;550,115;623,025;712,221;841,214;1086,008
131:0,014;596,261;1022,094;1034,125
132:0,014;334,267;555,170
133:0,014;497,019;547,099;950,018;1062,078
134:0,014;21,228;209,006;596,261;650,136
135:0,014;21,228;888,146;894,008
136:0,014;334,267;448,025;530,008;547,099;648,187
137:0,014;340,275;606,010;650,136;768,007
138:0,014;323,175;766,008
139:0,014;323,175;326,007;1178,110;1183,084
140:0,014;333,228;713,007;995,017;1062,078
141:0,015;83,158;541,091;619,146
142:0,015;80,102;92,180;560,006;650,235
143:0,015;69,196;1059,225
144:0,015;68,181;705,001;1065,111;1186,008
145:0,015;80,102;308,008;326,139;810,014;1030,269
146:0,015;80,014;299,231;502,007;1169,005;1191,143
147:0,015;83,158;167,014;299,231;498,025;812,244
148:0,015;68,181;162,007;229,157;243,006;274,020;326,139;505,165;683,226;889,007;966,014;1065,111
149:0,015;100,146;690,008;1177,173
150:0,015;99,251;650,235
151:0,016;197,013;234,235;254,076;609,006;1170,192;1180,187;1200,258
152:0,016;197,013;206,194;254,010;755,097;795,005;870,173;1168,132;1170,005
153:0,016;65,175;269,007;1048,088
154:0,016;197,013;215,221;702,017;711,151;798,020;870,173;975,020;1048,088
155:0,016;198,082;252,014;269,007;434,131
156:0,016;197,013;234,235;504,025;755,097;919,014;976,192;1130,007
157:0,016;197,013;206,194;585,010;711,151;938,001
158:0,016;65,175;179,010;197,013;215,221;313,265;549,194
159:0,016;197,013;198,082;274,006;340,272;788,127
160:0,016;313,265;853,157;956,163
161:0,017
162:0,017;198,264;400,018;569,025;708,087;778,242;986,143;989,006
163:0,017;17,273;154,017;801,084
164:0,017;182,016;198,264;324,018
165:0,017
166:0,017;891,269;1034,017
167:0,017;652,018;891,269;893,008
168:0,017;17,273;152,005;162,017;982,129
169:0,017;982,129
170:0,017;801,084;1164,017
171:0,018;819,125;1048,213;1068,008
172:0,018;717,001
173:0,018;358,084;374,081;796,123;898,017
174:0,018;819,125;902,256;937,258;961,196
175:0,018;708,087;1042,014;1071,231;1098,214
176:0,018;1035,109
177:0,018;179,019;491,213;632,108;898,005;1071,231
178:0,018;359,003;405,234;543,020;545,077;1134,017
179:0,018;1035,109;1081,001
180:0,018;358,084;482,010;491,213;961,185;1026,005
181:0,019;532,198;1169,005
182:0,019;65,275;129,005;259,227;951,006;994,017
183:0,019;345,123;697,007;1019,017
184:0,019;483,189;900,017
185:0,019;65,275;306,108;800,007
186:0,019;280,011;345,123;380,020;446,019;483,189;493,274;509,181;779,005
187:0,019;259,227;427,010;468,170;486,159;937,017;998,274
188:0,019;387,091;463,008;468,170;859,005
189:0,019;387,091
190:0,019;532,198;669,090;864,017;998,274;1085,158
191:0,020;732,164
192:0,020;920,136;970,020;1046,226;1123,020
193:0,020
194:0,020;732,164;831,115;942,001
195:0,020
196:0,020;321,230;723,005;886,240
197:0,020;457,007;886,240;974,179;995,018
198:0,020;949,122
199:0,020;264,014;321,230;489,191;931,020;949,122
200:0,020;1176,127
