001:0,001;111,224
002:0,001;111,224;377,211;1134,103;1190,220
003:0,001;150,113;161,005;441,132
004:0,001;22,221;921,012;954,240
005:0,001;95,140;923,183;954,240;1098,106
006:0,001;229,206;326,006;360,082;739,159
007:0,001;22,221;70,012;82,186;181,006;368,016;669,010;1147,127
008:0,001;150,113;720,002
009:0,001;232,082;538,179;682,009
010:0,001;95,140;328,010;441,132;504,016
011:0,002;701,016
012:0,002;49,216;851,254
013:0,002;484,268;630,016;863,091;872,003
014:0,002;566,231;805,002
015:0,002
016:0,002;484,268;492,003;934,010
017:0,002;213,196;504,003;600,203
018:0,002;863,091
019:0,002;49,216;79,006;363,014;368,016;862,095;1003,175
020:0,002;701,168
021:0,003;59,157;388,014;406,248
022:0,003;56,225;68,008;127,018;188,251;268,009;276,183;1118,003
023:0,003;57,131;236,005;276,183;327,117;425,213;574,105;948,006
024:0,003;57,131;71,001;185,153;587,250;1053,010;1186,002
025:0,003;188,251;720,009
026:0,003;65,111;79,001;213,196;881,006
027:0,003;92,105;341,157;583,016
028:0,003;92,105;219,002;318,253;601,097;661,153
029:0,003;65,111;935,201;971,183
030:0,003;59,157;303,014;484,138
031:0,004;95,197;694,219;809,081;929,138;977,133
032:0,004;41,143;654,133;997,191;1044,126
033:0,004;63,117;252,011;318,253;757,233;1041,217;1143,016
034:0,004;63,117
035:0,004;55,106
036:0,004;41,009;95,197;165,172
037:0,004;95,101;1082,016;1157,204
038:0,004;55,106;226,009;300,249;744,010;920,002;1001,258
039:0,004;95,101;304,175;684,194
040:0,004;41,143;243,011;300,249
041:0,005;57,176;163,221;295,176;458,265
042:0,005;7,009;25,147;124,007;311,177
043:0,005;14,194;167,007;235,265;485,159;864,010
044:0,005;14,194;393,185
045:0,005;19,172;20,010;787,226;925,263
046:0,005;47,013;63,234;1017,157;1124,211
047:0,005;5,017;39,006;57,176;759,003;822,123
048:0,005;25,147;596,194;675,010;787,226
049:0,005;19,172;281,002
050:0,005;8,002;148,009;151,005;566,231;935,187
051:0,006;368,016;822,151;1084,243
052:0,006;130,011;161,089;632,127;704,111;707,006
053:0,006;8,016;62,241;758,016;822,151;841,157;918,253
054:0,006;368,016
055:0,006;368,016;897,144
056:0,006;280,002;350,131;736,016;897,144;1082,085;1181,159
057:0,006;350,131;368,016;464,238;537,148;1037,172;1050,002
058:0,006;368,016;970,003
059:0,006;566,113
060:0,006;368,016;464,113;519,010;632,127;760,003
061:0,007;311,250;819,006;1078,164
062:0,007;44,126;554,135
063:0,007;377,159;427,131;544,010;767,272;807,010;950,016
064:0,007;379,213
065:0,007;325,088
066:0,007;311,250;424,222;798,003;951,129
067:0,007;325,088;378,010;445,005;446,146;857,251;871,111;886,009;940,010;949,016;951,129
068:0,007;44,126;224,002;446,146
069:0,007;417,209
070:0,007;417,209;582,221;657,140;752,253;1066,263;1077,225
071:0,008;128,175;150,010;959,104
072:0,008;153,210;231,270;488,194;508,009
073:0,008;128,175;338,272
074:0,008;128,233;723,224;830,204;948,016;1031,167
075:0,008;153,210;891,267
076:0,008;128,233;905,012;959,104
077:0,008;144,266;447,085
078:0,008;144,266;347,005;527,010;891,267;983,009
079:0,008;130,248;394,269;875,169
080:0,008;130,248;145,010;394,269;437,210;931,009;1031,167
081:0,009;676,175;826,220;901,006
082:0,009;318,121
083:0,009
084:0,009
085:0,009
086:0,009;44,020;120,169;640,006
087:0,009;1029,093;1072,143
088:0,009;283,225;950,002;1116,009
089:0,009;501,257;860,006;1029,093
090:0,009;247,007;283,225;1162,141
091:0,010;51,001;60,191;722,002;743,081;973,080
092:0,010;487,002;740,220;752,106;785,002;1120,113
093:0,010;139,138;194,010;1147,127
094:0,010;8,004;60,191;236,080
095:0,010;174,205;376,010;664,087
096:0,010;664,087;780,216
097:0,010;136,002;258,094;368,123;494,097;500,203;700,186
098:0,010
099:0,010;174,205;188,002;236,080;256,186
100:0,010;743,081;773,010;909,157
101:0,011;174,169;316,014;504,220;673,077;865,269
102:0,011;154,079;706,016
103:0,011;161,077;1100,272;1116,233
104:0,011;62,255;1053,159;1173,240
105:0,011;152,222;287,105;710,135;1163,168
106:0,011;62,255;508,016;564,212;673,221;1121,009
107:0,011;154,079;417,101;504,265;733,010;1102,016
108:0,011;161,077;598,258;671,003;706,141;865,201;869,016
109:0,011;152,222
110:0,011;504,220;508,009;564,212;928,003;953,117;964,077
111:0,012;98,150;476,016;635,103;979,142
112:0,012;76,211;450,187;559,003
113:0,012;98,150;1121,222;1151,081
114:0,012;75,161;238,148;572,003;635,103;1033,233
115:0,012;129,270;137,006;375,204;1005,117
116:0,012;76,211;233,005;728,089;882,016;913,010
117:0,012;92,123;261,010;470,179;931,111
118:0,012;92,123;545,194;582,131;664,238;769,249;835,016;851,254;1030,267;1097,006
119:0,012;108,162;452,010;822,123;1118,156
120:0,012;75,161;587,234
121:0,013;54,092;883,265;1071,153;1076,172
122:0,013;58,244;672,176;763,003;883,147;1012,103
123:0,013;51,190;356,003;1157,114
124:0,013;58,244;150,009;501,257;570,161;895,006
125:0,013;92,011;117,137;519,002;551,095;883,100;938,111
126:0,013;17,020;117,137;168,147;169,009;318,121;348,147;366,106;694,162
127:0,013;51,190;119,009;323,258;771,016;995,087;1197,010
128:0,013;71,108
129:0,013;54,092;417,159;671,172;832,203
130:0,013;71,108;307,019;323,258;443,247;847,003;883,147;1076,006;1157,114
131:0,014;266,158;662,002
132:0,014;485,217;1134,263;1183,002
133:0,014;470,147;621,002;843,083;859,141
134:0,014;475,096;555,244;749,150
135:0,014;470,157;854,177
136:0,014;266,158;280,010;468,016;485,217;873,231;969,002
137:0,014;475,096;1088,006
138:0,014;476,248;774,082;884,248;1029,092
139:0,014;266,002
140:0,014;418,010;471,003;526,085;633,148
141:0,015;20,004;70,017;108,162;264,126;331,003;727,218
142:0,015;207,011;307,189;497,002
143:0,015;207,011;358,133;800,006
144:0,015;252,170;564,178;654,213;726,009;727,218;854,196
145:0,015;207,011;334,187;972,095;1185,002
146:0,015;207,011;334,187;421,238;975,009;1050,002;1194,016
147:0,015;263,247;721,187;900,249;975,243;1112,016
148:0,015;207,011;307,189;358,133;479,010;619,143
149:0,015;207,011;252,170
150:0,015;207,011;263,247;326,194;921,002
151:0,016;24,178;114,007;315,164;401,016;1128,231
152:0,016;24,178
153:0,016;189,219
154:0,016;56,225;95,002;258,272;393,088;760,140;945,016
155:0,016;39,243;188,019;312,009;460,095;504,009;728,119;1040,209
156:0,016;39,243;289,006;460,095;643,201
157:0,016;39,265;100,007;189,219;343,248;383,016;622,263;665,082
158:0,016;39,265;439,266
159:0,016;23,160;241,010;258,272;280,178;401,147;418,016;654,009;728,119;839,250;885,003
160:0,016;23,160;80,010;236,006;407,221;440,009;622,263;934,010
161:0,017;51,014;468,203;590,010
162:0,017;101,139;512,216;641,010;706,092;800,002
163:0,017;106,238;450,143;476,241;504,153;819,179;822,175
164:0,017;101,139;410,251
165:0,017;102,171;524,089;809,009
166:0,017;102,171;820,006
167:0,017;106,238;289,082;315,111;336,097;1066,010
168:0,017;121,169;145,019;320,085;453,177;614,158;931,010
169:0,017;85,015;226,100;775,138;780,105;791,009
170:0,017;226,100
171:0,018;151,005;644,009;870,012;954,125
172:0,018;103,198;131,018;151,005;612,006;870,012;962,156;1136,148
173:0,018;151,005;612,006;870,012;993,214;997,126;1003,091
174:0,018;151,005;572,111;612,006;962,156;964,113;1026,194
175:0,018;151,005;612,006;870,012;993,214
176:0,018;151,005;319,003;429,162;1144,132;1164,211
177:0,018;103,198;151,005;612,006;870,012;953,176;991,249;1064,269
178:0,018;161,206;376,005;612,006;859,009;870,012;954,125;1007,002;1172,090
179:0,018;151,005;612,006;870,012;953,176
180:0,018;161,206;175,002;612,006;870,012;983,246
181:0,019;348,135;585,220
182:0,019;235,005;313,003
183:0,019;313,003;542,191
184:0,019;313,003;705,181;1077,093
185:0,019;313,003;348,135;359,126;1072,006;1106,261;1115,003
186:0,019;313,003;427,270;642,002;701,168;837,224;1088,142
187:0,019;320,085;336,003
188:0,019;313,003;1106,261
189:0,019;313,003
190:0,019;313,003;705,181
191:0,020;69,148;77,007;129,270;235,118;267,106;357,009;729,142;762,113;891,006
192:0,020;235,118;362,005;641,257;744,183;846,092;1141,006
193:0,020;13,145;69,148;268,089;519,002;740,243;934,106;945,081
194:0,020;13,145;225,014;512,121;550,009
195:0,020;52,019;139,097;395,009;729,142;1074,002
196:0,020;139,097;225,011;304,201;667,197;816,003;820,006
197:0,020;104,006;207,011;304,201;358,121;417,138;461,005;613,169;905,119
198:0,020;139,138;464,005;618,209;702,010
199:0,020;270,185;412,003;740,243;1048,185
200:0,020;159,221;160,186;583,003
