001:0,001;18,176;520,274;1153,206
002:0,001;44,135;516,106;531,252
003:0,001;35,174;291,019;508,231
004:0,001;18,176;247,016;406,108
005:0,001;44,135;46,013;249,224;269,006;275,177
006:0,001;42,206;249,224;670,019;1010,213;1093,248
007:0,001;59,090;518,023
008:0,001;32,012;42,206;1018,160
009:0,001;59,090;403,230;465,008;508,135;779,006;1010,213
010:0,001;35,174;595,019;633,271
011:0,002;374,263;443,012;535,014;706,201
012:0,002;535,014;590,210;1065,176
013:0,002;374,263
014:0,002;554,233
015:0,002;535,014;613,145;636,023;723,175;938,270;1060,226
016:0,002;273,020;535,014;590,210;961,010;1088,189
017:0,002;522,161;535,014;554,233;601,006;666,127;921,194;949,020
018:0,002;535,014;609,150;731,177
019:0,002;191,020;535,014;609,150
020:0,002;535,014;666,127;1061,020;1088,189;1116,162
021:0,003;412,264
022:0,003;232,111;965,010;1172,185
023:0,003;367,019;388,171;424,162;683,010;917,121;1078,137
024:0,003;113,002;147,017;231,175;268,010;543,006;833,215
025:0,003;277,231;393,023;475,265;533,160;943,103;1081,149
026:0,003;232,111;287,175;365,231;540,006;796,019;840,173;936,275
027:0,003;277,231;296,016;378,226;446,008;671,090
028:0,003;273,010;412,264;544,006;671,090;725,108;756,078
029:0,003;231,175
030:0,003;378,226;400,019;475,265
031:0,004;261,006;317,023;510,137;960,168
032:0,004;39,009;261,006;317,023;890,246;918,164;931,086;972,020
033:0,004;261,006;317,023;355,201;370,094;484,023;579,119
034:0,004;264,273;268,020;317,023;347,119;473,020;510,137;1107,010;1196,219
035:0,004;261,006;355,201;714,112;954,149;1026,010;1196,219
036:0,004;261,006;317,023;579,119;692,217
037:0,004;261,006;317,023;533,006;852,107
038:0,004;261,006;317,023;852,107;904,019
039:0,004;347,119;420,096
040:0,004;56,016;261,006;317,023;465,002;578,263;582,010;890,246
041:0,005;133,091;137,010;183,144;442,016;911,128
042:0,005;93,254;707,006;818,151
043:0,005;93,254;297,016;776,117;863,249;937,183
044:0,005;94,014;98,181;473,020;530,016;776,117;1033,019
045:0,005;183,144;227,187;481,172;612,264
046:0,005;94,229;290,012;297,200;417,178;576,221;739,128;909,138;920,099;1018,095;1065,117
047:0,005;201,121;269,016;884,091
048:0,005;168,145;222,004;227,187;336,023
049:0,005;133,091;547,163;625,146;627,010
050:0,005;98,181;168,145;442,091;698,020;729,089;772,111;1140,019
051:0,006;203,005;252,217;329,200
052:0,006;203,005;252,217;906,201;1141,102
053:0,006;203,005;229,127;427,187;554,019;981,122;1192,230
054:0,006;11,005;61,009;203,005;247,010;323,023;444,229;498,200;548,023
055:0,006;203,005;263,274;979,172
056:0,006;203,005;317,185
057:0,006;203,005;263,274;334,010;545,181
058:0,006;203,005;244,143;383,014;446,103
059:0,006;229,127;426,275;808,019
060:0,006;232,020;317,185;988,181
061:0,007;44,006;244,143;379,181;432,226;721,170;764,144
062:0,007;28,202;380,252;1068,086
063:0,007;14,221;37,009;64,129;467,012;523,099
064:0,007;14,221;441,016;840,157
065:0,007;21,214;36,020;94,229
066:0,007;28,202;445,012;523,099;755,162;928,109;1087,127
067:0,007;64,129;78,004;261,006;380,252;468,244;1179,020
068:0,007;21,214;502,008;837,019
069:0,007;16,136;455,010;891,117
070:0,007;16,136;676,016;840,157
071:0,008;24,078;88,010
072:0,008;6,173;522,020
073:0,008;56,165;674,020;1191,189
074:0,008;16,196;986,274
075:0,008;16,196;106,019;193,020
076:0,008;6,173
077:0,008;6,178;229,010;787,220;971,019;1184,234
078:0,008;86,108;688,191;941,146;966,019;1184,234
079:0,008;6,178;589,019
080:0,008;24,078;86,108;397,247
081:0,009;272,088
082:0,009;76,273;96,209;410,010;553,220;711,019;743,232;1052,106
083:0,009;76,265;87,003;104,257;153,003;272,088;530,141;597,138;667,019;743,232;748,023
084:0,009;91,168;1081,109
085:0,009;26,085;293,178;373,010
086:0,009;76,265;205,003;254,016;525,129;564,253
087:0,009;104,257;1027,230
088:0,009;96,209;610,176
089:0,009;26,085;67,014;91,168;177,214;288,014;433,008;525,129;686,102
090:0,009;76,273;416,002;553,220;906,090;946,141;1116,128
091:0,010;104,095;311,091;361,123
092:0,010
093:0,010;310,019
094:0,010;104,095;963,210
095:0,010;325,234;484,008;543,165;1049,250
096:0,010;701,270;806,019;1023,145;1166,122
097:0,010;104,018;366,002;548,082;569,014;632,196;1007,010
098:0,010;325,234;413,139;421,171;475,019;704,023;873,164
099:0,010
100:0,010;153,011;175,018;256,011;319,174
101:0,011;290,251;501,006;798,194
102:0,011;277,012;501,006;832,156
103:0,011;290,251;410,016;425,012;501,006;729,089;890,181;951,221
104:0,011;277,012;501,006;815,133;912,010
105:0,011;277,012;501,006;815,133;853,237
106:0,011;277,012;538,237;1000,162
107:0,011;299,124;345,012;501,006;671,175;709,023;962,130
108:0,011;277,012;501,006;832,156;941,095;1111,257;1146,130
109:0,011;277,012;513,230;576,218;579,129;993,010
110:0,011;277,012;501,006;798,194;799,010;818,151;1105,175
111:0,012;12,123;98,018;141,017;142,086
112:0,012;42,244;111,017;211,102;924,107;1056,019;1092,167;1117,080
113:0,012;85,157;91,018;308,019;1117,080;1185,263
114:0,012;48,094;380,244;450,142;576,010;609,078;823,123
115:0,012;85,157;257,019;1092,167
116:0,012;12,123;48,094;173,013;211,102;652,229;696,023;1038,229;1108,170
117:0,012;42,244;504,247;517,023;619,010;679,249;799,271
118:0,012;142,086;335,144;1077,112
119:0,012;54,191;391,014;609,078;693,135
120:0,012;54,191;541,226;561,014;679,249;1148,145
121:0,013;213,272;282,002;303,123;358,014;370,146;494,023
122:0,013;193,215;256,004;276,118;1010,023;1035,124
123:0,013;17,162;140,154;256,004;276,118;844,224
124:0,013;195,172;342,165;536,208;1188,023
125:0,013;17,162;1017,019
126:0,013;193,215;316,012;370,146;1172,168
127:0,013;195,172;984,159
128:0,013;78,018;140,154;182,004;303,123;429,111;581,146;613,233;1080,095;1125,010
129:0,013;251,230;340,023;346,208;716,093
130:0,013;251,230;490,023
131:0,014;433,008;542,121;602,200;906,087
132:0,014;433,008;545,181;832,265;1122,141
133:0,014;433,008;573,226
134:0,014;483,197;519,008;648,245;727,271;729,129;937,160;1084,165
135:0,014;433,008;582,087
136:0,014;483,197;580,019;1023,145;1104,108
137:0,014;433,008;648,245;726,086;763,019
138:0,014;412,266;551,020;590,019;628,112;855,149;861,118;1027,010
139:0,014;283,002;433,008;541,023;582,087;894,149;906,142
140:0,014;412,266;433,008;542,121;1176,019
141:0,015;148,138;1000,089
142:0,015;165,082;793,019
143:0,015;212,106;1187,164
144:0,015;229,019;349,228;491,002;600,128;927,251;958,224;966,232
145:0,015;30,019;600,128;610,016;693,258
146:0,015;186,010;212,106;344,085
147:0,015;148,138;439,139;546,230;1132,096
148:0,015;161,247;277,006;349,228;540,010;1093,208
149:0,015;165,082;397,191
150:0,015;161,247;471,019;628,006;951,248;1156,146
151:0,016;192,096;714,016;928,105
152:0,016;884,091
153:0,016;446,093;664,006;759,214;907,172;921,020;928,105
154:0,016;830,192;904,257
155:0,016;446,093;491,196;497,016;759,214;1104,019
156:0,016;830,192
157:0,016;325,014;463,149
158:0,016;192,096;368,214;429,010;463,149;519,209;889,019;1027,085
159:0,016;584,093
160:0,016;693,258;1176,201
161:0,017;220,170;1190,270
162:0,017;277,012;571,204;768,023
163:0,017;220,170;595,144;667,023
164:0,017;221,160;291,019;561,014;571,204
165:0,017;86,013;213,272;458,023
166:0,017;221,160;602,141;758,150;878,108;952,076;1027,191;1158,023
167:0,017;137,198;289,085;429,253;792,020
168:0,017;223,242;455,176;1012,023
169:0,017;223,242;515,023
170:0,017;137,198;760,209
171:0,018;118,119;150,013;207,141
172:0,018;118,119;131,003;243,218
173:0,018;397,163;417,010;672,218;971,138
174:0,018;207,141;459,206;1167,076
175:0,018;29,253;381,002;397,163;643,016;918,159;1012,217
176:0,018;262,139;293,113;492,266;525,168;776,108;812,089
177:0,018;243,218;270,221;980,247;1195,135
178:0,018;262,139;579,010
179:0,018;293,113;679,019;918,159;962,127;1137,019;1160,082
180:0,018;29,253;430,010;1160,082
181:0,019;299,142;981,165;1190,099
182:0,019;606,183;789,146;910,253
183:0,019;192,275;1076,249
184:0,019;606,183;941,263;1039,250;1044,086;1057,099;1158,252
185:0,019;299,142;429,014;522,161;1033,019;1039,250
186:0,019;97,010;701,270
187:0,019;192,275;287,014;470,076;480,251
188:0,019;633,121;775,119;923,246;1064,173
189:0,019;301,206;340,145;624,019;960,239
190:0,019;470,076;1175,137
191:0,020;203,109;338,020
192:0,020;664,023
193:0,020
194:0,020;410,016;616,109;863,112
195:0,020;325,023;616,109;1057,020
196:0,020
197:0,020
198:0,020
199:0,020;203,109;297,224;947,020
200:0,020
