001:0,001;23,253;283,012;306,213;556,149
002:0,001;93,193;243,014;296,092
003:0,001;36,137;127,126;231,009;306,213;1044,095
004:0,001;23,253;907,092;924,113
005:0,001;36,137;85,010;296,092;482,176;663,191;681,023
006:0,001;32,108;55,020;155,010;412,186;460,154;1007,008
007:0,001;34,095;1108,162;1195,136
008:0,001;31,153;908,170
009:0,001;34,095;270,014
010:0,001;10,012;32,108;88,012;243,008;257,078
011:0,002;45,129;370,018;861,082;926,014;1059,188;1121,130
012:0,002;29,126
013:0,002;45,129;183,018;313,008;513,023;630,084
014:0,002;21,119;731,216;800,176
015:0,002;20,018;304,023;365,217;912,162;1007,237
016:0,002;21,119;249,189;252,011;331,023
017:0,002;31,263;92,225;345,018
018:0,002;31,263;276,012;630,084;752,241;1124,194;1191,008
019:0,002;35,010;92,225;236,018;376,162;401,012;455,018
020:0,002;29,126;107,011;318,212;354,240;663,180;808,260;814,008
021:0,003;42,267;114,010;119,009;492,219;494,018;608,185;666,267;1188,161
022:0,003;42,267;752,078;970,018;1131,235;1193,080
023:0,003;61,228;148,137;435,248;525,241;792,161;901,104;908,161
024:0,003;63,102;311,020;617,193;842,012;858,196
025:0,003;80,202;568,212;938,092;1030,008;1131,235
026:0,003;56,018;689,105;923,256;953,136
027:0,003;54,011;63,102;124,006;247,010;492,219;1000,259;1120,213
028:0,003;61,228;66,008;80,202;249,102;515,012;858,196;903,267;926,183;968,010
029:0,003;57,006;213,249;222,020;550,166;954,241
030:0,003;55,012;337,010;550,166;967,014
031:0,004;54,181;202,020;557,131;856,018;927,255
032:0,004;78,245;316,137;346,255;372,010
033:0,004;56,166;153,010;163,246;306,085;442,202;634,010;684,008
034:0,004;57,083;114,010;163,246;557,018;1130,262
035:0,004;78,245;263,018;861,082;909,018
036:0,004;56,166;126,010;746,008;770,193;956,130
037:0,004;34,248;310,246;526,010;557,131;653,093
038:0,004;88,239;461,258;678,097;775,130;833,153;935,217
039:0,004;34,248;525,160
040:0,004;54,181;435,162;888,193;1136,267
041:0,005;87,011;150,088;181,255;192,088;1059,204
042:0,005;150,088;441,268;1021,162;1051,240;1122,089
043:0,005;33,007;52,011;395,077;559,121;837,240;853,171;1162,184
044:0,005;157,011;214,204;318,008;395,077;872,217;1145,150;1164,245
045:0,005;174,148;413,181;1035,018
046:0,005;230,268;402,117;767,014
047:0,005;157,212;519,018;986,193;1005,264;1059,266;1079,248;1152,018
048:0,005;133,014;214,204;230,268;730,014
049:0,005;160,018;174,148;353,181;406,078;591,014;1149,018
050:0,005;157,212;278,252;422,217;520,018;702,106;816,018
051:0,006;386,244;433,218;455,227;1038,008
052:0,006;200,115;351,204;1099,135;1134,084;1152,114
053:0,006;154,167
054:0,006;185,103
055:0,006;196,139;952,012;1033,023;1051,245
056:0,006;185,103;478,133;784,121
057:0,006;154,167;244,017;295,176;629,253;1021,014
058:0,006;63,009;386,244;562,093;854,131
059:0,006;200,115
060:0,006;196,139;307,010
061:0,007;84,127;154,018;240,160;757,010;889,085
062:0,007;60,175;1163,157
063:0,007;60,175;780,010;803,194
064:0,007;84,127;108,010;239,240;335,018;1009,008
065:0,007;64,231;441,087;813,137;833,160;839,095;1007,252
066:0,007;11,249;18,010;64,231;145,006;239,240
067:0,007;50,006;240,160;409,014;495,211
068:0,007;75,220;481,008;495,211;674,010;803,194;835,185;1108,233
069:0,007;75,220;394,231;506,008;533,161;948,175
070:0,007;11,249;402,085;567,014
071:0,008;144,015;269,133;584,143;666,102;929,008
072:0,008;438,188;514,023;772,246;836,245;1091,103
073:0,008;717,136;848,097;880,010;1139,254
074:0,008;288,154;537,188;766,153;809,126;955,104;976,023
075:0,008;772,246;1119,171
076:0,008;288,154;387,269;967,256
077:0,008;31,153;38,008;438,188;1019,154;1163,023
078:0,008;1131,077;1140,270
079:0,008;717,136;1165,148
080:0,008;1154,014
081:0,009;286,191;766,266;860,184;916,153
082:0,009;286,191;522,014;551,243;908,018
083:0,009;472,088;628,018
084:0,009;286,260;405,093;517,085;1062,012;1174,153;1194,135
085:0,009;13,182;125,009;451,023;531,115;863,188
086:0,009;286,260;726,256;739,010;770,195;857,233;861,108;932,211;956,227
087:0,009;397,023;486,174;726,018;1130,262
088:0,009;13,182;16,005;57,083;152,011;351,267;653,189;1162,008
089:0,009;361,018;770,195;845,219
090:0,009;486,174;753,018
091:0,010
092:0,010
093:0,010;1194,187
094:0,010;104,178;791,154;815,008
095:0,010;133,014;311,093;569,233;747,008;884,248;906,226;989,131
096:0,010
097:0,010;104,178;633,170;712,260
098:0,010;123,141;871,008;884,248
099:0,010
100:0,010;123,141;478,126;592,167;634,176;799,141;1107,010
101:0,011;311,264;495,155
102:0,011;61,015;87,252
103:0,011;298,108
104:0,011;60,189;452,008;637,010;774,023;850,195;1182,104
105:0,011;60,189;169,020;573,273;673,010;684,008
106:0,011;311,264
107:0,011;322,087;437,212;650,162;712,133
108:0,011;147,014;512,012
109:0,011;322,087;560,171;638,167;788,213
110:0,011;298,108;375,245;402,149;636,130;1095,258
111:0,012;472,163;575,014;789,184;816,124
112:0,012;153,085;326,249;419,167;442,181;608,258
113:0,012
114:0,012;115,015;200,218;594,008;708,010
115:0,012;153,085;200,218;247,085;256,011;259,233;439,260;530,141;664,149;824,268
116:0,012;259,233
117:0,012;472,163
118:0,012;1157,204
119:0,012
120:0,012;412,186;610,012;789,184
121:0,013;57,097;511,209
122:0,013;35,173;154,009;196,237;244,017;326,125;390,239
123:0,013;35,162;71,017;324,010;326,125;420,014;560,112;805,077
124:0,013;35,173;191,017;196,237
125:0,013;35,162;488,245;965,215
126:0,013;37,171;467,244;614,023;651,010;887,008
127:0,013;51,209;161,018;239,151;430,012
128:0,013;51,209;125,010;129,236;229,008;560,112
129:0,013;37,171;290,239;373,014;572,023;1052,135
130:0,013;50,023;129,236;237,097;683,023
131:0,014;1121,143
132:0,014;74,151;91,018;97,227;177,151;202,020;573,273;736,012
133:0,014;952,010
134:0,014;586,259;1177,014
135:0,014;74,151;282,008;771,148;895,010
136:0,014;97,227;745,105;943,012
137:0,014;509,216;703,077;771,148;1073,119
138:0,014;399,008;586,259;707,258;771,123
139:0,014
140:0,014;311,093;336,018;403,014
141:0,015;216,130;587,012;1037,229;1171,023
142:0,015;217,200;718,191;1200,150
143:0,015;165,241;169,012;580,089;1141,260
144:0,015;165,241;540,023;580,089;741,097;878,209;1098,193
145:0,015;216,130;771,176;903,154;1189,195
146:0,015;244,150;981,148
147:0,015;133,255;139,017;233,255;298,218;417,226;799,212;1038,008
148:0,015;244,150;291,204;468,167;578,008;978,258;1074,089;1087,191;1164,113
149:0,015;152,008;217,200;932,023;1139,254
150:0,015;133,255;1169,191
151:0,016;26,149;108,137;173,231;300,009;391,124;701,271;1196,012
152:0,016;35,023;235,143;534,023;701,080
153:0,016;35,023;74,226;1058,012
154:0,016;26,149;546,137
155:0,016;19,008;35,023;80,257;456,023;495,018;803,270;1079,219;1182,010
156:0,016;19,005;35,023;69,117;74,226;339,010;444,209;590,010;803,270
157:0,016;35,023;89,170;147,017;235,143
158:0,016;35,023;69,117;449,023;701,080;817,012
159:0,016;35,023;74,005;89,170;1103,087
160:0,016;35,023;80,257;407,102;704,171;884,023
161:0,017;238,008;275,023
162:0,017;341,180;365,078;376,012;406,020;565,012;1090,256
163:0,017;275,023;584,010;614,271;900,160;914,077;921,119
164:0,017;275,023
165:0,017;275,023;864,008;1130,101
166:0,017;275,023;341,180
167:0,017;275,023
168:0,017;123,015;181,014;275,023;509,216;910,014
169:0,017;275,023;1052,135;1084,008
170:0,017;275,023;492,189;1058,185
171:0,018
172:0,018;327,121;432,012;689,256;705,014;1114,246;1157,018
173:0,018;327,121;732,150
174:0,018;608,185;868,233;986,181
175:0,018
176:0,018;23,105;271,011;321,113;397,010;774,023
177:0,018;442,012
178:0,018;689,256;1084,184;1093,010
179:0,018;60,014;321,113;991,195
180:0,018;23,105;137,014
181:0,019;90,124;281,250;519,008;716,183;841,180;1181,181;1190,185
182:0,019;90,124;877,010;1194,187
183:0,019;146,266
184:0,019;97,250;120,228;247,012;351,253;465,171;706,008;869,114;1199,193
185:0,019;96,155;932,023
186:0,019;96,155;361,189;592,217;863,227;909,253
187:0,019;118,269;683,014;716,183;980,014
188:0,019;213,184;340,010;571,087
189:0,019;97,250;643,008;869,114;1034,211
190:0,019;118,269;260,009;445,014
191:0,020;454,104
192:0,020;454,104;626,154;654,012;723,215
193:0,020;65,258;312,245;653,178;703,269;763,102;883,088
194:0,020;570,123;722,162
195:0,020;267,018;297,202;420,137;786,163
196:0,020;528,008;723,215;926,271
197:0,020;570,123;817,008;884,257
198:0,020;567,117;634,012;832,269
199:0,020;65,258;557,095;607,119;925,200
200:0,020;484,010;884,257;943,014;950,157;1199,108
