001:0,001;191,192
002:0,001;180,148
003:0,001;191,192
004:0,001;189,245
005:0,001;180,148
006:0,001;189,245
007:0,001;182,191
008:0,001;180,162
009:0,001;180,162
010:0,001;182,191
011:0,002;9,159
012:0,002;8,160
013:0,002;8,160
014:0,002;9,257
015:0,002;13,209
016:0,002;13,209
017:0,002;9,257
018:0,002;9,159
019:0,002;13,274
020:0,002;13,274
021:0,003;70,226
022:0,003;49,143;316,080
023:0,003;51,092;70,226;409,092
024:0,003;73,197
025:0,003;49,143;272,197
026:0,003;51,092
027:0,003;54,171
028:0,003;63,137
029:0,003;63,137
030:0,003;54,171
031:0,004;11,089
032:0,004;47,012;53,147
033:0,004;33,216
034:0,004;37,135
035:0,004;40,116
036:0,004;40,116
037:0,004;33,216
038:0,004;37,135
039:0,004;11,089
040:0,004;53,147
041:0,005;41,211
042:0,005;40,001;45,142
043:0,005;44,229
044:0,005;40,110
045:0,005;45,108
046:0,005;41,211
047:0,005;44,229
048:0,005;45,142
049:0,005;45,108
050:0,005;40,110
051:0,006;214,172
052:0,006;211,264
053:0,006;206,210
054:0,006;186,249;994,143
055:0,006;206,210
056:0,006;208,140
057:0,006;186,249
058:0,006;211,264;684,234;767,143
059:0,006;214,172
060:0,006;208,140
061:0,007;39,268;306,143;894,268
062:0,007;44,251
063:0,007;27,228
064:0,007;31,203;181,251;619,100
065:0,007;31,203
066:0,007;36,186
067:0,007;36,186;632,251
068:0,007;27,228
069:0,007;39,268
070:0,007;10,100
071:0,008;178,234
072:0,008;178,234;473,150;587,177
073:0,008;177,164;243,177
074:0,008;177,164
075:0,008;182,078;618,150
076:0,008;178,177;239,150
077:0,008;182,078
078:0,008;184,150;441,164
079:0,008;53,090
080:0,008;178,177;465,090
081:0,009;20,136
082:0,009;87,246;214,235;350,081
083:0,009;78,021;94,079;621,220;956,079
084:0,009;78,021;94,220;291,136
085:0,009;20,136;78,021;94,079
086:0,009;78,021;94,220
087:0,009;78,021;105,101
088:0,009;78,021;92,235
089:0,009;78,021;95,081
090:0,009;78,021;92,235;95,081;105,101;803,235
091:0,010;34,019;77,153
092:0,010;34,019;65,202;176,136;272,153
093:0,010;34,019;64,244;77,153;89,244
094:0,010;34,019;64,244;164,087
095:0,010;40,019;65,202
096:0,010;32,087
097:0,010;34,019;62,080;223,202
098:0,010;34,019;63,176
099:0,010;34,019;63,176
100:0,010;32,087;34,019;62,080;484,244
101:0,011;23,128;676,261
102:0,011;23,261;696,128
103:0,011;23,083;983,253
104:0,011;30,253
105:0,011;24,107;426,170
106:0,011;23,261;30,253;516,107
107:0,011;23,128;799,234;1170,128
108:0,011;36,170;1102,261
109:0,011;24,107
110:0,011;23,083
111:0,012;60,243
112:0,012;56,122
113:0,012;60,243
114:0,012;55,231
115:0,012;55,187
116:0,012;55,187
117:0,012;57,230
118:0,012;57,230
119:0,012;55,231
120:0,012;56,122
121:0,013;32,005;38,270
122:0,013;31,121
123:0,013;31,198
124:0,013;33,097
125:0,013;38,270
126:0,013;37,195
127:0,013;31,198
128:0,013;33,097
129:0,013;37,195
130:0,013;31,121
131:0,014;47,131
132:0,014;46,205
133:0,014;65,085
134:0,014;44,145
135:0,014;44,145
136:0,014;65,085
137:0,014;60,168
138:0,014;47,131
139:0,014;60,168
140:0,014;46,205
141:0,015;20,247;196,246
142:0,015;20,157
143:0,015;23,088;541,246
144:0,015;21,152
145:0,015;23,115
146:0,015;23,088
147:0,015;20,157
148:0,015;21,152
149:0,015;20,247
150:0,015;23,115;450,247
151:0,016;25,082
152:0,016;25,082
153:0,016;24,265
154:0,016;24,181
155:0,016;25,173
156:0,016;24,181
157:0,016;25,240
158:0,016;24,265
159:0,016;25,173
160:0,016;25,240
161:0,017;31,255
162:0,017;32,084
163:0,017;31,255
164:0,017;36,158
165:0,017;36,158
166:0,017;34,114
167:0,017;37,196
168:0,017;37,196
169:0,017;32,084
170:0,017;34,114
171:0,018;27,248
172:0,018;32,149
173:0,018;26,259
174:0,018;46,236
175:0,018;46,236
176:0,018;26,259
177:0,018;26,232
178:0,018;27,248
179:0,018;32,149
180:0,018;26,232
181:0,019;21,215
182:0,019;21,120
183:0,019;24,188
184:0,019;25,250
185:0,019;24,178
186:0,019;21,120
187:0,019;24,178
188:0,019;25,250
189:0,019;24,188
190:0,019;21,215
191:0,020;31,258;782,102
192:0,020;29,102;612,203;1117,258
193:0,020;8,109
194:0,020;31,258
195:0,020;29,102
196:0,020;33,130
197:0,020;28,156
198:0,020;8,109
199:0,020;28,156
200:0,020;33,130
