001:0,001;105,141
002:0,001;64,184
003:0,001;108,250
004:0,001;64,184
005:0,001;105,219
006:0,001;105,219
007:0,001;105,141
008:0,001;114,134
009:0,001;108,250
010:0,001;114,134
011:0,002;154,117;935,218
012:0,002;136,203;784,109
013:0,002;135,207
014:0,002;155,109
015:0,002;50,087
016:0,002;136,203
017:0,002;135,207
018:0,002;50,087
019:0,002;136,245
020:0,002;136,245
021:0,003;69,179
022:0,003;69,179
023:0,003;79,136
024:0,003;69,151
025:0,003;79,136
026:0,003;70,251
027:0,003;8,147
028:0,003;81,261
029:0,003;70,251
030:0,003;69,151;501,261
031:0,004;55,180
032:0,004;55,175
033:0,004;55,180;201,173;685,094;903,173
034:0,004;55,224
035:0,004;55,224
036:0,004;57,173;178,094
037:0,004;55,175;571,180;1153,203
038:0,004;57,173;522,108
039:0,004;57,108
040:0,004;58,094;613,173
041:0,005;24,235
042:0,005;21,107
043:0,005;20,266;322,115;438,266
044:0,005;24,235
045:0,005;26,232
046:0,005;26,232
047:0,005;21,107
048:0,005;20,266
049:0,005;10,106
050:0,005;10,106
051:0,006;35,177
052:0,006;37,254
053:0,006;37,254
054:0,006;40,144
055:0,006;37,166
056:0,006;37,244
057:0,006;37,244
058:0,006;37,166
059:0,006;35,177
060:0,006;40,144
061:0,007;37,103
062:0,007;37,196
063:0,007;37,098
064:0,007;53,189
065:0,007;37,103
066:0,007;37,098
067:0,007;37,196
068:0,007;36,154
069:0,007;36,154
070:0,007;53,189
071:0,008;6,114
072:0,008;6,194
073:0,008;8,206
074:0,008;8,230;237,124;893,236
075:0,008;8,230;733,183
076:0,008;6,194
077:0,008;10,115
078:0,008;12,183
079:0,008;8,206
080:0,008;6,114
081:0,009;19,122
082:0,009;50,093
083:0,009;47,016;61,160
084:0,009;47,082
085:0,009;61,160
086:0,009;47,082;664,151
087:0,009;50,093
088:0,009;19,122
089:0,009;48,085;237,109;543,085
090:0,009;48,085
091:0,010;40,078;47,092
092:0,010;40,080;286,086
093:0,010;43,145
094:0,010;47,150;614,078;987,150
095:0,010;47,150
096:0,010;40,078
097:0,010;43,145
098:0,010;47,092
099:0,010;40,080
100:0,010;49,170
101:0,011;19,262
102:0,011;19,135
103:0,011;21,081
104:0,011;19,262
105:0,011;22,181
106:0,011;22,181
107:0,011;20,152
108:0,011;20,152
109:0,011;21,081
110:0,011;19,135
111:0,012;116,167
112:0,012;117,192
113:0,012;116,271
114:0,012;17,205
115:0,012;122,186
116:0,012;122,186
117:0,012;116,271
118:0,012;17,205
119:0,012;116,167
120:0,012;117,192
121:0,013;83,174;117,009;132,025;147,139
122:0,013;117,009;132,025;146,129
123:0,013;117,009;132,025;151,127;549,080;597,230
124:0,013;117,009;138,257
125:0,013;117,009;132,025;146,121
126:0,013;117,009;132,025;146,121
127:0,013;117,009;132,025;146,129
128:0,013;132,025;151,127
129:0,013;83,174;671,139;723,127;875,139
130:0,013;117,009;132,025;147,139;467,174
131:0,014;15,214
132:0,014;46,172
133:0,014;50,164
134:0,014;46,218;851,117
135:0,014;46,172
136:0,014;45,131
137:0,014;15,214
138:0,014;50,164
139:0,014;45,131
140:0,014;46,218;1122,117
141:0,015;36,272;1135,218
142:0,015;38,258
143:0,015;40,239
144:0,015;48,158
145:0,015;22,255
146:0,015;37,187
147:0,015;37,187
148:0,015;22,255;40,239
149:0,015;38,258
150:0,015;36,272
151:0,016;131,132;679,236
152:0,016;137,118;456,149
153:0,016;132,163
154:0,016;131,132
155:0,016;137,118
156:0,016;126,236;872,132
157:0,016;128,147
158:0,016;192,149
159:0,016;132,163
160:0,016;109,255;126,236;588,118
161:0,017;73,229
162:0,017;131,259
163:0,017;130,161
164:0,017;129,137
165:0,017;129,137
166:0,017;128,215
167:0,017;73,229
168:0,017;131,259
169:0,017;130,161
170:0,017;128,215
171:0,018;27,143
172:0,018;23,089
173:0,018;21,169
174:0,018;23,089
175:0,018;25,125
176:0,018;25,125
177:0,018;29,178
178:0,018;29,178
179:0,018;21,169
180:0,018;27,143
181:0,019;39,216
182:0,019;37,209
183:0,019;20,124
184:0,019;30,009;39,216
185:0,019;34,249
186:0,019;34,157;87,012;104,086
187:0,019;37,209
188:0,019;34,157
189:0,019;34,249
190:0,019;20,124;153,157
191:0,020;15,083
192:0,020;11,185
193:0,020;11,171;385,183;508,171
194:0,020;10,162
195:0,020;11,225
196:0,020;10,162
197:0,020;11,185
198:0,020;11,171
199:0,020;13,006;15,083
200:0,020;11,225
