001:0,001;81,103
002:0,001;83,240
003:0,001;78,092
004:0,001;79,221
005:0,001;79,221
006:0,001;78,092
007:0,001;78,232
008:0,001;81,103
009:0,001;78,232
010:0,001;83,240
011:0,002;38,112
012:0,002;79,099
013:0,002;78,211
014:0,002;77,153;682,114
015:0,002;79,099
016:0,002;38,112
017:0,002;80,200
018:0,002;78,211
019:0,002;77,153
020:0,002;80,200
021:0,003;37,255
022:0,003;32,274
023:0,003;34,156;368,090
024:0,003;40,095;100,090
025:0,003;40,095
026:0,003;37,255
027:0,003;32,107
028:0,003;32,274
029:0,003;34,156
030:0,003;32,107
031:0,004;97,204
032:0,004;97,204
033:0,004;89,264
034:0,004;85,253
035:0,004;93,128
036:0,004;93,128
037:0,004;9,188
038:0,004;89,264
039:0,004;85,253
040:0,004;98,105;681,188
041:0,005;55,076
042:0,005;53,146
043:0,005;60,188;477,155
044:0,005;53,163;709,241
045:0,005;55,076;771,146
046:0,005;53,163
047:0,005;54,160
048:0,005;54,160
049:0,005;61,241
050:0,005;53,146;324,265;359,235
051:0,006;46,152
052:0,006;50,223;842,137;869,163
053:0,006;46,237
054:0,006;54,234
055:0,006;56,119
056:0,006;46,237
057:0,006;46,152
058:0,006;56,119
059:0,006;50,223
060:0,006;54,234
061:0,007;57,166
062:0,007;69,164
063:0,007;63,245
064:0,007;74,213
065:0,007;57,166;1146,153
066:0,007;63,245;69,164
067:0,007;20,198
068:0,007;72,212
069:0,007;20,198;72,212;121,198
070:0,007;74,213;100,245
071:0,008;6,123
072:0,008;5,244;283,079
073:0,008;5,244
074:0,008;5,157;18,188;20,004;41,155
075:0,008;6,137
076:0,008;8,079
077:0,008;6,182
078:0,008;6,123;617,213
079:0,008;6,137;65,182
080:0,008;5,157;337,105
081:0,009;28,252
082:0,009;29,085
083:0,009;13,228
084:0,009;35,138
085:0,009;28,252
086:0,009;35,138
087:0,009;25,087
088:0,009;29,085
089:0,009;25,087
090:0,009;13,228
091:0,010;103,078
092:0,010;111,143;1120,156
093:0,010;111,143
094:0,010;103,078
095:0,010;104,136
096:0,010;104,136
097:0,010;35,084
098:0,010;103,196
099:0,010;35,084
100:0,010;103,196
101:0,011;9,131
102:0,011;9,131
103:0,011;8,135
104:0,011;14,208
105:0,011;6,190
106:0,011;7,154
107:0,011;7,154
108:0,011;14,208
109:0,011;8,135
110:0,011;6,190
111:0,012;190,210
112:0,012;194,178
113:0,012;192,091
114:0,012;194,178
115:0,012;190,210
116:0,012;191,116
117:0,012;191,116
118:0,012;212,133
119:0,012;212,133
120:0,012;192,091
121:0,013;8,272
122:0,013;7,165
123:0,013;7,165
124:0,013;9,159
125:0,013;6,224
126:0,013;9,159
127:0,013;8,272
128:0,013;7,226
129:0,013;7,226
130:0,013;6,224
131:0,014;102,266
132:0,014;109,114
133:0,014;109,114;276,266
134:0,014;99,181;108,157
135:0,014;98,189
136:0,014;110,201
137:0,014;99,181
138:0,014;102,266;249,181;960,201
139:0,014;98,189
140:0,014;110,201;496,157
141:0,015;55,104
142:0,015;61,270
143:0,015;59,117
144:0,015;57,185
145:0,015;57,185
146:0,015;59,117
147:0,015;57,158
148:0,015;61,090;313,270
149:0,015;57,158
150:0,015;55,104
151:0,016;53,206
152:0,016;52,260
153:0,016;54,251
154:0,016;54,251
155:0,016;51,140
156:0,016;53,206
157:0,016;51,140
158:0,016;52,193
159:0,016;52,193
160:0,016;52,260
161:0,017;29,013;53,235;237,126
162:0,017;29,013;53,126;161,147
163:0,017;29,013;53,126;989,257
164:0,017;21,257
165:0,017;29,013;53,235
166:0,017;21,257;29,013;55,219
167:0,017;33,265
168:0,017;29,013;50,236
169:0,017;29,013;50,236;845,076;1003,126
170:0,017;29,013;55,219
171:0,018;81,088
172:0,018;84,174;97,129;232,174
173:0,018;81,088
174:0,018;81,220
175:0,018;81,220
176:0,018;81,142
177:0,018;97,129
178:0,018;81,142
179:0,018;95,147
180:0,018;84,174
181:0,019;14,216
182:0,019;19,263
183:0,019;14,216
184:0,019;11,113
185:0,019;9,082
186:0,019;15,004;19,263
187:0,019;11,113
188:0,019;9,250
189:0,019;9,082
190:0,019;9,250
191:0,020;12,150
192:0,020;12,100
193:0,020;15,218
194:0,020;12,149
195:0,020;17,229
196:0,020;12,150
197:0,020;12,149
198:0,020;12,100
199:0,020;15,218
200:0,020;17,229
