001:0,001;36,261;295,077;361,102;822,149
002:0,001;26,176
003:0,001;12,173;299,103;372,160;822,228
004:0,001;26,176;881,223;1020,113;1192,120
005:0,001;23,108;484,230;493,268;580,108
006:0,001;23,108;32,231;152,205;213,146;531,133;577,122
007:0,001;22,005;81,115;147,152;197,120;296,201;514,119;837,152;1177,168
008:0,001;33,096;104,252;657,120;1141,082;1195,239
009:0,001;32,231;145,103;179,108;521,109;649,085;997,172;1006,253
010:0,001;213,146;846,102;974,204
011:0,002;271,196;479,110;565,172;1046,133
012:0,002;441,223;586,102;686,151;868,123;1077,076
013:0,002;238,135;335,086;380,195;404,149;406,250;623,157;1016,185
014:0,002;363,094
015:0,002;330,135;336,122;963,252
016:0,002;359,251;441,223;867,190
017:0,002;330,250;388,215;421,160;488,200;546,088
018:0,002;250,268;275,007;304,238;642,160;802,094;943,140;1047,106;1116,185
019:0,002;275,007;336,122;481,196;1021,140;1121,090
020:0,002;62,083;102,002;470,121;975,122
021:0,003;64,178;117,226
022:0,003;71,237;87,194;211,177;1137,253
023:0,003;86,151;431,177;1004,106;1018,103;1194,225
024:0,003;63,016;262,227;303,140;418,152;873,113;992,192;1116,250
025:0,003;48,134;136,157;379,179;452,097;728,192;976,091
026:0,003;27,225;81,126;82,216;86,128;142,013;155,214;900,265;939,136
027:0,003;86,128;261,155;284,007;411,211
028:0,003;183,110;456,192
029:0,003;71,119;291,151;325,190;842,115
030:0,003;27,225;199,110;664,155;899,178;1003,113;1019,115;1054,140
031:0,004;49,109;441,097;512,158;634,140;918,090
032:0,004;33,187;113,133;188,182;653,076;963,115;967,086
033:0,004;14,082;384,152;800,156
034:0,004;185,235;583,245;780,087;1143,148;1156,087
035:0,004;15,197;141,216;446,205;694,170;1200,167
036:0,004;110,119;159,264;220,194;1122,131
037:0,004;15,197;126,140;703,250
038:0,004;122,155;271,173;578,184
039:0,004;87,079;370,255;990,119
040:0,004;40,255;374,113;803,091;954,142
041:0,005;174,149;388,082;420,163;1058,119
042:0,005;76,238;448,195;451,238;523,172;859,215
043:0,005;108,261;114,192;244,126;589,268
044:0,005;73,120;180,149;873,152;967,215;1108,261
045:0,005;57,201;361,227;413,097;446,151;677,246;1190,259
046:0,005;76,238;294,158;400,228;416,158;474,077;687,087;715,253;994,167
047:0,005;122,157;226,123;693,187;1124,178
048:0,005;131,123;1158,265
049:0,005;104,239;314,104;415,148;762,128;1099,086;1124,186
050:0,005;57,201;279,226;300,136;893,128
051:0,006;24,150;43,192;85,213;142,013;247,163;298,192;432,182;557,187;687,223;849,167;984,225
052:0,006;52,187;142,013;205,104;276,155;416,181
053:0,006;24,150;39,014;64,178;142,013;153,253;275,016;424,224
054:0,006;9,126;142,013;194,089;1185,177
055:0,006;78,222;117,213;309,170;679,182;1187,216
056:0,006;31,079;78,222;125,225;142,013;216,185;972,167;1190,148
057:0,006;117,205;142,013;147,128;638,151;749,102
058:0,006;29,185;194,089;360,251;372,203;807,097
059:0,006;43,192;337,119;446,264;533,113;563,214;579,110
060:0,006;9,200;31,079;142,013;159,096;694,158
061:0,007;52,144;385,084;560,178;630,144;930,186
062:0,007;44,160;419,155;647,213;876,157;910,230;986,082;1126,187
063:0,007;23,009;26,246;644,086;925,265
064:0,007;95,225;105,112
065:0,007;52,144;93,014;287,142;924,214
066:0,007;70,115;961,205;1164,102
067:0,007;120,222;479,235;795,112;804,187
068:0,007;42,252;145,148;295,179;435,248;477,085
069:0,007;44,160;363,087;739,109
070:0,007;62,156;89,172;258,184;464,167;959,265;1143,086
071:0,008;28,168
072:0,008;61,017;95,157;122,019;137,210;1003,230
073:0,008;36,103;285,196;310,087;360,082;948,119;1049,196
074:0,008;36,103;137,210;467,076;483,225;575,090;866,203
075:0,008;78,077
076:0,008;27,237;35,019;50,077;290,222;382,089;1039,097;1095,224
077:0,008;27,237;71,203;277,007;371,187;410,119;986,094
078:0,008;51,203
079:0,008;31,077;72,107;97,087;310,157;402,222;555,207
080:0,008;62,126;71,248;104,230;305,186;1116,215
081:0,009;66,248;596,222;1131,140
082:0,009;49,109;87,228
083:0,009;66,172;123,091
084:0,009;87,228;345,115;826,126
085:0,009;75,205;479,248;1193,155
086:0,009;29,213;66,248;70,108;175,248;418,104
087:0,009;11,194;29,213;102,084;321,264;423,149;812,200
088:0,009;102,084;700,205;706,144
089:0,009;123,091;451,119;484,205;826,148;884,151
090:0,009;96,155;256,200;462,195
091:0,010;47,255;131,131;202,200;207,106;483,155
092:0,010;335,174;392,157;855,181;934,144
093:0,010;48,005;145,002;250,268;341,151;415,251;433,172;558,096;834,257
094:0,010;102,179;350,196;450,109;899,121
095:0,010;47,108;54,185;335,174;372,245;558,182;620,224;1068,211
096:0,010;120,086;455,268
097:0,010;116,016;372,245;879,172;912,155;976,121
098:0,010;20,170;236,090;571,211;712,140;991,255
099:0,010;207,106;591,084
100:0,010;216,207;449,163
101:0,011;26,156;528,238;643,228;766,215;852,223;1150,222
102:0,011;14,002;207,255;256,265;827,245
103:0,011;26,156;30,152;123,156;778,213
104:0,011;22,088;525,103;564,084;589,126;809,112
105:0,011;17,016;179,183;223,103;519,209;671,110
106:0,011;6,167;202,152;361,207;504,076;513,087;669,252
107:0,011;20,170;34,123;122,184
108:0,011;4,152;230,235;386,103;785,222;1164,123;1170,222
109:0,011;126,259;291,155;299,152;408,076;461,082
110:0,011;6,167;22,088;865,259
111:0,012;44,177;406,235;477,131;1117,157
112:0,012;44,177;208,131;470,200;484,122;557,250;1097,115
113:0,012;45,017;142,102;353,213;569,113
114:0,012;71,227
115:0,012;75,167;144,269
116:0,012;142,102;379,255;422,228;602,200
117:0,012;122,184;232,252;240,259;426,191;630,192;724,076
118:0,012;85,261;103,265;539,121;836,113;860,146
119:0,012;103,265;240,131
120:0,012;144,269
121:0,013;103,140;113,109;517,076;710,265;918,146
122:0,013;73,083;103,140;127,239;1020,223
123:0,013;98,264;105,144;298,119;397,194
124:0,013;78,215;383,230;901,084
125:0,013;60,179;98,264;509,170
126:0,013;94,200;725,246
127:0,013;94,200;188,119;327,120
128:0,013;72,107;112,195;346,268;418,086;635,182
129:0,013;112,195
130:0,013;78,215;748,235
131:0,014;145,148;203,253;705,123;866,088
132:0,014;141,181;845,235;1080,239;1192,152
133:0,014;107,182;133,076;616,156
134:0,014;33,096;361,192;609,226
135:0,014;103,085;246,264;281,268;491,113;528,097;935,148;1008,209
136:0,014;141,181;403,079;461,196
137:0,014;133,076;334,155;446,255
138:0,014;98,214;545,079
139:0,014;178,090;1040,148
140:0,014;100,131;182,016;224,205;306,226;590,133;998,085
141:0,015;8,116
142:0,015;11,194;393,128;891,160
143:0,015;77,221;111,237;158,261;572,265;611,248
144:0,015;48,246;719,239
145:0,015;66,170;306,173;1032,190
146:0,015;12,173;259,135;302,148;387,201;498,178;545,085;645,190;1007,210;1130,097
147:0,015;24,134;35,087;86,019;100,209;495,160;570,213;767,151
148:0,015;8,116;583,213;645,178
149:0,015;35,087;172,167;458,091;612,178;808,160
150:0,015;24,134;129,178;461,261;884,245
151:0,016;196,131;232,167;492,191
152:0,016;374,113;430,224;573,103
153:0,016;180,079
154:0,016;456,216;1117,214
155:0,016;317,097;403,157;615,235;716,087;1172,194
156:0,016;172,222;280,085;510,222;779,259;1174,123
157:0,016;335,204
158:0,016;335,204;957,261
159:0,016;317,239;338,142
160:0,016;375,094;799,104
161:0,017;139,104;201,133;292,128;382,102;536,156;574,126;708,084;891,176
162:0,017;147,213;576,225;951,157;1089,235
163:0,017;175,225;537,108;578,146;914,109
164:0,017;118,187;153,253;165,172;407,216
165:0,017;183,183;344,185;1111,128
166:0,017;83,158;726,210;1129,172
167:0,017;82,237
168:0,017;81,226;98,227;252,163;421,261;460,215;944,181
169:0,017;81,226;253,152;267,172;494,108
170:0,017;70,133;513,167;839,158
171:0,018;70,216;275,007;337,133;390,191;419,140;455,133
172:0,018;38,129;275,007;411,211;567,225;1192,087
173:0,018;18,146;68,082;216,207;275,007;340,239;709,096;748,205
174:0,018;17,200;34,168;1151,106
175:0,018;45,259;232,200;248,085;452,227
176:0,018;26,191;45,259;103,085;275,007;305,186;851,096
177:0,018;60,151;212,237
178:0,018;11,123;220,151;275,007;299,253;1024,157
179:0,018;38,129;275,007;390,191;472,187;757,126
180:0,018;49,257;1134,216;1172,205
181:0,019;194,112;744,230
182:0,019;134,268;248,252;958,207
183:0,019;139,136;495,184;502,106
184:0,019;120,086;299,163;383,259;837,077
185:0,019;156,115;330,250;488,170;492,178;496,230;696,077;830,178;883,149
186:0,019;140,255;158,178;574,261;785,106;986,155;1192,163
187:0,019;10,191;96,257;794,191
188:0,019;143,016;218,082;325,097;423,151;634,173
189:0,019;134,268;181,140;260,087;387,187;470,086;1079,089
190:0,019;139,136;211,268;246,170;464,187;483,207;939,097;1019,152
191:0,020;60,179;284,225;477,210;590,214;1012,177
192:0,020;47,230;469,259;748,096
193:0,020;47,230;80,120;650,091;794,261;1042,172
194:0,020;68,112;106,126;539,136
195:0,020;37,182;395,144;626,223;668,116
196:0,020;108,112;170,104;748,200;795,103;886,119;933,213
197:0,020;49,257;80,190;605,210;725,211;1034,173
198:0,020;83,158;207,148;1100,123;1189,089
199:0,020;37,182;100,209;983,102;1158,223
200:0,020;80,190;315,144;682,209
