001:0,001;439,150;525,105;742,004;744,211;854,267;930,194;1183,153
002:0,001;6,149;167,004;477,212;756,202;939,249;940,252;1031,020
003:0,001;474,092;577,025;760,002;834,254;921,214
004:0,001;464,113;568,076;583,118;731,214;987,157
005:0,001;473,208;647,018;667,011;854,267;1061,151
006:0,001;243,180;338,246;588,107;671,018;875,179
007:0,001;465,220;474,092;711,150;904,208;1188,109
008:0,001;342,216;467,004;495,246;505,110;724,105;1036,252;1154,233
009:0,001;427,246;450,272;464,113;687,245;839,113;1151,261
010:0,001;6,149;56,001;165,220;458,149;583,180;1050,023
011:0,002;1065,153;1091,079;1118,169
012:0,002;868,146
013:0,002;188,009;235,002;1098,179;1157,206;1196,018
014:0,002;1091,079;1196,018
015:0,002;1010,018;1056,238;1179,180;1196,018
016:0,002;868,146;1111,199
017:0,002;1001,004;1024,120;1026,243;1174,151;1196,018
018:0,002;869,150;1106,025;1147,237
019:0,002;1081,018
020:0,002;1026,243;1099,244;1137,233;1147,237;1196,018
021:0,003;620,214;826,219;828,109;1002,117;1171,246
022:0,003;541,144;730,076;742,002;774,249;872,178;1085,169;1111,004
023:0,003;384,232;459,002;788,180;1185,167;1196,018
024:0,003;787,268
025:0,003;748,144;871,164
026:0,003;747,147;881,182;916,156;984,270
027:0,003;75,254;499,120;641,194;717,185;1035,206;1070,025;1142,168
028:0,003;620,092;633,023;745,003;846,131;1010,254;1142,168;1167,009
029:0,003;188,009;230,010;564,001;627,004;718,251;774,249;955,156;1063,272;1200,191
030:0,003;870,185;914,151;1056,191;1165,009
031:0,004
032:0,004
033:0,004;379,095;478,003;523,268;619,004;1120,095
034:0,004;154,021;171,116;531,103
035:0,004;449,180;479,093;526,024;543,191;981,147
036:0,004
037:0,004;68,197;257,001;392,264;517,254;713,206;935,004
038:0,004;899,199;982,004
039:0,004;523,268;526,004
040:0,004
041:0,005;342,252;542,004;823,002;917,182;1024,131
042:0,005;322,254;397,110;464,098;467,023
043:0,005;319,023;691,117;751,153;756,023;1103,202;1132,114
044:0,005;316,254;319,023;1027,123;1145,023
045:0,005;319,023
046:0,005;319,023;1102,020
047:0,005;353,019;359,216;488,022;530,018;560,154;675,208;700,212;941,249;1012,156
048:0,005;319,023;691,117;827,023
049:0,005;353,243;399,023
050:0,005;319,023;530,107;538,118;687,109;1049,164;1161,123
051:0,006;268,147;568,114;1083,260
052:0,006;286,114;390,180;762,020;904,023;979,206
053:0,006;326,252;1190,261
054:0,006;257,201;302,144;376,002;774,023;871,175;999,185
055:0,006;254,260;326,252;341,135;345,011;379,095;616,169;808,023;816,131;831,023;1083,130;1195,238
056:0,006;302,144;646,147;750,113;868,268
057:0,006;281,240;286,114;610,232;901,261;943,020
058:0,006;298,243;408,019;421,143;522,095;528,134;649,155;717,260;840,275;890,165;998,114;1039,185;1162,146
059:0,006;254,260;305,180;424,025;580,130;874,214;900,018;1062,272
060:0,006;238,255;523,229;799,156;932,147;1124,146;1126,267;1191,180
061:0,007;84,014;101,013;119,094;154,021;182,246;331,013;481,086;613,020;638,137;691,105;708,020;766,134;786,140;819,211;883,264;1068,229;1165,188
062:0,007;22,120;154,021;182,246;188,009;228,151;263,019;483,232;485,002;542,150;751,217;927,191;1073,011;1129,018;1185,081
063:0,007;10,116;154,021;178,254;293,187;590,023;1011,169;1142,105;1186,103
064:0,007;22,120;154,021;174,139;188,009;233,150;679,113;725,120;808,023;989,188;1150,221
065:0,007;41,256;154,021;226,004;277,140;385,151;638,137;654,208;660,023;855,233;921,150;1132,218;1196,018
066:0,007;10,116;174,139;519,155;565,234;723,147;731,208;1136,098;1185,081
067:0,007;55,213;188,009;201,012;228,151;1024,023
068:0,007;15,004;24,229;676,023;767,132;1020,188
069:0,007;18,004;154,021;186,149;188,009;309,013;455,181;744,004;882,025;899,221;1139,118
070:0,007;26,229;200,008;289,083;311,015;322,018;381,214;414,219;564,001;607,223;942,002;971,025;1071,221
071:0,008;285,152;309,013;574,223;643,025;1018,242
072:0,008;285,197;350,003;406,243;510,174;705,113;765,020;773,025;1171,212
073:0,008;309,013;510,174
074:0,008;309,013;609,018;624,251;701,025;758,114;764,025;1139,151;1150,217
075:0,008;300,015;461,169;600,187;714,225;742,085;827,117;910,085;929,167;982,165
076:0,008;309,013;457,179;461,169;625,003;929,167
077:0,008;31,181;70,197;303,018;309,013;556,025
078:0,008;241,263;309,013;562,132;625,202;670,025
079:0,008;412,003;863,165;873,137;985,025
080:0,008;241,263;280,220;352,180;365,219;383,197;776,002;1043,020
081:0,009;18,132;25,192;62,003;131,110;750,229;1065,264;1194,243
082:0,009;13,212;29,160;200,008;218,216;276,151;336,083;372,221;493,078;749,254;1103,182;1194,001
083:0,009;29,160;630,178;867,118;917,233;1165,164
084:0,009;16,016;26,110;116,212;243,181;794,260;972,002;1092,269;1192,184
085:0,009;10,002;20,118;199,149;211,118;216,003;483,025;1132,001
086:0,009;8,015;26,110;193,003;690,258;703,025;873,113;989,178;1078,093;1092,269
087:0,009;13,212;379,178;584,023;630,124;642,132;990,023;1051,234
088:0,009;27,153;1163,252
089:0,009;8,251;213,006;240,011;643,095;678,002;694,228;840,095;895,219
090:0,009;8,251;101,003;137,118;467,204;511,275;724,206;1016,233;1126,153
091:0,010;530,107;679,011;686,085;885,134;996,193;1070,132
092:0,010;546,217;564,001;626,178;722,156;730,003;742,092;815,229;896,020;995,002;1013,133;1139,004
093:0,010;500,014;523,193;529,079;564,001;635,076;717,004;908,236;929,118;963,085;1000,261;1094,223;1111,102;1198,167
094:0,010;564,001;686,145;726,137;863,261;884,244;1003,085
095:0,010;179,102;216,160;229,202;1169,023
096:0,010;542,108;564,001;618,198;704,137;719,002;954,270;1107,109
097:0,010;564,001;618,198;686,145;856,085;982,246;1133,092
098:0,010;188,009;200,240;285,018;311,275;546,217;690,202;733,194;1045,132
099:0,010;523,193;1093,109;1113,113;1157,212
100:0,010;529,079;613,217;1035,131;1038,123;1189,181
101:0,011
102:0,011
103:0,011;319,023;418,011;463,007;494,022;504,221;805,185;869,201
104:0,011
105:0,011
106:0,011;318,263;334,011
107:0,011
108:0,011
109:0,011
110:0,011
111:0,012;111,168;225,164;248,003;337,209;424,025;1017,023
112:0,012;247,191;351,018;389,241;424,025;598,139;601,261;1166,079
113:0,012;247,191;298,192;300,102;388,192;830,223
114:0,012;225,229;279,135;424,025;1014,218
115:0,012;253,224;424,025;1074,097
116:0,012;265,135;335,116;361,011;424,025;601,261;683,134
117:0,012;275,160;382,260;410,254;809,153;905,160;1127,270;1169,260
118:0,012;154,021;270,219;656,003;875,179;957,160;1053,217
119:0,012;256,018;411,164;424,025;1014,218;1071,120;1174,004
120:0,012;225,164;328,197;426,025;791,192;818,092;864,181;1009,244
121:0,013;222,272;227,153;309,015;324,118;555,093;628,147;630,002;653,182;875,117;1010,004
122:0,013;188,009;191,012;222,272;471,010;482,147;655,191;893,249;921,232;1046,114
123:0,013;232,216;351,192;427,243;529,180;539,139;576,134;727,103;979,260;1040,249;1092,130
124:0,013;245,272;319,191;520,197;580,245;760,011;814,120
125:0,013;233,155;481,141;496,093;915,098;1066,232;1076,199;1098,001
126:0,013;301,090;302,014;657,095;1068,134;1122,223
127:0,013;238,255;511,149;653,182
128:0,013;229,129;259,201;296,232;706,025;855,178;948,202;1015,118;1112,184
129:0,013;112,149;229,129;233,155;285,216;292,192;296,178;549,011;858,133;879,025;1115,004
130:0,013;296,232;313,164;584,192;734,011;782,232;1192,194
131:0,014;522,191;613,020
132:0,014;613,020;1073,267;1098,001;1108,216;1188,023
133:0,014;642,246;947,175
134:0,014;703,193;880,234;966,275;1074,109;1082,184;1089,238
135:0,014;613,020;634,206;653,264;734,169;752,117;758,225;921,110;983,023;1182,275
136:0,014;613,020;813,165;962,114;985,174
137:0,014;617,020;739,260;762,140;797,234;819,150;842,130;901,020;1066,175
138:0,014;436,021;472,004;502,232;601,129;613,020;1066,092;1071,117
139:0,014;613,020;1103,194
140:0,014;601,129;613,020;1108,216
141:0,015;416,078;474,202;505,135;642,246;649,130;681,025;703,018;737,110;797,097;1127,134
142:0,015;519,105;661,137;809,004;1098,001
143:0,015;82,012;111,168;218,018;229,005;289,083;607,011;669,020;779,144;894,225;1098,001;1165,009
144:0,015;410,018;413,245;570,003;613,208;895,157;984,018;1011,181;1026,109;1098,001
145:0,015;420,120;953,212;960,201;983,085
146:0,015;433,141;607,002;618,244;850,169;982,103;1098,001
147:0,015;406,191;430,003;836,137;983,225;1098,001;1140,219
148:0,015;392,264;429,002;454,135;626,020;723,023;735,020;992,113;1098,001
149:0,015;393,185;694,252;729,244;1011,132;1046,244;1098,001
150:0,015;393,185;419,245;453,139;616,219;1098,001
151:0,016;158,258;309,013;367,001;436,021;496,155;819,102;1096,206;1148,093;1164,076
152:0,016;186,008;298,002;444,144;455,078;634,160;932,233;953,118
153:0,016;259,178;308,002;436,021;517,076
154:0,016;183,187;268,147;370,135;437,019;447,153;699,144;752,018;1169,169
155:0,016;165,220;206,015;217,116;225,002;335,275;436,021;504,097;519,234;561,164;846,117;867,092;907,095
156:0,016;177,081;183,187;424,025;429,134;436,021;594,264;1042,151;1112,167;1171,009
157:0,016;170,180;232,010;243,181;412,153;436,021;495,160;585,221;679,018;731,020;852,212;1165,009
158:0,016;170,180;273,005;352,080;436,021;526,260;733,157
159:0,016;179,102;436,021;569,025;696,011;712,157;825,018;1177,097
160:0,016;139,002;158,258;259,178;269,017;422,155;504,097;767,155;813,165;817,169;1026,105;1127,156
161:0,017;488,022;518,109;740,003;867,236;1187,250
162:0,017;449,179;488,022;585,014;645,020;690,003;1050,184;1187,236
163:0,017;444,120;488,022;553,187;754,110;972,023
164:0,017;432,204;488,022;513,023;525,103;561,275;1125,023
165:0,017;319,258;608,002;779,097;871,260;937,236
166:0,017;505,234;611,003;803,134;808,151;810,245;899,199
167:0,017;430,220;488,022;579,156;911,275;914,011
168:0,017;424,098;488,022;549,132;758,130;802,264;853,023;896,098
169:0,017;319,258;750,097;787,018;854,147;937,004;987,169;990,167;1090,232
170:0,017;320,140;784,003;786,131;1031,191;1035,214
171:0,018;1165,009
172:0,018;1179,264
173:0,018;624,251;638,002;670,109;680,151;764,221;1022,202;1049,093;1059,131;1115,103;1159,102
174:0,018;1165,009
175:0,018;669,225;771,223;778,117;840,020;919,185;978,018;1029,181;1165,009
176:0,018;1172,250
177:0,018;263,019;472,208;533,102;709,208;716,234
178:0,018;1165,009
179:0,018
180:0,018;1165,009
181:0,019;493,191;526,024;627,194;816,252;859,023;892,110;896,020
182:0,019;336,023;356,001;407,203;463,007;526,024;568,095;650,251;842,020
183:0,019;305,149;463,007;488,022;499,102;582,219;589,160;718,174;963,217;1053,018;1072,105
184:0,019;319,023;588,113;593,197;719,140;722,228;839,020
185:0,019;463,007;493,025;496,076;526,024;599,102;1124,165
186:0,019;463,007;498,004;564,001;615,011
187:0,019;213,228;340,139;416,102;463,007;526,024;565,124;611,268;660,206;718,201;864,252;933,097;1046,020;1058,242
188:0,019;499,102;526,024;576,109;635,093;1154,202;1188,147;1196,018
189:0,019;463,007;518,264;526,024;695,228;701,092
190:0,019;463,007;496,076;515,255;526,024;565,124;661,018;702,201;932,092;1064,182;1086,275
191:0,020;177,004;372,221;517,246;574,223;580,011;637,114;743,118;949,260;1153,131
192:0,020;28,202;448,018;712,095;768,114;954,267
193:0,020;19,219;323,149;450,185;786,018;799,076;1126,243
194:0,020;5,136;221,011;279,095;327,004;334,134;568,245;686,212;689,023;784,169;828,004;873,018;961,184;1074,160
195:0,020;28,003;82,090;256,246;358,212;431,264;641,002;662,219;756,178;796,251;866,011;961,184;997,201
196:0,020;19,219;34,001;88,219;249,129;322,192;350,229;371,011;441,093;487,004;565,083;610,025;618,164;1031,133;1096,191
197:0,020;31,181;150,090;309,260;701,003;790,181
198:0,020;25,192;384,212;544,140;651,246
199:0,020;44,010;192,161;207,004;747,184;801,105;946,206;971,233;1008,229
200:0,020;5,136;221,001;410,004;548,193;589,011;643,206;704,118;844,004;978,249;1137,208
