001:0,001;201,013;211,018;725,078;818,136;1136,231
002:0,001;108,157;140,023;212,018;541,150;638,165;877,246
003:0,001;128,016;197,231;513,088;552,194;606,163;715,103;1054,150
004:0,001;248,260;270,254;593,159;637,169;656,103;815,265
005:0,001;119,177;155,157;211,018;425,247
006:0,001;211,018;634,208;902,096;911,263;1192,237
007:0,001;258,178;405,121;537,274;543,130;713,158;1142,179
008:0,001;138,006;140,207;211,018;498,079;933,272;1098,217
009:0,001;211,018;1025,126;1063,103;1097,224
010:0,001;57,216;211,018;798,198;825,103
011:0,002;631,195;750,111;954,243;1184,134
012:0,002;553,231;721,012;755,267
013:0,002;578,237;613,008;937,137;1049,105
014:0,002;598,096;1026,260;1044,183;1085,237;1174,175
015:0,002;614,155;644,152;696,265
016:0,002;448,158;708,077;1085,153
017:0,002;580,246;607,020;872,231;883,138;1058,019;1121,117;1163,272
018:0,002;580,102;670,150;965,236;992,096
019:0,002;486,122;588,217;699,012;792,076;872,231;1120,103
020:0,002;217,207;272,158;430,161;580,246;709,018;859,126
021:0,003;386,210;525,153;587,104;1155,148;1200,207
022:0,003;385,089;587,008;710,086;856,144;960,175;1122,230
023:0,003;517,198
024:0,003;189,147;642,252;717,088;1001,263;1055,106;1091,159
025:0,003;69,107;97,003;221,231;243,178;290,268;332,111;365,253;405,200;549,008;634,198;750,212;996,170;1024,205;1061,141
026:0,003;185,152;740,169;755,012;893,134;981,148;1016,172
027:0,003;344,264;356,153;457,080;474,111;928,222;962,170;1054,105
028:0,003;269,257;298,003;372,197
029:0,003;396,263;498,274;658,109;1012,019
030:0,003;315,208;363,204;385,089;450,265;536,002;573,159;665,262;726,145;982,132
031:0,004;36,153;178,158;271,172;290,183;309,197;473,134;1081,205
032:0,004;48,086;63,016;111,141;161,001;241,197;358,179;470,103;705,019;875,166;1079,213
033:0,004;53,220;625,141;1040,207
034:0,004;84,183;618,148;937,141;1056,110
035:0,004;103,015;211,240;309,002;411,109;507,179;821,267;986,079;1018,224;1167,117
036:0,004;48,086;66,249;171,141;211,018;410,194;662,220;674,144;819,012;1119,141
037:0,004;142,207;334,003;360,145;407,008;543,221;578,237
038:0,004;36,153;475,078;563,221;918,236;938,238
039:0,004;38,152;105,111;181,077;224,220;741,142;766,195;830,012;962,170;979,019
040:0,004;66,249;305,013;370,175;610,096;893,086
041:0,005;73,195;84,001;152,015;249,263;821,269;999,012
042:0,005;108,157;332,216;367,130;443,204;612,175;742,249;1047,100;1115,261;1160,097
043:0,005;84,183;210,008;402,148;527,163;581,102;1063,148
044:0,005;92,016;121,201;383,134;485,012;531,019;566,236
045:0,005;73,195;532,166;669,147;1067,152;1182,224
046:0,005;96,077;136,195;587,078;595,153;665,159;707,199;835,172;1010,094;1153,124
047:0,005;233,146;561,100;585,230;771,141;931,167;1152,012
048:0,005;167,208;579,150;840,175
049:0,005;173,239;192,208;294,255;360,264;788,019;922,139
050:0,005;80,187;248,145;332,183;353,126;846,142
051:0,006;323,252;599,240;658,079;1145,166
052:0,006;268,103;280,262;358,020;406,078;511,148;825,217;1059,012
053:0,006;211,240;379,018;453,169;527,178;639,204;646,144;665,242;867,019;1019,086;1089,186
054:0,006;265,002;302,204;304,129;422,205;515,078;689,197;705,018;806,213;1149,199
055:0,006;257,163;680,104
056:0,006;89,162;96,076;99,255;236,214;291,209;399,252;415,145;443,254;659,147;723,152;1040,121
057:0,006;314,117;371,100;780,097
058:0,006;257,163;360,078;398,239;466,108
059:0,006;47,111;63,009;236,214;337,141;457,018;978,256
060:0,006;261,020;371,100;496,247;552,195
061:0,007;25,080;93,265;288,249;347,207;353,187;629,237;1055,249
062:0,007;120,185;140,023;385,201;571,158;758,012
063:0,007;119,216;672,012;806,153;1108,138
064:0,007;91,234;140,023;372,121;388,208;393,158;475,147;660,136;723,216;877,222;917,264;1051,212
065:0,007;140,023;448,201;588,165;947,256;977,085;1175,012
066:0,007;46,125;140,023;388,204;852,153;898,242;999,137
067:0,007;9,018;18,107;120,185;140,023;438,136;987,220
068:0,007;83,141;140,023;414,146;646,094;744,236;891,110;948,012;1021,260
069:0,007;18,107;25,080;140,023;339,101;437,018;611,097;751,208;827,148;1046,124
070:0,007;104,209;294,159;352,134;437,147;438,136;582,113;620,097;747,256;826,109;1175,012
071:0,008;88,016;106,159;360,199;532,008;790,167;797,221;953,272;999,230;1175,261;1183,210
072:0,008;945,275
073:0,008;945,275
074:0,008;442,103;536,239;545,121;550,197;607,078;785,126;820,167;1037,096
075:0,008;256,199;703,220;964,165
076:0,008;821,269
077:0,008;675,100;741,254;823,085
078:0,008;224,254;270,204;284,157;350,008;440,209;451,253;588,247;842,199;1057,263;1171,147
079:0,008;823,085;957,012;1035,124;1092,272;1198,240
080:0,008;113,240;117,238;518,019;613,144;643,187;658,088;756,008;823,144;838,076;899,121
081:0,009;211,193;376,018;487,196;513,019;1006,150
082:0,009;243,274;513,019
083:0,009;236,104;283,078;465,261;513,019
084:0,009;111,076;362,148;402,142;507,189;513,019
085:0,009;210,013;338,248;513,019
086:0,009;228,262;261,165;540,249;975,207;1183,273
087:0,009;218,122;243,139;513,019;804,100;954,153;993,232
088:0,009;243,139;290,193;414,088;625,264
089:0,009;47,012;58,265;325,165;462,153;710,086;1001,012;1183,273
090:0,009;414,088;487,196;513,019;691,207;773,210;1010,236;1188,126
091:0,010;212,157;283,126;326,231;350,003;372,121;593,200;601,089;1119,097;1153,152
092:0,010;121,201;440,129
093:0,010;163,239;249,158;311,003;383,267;669,194;749,097;1100,209
094:0,010;171,141;264,130;710,183;815,169
095:0,010;94,210;276,104;354,129
096:0,010;224,254;233,102;343,008;371,247;454,109;635,178;1033,144
097:0,010;141,145;189,249;207,204;255,239;544,169;1078,137
098:0,010;94,210;497,267;520,210;645,020;682,018;878,186;933,208
099:0,010;151,104;275,217;343,104;668,008;776,204;829,238;1184,142
100:0,010;130,134;372,238;386,209;523,249;539,210;764,020;955,186;1130,209
101:0,011;37,143;75,018;88,158;139,078;347,008;785,209;1108,200
102:0,011;57,216;95,080;392,111;742,252
103:0,011;68,151;106,268;309,224;593,008;607,232;811,264;905,186;1074,222
104:0,011;104,209;236,238;353,012;622,254;818,232;825,183;914,101;936,096;970,138;1082,147
105:0,011;68,151;73,078;119,177;236,077;706,157;797,265;813,089;859,272;938,165;1145,186
106:0,011;45,126;275,008;307,267;396,208;642,183;1053,132
107:0,011;64,005;73,078;172,200;1071,170
108:0,011;45,126;781,175;939,262
109:0,011;93,240;136,020;172,200;401,159;502,209;679,102;930,209;1063,167
110:0,011;60,132;959,183;1036,136
111:0,012;394,106
112:0,012;964,101;1007,267;1094,106
113:0,012;360,253;589,012
114:0,012;263,106;479,239;523,079;616,243;756,246
115:0,012
116:0,012
117:0,012;616,243;706,008;798,078;837,272;926,106;1035,194;1193,085
118:0,012;695,210;812,238;935,102
119:0,012;967,243
120:0,012;263,106;286,145;602,169;609,109;820,197
121:0,013;527,212;614,265;749,020;799,179
122:0,013;448,094;629,138;763,265;781,088
123:0,013;40,217;405,080;487,175;508,113;591,238;742,138;872,179;1109,267
124:0,013;156,217;222,216;325,013;518,249;610,136;621,020;885,261;1080,145
125:0,013;381,002;557,252;579,109;593,121;884,108
126:0,013;249,193;274,008;394,108;649,204;774,152;1084,245
127:0,013;430,161;453,222;583,263;734,122
128:0,013;431,172;705,230;986,249
129:0,013;492,165;594,212
130:0,013;438,265;592,122;732,136;782,221;796,216;851,256;983,145;1052,247
131:0,014;56,199;201,076;340,012;351,222;805,263;987,159
132:0,014;153,109;431,132;557,265;665,200
133:0,014;128,175;227,015;237,146;255,018;728,262;800,106;912,155;1159,079;1200,208
134:0,014;63,262;312,139;418,217;684,155;743,243;966,230;1091,077
135:0,014;89,268;168,006;240,129;326,240;352,008;411,221;551,274;663,208;750,159;1082,260
136:0,014;87,172;578,132;595,178;608,172;819,117;861,198;1185,165
137:0,014;56,104;153,109;385,159;400,216;741,221;769,097;773,222;837,158;975,076;992,247;1030,170
138:0,014;128,175;405,183;679,105;1049,178;1192,243
139:0,014;63,125;147,002;225,111;470,089;755,019;800,272;856,216;1038,148;1098,169;1132,269
140:0,014;56,199;153,134;220,260;243,274;496,134;706,122;770,100;876,012;1126,175;1172,094
141:0,015;294,148;331,179;551,267;790,012;798,142;876,117;1106,261;1107,146
142:0,015;294,148;486,240;589,222;750,108;883,166;970,137;975,166
143:0,015;261,165;312,265;316,117;350,106;366,178;525,189;556,138;567,008;634,105;1044,141;1109,199;1147,144;1164,012
144:0,015;368,240;694,199;724,147;1040,242
145:0,015;218,122;262,167;547,142;701,231;729,252
146:0,015;135,006;260,175;334,214;363,256;916,208;918,094
147:0,015;252,167;450,012;689,262;931,111
148:0,015;21,007;36,158;195,078;257,261
149:0,015;257,261;378,013;426,163;503,012;526,209;895,089;1019,019;1059,138
150:0,015;264,169;270,080;441,240;448,094;988,256
151:0,016;112,107;118,001;241,197;281,210;352,214;424,252;527,008;588,261;744,094;756,220;897,205;1012,158
152:0,016;225,267;318,249;390,234;513,019
153:0,016;214,230;447,130;520,159;564,121;1039,208;1136,153
154:0,016;365,108;395,113;464,169;544,238;824,213;1079,142;1165,019
155:0,016;48,013;73,077;631,144;703,209;784,122
156:0,016;211,018;236,234;464,141;769,094;801,155;821,230;960,126;1023,088
157:0,016;266,256;700,240;719,252;734,172;1146,211
158:0,016;334,020;387,230;637,246;850,019
159:0,016;214,230;266,256;325,158;368,214;654,159;975,019
160:0,016;233,102;351,187;683,224;1017,210;1181,144
161:0,017;99,255;416,238;585,242;1053,012;1078,245;1142,158;1187,230
162:0,017;70,136;189,224;699,212;739,012
163:0,017;38,152;433,189;646,018;673,157
164:0,017;37,179;305,013;487,166;625,204;636,132;1038,012;1077,102
165:0,017;83,141;89,224;114,015;400,142;842,077
166:0,017;39,016;61,224;263,153;338,248;543,148;596,088;701,108;724,144;1111,101
167:0,017;37,143;100,120;205,153;237,003;282,264;621,155
168:0,017;70,136;218,138;685,019;698,146
169:0,017;47,013;118,016;151,001;214,138;340,263;345,008;348,217;482,106;698,146;1101,089;1151,086;1161,019
170:0,017;100,120;169,162;236,234;339,018;472,186;487,166;530,267;546,199;609,012;905,101
171:0,018;149,189;415,178;561,122;610,018;798,199;1035,101;1063,199
172:0,018;190,178;252,003;316,205;715,246;733,142;735,205
173:0,018;71,010;99,145;262,146;413,194;514,018;718,019;825,222;888,208;1025,109
174:0,018;161,008;582,012;725,240;1053,147;1157,169
175:0,018;187,130;192,268;224,141;335,189;475,018;822,207;1004,019;1124,134;1184,217
176:0,018;190,179;357,207;670,178;840,012;1087,211
177:0,018;149,189;187,130;305,104;307,207;963,100
178:0,018;190,178;211,159;259,254;376,018;936,220
179:0,018;203,239;280,023;437,214;670,240;918,019;923,100;1032,079
180:0,018;156,204;434,221;492,217;580,179;749,134;886,195
181:0,019;141,263;273,103;291,122;539,012;550,242;610,019;760,194
182:0,019;48,132;277,141;618,232;685,153;847,210
183:0,019;38,076;54,208;56,001;217,260;319,239;345,205;406,267;490,167;764,261;836,094;898,222
184:0,019;38,076;167,199;299,187;353,159;575,167;924,240;1197,261
185:0,019;47,111;272,231;318,262;622,194;1003,269;1037,134
186:0,019;86,187;346,020;781,117
187:0,019;54,208;171,023;391,012;553,002;602,221;728,224;1022,111
188:0,019;93,238;195,147;429,020;737,153;804,243;933,232;934,216;1064,240
189:0,019;89,162;242,153;259,122;445,231;567,198;594,252;719,232;1183,019
190:0,019;102,208;139,003;353,008;458,230;527,274;533,175;792,076;833,126;933,139
191:0,020;857,262
192:0,020;458,152;509,020;813,217;1180,263
193:0,020;781,117;804,138;912,150;1047,199;1097,242
194:0,020;866,178
195:0,020;332,113;541,205;754,018;881,232;886,142;1030,224;1067,209;1090,264
196:0,020;636,077;810,110
197:0,020;372,262;687,008;706,154;890,076;992,144;1030,012;1082,126;1185,213
198:0,020;473,145
199:0,020;706,154;890,231;1160,167
200:0,020;807,110;870,157
