001:0,001;286,189;440,156;580,123;1004,002;1070,239
002:0,001;254,013;262,159;279,146;335,189;367,146;374,086;399,202
003:0,001;264,203;290,078;342,208;613,143;696,164
004:0,001;291,247;395,020;500,155
005:0,001;150,152;590,006;604,180;809,147;976,192;1120,002
006:0,001;278,218;781,161;858,126
007:0,001;57,127;224,263;442,006;871,157
008:0,001;278,218;358,096;451,180;753,143;928,106;1118,208
009:0,001;148,160;275,120;308,262;343,020;761,157
010:0,001;308,262;347,274;424,160;519,261
011:0,002;103,090;114,010;276,199;592,166;652,165;665,221;758,231;854,253;964,242
012:0,002;118,165;135,081;252,008;296,151;365,008;389,189
013:0,002;198,219;461,228;537,248;594,199;820,258;1167,133
014:0,002;135,081;333,008;406,020;729,246;966,189
015:0,002;7,005;160,163;629,250;827,161
016:0,002;133,007;170,232;491,106;516,237;1134,106
017:0,002;160,010;457,133;514,263;543,207
018:0,002;115,215;182,120;447,136
019:0,002;85,130;162,103;276,199;1141,019
020:0,002;110,231;612,136
021:0,003;24,164;26,100;139,019;298,152;901,246
022:0,003;44,167;355,010;373,154;633,242;647,247;915,270
023:0,003;25,155;358,006;388,167;468,178;625,221;648,187
024:0,003;24,164;515,190;854,242;914,077
025:0,003;34,118;97,191;118,201;763,006;1094,197
026:0,003;25,155;116,190;239,211;269,101;396,136;406,131;416,251;615,255
027:0,003;26,100;175,131;811,239;1067,132;1171,258
028:0,003;45,016;55,172;207,001;250,154;296,077;573,164;632,163;1004,221
029:0,003;32,180;442,202;486,151;792,152;1159,123
030:0,003;29,002;55,020;227,192;539,154;710,006;1067,132;1094,197
031:0,004;126,152;261,160;382,143;531,229;658,156;764,201;780,002;1071,101;1098,177;1190,079
032:0,004;90,024;139,001;211,132;284,258;745,268;835,255;889,180;1008,260;1116,116
033:0,004;100,203;254,088;558,118;631,248
034:0,004;106,198;499,161;783,165;1157,249
035:0,004;90,024;132,088;250,132;332,100;368,198;430,235;476,220;657,077;850,209;1021,190
036:0,004;158,019;255,270;355,161;430,019
037:0,004;89,116;90,024;214,143;244,090;295,010;476,220
038:0,004;90,024;106,198;135,090;207,010;371,251;425,101;742,006;834,272;950,243
039:0,004;100,203;533,151
040:0,004;89,116;90,024;117,201;131,180;282,157;631,172;737,220;794,221;825,151;1082,253
041:0,005;108,221;207,130;295,086;494,258
042:0,005;42,016;52,164;90,024;122,191;159,211;426,091;598,133;617,251;818,082
043:0,005;30,123;497,086;592,211;721,127;797,248;1035,126
044:0,005;146,265;179,172;536,211;793,133;1152,132
045:0,005;90,024;139,237;473,123;544,106;645,154
046:0,005;221,253;283,154;420,183;531,146;639,133;1026,091
047:0,005;100,008;130,211;171,167;661,168;727,154
048:0,005;127,208;477,250;672,253;839,091
049:0,005;150,086;359,166;681,267;707,165;878,082;987,177;1165,220
050:0,005;30,123;465,189;586,218;785,261;1113,079
051:0,006;431,231;464,121;490,006;1057,129;1197,274
052:0,006;762,159
053:0,006;1015,146
054:0,006;544,157;618,239;642,229;713,243
055:0,006;548,253
056:0,006;1077,174
057:0,006;1141,270
058:0,006;108,221;352,082;407,146;502,008;646,112;784,268;977,002
059:0,006;548,253;557,006;1057,100
060:0,006;1057,129
061:0,007;90,024;101,164;185,157;282,219;702,274;718,178;788,156;877,096
062:0,007;230,198;244,191;276,104;291,132;316,235;382,006;440,126;938,125
063:0,007;230,185;408,155
064:0,007;260,201;328,120;360,104;374,251;414,082;867,161;942,168
065:0,007;230,077;456,190;488,077;797,116;1084,270;1116,247
066:0,007;224,183;465,127;783,263;876,201;1008,215;1104,232
067:0,007;224,183;302,211;583,261;632,237;952,168
068:0,007;275,258;383,101;674,220;706,252;747,274;1172,087
069:0,007;373,187;643,178;1089,122
070:0,007;224,001;229,104;578,203;658,106;897,165;1052,233
071:0,008;218,125
072:0,008;566,255;591,215
073:0,008;320,096;354,008;599,267;830,177;1084,121
074:0,008;515,167;550,239;593,147;767,168;927,271
075:0,008;549,242;703,121;1076,272
076:0,008;593,147;714,156;1103,101
077:0,008;13,144;287,020;355,221;477,161;548,202
078:0,008;590,106
079:0,008;549,242;591,122
080:0,008;13,144;97,008;591,122;1047,139;1118,082
081:0,009;204,260;655,139;1023,079;1184,115
082:0,009;165,215;474,179;549,172;559,191;657,166;756,147
083:0,009;238,121;272,204;327,270;358,143;378,187;1121,249;1147,190
084:0,009;202,232;405,172;608,251
085:0,009;198,248;708,159;747,118
086:0,009;121,157;158,248;186,191;460,198;615,231;752,198
087:0,009;202,228;329,191;561,267;565,121;722,096;851,267
088:0,009;101,143;765,086
089:0,009;272,204;462,151;525,088;526,123;1147,192
090:0,009;229,215;239,100;319,144;914,116
091:0,010;381,168;481,125;687,260;995,161;1115,100;1166,255
092:0,010;462,273;531,168;700,198;734,242;806,116;874,190;1019,192;1047,002
093:0,010;107,090;616,104;799,178
094:0,010;584,271;1035,268
095:0,010;512,094;816,087;940,191;1160,268
096:0,010;277,086;287,237;603,094;835,191;899,244
097:0,010;512,094;584,271;798,232;1052,271;1190,199
098:0,010;462,273;1152,209
099:0,010;496,207;706,168;943,247
100:0,010;422,229;509,079;559,209;1098,248;1151,239
101:0,011;362,244;890,143;1137,185
102:0,011;299,131;358,121;611,019;634,139
103:0,011;318,116;802,229;823,251;1070,019
104:0,011;208,132;222,008;361,249;721,116;796,235;817,002;959,208;1096,178
105:0,011;358,121;405,250;515,121;530,192;628,273
106:0,011;367,008;405,250;450,179;1138,267
107:0,011;137,009;142,146;256,221;993,006;1038,182
108:0,011;318,116;640,086;1086,084;1176,139
109:0,011;325,180;558,260;599,208;678,144;1090,251;1165,261
110:0,011;381,168;622,157;683,177;979,096;980,019
111:0,012;112,136;203,088;496,207;526,191;557,232;1195,156
112:0,012;206,225;701,182;1001,019;1035,171
113:0,012;181,084;747,150
114:0,012;181,084;1167,235
115:0,012;230,078;338,159;654,006;701,182;929,143
116:0,012;206,225;284,125;301,208;338,008;490,079;657,127;690,172;744,179
117:0,012;10,103;88,178;683,006;710,150;1035,171
118:0,012;193,211;234,165;757,267;1046,180;1175,101;1178,152
119:0,012;158,248;261,077;282,091;300,261;342,178;428,232;752,270;795,161;811,180;820,235;909,255;990,082;1005,255;1090,156;1166,019
120:0,012;10,103;269,127;431,267;488,252;780,201;844,084;1081,146
121:0,013;446,118;624,121;689,203;846,272;1010,163
122:0,013;389,179;451,086;706,082;709,207;1077,221
123:0,013;256,172;402,132;534,239;549,088
124:0,013;283,011;290,249;359,160;516,019;632,235;824,131;994,237;1006,118
125:0,013;112,136;471,229;573,131
126:0,013;393,209;823,247;1106,219
127:0,013;393,209;446,118;487,260;535,267;677,101;930,263;967,272
128:0,013;379,260;476,163;1157,185
129:0,013;378,244;924,002;1179,115
130:0,013;238,154;250,143;354,253;454,091;765,084;771,180
131:0,014;139,237;146,161;192,020;218,247;261,253;457,133;780,002
132:0,014;146,161;270,008;363,255;405,121;452,247;640,088;710,104
133:0,014;169,120;223,260;350,010;363,255;780,002;1174,237
134:0,014;132,013;164,020;196,091;430,268;780,002;885,087;1171,165
135:0,014;150,082;302,011;313,125;424,247;441,006;554,263
136:0,014;227,192;526,232;555,228;651,261;780,002;1089,185;1156,002
137:0,014;171,135;212,020;218,247;769,233;780,002;1130,270;1134,096;1179,161
138:0,014;133,013;404,239;442,255;553,121;555,112;848,077;909,002
139:0,014;145,198;159,146;276,270;322,203;404,261;541,228
140:0,014;171,009;175,082;656,253;668,167;780,002
141:0,015;246,243;474,219;1179,100
142:0,015;284,252;429,154;507,008;541,196;672,159;686,178;698,125;709,219;874,199
143:0,015;244,252;642,167;776,091;824,002;970,244;1072,133
144:0,015;282,161;329,132;620,096;971,112
145:0,015;248,013;375,204;404,239;854,006;916,235;1008,144
146:0,015;246,243;903,219;1082,192;1182,180
147:0,015;258,096;297,248;302,090;689,231;852,268;1116,112;1150,086;1186,132
148:0,015;338,201;451,274;500,221;621,189;677,157;817,271;836,221;1053,165
149:0,015;244,252;250,235;263,159;625,243;677,242;834,235
150:0,015;198,219;277,096;704,203;923,220;1154,187
151:0,016;60,235;612,020;693,189;919,144;923,102
152:0,016;81,263;616,198;699,185;738,249;762,201;991,182
153:0,016;25,261;115,006;126,152;136,208;207,267;420,164;956,121;1167,019
154:0,016;81,263;202,228;544,006;596,253;626,112;640,159;988,260
155:0,016;139,100;368,215;972,164
156:0,016;25,261;60,235;84,157;98,012;209,015;216,101;370,268;426,010;487,112;592,179;731,166;740,121;948,019;967,246
157:0,016;49,001;55,172;96,137;138,009;172,155;185,201;252,011;303,151;476,209;484,126;652,263;733,246;864,239;1148,143
158:0,016;144,011;207,267;550,177;664,239;810,249;1082,209;1154,244
159:0,016;63,157;478,235;708,126;837,006;923,102
160:0,016;63,157;71,165;565,192;744,088
161:0,017;8,185;239,163;407,019;436,156;709,248;796,112;1110,215
162:0,017;38,180;48,268;322,008;428,126;445,185;506,198
163:0,017;31,190;424,006;481,106;568,267;598,248;599,086;621,208;946,019;995,131
164:0,017;8,131;93,130;406,232;428,126;436,020;602,177;810,019;881,002;942,079;989,253;1015,147
165:0,017;22,001;83,178;290,190;1106,207
166:0,017;12,165;28,006;326,261;400,248;482,231;638,019;1003,159
167:0,017;8,185;41,165;47,011;103,253;116,135;166,201;171,020;715,270;876,019;907,191;919,152
168:0,017;12,165;77,002;116,135;248,268;683,208
169:0,017;96,137;147,185;215,231;376,218;533,006;638,260;827,242
170:0,017;8,131;196,144;656,191;950,002;1041,150;1166,181
171:0,018;32,015;36,118;122,009;129,166;337,146;658,191;667,020;832,181;1146,156
172:0,018;31,127;489,112;501,211;510,006;522,008;548,166;566,006;875,077
173:0,018;65,091;129,166;475,096;598,127;608,091;973,263
174:0,018;44,268;199,155;473,201;733,125;906,006;1026,123;1107,274
175:0,018;53,191;240,185;686,228
176:0,018;72,185;78,261;302,225;512,185;759,006;803,270;973,191
177:0,018;64,125;65,091;90,024;92,091;267,146;357,261;503,118;549,196;986,161;995,196
178:0,018;9,274;1072,100;1098,151
179:0,018;9,274;222,161;499,243;507,157;538,274;695,152;717,196
180:0,018;80,265;190,160;208,136;358,228;451,203;702,250;826,104
181:0,019
182:0,019
183:0,019
184:0,019
185:0,019
186:0,019
187:0,019
188:0,019
189:0,019;765,006;884,112;945,019
190:0,019
191:0,020;711,233
192:0,020;607,174;954,087
193:0,020;290,249
194:0,020;327,159;334,202;381,104;671,161;751,192;1010,237
195:0,020;688,243;704,192;923,156;1053,267;1092,144
196:0,020;550,177;598,172;680,229;833,101;1130,267;1132,260
197:0,020;699,159;705,087;844,233;1017,235;1164,209
198:0,020;743,118;968,079;1109,185;1120,123
199:0,020;101,143;210,020;334,202;441,020;705,087;780,002;847,181
200:0,020;607,174;1197,121
