001:0,001;856,213;956,107;990,188
002:0,001;824,018;872,258;897,241;995,005
003:0,001;847,002;1019,152;1123,002;1195,251
004:0,001;61,248;71,016;178,001;854,200;1101,005;1149,126
005:0,001;872,258;891,142;901,086;924,015;1108,173
006:0,001;895,105;985,213;1104,211;1123,246
007:0,001;783,139;804,253;1148,248
008:0,001;856,086;953,215;1020,250;1102,087
009:0,001;61,248;65,081;540,150;705,166;724,015;759,017;854,200;1102,112
010:0,001;214,023;271,093;434,250;451,228;827,016;851,004;1062,188
011:0,002
012:0,002
013:0,002
014:0,002
015:0,002
016:0,002
017:0,002;12,229;246,017;451,009;603,013;666,002
018:0,002
019:0,002
020:0,002
021:0,003;924,007
022:0,003;924,007;1140,080
023:0,003;858,087;990,084
024:0,003;924,007
025:0,003;905,266;924,007
026:0,003;924,007
027:0,003;924,007
028:0,003;924,007
029:0,003;183,082;245,003;990,084
030:0,003;137,169;428,257;507,192;650,202;938,105;1042,150;1180,148
031:0,004;1161,133;1171,164
032:0,004;925,017;943,117;1068,156
033:0,004
034:0,004
035:0,004
036:0,004
037:0,004;698,156
038:0,004;954,188;1033,267;1051,115;1059,004;1161,133
039:0,004;477,232;916,085;967,004
040:0,004
041:0,005;418,133;544,175;578,004;853,018;911,005
042:0,005;357,102;705,013;852,184;901,004
043:0,005;367,004;382,010;422,190;426,004;468,090;911,005
044:0,005;348,231;435,014;437,166;692,204;1141,017;1180,133
045:0,005;351,171;544,139;598,014;656,223;817,002;837,009;911,005;1040,020;1140,195
046:0,005;380,013;485,001;656,223;852,184;911,005
047:0,005;281,194;546,102;911,005
048:0,005;340,154;614,145;911,005
049:0,005;357,258;382,010;474,186;520,160;911,005
050:0,005;340,154;360,013;379,158;416,228;437,002;457,133;508,264;596,017;641,232;819,112;824,018;924,007;1077,107;1156,208;1180,004
051:0,006;133,188;180,248;343,078;387,135;491,209;549,076;709,009;873,232
052:0,006;18,237;419,015;503,139;555,012;563,194;1091,013;1188,015;1198,017
053:0,006;17,132;31,115;71,013;180,248;324,227;466,092;510,093;553,227;696,134;742,246;921,202
054:0,006;26,146;415,115;607,154
055:0,006;26,146;394,166;399,008;402,164
056:0,006;31,115;653,192;760,081;845,094;1194,015
057:0,006;20,152;365,115;400,146;403,001;467,171;596,124;838,174;930,232;971,007;983,002;1007,118;1012,257;1181,118
058:0,006;56,119;302,007;467,209;586,198;763,003;788,119;920,092;992,164;1160,013
059:0,006;20,152;202,013;205,115;362,198;764,231;1067,105
060:0,006;8,266;307,013;326,166;788,227;1027,215
061:0,007;409,175;1073,114;1189,237
062:0,007;382,010;409,175;412,119;762,175;944,257;986,232;1096,118
063:0,007;434,012;447,196;500,186;529,253;695,004;698,246;762,192;821,003;825,223;850,226;883,004;904,112
064:0,007;471,175;510,158;557,094;943,004;1059,269;1165,257
065:0,007;382,010;454,081;621,253
066:0,007;382,010;426,078;472,002;494,122;505,255;688,135;718,004
067:0,007;382,010;467,231;554,081;698,246;700,012;715,104;726,115;1042,237
068:0,007;329,126;378,169;382,010;443,134;965,086;1168,138
069:0,007;220,008;257,218;310,001;320,156;382,010;426,211;443,134;614,115;773,134;833,016;962,269;998,007;1095,086
070:0,007;428,166;436,118;526,250;530,017;790,169;1136,148
071:0,008;498,144;552,135;648,017;657,098;747,156;886,122;968,144;1070,128
072:0,008;469,129;477,112;514,015;696,269;1043,270
073:0,008;498,002;696,269;703,194;793,087;1025,085;1109,175;1187,007
074:0,008;469,129;611,160;624,164;826,194;846,231
075:0,008;508,227;838,076
076:0,008;503,002;931,156;936,246;1047,241;1062,221;1166,232
077:0,008;392,258;458,152;471,001;520,160;584,144;1120,092;1159,246
078:0,008;498,144;699,098;707,228;778,267
079:0,008;494,192;602,129;854,270;1038,175;1094,007
080:0,008;477,112;1024,092
081:0,009;912,116;989,020
082:0,009;648,017;722,197;920,015;964,128
083:0,009;928,248;989,020
084:0,009;875,117;918,154;978,128;989,020
085:0,009;919,017;989,020
086:0,009;912,116;945,220;989,020
087:0,009;953,215;989,020
088:0,009;875,117;989,020
089:0,009;722,197;989,020
090:0,009;984,080;1093,094
091:0,010;18,250;162,115;164,198;308,164;561,087;746,012;864,085;1018,004;1043,093
092:0,010;74,102;476,012;498,107;908,208
093:0,010;12,229;74,102;298,081;299,152;807,145
094:0,010;8,169;145,164;247,009;379,145;606,150;996,005
095:0,010;17,240;151,266;225,009;504,094;584,248;734,001;749,102;974,134
096:0,010;51,250;548,219;757,190;1132,220
097:0,010;25,202;636,250;702,219;894,009;902,190;1180,213;1188,231
098:0,010;8,169;25,202;266,135;379,231;777,017
099:0,010;53,198;369,124;736,012;757,158;1173,020
100:0,010;8,266;135,018;145,164;372,009;379,145;549,012;800,208;896,270
101:0,011;94,192;214,023;318,190;468,090;756,192;824,018;883,246;937,017
102:0,011;227,118;664,001;671,086;881,017
103:0,011;214,023;301,266;460,227;543,092;575,093;824,018;890,004;1070,148;1172,160
104:0,011;225,227;419,169;629,081;930,005;1184,190
105:0,011;227,118;419,266;467,255;487,211;824,018;879,017
106:0,011;225,227;247,257;654,009;716,139;730,166;824,018;950,111;1028,007;1070,104;1102,208;1110,267;1196,132
107:0,011;214,023;253,094;550,171;597,135;1162,194;1193,017
108:0,011;214,023;321,241;351,012;373,007;409,154;572,112;617,192;738,001;824,018;915,090;1017,264
109:0,011;214,023;247,257;253,094;400,003;470,248;538,013;716,139;877,201;1023,174;1138,090
110:0,011;94,192;214,023;271,119;579,004;586,188;773,003;778,087;824,018;925,142;1004,107;1061,013
111:0,012;443,267;504,012;809,093;852,195;856,080;970,174;995,005;1064,114
112:0,012;852,195;869,202;904,152;996,108
113:0,012;359,002;416,211;849,194;1004,150
114:0,012;804,122;875,015;883,221;1039,227
115:0,012;714,129;760,016;838,009;987,108;989,020
116:0,012;838,174;1070,017;1074,132
117:0,012;819,115;1094,093;1133,135;1138,209
118:0,012;856,080;987,108;1070,118;1107,213;1158,093;1193,227
119:0,012;799,152;1196,221
120:0,012;800,263;809,248;875,152;898,221;1081,015
121:0,013
122:0,013
123:0,013;749,154;904,211;1079,213
124:0,013
125:0,013;241,078;477,232;603,118;634,264
126:0,013;183,082;276,016;618,209;702,013
127:0,013
128:0,013
129:0,013;1101,007
130:0,013
131:0,014;677,263;732,269;881,209;1112,231;1138,211
132:0,014;685,015;858,090
133:0,014;717,092;919,227;950,202;986,208;1051,111
134:0,014;32,135;560,145;593,013;599,145;728,209
135:0,014;214,023;239,124;395,078;413,124;546,250
136:0,014;763,142;951,094;1000,007;1097,126;1127,117
137:0,014;603,190;787,250;809,264;1008,094;1062,266;1131,135;1133,190
138:0,014;32,135;202,014;725,150;1029,263
139:0,014;730,112;755,076;837,017;1097,126
140:0,014;689,263
141:0,015
142:0,015;73,076;975,013;1189,257
143:0,015;973,213;976,237;1020,156;1065,007;1085,274
144:0,015;657,098;693,119;781,202;833,211;915,015
145:0,015
146:0,015
147:0,015;214,023;239,190;329,248
148:0,015
149:0,015
150:0,015
151:0,016;765,111;872,227;912,220;940,156;982,085
152:0,016;854,268;924,007;953,218;1074,020;1112,269
153:0,016;698,156;727,202;729,257;868,018;909,269;953,086;1060,005
154:0,016;854,268;937,015;947,236;953,218;1185,085
155:0,016;872,139;877,081;921,145;941,197
156:0,016;803,098
157:0,016;861,220;1193,174
158:0,016;885,088;968,241;1054,208;1097,158
159:0,016;945,145
160:0,016;73,076;477,202;677,016;861,220;885,088;1158,221
161:0,017;1103,201
162:0,017
163:0,017
164:0,017;723,213;877,093;958,246;1112,250
165:0,017
166:0,017;864,013;911,005;1039,194;1127,174
167:0,017
168:0,017;927,213;994,080;1159,017
169:0,017
170:0,017;863,134;1104,104
171:0,018;362,267;428,004;492,250;519,257;773,111;1153,007
172:0,018;357,087;779,248;788,213;850,250;990,197
173:0,018;436,198;468,138;1025,257;1083,169
174:0,018;363,017;636,169;991,135;1010,269;1094,015;1154,135
175:0,018;358,264;712,107;731,253;734,188;976,002;1013,160;1102,194
176:0,018;362,267;632,159;643,267;706,002;897,241;966,004;1140,195
177:0,018;371,122;613,119;672,094;765,129;834,093;1076,135;1086,108;1142,076
178:0,018;357,087;358,264;498,138
179:0,018;434,228;537,122;606,014;676,104;709,015;726,226;951,102;975,015;1056,246;1150,169
180:0,018;385,004;427,159;644,004;834,201;1162,088
181:0,019;391,237;525,107;577,219;632,015;965,013;1196,173
182:0,019;36,081;97,016;504,152;720,092;945,160
183:0,019;281,194;358,013
184:0,019;36,081;63,019;353,228;426,086;809,263;983,093;1008,105;1148,087
185:0,019;122,093;794,112;813,122;968,227;1113,134
186:0,019;297,158;769,119;909,184;1022,117
187:0,019;358,009;638,001;718,190;751,160;999,128;1013,215;1186,004
188:0,019;297,158;348,201;408,257;410,014;426,086;482,003;540,169;657,219;699,001;835,112;879,003;1000,202;1198,005
189:0,019;348,201;372,194;703,104;1050,201;1080,115;1091,005
190:0,019;311,126;494,003;565,267;998,248;1008,087;1133,013;1189,201
191:0,020;332,219;355,013;414,204;1095,154
192:0,020;441,150;460,237;1159,105;1188,208
193:0,020;414,204;538,012;555,228;691,270;774,107
194:0,020;332,219;571,209;845,208;921,211
195:0,020;388,255;396,092;570,237;827,015;833,257;960,266;1015,098
196:0,020;382,138;492,009;605,188;722,257;728,135;735,145;770,158;898,111;905,266
197:0,020;396,092;455,211;485,086;559,003;1007,118;1078,013;1090,175
198:0,020;388,255;770,104
199:0,020;357,258;435,219;488,015;528,253;590,154;592,003;659,017;663,016;691,270;876,211;883,257;921,158;969,257;1017,088;1174,107
200:0,020;441,150;591,009;603,190;617,264;631,175;720,098;837,237;889,164;946,116;964,092;1090,221;1148,152
