001:0,001;115,118;436,170;763,015;1055,019
002:0,001;61,021;242,183;744,004;745,207;881,117;934,198;1013,183;1055,019
003:0,001;61,021;258,255;434,094;533,018;604,149;969,207;978,224;1095,020
004:0,001;66,221;108,249;413,264;545,126;629,125;630,118;856,183;859,198;973,106;1055,019
005:0,001;83,014;92,018;653,082;671,111;688,132;716,172;744,004;839,019;852,149;870,179;936,151;948,140;991,081;1055,019
006:0,001;61,021;345,238;744,004;827,252;896,140;917,142;1057,100;1072,117
007:0,001;66,221;207,024;261,245;670,195;687,172;698,271;744,004;787,260;820,211;1055,019
008:0,001;61,021;261,245;303,249;316,255;462,014;676,013;725,151;744,004;745,207;928,125;956,007;970,015;1043,208;1055,019
009:0,001;61,021;254,232;267,191;744,004;820,211
010:0,001;61,021;268,268;593,154;744,004;811,233;1110,017;1178,223
011:0,002;380,113;477,020;1068,013;1143,222
012:0,002;435,226;514,020;609,003;666,013;994,015;1054,236
013:0,002;401,241;438,011;450,103;482,018;648,016;793,243;809,015;859,012;876,235;1107,233
014:0,002;242,183;405,017;460,211;509,091;604,012;646,093;847,198;915,235
015:0,002;61,021;69,018;380,113;436,017;485,140;510,170;547,140;758,084;1059,009
016:0,002;465,234;526,154;578,150;991,017;1173,154
017:0,002;488,195;663,084;872,149;1112,225;1119,114
018:0,002;465,234;770,183;1036,139;1148,081
019:0,002;406,020;511,150;546,004;621,150;659,125;679,117;830,260;1011,212;1128,235
020:0,002;499,236;757,004;831,212;1084,274
021:0,003
022:0,003
023:0,003
024:0,003
025:0,003;1046,236;1049,007;1109,183
026:0,003
027:0,003;511,150;590,170;596,226;667,015;684,004;698,235;846,118;938,095;1125,109
028:0,003
029:0,003;156,217;619,001;955,224;1142,274
030:0,003
031:0,004;700,017;716,114;869,111;1180,079
032:0,004;700,017;902,210;925,271;977,101;1015,158
033:0,004;517,183;807,201;1155,140;1164,156;1184,140
034:0,004;700,017;824,082
035:0,004;700,017;877,107;992,170;1176,019;1196,258
036:0,004;787,175;1072,267;1077,142
037:0,004;700,017;889,107;1073,007;1138,207;1142,111
038:0,004;700,017;974,233;1036,238;1042,013;1119,110;1121,095
039:0,004;416,024;456,255;700,017;846,243;922,201;989,158;1008,142;1084,001;1166,081
040:0,004;716,114;787,175
041:0,005;207,024;285,118;510,016;630,238;1027,114;1037,001
042:0,005;207,024;252,144;811,009;863,158;1065,017
043:0,005;255,082;864,172
044:0,005;145,096;155,015;197,016;361,011;383,103;635,241;735,228;778,101;782,228;794,114;1085,082;1112,247
045:0,005;314,153;368,002;376,228;659,245;807,169;836,013;906,001
046:0,005;229,100;266,093;717,118;758,172
047:0,005;207,024;255,082;619,159;627,268;692,236;710,219;810,096;864,219;1105,241
048:0,005;145,096;288,004;345,111;843,003;882,118
049:0,005;207,024;266,093;394,268;401,084;617,015;685,095;838,255;1123,126;1143,001
050:0,005;207,024;292,182;412,093;568,004;807,169;1182,001
051:0,006;208,004;216,008;390,210;492,117;648,227;822,235;904,007;1125,211
052:0,006;260,103;416,241;528,264;640,234;807,255;832,020;904,007;1167,212
053:0,006;212,201;426,003;535,094;623,084;740,145;886,114;891,247;904,007;939,100;1153,013
054:0,006;201,216;205,249;233,014;234,084;651,201;798,017;820,191;939,007;1137,213
055:0,006;201,216;575,264;751,187;904,007
056:0,006;207,079;399,014;582,227;634,009;904,007
057:0,006;220,012;291,016;444,118;611,003;737,233;904,007;1055,019
058:0,006;234,084;380,017;632,097;713,157;867,020;888,197;904,007;1137,213
059:0,006;57,270;432,201;464,024;582,227;712,140;939,228;961,114;1011,219;1039,154
060:0,006;212,201;635,228;960,144
061:0,007;371,249;410,012;417,223;497,205;602,125;876,189;1024,093;1130,001
062:0,007;327,185;365,002;370,096;412,004;431,091;563,236;604,009;631,022;667,077;825,142;923,140;1021,207;1045,009;1131,110
063:0,007;614,109;1045,189;1051,145;1071,017;1107,081;1139,224;1182,142
064:0,007;18,249;184,007;327,198;416,024;619,159;631,022;639,142;912,233;931,015;1066,243;1082,110
065:0,007;339,011;366,165;416,024;473,109;910,016;1031,101
066:0,007;359,098;416,024;582,216;631,022;638,142;654,191;692,158;759,151;908,247;943,111;947,233;963,013;1004,015;1100,169
067:0,007;61,021;377,154;626,008;631,022;637,188;725,151;1009,154;1089,175;1103,077;1190,107;1197,086
068:0,007;337,188;627,117;1067,209
069:0,007;359,098;416,024;602,125;626,077;631,022;699,118;700,017;816,228;844,095;912,209
070:0,007;377,106;416,024;570,268;631,022;660,222;910,208;1073,233;1086,019;1106,185
071:0,008;325,147;471,223;662,225;966,117;1075,109;1087,241;1102,258;1172,006
072:0,008;327,015;579,232;784,001;838,187;853,225;1095,001;1147,109;1154,132
073:0,008;207,024;292,144;316,015;338,211;503,247;708,017;818,009;821,198;859,009;1008,201;1113,006
074:0,008;351,172;490,195;565,234;619,001;1086,017;1134,267;1184,001
075:0,008;355,170;446,106;502,226;586,009;617,111;654,195;706,097;992,222;1131,083
076:0,008;392,264;509,111;567,013;597,012;630,210;757,241;981,079
077:0,008;355,170;379,077;532,012;631,003;771,132
078:0,008;207,079;565,015;699,166;707,001;876,238;884,252;1120,255
079:0,008;369,012;686,150;1069,109;1132,142;1165,019
080:0,008;301,011;325,147;400,210;640,009;672,154;674,157;709,268;904,007;1125,271
081:0,009
082:0,009;687,016;698,106;994,260;1094,210
083:0,009;386,013;503,077;1107,009;1118,003;1143,223;1168,204
084:0,009
085:0,009;238,014;295,188;732,009
086:0,009
087:0,009;573,271;842,111;924,093;1013,241
088:0,009
089:0,009
090:0,009;416,024;592,094;749,271;1063,208;1182,003
091:0,010;327,185;335,221;356,117;444,216;768,210;893,125;1149,126
092:0,010;321,017;490,103;901,145
093:0,010;223,228;287,004;504,191;510,201;525,109;572,144;938,131;1022,017;1025,144
094:0,010;335,221;356,096;416,024;559,187;783,216;792,234;829,101;1168,077
095:0,010;406,079;500,109;516,191;562,012;933,015;988,236;1076,100
096:0,010;356,117;365,145;472,013;519,118;653,097;687,228;711,081;1150,114
097:0,010;319,110;408,147;459,172;798,170;980,125
098:0,010;162,182;362,238;588,017;604,014;625,086;652,219;927,132;1138,193
099:0,010;365,145;623,187;660,015;968,243;977,170;1120,017
100:0,010;324,268;371,144;505,145;975,144;999,097
101:0,011;612,002;696,131;774,247;1132,009;1162,256
102:0,011;612,002;690,205;761,222
103:0,011;289,106;519,020;612,002;629,132;661,149;816,216;1041,233;1057,150;1080,114;1137,185
104:0,011;612,002;629,096;779,238;790,003;848,208;935,083;1028,109;1073,219
105:0,011;565,157;608,011;612,002;629,096;801,103;867,020;943,210;1031,185;1041,020;1055,267
106:0,011;665,260;719,154;1013,149;1043,151;1149,201
107:0,011;614,178;629,132;873,212;890,154;946,247;1085,158;1127,107;1162,158
108:0,011;657,217;665,260;967,016;1015,169;1097,020;1183,131
109:0,011;612,002;640,094;726,236;994,198
110:0,011;582,201;688,142;696,131;712,241;761,131
111:0,012;525,079;558,011;565,083;960,219;991,017
112:0,012;996,141;1022,236;1041,191;1046,017
113:0,012;7,114;202,017;206,140;260,100;279,014;296,094;587,003;991,017;1061,198
114:0,012;955,204;1123,170
115:0,012;974,208;991,017
116:0,012;989,193;991,017
117:0,012;565,083;928,212;991,017
118:0,012;989,193;1075,164
119:0,012;206,140;480,117;538,201;581,245;639,268;904,216;1007,003;1153,086
120:0,012;955,204;1022,157;1082,017
121:0,013
122:0,013;884,127
123:0,013
124:0,013
125:0,013
126:0,013
127:0,013
128:0,013;691,206;708,013;719,201;859,236;976,125;977,013
129:0,013;994,009;1005,271
130:0,013;257,270;374,117;491,127;876,139;990,013
131:0,014;665,203;715,191;1098,112
132:0,014;614,236;633,232;696,103;784,095;1073,083;1092,189;1146,082
133:0,014;619,001;740,187;743,241;747,001
134:0,014;619,001
135:0,014;650,106;934,015;957,238;1108,006;1154,112
136:0,014;655,207;674,001
137:0,014;619,001
138:0,014;62,021;238,020;307,217;606,238;619,001
139:0,014;559,187;619,001
140:0,014;207,024;302,011;612,002;619,001;839,019;843,131;853,020;854,127
141:0,015;1043,025;1145,178
142:0,015;579,086;683,001;744,004;759,125;915,223;1043,025;1084,173;1091,142;1117,183;1162,167
143:0,015;883,207
144:0,015;1043,025;1055,161;1070,110;1077,106;1194,219
145:0,015;1043,025;1073,173
146:0,015;579,172;615,271;690,020;715,111;793,012;1013,260;1014,013;1039,274;1043,025;1055,019;1074,207;1125,255;1156,164
147:0,015;1043,025;1118,156
148:0,015;968,111;1043,025;1094,145
149:0,015;1043,025;1077,106
150:0,015;631,022;634,145;714,255;1039,274;1118,156;1145,178
151:0,016;262,013;269,157;333,016;1121,210;1137,096
152:0,016;1084,243;1108,006;1175,076
153:0,016;269,157;287,216;408,009;656,016;1108,006
154:0,016;631,022;675,015;783,139;870,016;1175,076
155:0,016;272,113;304,077;317,016;1108,006
156:0,016;1108,006
157:0,016;1108,006
158:0,016;941,007;1032,258;1077,150
159:0,016;1108,006
160:0,016;272,113;294,157;364,003;442,016;1133,175
161:0,017;652,189;815,223;878,228;903,252
162:0,017;644,219;678,154;692,101;973,109;991,017;1102,126
163:0,017;675,139;748,012;1063,225
164:0,017;223,228;631,247;788,096;1039,007;1198,151
165:0,017;743,245;749,001;762,223;1009,164;1060,193
166:0,017;636,001;675,139;762,012;894,096;1143,223;1151,224
167:0,017;692,101;755,216;861,183;991,020
168:0,017;691,206;797,118;829,093;1043,258
169:0,017;607,009;908,108;931,243;957,189
170:0,017;108,019;153,017;493,014;621,158;644,219;652,189;928,082;1003,107
171:0,018;685,133;757,236;784,131;839,019;870,179;877,077;1054,013;1055,161
172:0,018;626,008;646,127;839,019;875,100;1033,015;1070,110;1115,204
173:0,018;626,008;681,223;793,133;839,019;864,164;1087,151;1176,255
174:0,018;612,002;626,008;839,019;1002,112;1075,255;1114,208
175:0,018;57,007;152,191;489,255;490,009;1009,185;1123,001
176:0,018;57,270;234,010;319,110;466,241;568,226;626,008;648,225;761,139
177:0,018;626,008;677,081;695,009;813,252;842,157;1055,019;1136,003
178:0,018;626,008;652,222;685,133;839,019;863,199;1199,107
179:0,018;763,225;785,016;786,205;839,019;891,157;975,016;1002,112;1117,019
180:0,018;626,008;686,264;839,019;864,164;968,003
181:0,019;156,015;194,247;420,003;429,205;803,243;1108,006;1196,109
182:0,019;182,081;205,247;214,009
183:0,019;182,081;449,127;476,140;677,158;687,081;812,097;1005,140
184:0,019;156,217;167,096;360,111;438,013;449,127;545,241;645,170;813,082;817,264;819,144;963,141;1023,083
185:0,019;154,005;158,267;270,012;525,255;733,015;835,118;840,170;931,020;1014,243;1046,199
186:0,019;224,012;958,141;990,015;991,017;1076,136
187:0,019;158,267;216,247;586,020;776,227;903,009;950,191;1004,151;1050,025;1076,136
188:0,019;163,221;191,005;227,118;277,008;322,198;521,018;548,158;827,241;1071,097
189:0,019;171,077;440,016;513,106;676,210;1114,212;1181,006
190:0,019;171,077;240,081;377,157;755,142;800,009
191:0,020
192:0,020
193:0,020
194:0,020;896,209;978,020
195:0,020
196:0,020;416,024;559,079;1138,233;1160,151
197:0,020
198:0,020;162,182;223,016;351,157;490,009;534,126;591,011;592,223;762,158;899,084;1021,082;1038,083;1042,015;1064,118
199:0,020
200:0,020;863,199;972,015;1161,167;1189,017
