001:0,001;603,147;966,275;974,231;1183,103
002:0,001
003:0,001;1180,243
004:0,001
005:0,001;1180,243
006:0,001
007:0,001;603,147;984,015;1022,099;1147,160
008:0,001;756,080
009:0,001
010:0,001
011:0,002;148,228;439,007;450,188;453,221;515,012;830,081;852,240;1039,242
012:0,002;809,227;949,155
013:0,002;819,211
014:0,002;819,211;914,009;1002,118
015:0,002;846,269;866,121;981,129;1042,259
016:0,002;801,214;843,174;861,202;975,264
017:0,002;773,233;840,011;873,189;978,159
018:0,002;786,106;1002,118;1043,106
019:0,002;809,176;899,200
020:0,002;565,204;588,005;630,011;634,084;702,012;718,011;1098,227
021:0,003;696,020;824,225;1184,236
022:0,003;744,150;1097,145;1187,018
023:0,003;793,103;1151,185
024:0,003;845,128
025:0,003;680,088;845,128
026:0,003;788,088
027:0,003;589,013;593,150;835,145;1093,256;1185,009
028:0,003;810,085;1015,221
029:0,003;882,200;1048,115;1121,084;1197,148
030:0,003;777,176;793,103;826,242;862,204;930,006;967,221;975,275;1168,225
031:0,004;654,217;882,018
032:0,004;13,268;52,006;102,119;217,002;243,259;479,149;785,131;1074,018
033:0,004;646,253;869,228;912,218;932,018
034:0,004;646,253;743,001;799,109;896,194;955,135;1177,131;1184,001
035:0,004;657,152;705,018
036:0,004;676,160;1051,121
037:0,004;743,116;812,221;871,103;947,001
038:0,004;617,025;676,160;824,122;947,001
039:0,004;676,087;745,156;811,228;917,231;931,259
040:0,004;13,268;268,124;364,006;390,218;532,115;545,089;579,004;752,167;823,015;855,115;894,001;1033,254;1140,089
041:0,005;161,176;298,255;716,020;790,231;911,112;944,190;1103,186;1185,250
042:0,005;108,140;158,002;434,012;861,202;1126,244;1141,147
043:0,005;206,233;221,015;271,151;550,221;614,011
044:0,005;203,115;375,008;384,171;437,006;470,270;560,011;873,001;1145,220
045:0,005;184,133;287,012;668,109;849,011;1136,149
046:0,005;108,140;161,176;529,231;1003,147
047:0,005;177,169;849,233;1180,268
048:0,005;156,151;203,115;211,124;277,006;389,135;417,249;525,243;606,024;629,220;776,265;895,006;978,001;1185,244
049:0,005;156,151;612,186;709,018;773,242;1001,206
050:0,005;177,169;206,119;384,171;513,012;804,192;1185,009;1189,117
051:0,006;689,269;730,233;903,088;1031,244;1066,254
052:0,006;655,166;1129,116
053:0,006;653,088;755,148;1124,200
054:0,006;653,088;665,220;682,228;807,078;864,212;1034,011;1101,018
055:0,006;682,228;720,264;774,250;789,152;807,105;1195,257
056:0,006;636,012;655,166;699,217;985,121;1197,145
057:0,006;696,084;1115,001
058:0,006;716,193;1132,018
059:0,006;396,008;439,085;479,102;689,269;1077,085
060:0,006;746,183;756,253;790,193;793,078
061:0,007;473,136;606,024;670,183;684,003;814,185;983,102
062:0,007;248,008;380,089;511,096;596,121;606,024;611,145;680,196;717,115;792,136;940,152
063:0,007;589,013;606,024;613,176;671,233;719,150;729,002;766,093;790,012;833,152
064:0,007;687,012;816,193;996,150
065:0,007;616,219;746,121;1039,225;1051,204;1070,129
066:0,007;603,233;766,115;975,194;1028,220;1053,116;1081,220;1140,122
067:0,007;606,024;622,225;1015,220
068:0,007;606,131;630,012;802,106;1101,150
069:0,007;606,131;616,219;670,183;721,242;761,204;803,129;854,011;1195,257
070:0,007;606,024;691,116
071:0,008;564,019;655,150;719,127;1061,169
072:0,008;261,085;803,264;956,122;1005,112;1097,225;1100,131;1132,190;1194,217
073:0,008;606,024;607,259;732,212;1016,183
074:0,008;660,250;744,218;801,169
075:0,008;574,156;642,009;710,168
076:0,008;70,095;181,006;189,124;265,004;272,232;384,010;445,016;475,010;497,166;512,255;588,084;689,231;707,219;853,109;874,239;881,160
077:0,008;640,121;691,116;706,020;710,212;714,011;756,080;762,183;764,080;787,024;850,011;871,242;935,149;1085,123
078:0,008;574,192;655,244
079:0,008;655,244;690,196;736,131;896,221;947,204
080:0,008;574,192
081:0,009;387,264;1160,254
082:0,009;961,015
083:0,009;331,141;422,017;458,109;772,011;905,009;990,115;1040,256;1043,190;1064,217
084:0,009;1014,011
085:0,009;896,236;1029,268;1034,189
086:0,009;1006,133
087:0,009;1013,011
088:0,009;1011,255
089:0,009;961,227;990,089;1072,084
090:0,009;718,220;906,234;1061,103;1124,206
091:0,010;615,006;691,174;839,150;868,001;918,253
092:0,010;616,193;703,225;723,121;750,193;755,190;938,129;1196,133
093:0,010;637,091;670,185;805,186;1152,015;1160,271
094:0,010;241,015;264,217;561,002;670,185;691,174;1034,085;1049,122;1117,149
095:0,010;468,218;646,115;726,206;856,259;912,189
096:0,010;763,081;775,121;779,220;1017,231;1036,159
097:0,010;606,024;617,025;720,190;1013,242
098:0,010;623,009;651,196;681,089
099:0,010;726,206;1055,231
100:0,010;651,196;665,212;739,084;812,256;873,001;936,115;1155,269
101:0,011
102:0,011
103:0,011;405,091;618,217;686,091;764,154;777,228;855,136;913,018;1092,089;1126,115;1197,011
104:0,011
105:0,011
106:0,011
107:0,011
108:0,011
109:0,011
110:0,011;60,002;68,125;203,010;210,136;753,076;895,006;995,235;1070,234
111:0,012;589,013;603,225;609,233;611,096;693,141;696,020;834,024;835,085
112:0,012;874,206;925,078
113:0,012;505,168;696,020;720,136;843,199;1138,148
114:0,012;837,250;904,150;984,145
115:0,012;98,102;424,217;440,012;696,020;955,135
116:0,012;506,189;604,105;677,255;696,020;722,001;886,015;986,080
117:0,012;945,199
118:0,012;92,131;439,121;564,019;609,091;870,137;877,155;929,183;935,217;1172,015
119:0,012;464,243;512,189;603,225;692,025;696,020;780,269;802,199;812,015;1027,122;1037,168
120:0,012;764,024;848,155;1102,225;1163,011
121:0,013;106,249;115,003;119,082;283,020;617,025;713,009;1030,170
122:0,013;280,089;359,086;376,006;421,102;780,012;876,255
123:0,013;279,243;551,129;724,145;795,081;876,255;900,169;1033,254;1064,186;1087,176;1134,018
124:0,013;249,128;280,089;495,085;732,185
125:0,013;303,193;440,168;504,221
126:0,013;255,006;264,131;269,133;303,193;324,115;609,188;724,244;747,227;1030,170
127:0,013;109,232;221,011;332,194;784,012;856,116;1051,118;1152,106
128:0,013;330,129;975,166
129:0,013;360,205;528,193;544,145;975,147;1020,227;1079,235
130:0,013;249,128;257,082;279,243;360,205;833,009;1149,099
131:0,014;588,005;701,156;855,238;895,006;985,233;986,009;994,144
132:0,014;588,005;684,087;784,091;981,228
133:0,014;564,019;588,005;648,141;716,166;895,006;1044,117
134:0,014;565,204;747,011;770,232;895,006;1029,268
135:0,014;564,019;588,005;638,121;740,204;959,112;1054,137;1085,213
136:0,014;564,019;666,093;763,078;787,158;793,199;919,275;923,084;1062,235
137:0,014;564,019;787,158;794,105;800,012;855,238;868,009;890,129;895,006;945,133;1191,204
138:0,014;564,019;588,005;719,112;895,006;1104,137
139:0,014;564,019;588,005;644,018;718,242;812,149;910,091
140:0,014;588,005;645,131;690,145;691,002;747,265;895,006;981,228
141:0,015;415,107;435,188;442,145;534,091;540,009;764,024;870,124
142:0,015;409,214;467,171;588,005;598,254;619,131;764,024;888,234
143:0,015;435,188;764,024;902,213
144:0,015;406,105;764,024;870,124;1128,174
145:0,015;406,159;764,024;874,239;939,018
146:0,015;186,221;271,002;303,135;622,232;880,117;1036,088
147:0,015;148,228;199,015;501,194;521,176;764,024;880,117;1188,194;1192,275
148:0,015;461,250;869,174
149:0,015;442,145;585,151;693,244;696,020;764,024;882,213;1060,268;1175,115
150:0,015;343,096;461,250;483,188;514,084;541,232;749,192;764,024;896,236
151:0,016;288,012;297,006;481,148;1038,235;1056,018
152:0,016;264,217;303,001;353,193;720,194;1174,271
153:0,016;133,020;164,232;440,186;445,016;470,217;625,159;696,020;792,080;869,269
154:0,016;295,119;312,124;406,105;474,231;541,148;584,007;626,212;651,151;657,152;919,211
155:0,016;293,168;445,016;501,264;580,019;583,077;645,025;684,127;1060,148;1175,264
156:0,016;271,196;406,159;445,016;481,148;493,007;548,014;560,077;684,127;699,183;925,220;1009,185;1108,011
157:0,016;279,086;363,249;388,255;455,178
158:0,016;131,084;146,018;311,012;445,016;484,250;627,136;696,078;800,194;891,018;936,242;1031,194
159:0,016;331,141;445,016;470,259;592,005;613,168;1000,193
160:0,016;387,264;445,016;455,178
161:0,017;358,231;493,001;508,154;737,105
162:0,017;614,093;652,076;667,081;812,015;1179,250;1181,118
163:0,017;586,264;626,212;697,003;766,085;813,121;863,015
164:0,017;591,259;620,231;647,252;780,240;812,015
165:0,017;614,093;812,015
166:0,017;592,227;738,231;773,009;812,015
167:0,017;607,009;652,076;812,015;1179,250
168:0,017;508,154;812,015
169:0,017;667,081;680,176
170:0,017;589,002;647,252;704,205;812,015
171:0,018;1185,009
172:0,018;1185,009
173:0,018
174:0,018;77,125;106,249;561,001;778,240
175:0,018;327,217;419,228;445,016;446,018;1185,009
176:0,018;1185,009
177:0,018
178:0,018;719,112;996,202;1099,018
179:0,018;918,137;1185,009
180:0,018;1089,240;1182,102;1185,009
181:0,019;73,255;314,018;366,221;407,232;576,078;690,149;1135,144
182:0,019;82,194;297,007;323,135;375,176;517,006;774,225;784,183
183:0,019;74,186;1027,099
184:0,019;74,005;186,221;481,109;504,089;970,015
185:0,019;95,263;236,169;380,129;408,004;415,107;416,169;713,221;727,152;759,244;999,218
186:0,019;74,233;225,228;261,018;276,121;554,176;586,115;653,218;718,020;774,129;797,102;1161,193
187:0,019;78,084;434,010;466,168;546,194;668,001;729,199;800,259;844,015;1169,199
188:0,019;73,255;82,194;177,125;222,194;423,135;436,084;453,135;557,001;565,078;714,102;950,131
189:0,019;74,186;100,010;122,012;261,085;400,015;413,149;623,218
190:0,019;151,168;217,084;603,089;681,259;1013,091
191:0,020;589,013;617,025;780,137;1005,233
192:0,020;617,025;742,151;821,275;896,001
193:0,020;343,227;798,159;1013,144;1081,190
194:0,020;589,013;596,121;617,025;821,275
195:0,020;593,150;617,025;738,122;1184,225
196:0,020;343,096;617,025;752,256;1132,155
197:0,020;588,005;589,013;608,136;610,018;617,025;755,159;958,176;1039,227
198:0,020;589,013;614,137;767,151;793,123
199:0,020;343,227;351,020;589,013;614,137;856,253
200:0,020;603,156;742,151;745,020;793,123;1080,204;1148,103
