001:0,001;395,238;667,006;749,001;887,263;968,155;1015,247;1030,155
002:0,001;381,077;536,176;639,255;690,098;781,261;901,001;914,118
003:0,001;385,205;484,006;712,228;715,184;822,228;868,089;877,123;1131,101
004:0,001;458,165;531,002;600,090;602,018;748,021;1124,088;1183,164
005:0,001;385,132;491,160;592,200;710,021;793,019;914,127;1128,105
006:0,001;381,077;710,259;736,200;738,090;835,194;837,001;946,253;1151,093;1186,101
007:0,001;381,176;548,205;801,016;1158,080
008:0,001;381,176;458,171;528,018;600,101;617,275;774,228;842,216;1175,021
009:0,001;411,127;430,019;441,210;458,110;498,020;639,155;854,012;913,230;939,002;1100,164
010:0,001;385,205;728,082;846,085;973,002;1073,258
011:0,002;599,203;615,013;723,002;867,140;1095,090
012:0,002;1072,180
013:0,002;867,140;1016,107;1070,080;1119,014;1134,008;1139,258;1166,275
014:0,002;1041,089;1111,096;1145,215;1161,208
015:0,002;1043,012;1062,266
016:0,002;359,018;625,101;733,104;869,202;928,101;1145,152
017:0,002;1083,240;1142,202
018:0,002;1116,004;1161,208
019:0,002;470,206;506,025;515,218;558,230;694,171;1058,001;1115,105
020:0,002;1100,164;1163,224;1200,117
021:0,003;562,275;620,001;1124,121
022:0,003;571,235;1055,004;1179,089
023:0,003;565,236;681,241;687,200
024:0,003;565,236;569,001;1122,117;1147,140;1168,125
025:0,003;562,275;571,235;742,200;911,089;952,216;980,257
026:0,003;569,001;1137,093
027:0,003;569,001
028:0,003;385,132;566,210;569,001;1143,021
029:0,003;569,001;1124,088
030:0,003;219,019;345,221;569,001
031:0,004;561,217;667,252;695,194;803,014;852,101;918,010;1002,186;1145,168
032:0,004;526,164;535,004;541,015;575,154;803,014;885,096;977,104;992,002;1008,187;1044,134
033:0,004;562,184;685,256;719,253;825,089;918,010;963,095
034:0,004;526,164;541,015;552,251;726,155;827,247;850,267;860,256;944,268;997,249;1151,263;1167,085
035:0,004;541,015;553,147;803,014;820,249;918,010;972,195;990,096;1000,082
036:0,004;541,015;561,217;571,008;575,147;803,014;827,002;918,010;1022,161;1190,021
037:0,004;589,025;650,217;787,215;1041,108;1048,123
038:0,004;541,015;637,193;795,158;803,014;821,118;918,010;1037,266;1152,021
039:0,004;541,015;552,017;576,171;637,193;642,160;918,010;968,107;1002,186;1070,140;1130,118;1161,260;1195,123
040:0,004;541,015;618,194;651,158;803,014;827,216;856,016;918,010;950,207;970,271;978,001;1047,247;1178,110
041:0,005;365,168;496,188;541,228;739,227;911,096;925,002;1101,157
042:0,005;721,132;963,118;1055,227
043:0,005;364,009;365,168;549,108;647,206;750,019;767,120;1109,253;1165,022;1199,266
044:0,005;101,016;113,228;506,210;544,019;588,025;606,082;768,176;788,196;995,199;1148,151
045:0,005;365,171;476,090;882,002;959,268
046:0,005;262,207;724,274;744,117;1005,013
047:0,005;420,114;483,255;909,005;1007,227
048:0,005;479,207;802,275;830,021;965,206;968,002;1055,004;1082,108;1107,186
049:0,005;364,241;655,117;874,098
050:0,005;430,019;538,130
051:0,006;850,125;1125,134
052:0,006;114,108;418,020;463,137;524,171;713,263;724,256;873,257;878,012;895,206;953,012;965,174
053:0,006;832,224;894,107;1060,235
054:0,006;422,230;444,003;462,230;563,225;581,158;634,203;673,020;678,172;692,108;948,120;1019,149;1117,140
055:0,006;114,108;304,016;352,090;526,025;681,107;929,275;1121,004
056:0,006;673,002;813,202;838,275;1190,091
057:0,006;463,137;793,098;850,125;896,247;921,137
058:0,006;835,149
059:0,006;848,099;948,160
060:0,006;860,137;1138,249
061:0,007;378,156;683,236;870,268;938,227;997,139;1017,215
062:0,007;342,106;407,255;439,019;441,253;745,110;773,006;850,267;993,228;1015,154
063:0,007;352,253;619,251;854,012
064:0,007;343,099;514,002;629,275;631,249;632,006;634,151;719,203;854,012
065:0,007;339,085;459,249;563,160;668,019;854,012
066:0,007;325,241;342,106;854,012
067:0,007;325,241;421,106;592,020;633,107;810,151;854,012
068:0,007;364,116;375,019;394,156;510,002;599,203;775,151;823,184;854,012
069:0,007;233,020;273,001;286,019;407,255;555,246;740,205;887,257;920,012
070:0,007;343,099;711,236;720,006;854,012
071:0,008
072:0,008
073:0,008
074:0,008
075:0,008
076:0,008;325,108;463,265;635,249;663,002;795,139
077:0,008;161,010;198,005;240,098;294,008
078:0,008;1170,007
079:0,008
080:0,008
081:0,009;236,128;535,201;630,108
082:0,009;434,188;773,001;789,251;835,016;910,134;981,095
083:0,009;434,188;439,004;558,101;896,135;1091,268;1181,199
084:0,009;141,003;231,016;236,128;708,151;732,008;1103,139;1193,249
085:0,009;404,212;538,249;1010,212;1026,259;1113,108;1155,174
086:0,009;413,206;818,203;1022,127;1124,012
087:0,009;442,088;582,176
088:0,009;425,221;427,200;609,002;725,195;782,194;926,010;1072,180
089:0,009;442,088;452,002;493,170;852,106
090:0,009;422,230;515,218;674,019;829,021;863,268;881,020;951,196;1065,154;1195,088
091:0,010;591,152;729,019;769,013;855,257
092:0,010;587,247;690,019;919,134;923,194;957,228;972,085;1192,260
093:0,010;518,195;575,013;676,149;693,099;801,016;971,012
094:0,010;329,006;410,002;455,256;775,096;904,016;1095,100;1191,161
095:0,010;513,201;569,006;635,001;676,149;893,236;928,268;951,134;1110,020
096:0,010;531,237;774,261;781,252
097:0,010;458,165;862,090;1146,240
098:0,010;531,237;719,130;776,149;828,235;875,151;1111,216
099:0,010;455,256;679,008;914,270;940,224;984,235;1112,240
100:0,010;639,116;680,006;915,157;938,123;1046,001;1064,260;1167,252
101:0,011;260,176;320,018;535,117;637,025;658,018;691,194;723,013;772,152;1048,140;1055,004
102:0,011;256,008;507,081;591,152;597,019;654,230;877,130;969,263;1068,008
103:0,011;661,254;928,247;1039,268;1078,271
104:0,011;723,274;897,256;1055,004
105:0,011;639,155;657,020;787,215;811,107;855,205;856,165;926,001;1014,108;1021,267;1055,004;1186,022;1190,190
106:0,011;661,254;913,082;962,152;1158,212
107:0,011;647,176;670,134;711,152;907,016;909,261;1184,168
108:0,011;695,089;844,154;984,256;1036,110;1055,004;1190,207
109:0,011;835,206;1055,004
110:0,011;660,107;667,104;1055,004;1190,207
111:0,012;563,118;838,227;1020,200;1068,021;1197,108
112:0,012;569,263;649,096;695,089;699,196;814,271;866,120;909,005
113:0,012;562,109;569,263
114:0,012;579,154;641,006;647,252;801,016;893,229;1112,005
115:0,012;633,196;704,156;909,005
116:0,012;576,165;790,137;909,005
117:0,012;614,134;667,079;774,206;892,124;940,002;944,164;980,236
118:0,012;622,013;694,106;717,247;801,013;909,005
119:0,012;206,011;607,195;614,134;724,151;793,008;833,196;909,005
120:0,012;667,079;702,199;735,255;909,005
121:0,013
122:0,013;385,020;463,147;523,019;670,013;1160,167;1166,117
123:0,013
124:0,013
125:0,013
126:0,013
127:0,013
128:0,013;1032,247;1079,001;1092,013
129:0,013
130:0,013
131:0,014;288,167;347,010;478,108;545,090;569,259;1004,086;1037,196;1083,206
132:0,014;324,117;515,204;674,168;788,253;1095,110;1170,152
133:0,014;286,210;569,001;778,207;991,259
134:0,014;316,246;676,154;1054,212
135:0,014;283,204;554,188;630,019;654,184;837,110
136:0,014;285,012;338,006;376,114;506,025;554,085;732,188;980,013;999,002;1004,086;1049,098
137:0,014;104,149;166,014;281,169;286,210;288,167;327,117;407,006;803,014;816,006;1070,020;1099,014;1185,216
138:0,014;295,158;511,168;691,246;800,001;867,274;935,267
139:0,014;262,207;283,204;393,147;563,265;684,247;975,157;1192,259
140:0,014;293,017;295,158;715,104;725,230;1032,096
141:0,015;353,122;370,008;506,025;694,227;759,160;1165,022
142:0,015;379,235;403,259;700,255;717,261;733,228;777,001;839,123;921,125;1165,022
143:0,015;398,019;403,259;552,251;576,262;712,096;798,132;852,151;1165,022
144:0,015;390,160;506,025;692,261;795,082;1165,022
145:0,015;379,235;397,265;506,025;663,096;753,199;1037,187;1046,215;1059,013;1068,004;1181,022
146:0,015;264,131;480,013;506,025;645,202;1022,206;1165,022
147:0,015;393,147;453,003;525,241;719,262;790,130;808,237;820,262;923,106;1125,200;1165,022
148:0,015;385,195;706,262
149:0,015;397,265;440,241;506,025;715,157;1004,005;1165,022
150:0,015;423,249;506,025;694,227;713,079;837,271
151:0,016;104,149;138,019;557,225;600,085;861,002;961,100;983,005
152:0,016;387,109;572,217;609,117;726,002;798,261;807,188;909,101;943,001;1013,085;1061,261
153:0,016;376,090;393,228;545,221;549,132;575,025;689,118;772,171;1198,206
154:0,016;353,122;387,109;454,246;471,006;530,156;866,228;1196,082
155:0,016;395,124;411,262;650,212;738,018;758,275;845,261;1058,021
156:0,016;361,171;433,131;582,212;629,025;748,170;891,203;1000,195;1029,021;1099,014;1135,272
157:0,016;389,157;395,124;918,010;940,089
158:0,016;365,212;390,006;506,025;690,098;1000,005;1135,272
159:0,016;352,200;581,170;743,212;875,247;879,155;945,249;961,096;1065,171;1128,149
160:0,016;286,003;365,212;1083,013
161:0,017;385,195;438,206;452,262;511,081;577,110;682,021;803,014;832,224;1126,125;1189,130
162:0,017;607,104;669,137;682,021;1150,090;1178,235
163:0,017;569,001;682,021
164:0,017;563,020;564,199;879,170;909,005;1054,260;1119,085;1161,106
165:0,017;589,001;756,021
166:0,017;576,130;600,137;608,099;656,262;682,021
167:0,017;616,202;682,021
168:0,017;573,144;682,021
169:0,017;407,238;573,002;645,199;682,021
170:0,017;629,118;655,116;682,021
171:0,018;113,228;184,005;238,001;407,110;801,016;1073,258;1108,249;1119,202
172:0,018;771,271;824,079;958,016;1131,171
173:0,018;777,079;795,165;798,237;801,016;1094,247
174:0,018;856,008;940,262;952,090;1050,120;1070,001;1089,020;1111,199
175:0,018;769,020;934,188;1053,161
176:0,018;801,016;1154,091
177:0,018;771,271;801,016;1097,224;1200,013
178:0,018;706,249;713,275;743,251;783,193;794,110;943,194;965,262
179:0,018;460,117;573,118;583,236;686,013;1112,176
180:0,018;801,016;1139,168;1183,096
181:0,019;607,104;643,002;701,006;739,237;857,215;977,202;1123,259;1170,007
182:0,019;859,252;1099,014;1140,020;1170,007
183:0,019;814,165;848,155;1099,014;1170,007
184:0,019;857,135;1088,117;1099,014;1170,007
185:0,019;857,012;1078,016;1099,014;1170,007
186:0,019;541,015;544,231;605,096;640,195;1012,249;1103,155
187:0,019;896,165;906,125;918,021;927,020;933,021;988,229;1099,014;1170,007
188:0,019;886,117;1170,007
189:0,019;339,085;590,011;605,096;657,152;661,228;708,217;744,263;866,236;1170,007
190:0,019;437,108;570,019;807,176;964,236;971,021;1034,016;1099,014;1170,007
191:0,020
192:0,020
193:0,020
194:0,020;190,147;337,020
195:0,020
196:0,020;1070,080
197:0,020
198:0,020
199:0,020;190,013;253,262;446,020
200:0,020
