001:0,001;18,082;106,002;144,013;232,189;236,243;354,162;767,236;945,256;997,239
002:0,001;575,239;1049,147;1052,090;1063,109
003:0,001;606,267
004:0,001;561,242;668,012;882,192;1139,165
005:0,001;593,145
006:0,001;581,012;593,004;625,138;632,088;723,130;835,249;1030,106
007:0,001;574,132;762,243;788,240
008:0,001;475,209;544,179;1069,209
009:0,001;624,272;641,239;827,084;842,095;1070,186;1115,007
010:0,001;561,242;575,239;587,243;753,007;829,177;854,099;860,012
011:0,002;145,207;216,157;221,016;233,174;330,107;660,004;781,244;817,211;967,253;1187,094
012:0,002;224,111;234,234;315,230;516,166;652,150;1166,272
013:0,002;141,230;427,100
014:0,002;132,125;192,015;218,127;382,234;425,166;588,234;1177,100;1184,080;1190,201
015:0,002;132,125;263,003;389,170;843,079;954,133;956,099
016:0,002;133,223;233,189;353,221;488,213;737,004;939,225
017:0,002;55,256;71,212;432,170;475,188;540,224;589,221;605,173;757,163;822,249;825,267;1089,007
018:0,002;55,256;153,156;201,006;229,079;689,166;692,012;785,240
019:0,002;179,225;188,016;233,174;432,121;530,212;922,092
020:0,002;164,207;247,215;283,161;468,133;580,227;857,004;1055,093;1158,021
021:0,003;73,111;113,188;308,012;429,174;796,127;1061,021
022:0,003;277,224;390,092;537,174;756,106;847,007;1003,243;1061,021;1098,122;1182,012;1183,159
023:0,003;299,147;393,013;521,128;529,175;752,252;1022,012
024:0,003;203,259;270,123;597,094;793,137;897,249
025:0,003;273,024;342,255;395,001;422,173;874,092;1090,021
026:0,003;331,162;710,238;1061,021
027:0,003;286,222;304,251;338,238;392,227;407,012;430,257;528,163;845,242;1061,021
028:0,003;73,156;206,191;223,014;277,224;536,137;651,191;901,186;1061,021
029:0,003;315,213;507,121;714,154;788,121;806,222;890,012;1061,021
030:0,003;342,255;637,244;659,188;887,127;1061,021
031:0,004;77,007;87,076;624,175;838,235;934,128
032:0,004;54,161;269,221;333,088;1127,217;1167,264
033:0,004;52,196;336,234;537,257;560,209;815,245;1124,249
034:0,004;61,211;398,012;746,147;911,191
035:0,004;66,109;358,253;960,239;994,191
036:0,004;73,116;158,110;298,100;474,272;547,010;601,141;612,004;798,144;921,012;1007,227
037:0,004;52,196;54,161;534,076
038:0,004;67,207;133,109;205,111;207,134;212,016;239,244;250,095;364,082;602,154;997,125;999,012;1065,252
039:0,004;77,230;242,259;436,188;609,255;690,267;691,004;806,191;857,264;1125,088
040:0,004;159,127;209,215;233,211;434,004;521,209;777,123;999,264;1085,166;1195,112
041:0,005;190,012;207,163;336,137;515,233;520,213;561,124;619,218;1106,184
042:0,005;71,212;78,211;210,124;507,187;528,247;608,123;868,272;1146,244
043:0,005;210,124;637,076;782,201;975,272
044:0,005;190,113;389,272;974,201;1151,202
045:0,005;157,111
046:0,005;190,123;446,013;513,095;1061,021
047:0,005;205,001;216,183;222,010;243,092;741,211;789,202
048:0,005;216,183;257,250;294,095;696,272;849,159
049:0,005;202,127;430,103;502,191;656,134;923,147
050:0,005;197,106;203,259;223,157;463,013;509,160;828,170;1018,076
051:0,006;309,103;410,001;549,211;734,227
052:0,006;141,170;401,118;445,010;564,004;620,147;1046,165;1088,264
053:0,006;221,080;316,167;401,095;410,004;940,125;956,106;1003,222
054:0,006;221,134;369,013;398,118;834,163;865,107;912,222;987,148;1059,012;1068,212
055:0,006;272,102;386,004;747,236;758,218
056:0,006;226,092;385,170;386,132;451,227;729,139;975,236
057:0,006;242,247;473,109;513,218;755,123;772,222
058:0,006;73,116;92,005;186,212;254,181;690,222;793,107;1051,184;1128,218
059:0,006;254,167;263,152;502,107;758,125;904,123;935,212;1050,150;1098,181
060:0,006;230,207;365,007;794,187;1028,253
061:0,007;1194,093
062:0,007;1134,196
063:0,007;60,236;105,266;107,110;121,082;436,243;881,236;1190,212
064:0,007;1131,105
065:0,007;266,098;775,162;928,185;948,132
066:0,007;1131,105
067:0,007;11,086;95,013;105,266;217,163;273,024;306,121;403,140;739,245;1029,079
068:0,007;917,185;1162,186
069:0,007;1168,166;1180,196
070:0,007;1189,149
071:0,008;6,148;268,191;622,153;1080,238
072:0,008;89,086;100,116;411,012;625,138;740,242;1191,188
073:0,008;117,165;169,120;242,166;314,261;529,001;560,188;1126,132
074:0,008;86,120;274,163;519,170;554,244
075:0,008;6,148;925,106;1123,267
076:0,008;234,100;367,227;389,172;426,080;517,147;592,177;650,004;661,107;860,118
077:0,008;73,111;117,165;373,100;418,013;455,159;556,211;635,138;775,173
078:0,008;99,172;385,148;417,012;872,239;948,253;1018,153;1032,215;1197,150
079:0,008;149,003;286,222;299,238
080:0,008;101,005;162,272;390,098;434,172
081:0,009;103,131;136,266;298,109;710,221;1184,007
082:0,009;215,084;793,154;943,109;1019,170;1105,165;1106,211;1183,139
083:0,009;215,084;334,174;424,261;425,172;709,261;844,221;851,239;865,150;1018,154
084:0,009;210,245;748,088;890,007
085:0,009;103,131;147,009;215,184;1048,144;1180,130
086:0,009;103,234;207,256;504,175;566,148;842,150;853,106;858,272;861,266
087:0,009;215,196;232,125;453,082;493,012;618,238;692,004;1012,084
088:0,009;215,184;875,235;1010,211
089:0,009;164,243;210,245;321,259;361,245;612,166;687,084
090:0,009;200,004;244,173;358,175;447,261;1060,224
091:0,010;273,024;299,010;355,172;404,007;497,097;1119,012
092:0,010;515,103;549,111;795,243;1060,100;1128,103
093:0,010;656,235;704,133;939,118
094:0,010;606,153;966,098
095:0,010;717,242;837,097;1067,095;1158,125
096:0,010;504,218;583,133;601,141;1076,095
097:0,010;678,098
098:0,010;375,212;672,137;706,171
099:0,010;310,102;406,127;476,010;782,201;908,004;995,012;1094,221;1120,170
100:0,010;683,252;779,225;883,004;984,007;1012,167
101:0,011;130,258;177,191;429,013;521,177;569,186;805,266;1128,150
102:0,011;117,111;200,004;264,088;580,265;582,261;601,213
103:0,011;35,085;199,079;200,004;302,265;536,275;687,106;694,163;703,267;712,202;788,234
104:0,011;198,076;200,004;269,221;347,170;350,004;687,106;950,123;1019,181
105:0,011;198,246;200,004;269,097;612,121;787,213
106:0,011;144,257;200,004;269,097;445,253;772,179;1056,171;1186,234
107:0,011;35,085;174,007;218,013;507,118;727,172;785,264;852,174;1131,184
108:0,011;177,191;198,246;371,013;534,179;759,245;787,252;789,007;921,086
109:0,011;165,170;200,004;256,166;264,088;302,222;719,121;839,175;849,130
110:0,011;101,012;141,181;200,004;304,187;487,010;512,007;561,249;886,148
111:0,012;510,145;516,079;893,144
112:0,012
113:0,012;840,256;930,162;1003,140;1100,154
114:0,012;751,133;957,086;1114,123
115:0,012;59,196;76,247;162,014;238,102;300,147;636,012
116:0,012
117:0,012;683,247;950,209;1025,012
118:0,012;333,007;403,224;791,095;800,159;809,189;1173,092;1188,144
119:0,012;143,173;183,181;509,160;819,118;920,162;938,112;940,162
120:0,012;606,100;633,012;840,256;994,012;1085,097
121:0,013;569,225;754,109;888,084;1005,209
122:0,013;597,242;730,222;757,127;863,099;1175,007
123:0,013;531,202;690,196;1177,177
124:0,013;544,234;785,209;999,201
125:0,013;534,186;560,099;941,166;1078,174
126:0,013;81,253;111,254;181,165;459,225
127:0,013;538,150;781,098;913,088;1122,140
128:0,013;520,171;600,224
129:0,013;81,253;160,258;170,020;196,227;453,125
130:0,013;233,001;416,128;1180,107
131:0,014;273,024;297,094;353,111;482,012
132:0,014;262,152;273,024;445,266;810,253;900,243;965,090;1087,153
133:0,014;236,183;273,024;297,094;507,247;508,243;545,230;854,094;1131,148
134:0,014;319,206;350,004;444,249;755,212;759,267;766,174;1076,147
135:0,014;296,253;331,116;445,266;561,170;648,004;747,236;877,171;1052,192;1064,153
136:0,014;247,095;288,116;328,012
137:0,014;240,100;273,024;420,163;675,244;756,175
138:0,014;220,080;233,266;316,233;486,094
139:0,014;273,024;316,233;437,225;444,249;532,109;627,127;654,130;679,235;830,012;906,192;986,137;1137,245
140:0,014;63,134;513,140
141:0,015;50,251;101,256;259,175;265,244;626,154;632,261;692,255;757,171;871,227;954,100;1055,093
142:0,015;157,223;192,015;260,132;415,215;1025,187
143:0,015;109,273;170,020;197,275;304,215;368,080;397,196;1131,188;1156,012
144:0,015;50,165;55,254;99,172;135,089;170,020;192,015;200,215;741,140;746,132;932,188
145:0,015;63,134;170,020;240,189;251,155;305,244;546,132;584,127;744,213;766,130;1146,106
146:0,015;55,254;170,020;192,015;236,007;595,154;616,133;702,079;815,212;1186,122
147:0,015;76,082;125,107;145,172;170,020;192,015;224,166;252,007;256,196;625,245;709,187;719,125;745,092;811,076;983,185;1034,111
148:0,015;50,165;64,123;192,015;245,137
149:0,015;64,123;170,020;192,015;248,003;260,132;314,175;315,212;349,222;412,225;544,128;909,137;967,154;1051,187
150:0,015;132,005;134,225;176,082;260,140;493,001;656,127;794,224;857,163;878,186;883,184;1106,122
151:0,016;289,010;624,139;1064,261;1171,217
152:0,016;237,238;329,010;432,112;893,191;924,177;934,170
153:0,016;246,275;283,166;432,112;1189,137;1193,242
154:0,016;232,175;368,207;540,189;805,007
155:0,016;192,015;193,173;239,244;284,013;301,082;338,261;397,175;509,132;522,181;542,264;751,215;856,162;876,175;906,221;944,177;1144,266
156:0,016;237,238;264,189;514,159;1140,086
157:0,016;285,275;674,177;1183,261
158:0,016;266,227;338,221;787,247;959,221;1087,185
159:0,016;256,130;616,171;658,007;1025,125;1149,085
160:0,016;256,130;571,175;620,141;1200,177
161:0,017;350,264;375,187;546,181;670,080;1003,085
162:0,017;297,090;951,079;994,139;1190,221
163:0,017;253,213;297,090;491,132;566,103;1123,230
164:0,017;356,275;416,272;431,125;709,191;797,132;1035,080
165:0,017;22,173;494,090;1035,245;1200,007
166:0,017;253,213;370,265;641,196;685,166;1088,202;1149,221
167:0,017;244,250;405,165;920,107
168:0,017;308,152;528,264;531,001;569,092;643,097;649,170;751,187;774,080;1080,138
169:0,017;29,092;103,234;350,264;519,007;670,080;699,092;914,175
170:0,017;246,099;460,222;641,109
171:0,018;47,167;215,107;366,004
172:0,018;65,265;298,080;538,134;955,079
173:0,018;48,089;350,004;396,247;750,162;848,244;1135,097
174:0,018;103,110;340,187;350,004;836,111;1012,012;1066,242
175:0,018;47,167;149,261;273,259;305,250;384,076;507,082;631,007;721,012;929,085;1061,007
176:0,018;65,265;67,005;111,272;192,116;216,172;278,225;350,004;1019,181;1064,239;1173,095
177:0,018;78,005;129,261;334,132;350,004;947,112
178:0,018;104,155;350,004;456,233;518,123;748,138;1062,012;1118,217
179:0,018;104,155;116,013;158,267;170,020;190,089;285,007;308,128;350,004;991,224;1012,167
180:0,018;48,089;87,076;157,207;160,265;351,234;371,125;415,132;497,004;644,139;678,264;980,235;1009,012;1140,088
181:0,019;99,103;306,121;454,148;548,092;550,171;718,235;866,084;882,173
182:0,019;93,237;108,002;228,140;310,256;440,127;560,187;1006,162
183:0,019;92,107;242,128;504,165;1028,186
184:0,019;93,237;118,243;482,007;566,266;660,100;932,007
185:0,019;99,103
186:0,019;138,128;218,001;430,257;540,187;663,255;750,166;906,209;923,230
187:0,019;101,133;462,166;485,004;581,012;640,147;743,007
188:0,019;154,155;168,012;190,079;453,275;487,107;489,127;607,130;731,163;738,267;741,012;787,144;891,261
189:0,019;101,133;196,227;233,272;367,189;458,004;574,202;1072,192
190:0,019;118,243;138,128;291,089;344,099;849,140;1001,123
191:0,020;91,157;464,227;557,159;785,172
192:0,020;90,017;124,253;434,212;499,230;1085,141
193:0,020;49,214;262,113;457,234;584,238;608,145
194:0,020;49,214;220,133;726,266;773,095;790,252;801,170;824,209;888,215
195:0,020;11,086;62,013;63,247;386,264;673,097;793,267;805,138
196:0,020;60,236;103,206;172,167;412,134;567,007;834,004;1124,155
197:0,020;84,238;91,157;159,225;427,255;505,099;550,177;798,249;817,252
198:0,020;103,206;232,214;268,207;437,174;534,186;1006,165
199:0,020;64,188;471,207;511,189
200:0,020;69,009;281,251;304,187;310,010;367,084;440,107;470,147;477,098;673,211;1050,132;1124,155
