001:0,001
002:0,001
003:0,001
004:0,001
005:0,001;234,120;463,219;529,132;534,017;540,229;899,099
006:0,001
007:0,001;683,020;865,147;872,001
008:0,001;557,202;577,229;660,099;701,019;750,229;773,013;976,178;1141,099
009:0,001
010:0,001;771,176;1119,001
011:0,002;849,217;961,272
012:0,002;557,228;639,085;710,095;765,246;1041,191;1132,023
013:0,002;852,141;875,193;930,165;1132,023
014:0,002;851,009;924,080;969,176;1121,092;1132,023
015:0,002;519,018;557,228;639,156;648,099;651,106;849,226;1001,235;1132,023
016:0,002;873,165;951,097;1132,023
017:0,002;849,217;1012,015;1024,177;1037,133;1132,023
018:0,002;710,203
019:0,002;903,191;1132,023
020:0,002;953,155;1132,023
021:0,003;562,173;616,226;824,249;1130,110;1182,011
022:0,003;485,223;608,117;760,121
023:0,003;530,141;821,018;1142,085;1168,199;1185,202
024:0,003;234,017;705,262;838,249;915,202
025:0,003;504,105;893,177;955,193;1006,131
026:0,003;485,223;492,226;576,149;1032,076;1052,012
027:0,003;517,232;693,191;712,249;832,019;851,101
028:0,003;234,115;251,120;331,004;436,182;463,241;504,105;686,006;854,121;955,197;973,126;1011,228
029:0,003;567,151;595,013;689,009;714,250;774,274;939,018;1011,228;1042,101
030:0,003;473,002;814,240;868,197;970,199
031:0,004;443,006;514,011;825,156;996,237;1110,219
032:0,004;281,232;386,008;409,232;691,024;912,117
033:0,004;566,156;684,007;711,229;719,191;779,183;804,007;843,200;875,013;955,240;1079,011;1135,024
034:0,004;422,007;437,009;491,255;862,203;870,202;908,131;1042,183;1103,192;1116,024
035:0,004;450,024
036:0,004;403,130;457,017;480,085;652,156;711,166;722,013;827,214;1117,207;1139,009
037:0,004;457,127;516,262;619,198;755,001;785,256;798,097;882,214;919,226;1049,147
038:0,004;447,106;548,272;1084,257
039:0,004;281,232;454,024;913,092;977,150;982,214;1031,188;1069,141;1135,117
040:0,004;446,087;1116,214;1174,223
041:0,005;301,138;466,019;470,203;796,179;801,099;895,011;1145,262
042:0,005;237,259;592,120;665,085;1091,011;1193,255
043:0,005;321,254;459,246;481,017;496,191;571,008;591,099;866,211;1016,012;1037,211
044:0,005;237,259;594,115;605,002;610,250;724,020;839,106;1084,193;1133,007;1184,179
045:0,005;281,226;530,141;574,214;734,019;796,179
046:0,005;263,006;441,211;504,007;541,214;863,024;1157,268
047:0,005;307,006;422,017;466,274;783,006;1193,255
048:0,005;281,226;311,016;317,241;791,087;826,246;948,214;958,011;1143,012
049:0,005;305,013;344,147;811,207;867,226;917,147;980,115;1115,173;1116,012
050:0,005;293,182;389,256;506,241
051:0,006
052:0,006
053:0,006
054:0,006
055:0,006;234,115;557,219;618,156;623,095;689,024;894,188;914,085;1008,121;1041,173
056:0,006
057:0,006
058:0,006;787,272;833,173;1089,223
059:0,006;468,243;479,002;883,233;897,188;1063,259
060:0,006;1167,207
061:0,007
062:0,007
063:0,007;162,243;422,266;438,018;468,127;494,115;954,007
064:0,007
065:0,007
066:0,007
067:0,007;496,191;500,018;688,015;1062,228
068:0,007
069:0,007;1070,091
070:0,007
071:0,008;619,198;797,250;831,087;873,099;1007,217;1191,241
072:0,008;598,134;652,107;780,229
073:0,008;557,202;598,134;1031,099;1101,018;1117,230;1154,023
074:0,008;596,095;597,176;916,219;1122,272
075:0,008;591,137;729,250;1076,165
076:0,008;367,150;381,090;574,266;614,141;639,009;865,177;872,092;904,255;1016,229
077:0,008;597,176;618,131;865,115
078:0,008;609,085;613,002;618,131;983,266;1134,012
079:0,008;603,195;768,257;998,246;1029,165;1051,009
080:0,008;636,006;652,107;758,019;850,006;950,012
081:0,009
082:0,009
083:0,009
084:0,009;197,097;324,152;334,009;366,024;466,262;688,150;895,011;945,124
085:0,009;107,020;118,097;135,020;161,239;197,097;249,015;375,004;436,156;529,130;651,177;720,256;882,131;903,009
086:0,009;806,011;905,009
087:0,009
088:0,009
089:0,009;436,156;602,150
090:0,009
091:0,010;329,092;405,018;557,166;1018,226
092:0,010;319,132;322,009;936,090;1197,183
093:0,010;327,159;341,001;664,191;1004,199;1059,001
094:0,010;408,199;411,009;557,166;604,182;606,137;703,156;886,235;978,155;1186,078;1191,110
095:0,010;120,009;222,010;327,184;517,130;722,013;988,207;1162,183;1170,085
096:0,010;326,017;464,158;505,120;798,235;1105,012
097:0,010;403,130;525,147;530,009;983,001;999,250;1017,117;1072,080;1173,120;1194,217
098:0,010;319,132;488,266;1034,179;1108,236
099:0,010;451,250;600,151;654,015;685,246;791,191;887,087
100:0,010;384,001;480,149;720,156;744,080;918,237;985,110;1028,192;1031,134
101:0,011;1004,006;1183,011
102:0,011;448,193;581,256;753,105;790,226;850,018;896,158;990,256;1108,011
103:0,011
104:0,011;697,014;734,126;1061,149;1107,011
105:0,011
106:0,011
107:0,011
108:0,011
109:0,011;722,013;933,272;942,156;1149,250;1171,211
110:0,011
111:0,012;300,152;301,138;483,011;522,169;541,080;697,014;775,259;1033,015;1077,076;1141,078
112:0,012;55,266;155,004;176,274;385,241;433,011;434,274;488,193;498,256;712,171;765,090;838,177;847,001;1035,193
113:0,012;330,097;341,117;1014,156;1064,024;1163,023
114:0,012;398,015;619,115;694,171;1047,241;1122,192
115:0,012;393,266;403,019;532,226;697,014;743,097;1131,256
116:0,012;334,080;1155,118
117:0,012;330,272;697,014;747,257;762,210;889,147;1144,023;1161,207;1189,012
118:0,012;55,266;547,147;697,014;762,210;833,183;891,203;1037,009;1141,078;1177,249;1193,266
119:0,012;341,117;584,106;613,015;697,014;747,257;1071,076;1076,012;1153,268
120:0,012;309,182;431,120;569,191;686,203;697,014;761,091;875,120;1060,250;1171,001
121:0,013;358,007;370,090;722,013;1026,218;1171,259
122:0,013;155,254;318,115;385,219;546,193;657,001;672,006;770,095;870,105;1019,257;1113,006
123:0,013;370,090;376,008;391,171;705,007;828,127;905,244;917,105;1116,085
124:0,013;361,019;367,150;583,141;600,193;755,134
125:0,013;364,246;722,013;1009,141;1015,085;1119,214
126:0,013;364,246;398,250;466,083;525,024;528,214;570,250;686,121;761,262;792,091;959,223;1173,193;1194,078;1198,177
127:0,013;155,254;502,158;722,013;1044,120
128:0,013;346,106;722,013;959,223;1020,092
129:0,013;349,097;391,150;631,176;722,013;985,110;989,183
130:0,013;385,219;443,182;550,158;1030,217
131:0,014;6,080;525,199;885,256;1147,178
132:0,014;596,202;944,197;946,249
133:0,014;470,011;474,188;591,113;836,001;840,018;855,259;925,006;1079,024
134:0,014;475,249;646,141;973,015;974,011;978,015;1044,266;1062,007;1137,202;1176,165
135:0,014;454,087;540,219;886,011;967,007;1006,015;1059,192
136:0,014;455,195;600,001;906,133
137:0,014;474,001;961,214;980,141
138:0,014;507,015;536,007;558,207;604,018
139:0,014;475,249;730,158;879,090;916,207;1071,126
140:0,014;489,246;625,262;728,101;819,241;903,179;976,024;1145,105;1187,115
141:0,015;1090,236
142:0,015;309,199;689,105;697,018
143:0,015;1048,187;1110,266;1148,018
144:0,015;59,007;109,269;171,015;701,147;903,018;933,192;1073,203;1088,171
145:0,015;1048,187
146:0,015;1067,266;1086,156
147:0,015;1047,118
148:0,015;1045,218
149:0,015;1113,187
150:0,015;300,152;332,272;485,270;516,195;698,120;956,237;1199,196
151:0,016;367,076;382,255;473,171;652,202;814,024
152:0,016;366,024;697,014;774,235;825,271;1155,133
153:0,016;366,024
154:0,016;366,024;811,207;940,012;1109,001;1141,018;1144,226
155:0,016;385,184;504,121;710,219;1110,203
156:0,016;382,255;904,229;1011,150;1078,024
157:0,016;366,024;562,173;759,115;762,024
158:0,016;366,024
159:0,016;366,024
160:0,016;366,024
161:0,017;595,013;633,127;713,193;1070,118;1123,087
162:0,017;595,013;653,011;744,127
163:0,017;595,013;600,191;621,085;633,127;748,002;897,196
164:0,017;590,087;627,177
165:0,017;595,013;653,191;655,090;944,127;982,006;1022,076;1190,093
166:0,017;338,239;423,008;466,083;469,132;559,274;595,013;596,095;918,011;927,141;995,127
167:0,017;120,001;191,126;287,097;595,013;633,097;746,226;779,149;978,178
168:0,017;120,007;159,127;350,017;595,013;627,177;645,173;1023,105
169:0,017;62,008;63,017;338,239;429,097;730,199;960,259;1082,001;1190,093
170:0,017;647,271;980,165;1006,110
171:0,018;1009,241;1016,124
172:0,018;683,020;822,197;907,018;940,199;971,001;979,090
173:0,018;144,101;716,099;755,214;803,171
174:0,018
175:0,018
176:0,018
177:0,018
178:0,018
179:0,018;16,174;36,101;498,211;1165,256
180:0,018;36,101;105,002;111,018
181:0,019;683,020;727,183;1023,126
182:0,019;875,133;963,202;1046,271;1166,012
183:0,019;879,245;919,106;932,012
184:0,019;727,183;773,166;802,120;858,237;932,012
185:0,019;884,272;932,012;1095,084
186:0,019;858,237;879,245;932,012;1086,150;1175,001
187:0,019;866,006;897,244;932,012
188:0,019;875,133;902,274;932,012;1075,091
189:0,019;852,177;860,256;932,012
190:0,019;549,101;913,127;932,012;1095,084;1164,001
191:0,020;335,188;342,241;344,250;351,243;558,006;683,020;850,126;964,192;1007,149
192:0,020;335,092;470,121;471,203;579,223;606,024;683,020;856,006
193:0,020;352,256;460,001;470,121;683,020;858,001;1153,128;1156,120;1171,257;1186,237
194:0,020;344,270;503,243;683,020;838,006;893,196;1129,259;1140,266
195:0,020;335,188;509,182;683,020;835,240;1072,120;1101,011;1119,121
196:0,020;337,001;344,270;471,092;1115,001
197:0,020;402,019;431,018;522,275;539,009;579,151;610,113;791,024;795,009
198:0,020;334,250;427,182;438,113;565,019;577,243;718,007;751,197;842,262
199:0,020;423,018;438,113;603,007;683,020;833,262;1127,241;1137,155
200:0,020;413,147;448,092;768,117;877,250;981,106
