001:0,001;452,247;600,096
002:0,001;81,231;615,136
003:0,001;243,125;324,194;539,097;726,099;1171,134
004:0,001;66,139;218,213;1146,203
005:0,001;176,217;870,200
006:0,001;57,184;879,131
007:0,001;66,139;102,231
008:0,001;147,274
009:0,001;93,265;147,274;683,083;728,248
010:0,001;248,086;263,164;740,190;1097,131
011:0,002;101,138;109,149;581,187;758,164;1115,274
012:0,002;210,242;539,212
013:0,002;101,138;137,134;262,096;767,266
014:0,002;99,096;594,258;972,081;1194,212
015:0,002;99,096;124,128;132,194;165,260;637,261;890,165
016:0,002;111,212;210,242;494,195;974,151
017:0,002;160,201;224,260;405,235;440,153;509,154;525,134;658,164;863,261;928,153
018:0,002;130,163;245,168;282,245;314,235
019:0,002;67,212;393,084;533,187
020:0,002;29,235;189,079;324,086
021:0,003;90,217;185,136;1042,141
022:0,003;235,103;352,264;363,088;698,103;705,088;942,127
023:0,003;78,171;389,190;1115,213
024:0,003;98,099;372,156;470,134;487,184
025:0,003;171,153;908,184;1114,248
026:0,003;338,266;737,141
027:0,003;168,168
028:0,003;184,213;615,083
029:0,003;26,087;404,173;525,196;746,093;1054,218;1080,195
030:0,003;188,264;344,206;677,231
031:0,004;25,104;617,213;920,087
032:0,004;86,260;197,271;1064,220
033:0,004;29,271;188,077;286,125;641,252
034:0,004;25,104;579,248;686,206;1196,247
035:0,004;75,090;115,245;200,200;427,165;789,110;874,264;972,218;1005,238
036:0,004;86,173;402,195;464,154;472,165
037:0,004;81,079;149,099;323,102;432,146;715,102;1049,269
038:0,004;62,212;98,087
039:0,004;18,016;51,228;291,218;301,110;316,165;468,200
040:0,004;29,271;606,200;866,130
041:0,005;110,127;472,097;689,220;1061,198
042:0,005;47,242;50,007;95,270
043:0,005;47,223;634,127;718,128
044:0,005;68,003;165,187;192,223;201,235;249,114;835,210
045:0,005;110,127;227,139
046:0,005;88,100
047:0,005;95,270;480,227;584,201;706,097
048:0,005;112,171;281,081;562,162;657,236
049:0,005;68,258;88,100
050:0,005;47,242;112,139;119,238;1000,126
051:0,006;56,220;144,260;154,128;166,154;460,240;569,151;946,261;976,275
052:0,006;104,095;1069,223
053:0,006;34,153;145,220;175,128;538,173;1182,185
054:0,006;83,097;462,188;691,149
055:0,006;54,018;82,208;127,139;812,162;989,258
056:0,006;109,257;563,128
057:0,006;56,220;315,119;459,095
058:0,006;13,136;55,002;82,208;386,138;1101,164
059:0,006;14,015;68,199;109,257;271,187;517,153
060:0,006;422,240;773,125
061:0,007;439,102;706,103;732,083;1076,119
062:0,007;21,179;968,183
063:0,007;21,179;704,188
064:0,007;131,081;946,213;1071,123
065:0,007;243,261;625,196
066:0,007;108,187;348,261;855,125
067:0,007;108,084
068:0,007;36,201;341,196;475,088
069:0,007;180,168;227,245;267,223;818,165;839,196
070:0,007;108,084;188,264
071:0,008;108,136;125,156;130,123;1160,213
072:0,008;117,110;122,079
073:0,008;309,119;1073,093
074:0,008;125,156;668,242;726,201;1195,239
075:0,008;135,239;144,261;151,138;342,079;841,114
076:0,008;113,238;174,102
077:0,008;120,088;257,138;380,204
078:0,008;120,088;151,076;205,131;636,210;659,131;688,245;1108,255;1180,190
079:0,008;37,003;109,245;383,187;535,208;958,262
080:0,008;103,101;135,187;139,248;225,123;681,190;696,210
081:0,009;47,136;71,228;234,126;652,104
082:0,009;60,146
083:0,009;24,003;240,141;601,081
084:0,009;57,259;526,242;657,126;766,187;969,088
085:0,009;52,114;976,212;983,179;1025,217;1103,104
086:0,009;137,158
087:0,009;14,131;55,097;57,259;62,146;130,262;199,126;544,242;707,250
088:0,009;56,247;405,183
089:0,009;14,131;176,114;238,248;1105,149
090:0,009;56,206;173,158
091:0,010;62,086;184,238;493,218;548,194
092:0,010;25,206;209,076
093:0,010;63,141;103,083;288,255;750,146
094:0,010;62,086;233,206;338,266
095:0,010;61,261;323,077;371,138;412,194
096:0,010;89,163;254,110;298,204
097:0,010;61,261;117,138;168,090;230,136;587,275;721,179;1175,217
098:0,010;61,255;63,141;238,093
099:0,010;61,076
100:0,010;36,013;121,134;143,190;622,145
101:0,011;61,173;952,232
102:0,011;394,195;440,260;918,149;1071,156
103:0,011;93,002;112,198;829,186;895,079
104:0,011;89,252;616,149;691,168;711,239;1046,264
105:0,011;6,236;41,123;186,194;271,134;1150,223
106:0,011;69,194;408,212;481,208
107:0,011;101,236
108:0,011;103,101;148,154;152,191;785,239;853,198;938,203
109:0,011;61,173;69,194;112,198
110:0,011;73,171;89,252;440,232
111:0,012;7,196;576,119;1126,138
112:0,012;128,184;133,156;365,191
113:0,012;48,233;77,216;369,125;837,110
114:0,012;98,099;135,126;185,081;279,194;301,239;558,090;588,183;903,110
115:0,012;7,196;332,083;674,271;702,131;807,232;905,183;960,173;1105,112
116:0,012;46,153;80,241;406,077
117:0,012;65,255;1075,095
118:0,012;117,110;211,093;229,239;784,196;799,240
119:0,012;77,216;154,088;445,235;986,269;1031,203;1110,190
120:0,012;80,241
121:0,013;132,250;438,186;800,212;878,096;1044,208
122:0,013;266,204;372,141;422,203;861,271
123:0,013;76,115;458,171;579,240
124:0,013;24,248;570,257;769,103;987,261
125:0,013;104,105;114,085;129,185;285,257;850,191;868,203;1012,141;1031,162;1090,218
126:0,013;24,248;61,008;63,013;426,186
127:0,013;49,162;557,259;784,127
128:0,013;76,115
129:0,013;132,250;616,271;661,162
130:0,013;195,216;226,118;259,201;495,115
131:0,014;105,200;605,247
132:0,014;105,200;112,112;265,118;321,220;686,274;1103,195
133:0,014;266,165;360,201;1049,136
134:0,014;182,096;215,084;235,090;260,220
135:0,014;7,275;16,004;18,120;45,014;201,187;266,165;300,168;394,185;1169,102
136:0,014;49,162;747,168
137:0,014;92,126;203,146;429,090
138:0,014;92,153;350,099;718,223;875,191
139:0,014;105,154;420,241
140:0,014;160,239;174,208;494,156;1064,102;1114,206
141:0,015;164,159;241,145;509,212;527,264;826,195;1096,162
142:0,015;97,145;164,159;270,090;417,103;691,110;820,223;1108,259
143:0,015;98,154;143,164;153,134;395,217
144:0,015;105,085;135,096;145,269;1177,179
145:0,015;168,145;231,086
146:0,015;106,210;630,171
147:0,015;97,145
148:0,015;119,262;123,190;142,095;292,103
149:0,015;123,190;174,206;1072,179
150:0,015;174,102;320,245;650,232;790,257
151:0,016;138,093;737,097
152:0,016;80,131;1093,271;1153,119
153:0,016;62,185;295,095;429,138;608,084
154:0,016;16,020;29,012;32,007;97,130
155:0,016;17,123;127,003;141,188;187,213;211,212;772,258
156:0,016;62,260;138,093;141,188;403,171;444,195;613,203;926,217;1001,235
157:0,016;76,149;154,200;160,184;473,250
158:0,016;112,112;276,084;356,128;682,123;1002,162;1014,187
159:0,016;85,083;173,259
160:0,016;56,247;1190,123
161:0,017;99,203;390,208;435,275;550,238
162:0,017;99,203;578,210;814,139
163:0,017;28,184;29,235;392,264;497,252
164:0,017;56,275;591,104;1082,083
165:0,017;17,184;107,232;626,141;998,114;1151,164
166:0,017;62,128;77,258;547,270
167:0,017;29,077;138,210;290,083;307,216;428,141;733,125;749,275;983,264;988,259;1045,212;1176,099
168:0,017;73,265;99,076;119,262;949,260
169:0,017;29,077
170:0,017;62,128;307,210;539,084;606,099
171:0,018;136,151
172:0,018;106,258;582,218;926,186
173:0,018;137,269;143,183;562,110;678,260
174:0,018;136,151;539,154;1118,245
175:0,018;120,191;145,093;202,190;360,110;768,126;992,275
176:0,018;143,183;400,134;425,168;649,227
177:0,018;459,227
178:0,018;120,164;137,269;925,223;1004,198;1058,096
179:0,018;235,262
180:0,018;126,110;558,258;755,255
181:0,019;25,218;271,112
182:0,019;24,081;60,008;74,248;127,081;178,083;220,164;241,083;587,239;704,134
183:0,019;68,267;996,103
184:0,019;7,275;253,235;297,112;1062,267
185:0,019;120,191;311,171;1176,271
186:0,019;11,233;24,081;131,236;652,275;974,195;1073,213;1082,239;1141,184
187:0,019;6,236;25,218
188:0,019;10,001;11,233;68,267
189:0,019;105,118;172,149;204,138;239,149;910,257
190:0,019;26,240;65,259;105,118;310,218;422,087;882,212;906,164;1066,201
191:0,020;59,239;109,130;797,156
192:0,020;47,223;56,232;432,164;609,090
193:0,020;56,232;60,114;116,210;134,146;172,164;204,217;391,245
194:0,020;85,085;108,136;225,188
195:0,020;120,164;427,154
196:0,020;107,141;296,275;374,099;588,126
197:0,020;56,090;520,127;913,239
198:0,020;55,097;521,238;549,145;583,203;612,275;617,138
199:0,020;59,239;289,185
200:0,020;8,016;21,255;286,127;615,195;802,259;897,261
