001:0,001;74,182;482,203
002:0,001;63,138;200,124;434,216;922,182
003:0,001;165,173;990,174
004:0,001;67,018;99,234;292,189
005:0,001;93,158;273,253;315,133
006:0,001;330,114;495,239
007:0,001;22,156;196,122;613,141
008:0,001;74,182;112,268;134,182;331,177;812,079
009:0,001;388,139;591,114
010:0,001;63,138;93,158;330,114
011:0,002;43,098
012:0,002;278,257;677,208
013:0,002;12,187;55,229;721,255;855,238
014:0,002;48,243;250,218;278,257;401,091;558,098
015:0,002;149,004;151,216;973,170
016:0,002;304,184
017:0,002;48,243;538,264;707,189;925,154
018:0,002;186,151;589,267;1023,239
019:0,002;12,187;321,144;448,261;607,151
020:0,002;55,229;300,173;664,253;689,128
021:0,003;127,092;223,156;263,243;278,247;747,249;1170,112
022:0,003;190,250;327,267;576,253;621,130;1014,179
023:0,003;112,127;186,195;222,151;422,101;961,076;1047,216
024:0,003;166,143;936,142
025:0,003;271,128
026:0,003;201,155;248,109
027:0,003;98,109;202,217;340,198
028:0,003;113,009;310,155;388,250
029:0,003;16,124;190,250
030:0,003;186,195
031:0,004;295,121;849,185
032:0,004;171,130;298,134;358,160
033:0,004;184,255;206,154;921,079
034:0,004;247,160;409,087;420,171;777,165;787,176;992,229;1053,101
035:0,004;193,267;240,089;346,182
036:0,004;171,130;618,266;933,189
037:0,004;230,184
038:0,004;150,154;176,199;213,163;507,174;544,218;821,109;968,101;1093,099
039:0,004;150,154
040:0,004;247,160;301,224;413,160
041:0,005;107,238;260,195;521,214;821,212
042:0,005;154,224;290,102
043:0,005;122,127
044:0,005;17,079;231,091;501,142;924,188
045:0,005;129,253;272,156;460,252
046:0,005;131,213
047:0,005;105,275;160,112;702,253
048:0,005;107,238
049:0,005;109,189;648,261
050:0,005;129,253;131,213;889,148
051:0,006;45,177;327,234;345,266
052:0,006;44,014;138,264;290,218;307,158
053:0,006;60,091;195,148;409,143;797,101;1017,177;1051,076
054:0,006;50,101;192,167;298,130;308,128;581,226
055:0,006;55,123;181,009;350,167;415,243;552,196
056:0,006;57,199;182,239;554,155
057:0,006;54,017;79,141;326,194;620,196
058:0,006;45,177;408,234
059:0,006;157,133;225,218;532,249;692,137
060:0,006;55,123;99,234
061:0,007;68,184;113,141;193,170;435,159;557,219
062:0,007;98,272;164,131
063:0,007;39,163;452,083;1024,130
064:0,007;277,187;319,087;406,232
065:0,007;78,159;253,112;379,245;550,195
066:0,007;40,217;104,138
067:0,007;108,187;249,239;489,182;902,138;1005,080
068:0,007;59,005;162,218;248,138;450,170;753,112;1016,143;1023,175;1042,143
069:0,007;155,184;197,091;224,209;247,092;338,147
070:0,007;40,217;181,246;358,099;476,159
071:0,008;184,209;751,229;987,275
072:0,008;111,087;865,255;903,213
073:0,008;12,080;244,219;493,142;496,176;566,107;665,163;998,214;1043,249
074:0,008;145,252;441,257;726,099
075:0,008;163,175;313,142;446,076;683,107
076:0,008;240,079;372,259
077:0,008;146,122;203,218;216,267;483,156;550,130
078:0,008;162,275
079:0,008;173,252;434,123;468,124;476,158
080:0,008;211,134
081:0,009;540,186;787,171
082:0,009;15,014;57,159;466,107;487,009;540,186;1106,268
083:0,009;570,159;757,148;1048,267;1167,083
084:0,009;508,185;825,159
085:0,009;433,148;823,268;1045,165
086:0,009;712,225
087:0,009;233,144;317,175;1016,246
088:0,009;519,152
089:0,009;618,232
090:0,009;16,124;398,009;548,196;599,139;713,225
091:0,010;176,103
092:0,010;136,253;197,255;226,202
093:0,010;153,137;196,127;258,167
094:0,010;27,100;416,009;430,167;479,163
095:0,010;227,171;397,141;583,259;612,131;694,138;808,209
096:0,010;112,004;141,208
097:0,010;134,208;675,089
098:0,010;127,092;320,015;412,102;718,131
099:0,010;62,079;870,209
100:0,010;91,249;227,103
101:0,011;188,202
102:0,011;52,121;119,109;807,143
103:0,011;102,185
104:0,011;53,269;86,153
105:0,011;64,153;1172,255
106:0,011;70,152;188,202;195,165;707,264
107:0,011;205,272
108:0,011;52,121;265,165
109:0,011;173,272
110:0,011;63,153;67,017;113,264;501,137;667,176;878,121
111:0,012;154,167;165,249;339,253;560,156;958,252
112:0,012;133,252;161,096;1179,249
113:0,012;74,275;80,091;243,133
114:0,012;81,137;302,216;421,131;528,138;533,217;565,268;809,217
115:0,012;74,275;212,155;465,177;666,122
116:0,012;140,096;362,089;928,175
117:0,012;85,133;154,167;229,137;470,155
118:0,012;148,232;383,096
119:0,012;22,156;719,177;993,176
120:0,012;75,216;85,133;277,159;397,090;425,155;516,246;798,127
121:0,013;133,089;215,255;1156,186
122:0,013;94,246;264,107;456,090;1003,170
123:0,013;128,147;305,080;756,218
124:0,013;109,212;819,186
125:0,013;78,010;109,212
126:0,013;177,107
127:0,013;38,257;124,194;321,264
128:0,013;38,257;94,246;129,009;152,142;309,167;338,143;341,015;438,151
129:0,013;124,194;881,176
130:0,013;152,142;970,143;1006,173
131:0,014;27,100;41,093;56,101;398,253
132:0,014;112,165;179,009;309,259;560,091
133:0,014;123,131;233,175;834,214;948,229;998,163
134:0,014;149,259;294,247;761,124
135:0,014;56,239;209,176;483,267
136:0,014;56,239;127,148;709,188;889,203;1103,175
137:0,014;95,176;177,259;363,134;783,170;984,124
138:0,014;112,165;264,179;1010,089;1098,102
139:0,014;95,176;774,152
140:0,014;98,109;109,272;190,144;371,137;1060,214
141:0,015;269,214;510,164
142:0,015;110,203;133,121;401,144;438,252;830,218
143:0,015;450,083;1141,177
144:0,015;350,226;368,123;412,079;713,257
145:0,015;510,164
146:0,015;496,123;524,091
147:0,015;325,099;1077,083
148:0,015;416,219
149:0,015;350,226;533,188
150:0,015;523,195;534,099;711,209;844,121
151:0,016;66,146;68,198;713,139
152:0,016;73,112;252,245;368,255;715,259;1151,089
153:0,016;167,107;260,185;483,009;508,113
154:0,016;73,112;138,219;150,217;802,246
155:0,016;63,174;107,009;164,015;398,261;408,112
156:0,016;68,198;328,218;754,198
157:0,016;138,219;385,249;509,124;757,080;980,142
158:0,016;61,216;275,098;508,113
159:0,016;166,219;241,249;1015,090
160:0,016;61,268;563,152;762,173
161:0,017;67,087;307,009;493,188;621,261;1196,259
162:0,017;153,144;227,253;361,171;398,183;493,188;516,114;572,239;1023,138
163:0,017;97,152;180,185;213,141
164:0,017;66,189;67,128;304,101;750,257
165:0,017;34,203;427,100;957,266;1197,153
166:0,017;100,076
167:0,017;93,224;100,076;431,124;949,268
168:0,017;141,203;383,232;404,121;828,165;1044,112;1145,147
169:0,017;67,087;93,224;624,194;1185,096
170:0,017;67,128;268,238;810,134
171:0,018;179,214;244,255;329,246;992,100
172:0,018;111,174;506,167;596,128;675,174;969,109
173:0,018;128,147;890,102;1079,137
174:0,018;184,150;189,189;245,015;335,261;641,217
175:0,018;145,102;280,171;291,209;701,076;927,087;1116,148
176:0,018;179,090;342,217;530,087
177:0,018;145,102;391,226;563,127;751,156
178:0,018;214,183;567,176;637,275;922,255
179:0,018;192,082;214,183;389,246;509,089;655,167
180:0,018;179,090;397,203;824,177
181:0,019;78,148;191,123;302,243;395,139
182:0,019;17,093;78,148;127,123
183:0,019;46,010;85,184;148,232;617,123
184:0,019;69,247;237,122
185:0,019;60,100;274,127;554,226
186:0,019;69,247;292,131;398,171;1095,101
187:0,019;36,152;45,080
188:0,019;36,266;602,245
189:0,019;5,182;13,019;34,013;125,184;292,100
190:0,019;17,121;21,007;107,163;183,214;1186,267
191:0,020;45,017;78,143;320,229;887,194
192:0,020;17,179
193:0,020;43,098;210,184;213,245
194:0,020;42,174
195:0,020;17,179;250,091;352,090
196:0,020;65,245;250,275;594,183
197:0,020;85,143;163,175;214,268;930,216
198:0,020;193,170;971,156
199:0,020;52,003;54,004;134,089;465,224;736,102;826,185;849,175;919,147;1136,171
200:0,020;48,266;332,130;508,183
