001:0,001;251,134;516,233;769,241
002:0,001;250,121;1117,260
003:0,001;185,275
004:0,001;12,211;254,200;334,097
005:0,001;219,157;785,109
006:0,001;12,211;57,014;59,131;124,111;362,270;790,078;800,260;1012,211
007:0,001;196,190;257,224;362,257;706,175
008:0,001;248,127;252,190;354,236;392,224;646,269;674,229
009:0,001;200,252;215,007;257,224;1043,248
010:0,001;193,113;238,018;395,226;531,092
011:0,002;35,189;114,193
012:0,002;45,171;372,109;735,269;793,157
013:0,002;57,206;222,255;487,193
014:0,002;117,110;261,241;1145,122
015:0,002;39,186;304,267
016:0,002;102,207
017:0,002;45,235;312,018;443,194;789,168;838,135
018:0,002;73,207;325,211;339,134;357,222;490,229;494,221;965,189;974,272
019:0,002;13,153;45,171;197,135;270,230;327,105;409,213;517,249
020:0,002;13,153;76,005;117,110
021:0,003;37,208;308,222;562,104
022:0,003;98,174;282,230;400,275;632,273
023:0,003;38,269;48,131
024:0,003;48,131;52,083;85,001;117,244
025:0,003;64,200;248,193;479,101
026:0,003;36,143;291,242;294,143
027:0,003;37,208;314,087;484,215
028:0,003;35,010;49,153;410,124;901,079
029:0,003;37,269;117,244
030:0,003;36,143;178,018;199,171
031:0,004;39,215
032:0,004;87,267;179,189;267,240;272,189;932,123
033:0,004;142,256;547,269
034:0,004;39,215;123,222;293,127;368,216
035:0,004;37,092;521,134;635,216
036:0,004;48,269;579,256
037:0,004;37,020;41,196;63,092;396,200;1150,121
038:0,004;173,096;500,104;554,121;773,123;806,078
039:0,004;41,196;129,101;155,131;212,163;226,150;542,163
040:0,004;106,220;127,215;269,249;480,225
041:0,005;183,272;967,190
042:0,005;173,206;229,175;291,269;512,107
043:0,005;117,117
044:0,005;173,227;1186,157
045:0,005;79,178;529,117
046:0,005;150,134;321,172;840,131
047:0,005;53,084;250,216;599,101;700,123;753,156
048:0,005;229,175;443,186
049:0,005;150,134;210,241;237,007;285,236
050:0,005;183,272;481,155;991,275
051:0,006;131,273;260,018;378,221;480,176;604,147;1154,241
052:0,006;95,014;145,257;262,107;927,143
053:0,006;169,081
054:0,006;54,008;105,272;141,124;265,153
055:0,006;387,176;709,134
056:0,006;111,218;390,101;461,121;538,171
057:0,006;17,008;151,087
058:0,006;316,192
059:0,006;109,230;278,101;436,242;826,269
060:0,006;92,120;368,096
061:0,007;138,137;231,096;357,192;421,178;1005,150
062:0,007;176,237;338,007;509,079
063:0,007;327,199
064:0,007;22,104;268,190;950,113
065:0,007;138,137;1056,172
066:0,007;231,122;738,115
067:0,007;385,252;695,150;1195,147
068:0,007;385,189;455,190;1195,092
069:0,007;719,100
070:0,007;91,104;205,193;231,122;457,129;719,100
071:0,008;309,194
072:0,008;118,086;364,194;443,249
073:0,008;136,001;188,188;550,198;734,257
074:0,008;82,001;114,168;169,081
075:0,008;339,250;583,153;906,172;1053,256
076:0,008;141,001;143,195;566,188
077:0,008;123,257;222,148
078:0,008;170,248;577,148
079:0,008;141,124;383,200;392,171;503,249;508,229
080:0,008;251,192;350,135;825,270
081:0,009;101,079;508,096
082:0,009;68,129;877,270
083:0,009;58,270;68,129;139,240;264,270;272,007;422,248;747,129
084:0,009;95,083;137,007;639,275;987,225
085:0,009;125,148;202,156;274,256;362,190;450,175;695,262;1154,200
086:0,009;59,258;116,079;899,129
087:0,009;35,189;70,017;106,186;175,227
088:0,009;70,196;376,113;461,097;960,107
089:0,009;58,163;538,178
090:0,009;59,258;95,147;589,199;671,261;898,175
091:0,010;95,144;864,242
092:0,010;28,118;49,198;190,248;412,186;815,105
093:0,010;75,225;165,117;476,189;1055,224
094:0,010;95,160;431,168;775,248
095:0,010;94,223;95,160
096:0,010;83,101;105,001;141,172;150,086;374,080;854,186;961,196
097:0,010;28,118;75,225;83,101;88,260;186,018;222,123;443,113;902,080
098:0,010;97,086;111,204;531,136
099:0,010;111,204;857,198
100:0,010;119,150;213,018;286,243
101:0,011;12,247;91,012;119,249;408,230;523,111
102:0,011;79,178;405,092;412,159
103:0,011;50,230;102,225;129,109;250,275;285,136;351,159;385,111;1145,258
104:0,011;64,193;202,150;685,199
105:0,011;31,007;194,148;308,252;352,230;532,160;560,159
106:0,011;101,222;316,104;348,118;1044,218
107:0,011;50,230;257,121;438,236
108:0,011;68,155;285,126;1088,189
109:0,011;31,188;62,118;96,216;355,143;550,150;964,097
110:0,011;12,247;156,196;509,092;740,109;745,122;987,144
111:0,012;115,237;146,168;432,255
112:0,012;127,269;278,143;336,147
113:0,012;122,105;229,104
114:0,012;108,144;402,218;1006,221
115:0,012;41,198;512,243
116:0,012;122,105
117:0,012;187,101;290,156;342,211;556,143;746,134;1108,233
118:0,012;177,199;555,131;773,233
119:0,012;182,168;343,195;618,211
120:0,012;160,258;362,237;418,144
121:0,013;86,120;252,084
122:0,013;53,246;57,261;498,255
123:0,013;54,241;165,255;186,122;228,186;248,137
124:0,013;53,084;862,143;910,153
125:0,013;10,161;99,189;340,018;365,080;481,249;493,087
126:0,013;48,237;610,105;806,194
127:0,013;10,161;131,156;168,200
128:0,013;57,261;385,258
129:0,013;53,246
130:0,013;48,237;103,101;189,155;307,120;315,195;330,135
131:0,014;165,127;224,107;237,172
132:0,014;152,225;451,226;892,196
133:0,014;182,174;272,211;1002,122
134:0,014;98,008;106,200;138,213;396,155;926,124;967,221;983,189
135:0,014;251,192;312,225;958,262;1040,124
136:0,014;214,125
137:0,014;150,153;198,113;441,105;580,192;653,224
138:0,014;20,011;30,009;76,188;214,125
139:0,014;149,235;165,127;1178,220
140:0,014;224,107;495,113
141:0,015;154,122;219,157;303,242;400,136
142:0,015;8,242
143:0,015;72,229;408,156
144:0,015;69,235;101,258;1013,218;1020,204
145:0,015;8,242;75,136;519,260
146:0,015;75,136;257,120;276,270;315,215;455,196;843,168
147:0,015;68,260;795,121
148:0,015;140,275;188,260;517,160;529,196;880,084
149:0,015;72,229;662,192
150:0,015;138,172;216,267;250,163
151:0,016;108,156;741,176
152:0,016;99,213;134,220
153:0,016;99,213;1177,262
154:0,016;102,001;115,174;142,007;446,078;572,222;725,252
155:0,016;94,126;267,131;519,272
156:0,016;175,135;327,207
157:0,016;85,163;192,186;225,188
158:0,016;96,267;370,127
159:0,016;94,079;110,086;124,117;158,242;278,110
160:0,016;94,126;389,261;663,176
161:0,017;138,270;864,204;1018,118
162:0,017;146,255;422,237;613,248;1031,258;1110,134
163:0,017;35,240;115,206;138,270;211,225;215,246
164:0,017;35,240;274,273
165:0,017;228,018;418,233;498,262;681,157;1177,111
166:0,017;153,161;186,007;418,233;1091,137
167:0,017;149,242;153,161;220,018;390,221
168:0,017;139,083
169:0,017;117,188;185,111;519,222
170:0,017;109,111;160,273;586,213
171:0,018;288,243;443,153;545,204
172:0,018;386,115;734,222
173:0,018;471,262;899,252
174:0,018;125,150;142,256;213,190;227,109;369,275;386,115
175:0,018;293,135;339,250;579,078;771,143;855,196;932,155;1011,178
176:0,018;344,186;398,267;1050,101
177:0,018;208,198
178:0,018;328,118;985,186
179:0,018;318,007;443,157;673,226
180:0,018;111,218
181:0,019;20,096;158,155;164,172;308,007;438,192;537,213;581,160
182:0,019;32,159;558,192;574,195
183:0,019;34,234;64,246;120,247;168,007;239,256;271,124
184:0,019;16,241;763,092;1185,127
185:0,019;26,109;172,211;310,018;417,104;487,080
186:0,019;81,248;107,197;460,101;506,261
187:0,019;16,200;32,159;318,157;442,256;1052,267
188:0,019;16,200;18,011;35,188;98,096;198,087;289,155;465,123;629,195
189:0,019;20,096;31,005;107,197;462,122;1119,261
190:0,019;26,109;81,248;187,235;343,109
191:0,020;117,117;119,161;121,189;174,109;187,195;298,186;418,134;720,101;1050,262
192:0,020;44,216;73,097;431,126
193:0,020;18,083
194:0,020;73,097;313,175;852,123;918,261;1112,126
195:0,020;92,147;260,257
196:0,020;85,220;1139,168
197:0,020;54,018;91,249;231,252;897,226
198:0,020;44,216;230,123
199:0,020;39,186;91,211;142,129;431,092;478,078
200:0,020;59,252;234,143;272,199;316,257;345,148;511,168;1051,118
