001:0,001;162,081;320,102;341,218;565,196;729,256
002:0,001;77,165;166,008;205,083;612,182
003:0,001;76,081;307,252;702,254
004:0,001;132,122
005:0,001;54,007;459,114;476,137;693,269;843,247
006:0,001;111,270;565,197;602,125;744,140;969,227
007:0,001;75,010;108,192;132,122;1001,131
008:0,001;87,010;95,240;1167,118
009:0,001;113,272;354,179;389,079;564,107
010:0,001;68,118;181,231;301,234;740,199
011:0,002;338,104;403,236;1159,125;1184,216
012:0,002;259,178
013:0,002;277,111;297,218
014:0,002;338,104;582,128
015:0,002;364,190;429,245;580,158;831,252
016:0,002;264,093;534,148
017:0,002;8,172;777,103
018:0,002;298,093;422,132
019:0,002;8,172;412,162;727,169;782,196;877,269
020:0,002;146,006;158,163
021:0,003;115,178;799,183
022:0,003;16,001;18,194;150,175;157,136;245,252;298,183;992,260
023:0,003;150,175;203,223;222,233;379,131;385,239;560,192;704,121;968,242
024:0,003;112,131;720,227
025:0,003;129,234;477,132
026:0,003;92,131;200,239;284,209;404,214
027:0,003;89,247;133,205;184,247;436,172;587,087;710,257;1066,189
028:0,003;152,146;663,089;944,102;1100,130
029:0,003;68,118;129,234;152,146;248,150;254,118;326,239;890,112
030:0,003;115,178;224,214;416,159;436,214
031:0,004;145,010;327,089
032:0,004;102,162;565,245;761,223
033:0,004;100,002;111,260;977,089
034:0,004;102,162;320,136;657,079
035:0,004;111,216;479,114
036:0,004;111,260;296,167;351,121;490,096;678,162;931,267;972,107
037:0,004;141,014;233,224;259,173;510,194;578,112;883,158
038:0,004;111,216;420,254
039:0,004;128,010;202,179;272,092;591,194
040:0,004;108,261;255,209;268,241;818,162
041:0,005;152,204;189,121;521,244
042:0,005;256,271;690,136
043:0,005;157,136;178,156;296,078;324,156;354,140
044:0,005;189,121;343,242;793,172
045:0,005;155,093;250,146
046:0,005;96,139;293,261;859,194;980,181
047:0,005;213,194;813,203
048:0,005;96,139;953,217
049:0,005;152,204;175,196;234,010;354,140;499,139;929,084
050:0,005;177,269;998,140;1154,130
051:0,006;206,150;266,001;312,236;317,081;433,203;515,238;720,087;837,178
052:0,006;224,092;632,197;641,224
053:0,006;223,114;284,179;334,001;555,099
054:0,006;239,131;307,001;483,220;512,128;985,241
055:0,006;250,272
056:0,006;251,224
057:0,006;367,007;401,238;581,173;717,097
058:0,006;335,267;868,167;1169,247
059:0,006;224,092;241,167;260,182;603,165
060:0,006;248,240;324,081;431,131;434,271
061:0,007;14,217;386,107;520,181;647,167
062:0,007;14,217;159,006;205,016;427,229;515,254;672,181;728,076;1059,125;1116,096;1175,167
063:0,007;409,148;834,121;904,239
064:0,007;386,107;798,182
065:0,007;420,112;467,188;474,112;1123,257
066:0,007;520,181;975,078
067:0,007;138,231;423,209
068:0,007;420,257
069:0,007;402,097;444,112;495,121;820,241;975,121
070:0,007;409,148;423,016;728,076;938,158;963,159
071:0,008;424,203;789,167;868,199
072:0,008;220,173;240,147;1163,091
073:0,008;22,020;70,195;201,163;384,124;1174,236
074:0,008;266,001;405,238;467,097;527,224;596,097;712,192
075:0,008;216,265;220,173
076:0,008;25,124;121,167;209,089;484,216;955,220
077:0,008;70,195;367,260;466,190
078:0,008;212,179;429,231
079:0,008;250,261;312,231
080:0,008;240,147;352,227;955,216;1083,076
081:0,009;6,156;30,009;216,079
082:0,009;81,223;135,118;697,130;1035,150;1048,196;1153,194
083:0,009;83,265;354,096;359,188
084:0,009;137,218;183,116
085:0,009;86,158;653,078;751,162;756,234;1171,196
086:0,009;64,167;165,175;183,128;537,220;946,092;1064,122
087:0,009;81,223
088:0,009;150,269;636,092;648,161;663,158;904,238
089:0,009;63,192;122,272;208,217
090:0,009;5,019;6,156;83,265;86,158;564,239
091:0,010;305,007;543,130;1152,261
092:0,010;489,120;1181,234
093:0,010;282,116
094:0,010;104,194;266,001;489,120;522,173;529,196;757,159
095:0,010;266,001;432,155;542,120;909,157
096:0,010;329,202
097:0,010;106,200;266,001;458,091
098:0,010;266,001;500,249
099:0,010;266,001;432,155;543,130;684,092;823,084;923,229
100:0,010;106,200;266,001;343,202
101:0,011;12,012;36,184
102:0,011;36,184;293,001;377,190
103:0,011;71,199;821,107;964,076
104:0,011;53,128;491,091;1120,242
105:0,011;18,270;705,118;795,245;947,261
106:0,011;71,199;734,131;979,169
107:0,011;18,270;108,111;160,002;278,154;390,099;767,161
108:0,011;13,101;349,084;670,163
109:0,011;13,101;66,128;159,227;214,137;475,093
110:0,011;37,240;181,002;240,159;956,087
111:0,012;24,008;198,241;858,124
112:0,012;51,253;259,271;365,124;369,096;454,272;596,245
113:0,012;46,159;382,167;643,272;727,197
114:0,012;42,002;254,132;303,111;363,102
115:0,012;11,249;139,246;615,223;744,238;850,192
116:0,012;45,227;89,247;831,103
117:0,012;11,249;391,272;417,240
118:0,012;51,253;243,257;405,179;415,104
119:0,012;136,246;269,078;296,194;385,196;521,242;1096,150;1113,092
120:0,012;89,169;116,241;186,006;206,167;778,256
121:0,013;74,194;85,159;114,114;394,084;1189,124
122:0,013;54,137;362,101;522,256;717,150
123:0,013;130,169;514,257;544,203
124:0,013;53,169;341,118;1159,140
125:0,013;176,089;321,132;424,163;653,218
126:0,013;86,124;857,118
127:0,013;54,137;185,214;390,184
128:0,013;57,165;235,141;357,078;593,207
129:0,013;185,214;203,014;208,205;479,234
130:0,013;114,114;181,239;309,165
131:0,014;294,103;822,118;851,087
132:0,014;366,207;584,209
133:0,014;254,132;410,103;772,099;790,169;967,137;1038,157
134:0,014;237,223;397,144;531,251
135:0,014;159,227;707,251
136:0,014;98,016;124,079;257,183;792,087;907,242;928,241;1012,128
137:0,014;296,079;367,137;935,139;953,093;973,173
138:0,014;254,196;297,016;366,207;423,172;426,207
139:0,014;255,218;332,184;388,001;397,144
140:0,014;245,227;339,103;371,195;766,136;1144,216
141:0,015;204,261;214,245;401,154;436,087;548,229
142:0,015;101,242;295,265;355,099;524,249;1198,240
143:0,015;77,182;268,224;520,236;917,120
144:0,015;77,182;213,189;423,016;536,161;605,092
145:0,015;139,189;1031,241
146:0,015;176,229;881,196
147:0,015;69,111;383,188;439,247;1154,083
148:0,015;105,273;139,242;489,165;539,093;926,236
149:0,015;105,273;173,167;176,229;400,154;593,257;694,137
150:0,015;258,254;279,252
151:0,016;440,216;735,196;995,162
152:0,016;493,244;498,125;585,238
153:0,016;330,195;755,078
154:0,016;522,197;695,169;721,270
155:0,016;437,150;670,270
156:0,016;498,125;1053,121
157:0,016;437,150;1025,245
158:0,016;243,209;580,144
159:0,016;243,257;469,194;484,220
160:0,016;446,139;493,244
161:0,017;16,084;394,233;1064,137
162:0,017;16,084;330,139;433,189;668,197
163:0,017;141,006;165,087;343,136;695,189;717,136;730,173;967,158
164:0,017;76,252;124,192;504,089;653,246;717,271;1005,269
165:0,017;41,233;992,267
166:0,017;90,256;258,265;270,182;787,125;863,241;924,087;936,125
167:0,017;35,111;98,005;165,087;744,181;844,148
168:0,017;36,205
169:0,017;62,081;90,256;740,272;906,121;1006,194;1103,102
170:0,017;55,081;76,252;278,154;401,016;402,097
171:0,018;210,098
172:0,018;235,251;675,161
173:0,018;187,136;307,256;486,102;926,181
174:0,018;106,241;260,096
175:0,018;187,007;253,254;433,114
176:0,018;260,096;287,114;456,159;736,096;1068,271
177:0,018;156,078;974,140;986,128;1004,093
178:0,018;199,258;245,099;346,098
179:0,018;190,245;537,223;593,172
180:0,018;210,098;335,267
181:0,019;16,141;60,156
182:0,019;90,102;161,247;180,218;283,195;304,242;330,254;364,156
183:0,019;86,010;150,231;171,159;235,102;472,131
184:0,019;90,102;313,236;501,260
185:0,019;168,249;349,169;657,083;1120,150
186:0,019;122,141;126,099;358,249;516,169
187:0,019;122,141;372,147
188:0,019;16,141;109,016;125,099;232,093;271,246
189:0,019;102,239;105,196;546,161;749,216;1154,136
190:0,019;105,196;157,078;254,165;443,148;533,188;797,189
191:0,020;193,101;524,205;828,188
192:0,020;111,183;264,136;324,254;326,083
193:0,020;150,192;834,246
194:0,020;175,188;220,165;297,239;329,261;1125,112
195:0,020;78,251;519,140;736,084;800,099
196:0,020;76,261;127,116;281,157;867,092;921,272
197:0,020;78,251;172,124;358,162;397,223;536,121;693,146
198:0,020;88,116;102,239;196,251;221,083;234,188;349,131;373,240;412,131;423,217;865,205
199:0,020;281,157;1015,183
200:0,020;76,261;88,116;175,188;370,239;381,087;436,249;442,132;455,154;598,272;629,104
