001:0,001;86,203
002:0,001;32,201;133,256;194,236;215,079;252,248;334,128;379,213;442,273;446,216;566,177;576,208;653,019;675,098;885,103;980,167;1070,096;1073,105;1155,226
003:0,001;55,095;86,203;275,223;307,112;608,185;645,265;696,246;767,169;889,102;960,137;1036,247;1094,254;1105,106;1165,116
004:0,001;72,223;157,170;161,222;357,169;674,150;739,234;744,190;793,249;901,251;937,120;944,103;967,239;1089,145;1093,166;1176,220
005:0,001;51,132;365,203
006:0,001;55,239;60,115;183,083;238,185;432,211;530,195;588,185;653,166;683,209;701,108;735,198;768,248;780,217;816,145;894,213;899,021;960,137;1043,235;1181,174
007:0,001;82,199;237,097
008:0,001;9,136;260,202;298,240;318,102;347,084;351,022;357,169;493,219;675,098;858,200;952,197;976,095;1126,012;1176,220;1198,134
009:0,001;11,190;31,152;82,199;161,207;300,092;332,094;377,103;428,100;514,274;649,207;756,144;757,199;928,209;930,099;1000,223;1087,096;1132,012;1165,116
010:0,001;31,152;418,183;770,199
011:0,002;2,239;54,175;63,084;94,112;211,204;228,255;230,232;240,269;271,224;295,179;319,152;369,254;387,175;440,260;461,234;634,124;693,166;698,217;734,020;758,160;903,242;935,257;1047,201;1091,256
012:0,002;12,163;26,270;84,171;108,150;211,274;325,211;401,214;435,103;481,245;501,113;617,159;677,169;705,142;730,270;734,020;754,165;791,184;836,095;948,249;973,173;1142,161
013:0,002;22,274;23,179;170,124;313,140;432,229;703,151;721,080;734,020;742,131;754,165;833,143;966,175
014:0,002;10,117;734,020;758,160
015:0,002;34,259;39,083;46,092;153,148;221,201;236,264;295,195;322,103;351,140;427,105;443,236;452,166;628,154;693,010;698,217;711,144;734,020;740,189;771,127;1053,257;1059,219;1103,129
016:0,002;2,239;260,204;323,151;400,119;503,128;657,198;740,217;827,275;843,195;853,223;960,249
017:0,002;13,258;108,143;128,116;263,143;321,153;424,162;444,095;449,154;458,188;495,084;546,154;734,020;771,127;924,251;926,185;1088,224
018:0,002;10,117;1069,175
019:0,002;14,017;23,179;196,102;278,154;377,151;678,159;679,274;732,090;734,020;782,192;823,143;988,148;1003,197;1010,120;1022,254;1176,102;1185,100
020:0,002;24,140;49,126;316,274;442,234;734,020;740,189;805,126;949,247;966,228;1059,167
021:0,003;31,079
022:0,003;23,001;37,180;198,011;223,182;287,239;335,080;342,168;351,022;373,081;386,118;405,132;636,121;641,019;648,196;668,107;698,113;757,224;816,100;875,226;1028,188;1040,174;1071,209;1117,121;1143,173;1178,107
023:0,003;22,209;37,180;198,011;221,229;225,156;351,022;386,118;621,113;730,219;787,200;808,209;1046,121;1110,108;1123,131
024:0,003;15,109;31,079;198,011;223,182;290,095;328,151;351,022;400,190;402,162;408,129;516,119;641,106;666,258;752,143;825,079;895,228;1077,209;1130,095;1137,100;1145,216
025:0,003;4,192;6,222;155,113;188,092;198,011;229,076;254,090;351,022;405,132;564,119;726,175;728,228;737,090;764,107;783,142;806,169;861,166;874,254;921,213;942,126;1032,182;1076,121;1176,235
026:0,003;25,078;198,011;225,156
027:0,003;6,222;22,209;198,011;228,255;266,153;329,116;351,022;404,199;448,162;504,198;585,209;603,263;644,096;648,196;716,169;799,096;817,258;864,188;885,208;979,163;1023,133;1075,210;1154,168;1167,145
028:0,003;51,077;116,225;175,264;198,011;254,090;351,022;371,248;376,219;445,092;475,202;662,128;701,194;707,219;1076,251;1172,178
029:0,003;16,204;46,078;198,011;221,229;314,138;351,022;373,081
030:0,003;8,124;39,105;126,245;138,103;142,274;205,264;301,009;314,138;351,022;376,219;493,273;505,216;612,079;802,251;842,189;846,146;902,145;1084,144;1153,235;1157,140;1168,099;1183,194
031:0,004;24,228;246,015;281,206;958,004;964,252
032:0,004;23,236;27,129;246,015;289,190;366,156;490,118;507,095;725,208;931,131;945,120;958,004;972,088;999,175;1050,172;1098,247;1187,173
033:0,004;12,259;246,015;281,206;334,173;349,271;366,086;396,273;462,236;648,208;714,249;825,224;842,106;869,098;902,167;968,111;1015,216;1019,189;1194,185
034:0,004;12,259;17,270;21,001;47,103;106,128;167,275;229,190;242,170;246,015;279,086;354,273;389,152;469,095;629,152;646,262;670,163;759,146;765,150;977,216;991,008;1023,264;1106,186;1146,223
035:0,004;38,142;58,154;246,015;287,198;430,207;452,105;522,087;556,144;561,100;686,162;693,257;746,113;754,195;817,200;958,004;972,197;1047,189;1060,022;1074,251;1120,257;1126,254;1135,099
036:0,004;58,154;311,203;332,202;388,215;501,079;591,262;750,152;862,251;895,076;958,004;977,216;1023,264;1032,111;1073,137;1149,152
037:0,004;27,129;246,015;266,166;420,171;588,142;833,219;900,120;932,174;939,163;954,202;958,004;968,111;1095,201;1104,111
038:0,004;17,201;24,228;113,084;185,177;227,143;237,139;246,015;264,211;361,151;376,270;388,094;427,096;431,166;440,201;569,260;728,196;732,106;754,095;755,103;799,116;902,099;918,195;931,093;942,223;945,189;958,004;964,252;1081,228;1117,226;1160,256;1184,171;1186,098
039:0,004;27,136;48,089;95,259;266,166;279,086;316,163;348,159;402,105;410,102;435,254;448,230;455,199;471,198;499,092;591,201;652,116;699,084;882,197;895,167;950,177;958,004;991,261;1029,118;1129,264;1186,096;1198,260
040:0,004;17,270;38,125;47,103;50,153;113,271;137,177;142,254;173,209;246,015;324,154;427,121;610,274;621,206;958,004;973,121;987,131;991,261;999,146
041:0,005;1,236;82,209;160,142;166,177;168,172;194,258;210,025;252,078;277,011;300,113;330,129;375,148;400,186;414,213;622,151;785,167;809,107;822,180;910,163;1022,216;1101,133;1143,257;1147,224;1167,185;1175,202;1179,181
042:0,005;17,131;50,273;210,025;215,262;227,168;277,011;289,245;317,204;404,197;470,216;480,099;516,129;710,143;735,153;816,121;1064,125
043:0,005;7,171;10,112;22,198;90,274;109,211;156,196;210,025;218,080;221,185;237,103;257,077;277,011;305,229;332,180;581,087;739,112;743,166;752,144;990,143;1076,131
044:0,005;22,198;89,138;102,204;108,214;210,025;221,185;245,177;250,142;277,011;288,213;409,142;412,198;469,209;527,105;537,260;563,245;578,217;657,192;709,198;712,274;744,248;753,185;783,129;892,248;1091,185
045:0,005;15,211;210,025;222,236;225,109;277,011;293,230;391,260;630,213;834,249;880,080;1168,226;1179,254
046:0,005;8,262;210,025;227,168;372,129;1135,172
047:0,005;1,236;2,258;7,171;36,088;57,204;210,025;229,132;277,011;288,213;293,230;506,126;553,275;569,216;629,132;676,185;745,080;787,105;833,259;1012,098;1043,226;1105,235;1106,145
048:0,005;3,221;277,011;332,180
049:0,005;2,258;8,262;15,211;105,274;160,087;164,204;251,236;258,153;277,011;304,186;392,128;457,087;462,245;559,156;659,119;668,257;685,228;714,121;935,080;1010,153;1018,127;1034,148;1065,236
050:0,005;3,221;52,138;147,115;168,087;184,202;208,184;252,078;276,273;277,011;330,129;340,095;351,259;365,166;389,125;407,126;469,194;491,175;515,096;664,087;837,235;853,234;961,120;995,188;1014,189;1045,173;1095,162;1110,100
051:0,006;12,098;412,011;424,085
052:0,006;8,133;121,172;179,275;207,179;345,245;403,273;412,011;440,201;473,192;518,077;526,166;587,115;632,126;719,124;734,009;760,207;800,256;837,096;955,102;1039,137;1094,156;1193,264
053:0,006;6,164;24,259;31,124;58,236;167,131;275,116;467,190;491,271;510,127;671,131;688,099;739,274;760,126;763,171;770,164;906,146;995,191;1100,122;1108,265
054:0,006;15,109;404,081
055:0,006;15,136;23,150;24,273;28,215;378,194;410,099;412,011;426,082;671,108;865,228;887,100;921,192;931,235;959,096;1042,121;1044,219;1052,152;1149,185;1153,169;1161,273;1171,247
056:0,006;12,098;65,133;86,236;412,011;424,085
057:0,006;5,083;6,164;13,181;412,011;436,217;539,192;654,093;687,196;740,258;774,097;875,116;927,197;941,192;951,223;1022,259;1039,092;1057,207;1074,168;1144,148;1174,224
058:0,006;13,181;412,011;439,093;446,082;1096,239
059:0,006;28,215;338,106;412,011;427,096;514,102;776,224;789,112;796,165;1039,236;1052,102
060:0,006;16,273;58,225;218,188;359,263;362,245;372,246;412,011;439,093;534,262;552,240;666,197;689,142;697,131;1029,080;1059,084;1086,239
061:0,007;26,102;126,184;169,269;215,211;292,124;339,076;389,248;715,163;724,207;899,197;922,219;1037,226;1126,236;1158,012
062:0,007;10,150;113,138;193,249;233,173;299,143;351,207;418,253;489,125;512,167;699,256;817,093;821,102;877,117;881,166;989,197;999,186;1033,120;1070,181;1148,251;1157,111
063:0,007;18,114
064:0,007;29,113;201,098;219,147;224,098;259,175;355,246;415,153;430,263;432,113;450,254;517,112;542,116;615,198;647,076;732,148;973,174;1011,008;1041,077;1078,264;1145,088
065:0,007;1,151;21,175;81,202;123,127;128,248;215,199;252,015;263,137;293,275;300,259;333,086;402,095;476,126;487,254;631,260;747,270;754,260;845,207;868,194;1042,184;1064,186;1089,143;1191,247
066:0,007;2,131;13,014;14,151;33,150;72,224;112,170;121,239;164,158;171,221;218,271;234,224;263,137;265,151;269,138;304,186;472,151;482,229;676,201;698,265;732,260;805,275;888,161;956,129;990,162;1067,256;1086,199;1171,273;1174,153
067:0,007;25,101
068:0,007;25,101
069:0,007;18,114
070:0,007;21,175;28,089;55,171;127,159;139,105;268,240;293,151;298,150;320,113;371,248;908,159;1145,160
071:0,008;42,184;138,083;378,006;404,188
072:0,008;18,232;19,197;401,208;500,124;517,206;593,273;682,010;694,249;737,213;773,162;829,174;927,105;981,116;986,185;989,146;1011,202;1108,201;1127,215
073:0,008;11,095;77,205;216,196;232,126;264,103;310,087;316,131;378,006;419,228;682,010;703,171;785,234;792,140;820,174;823,217;923,146;930,248;951,165
074:0,008;10,087;270,271;288,166;345,239;351,124;378,006;410,076;501,083;554,185;607,201;639,145;676,106;699,178;791,197;969,248;982,254;1035,108;1043,127;1103,142;1176,223;1183,088;1192,102
075:0,008;1,242;4,225;18,134;42,184;122,204;132,127;182,152;314,271;334,195;344,185;360,262;372,080;402,253;436,186;453,219;590,106;623,128;628,023;666,202;682,010;712,159;740,095;745,117;760,208;797,083;915,219;917,102;926,254;965,243;1070,117;1183,245;1187,146;1198,259
076:0,008;4,225;73,083;173,272;363,175;378,006;400,119;415,223;464,106;489,124;497,188;644,180;648,185;673,095;682,010;699,178;870,211;1012,105;1052,224;1069,249;1149,076;1157,188
077:0,008;18,134;71,248;77,113;152,138;216,202;257,148;284,153;312,092;434,144;481,215;521,271;566,126;575,273;682,010;707,120;769,243;817,270;886,257
078:0,008;37,164;54,102;190,250;210,151;232,148;239,080;287,198;316,234;378,006;401,148;414,246;468,213;470,087;478,275;522,245;661,142;682,010;709,211;1157,144
079:0,008;19,197;682,010;707,120;1061,165
080:0,008;15,116;83,098;88,151;192,113;306,223;378,006;437,263;469,159;494,116;561,207;682,010;694,249;709,211;761,106;807,077;1021,256;1037,117
081:0,009;5,083;107,136;234,142;248,249;323,168;334,221;404,143;424,257;466,115;537,194;691,207;694,197;878,208;879,092;924,112;1015,133;1051,182;1076,092;1148,207;1183,251
082:0,009;10,102;35,131;167,109;210,025;253,262;310,142;649,201;816,178;886,256;933,188;991,008;1018,151;1026,171;1158,129
083:0,009;5,162;17,201;54,140;68,163;85,248;141,109;156,240;174,232;183,222;222,124;253,262;500,228;559,076;596,199;613,166;658,153;701,166;708,194;854,217;866,183;907,191;942,116;968,209;983,226;991,008;1025,134;1135,012;1138,151
084:0,009;6,131;26,250;213,273;401,154;581,275;681,119;721,106;772,254;805,095;874,108;938,236;1016,184;1021,102;1169,082
085:0,009;21,092;36,109;45,257;89,106;185,158;259,140;309,213;330,131;346,171;447,079;469,199;481,087;518,223;745,175;749,271;788,248;884,117;991,008;1015,112;1025,134;1160,100;1176,199
086:0,009;5,162
087:0,009;21,170;25,245;92,124;197,140;211,128;302,204;307,232;340,215;398,116;523,213;643,084;691,188;753,201;772,270;777,240;865,131;923,183;983,190;991,008;1026,171;1057,105;1061,194;1070,080;1112,219;1138,151;1155,190
088:0,009;26,250;185,115;232,133;249,271;261,150;531,128;611,112;666,132;668,099;686,112;732,080;915,021;938,236;991,008;1015,133;1020,167;1039,265;1086,207;1155,257
089:0,009;16,273;21,092;181,115;216,150;257,234;349,153;366,207;448,152;449,256;574,087;664,166;844,185;978,234;991,008;1024,090
090:0,009;25,245;340,150;991,008;1024,090
091:0,010;21,196;49,270;56,185;93,014;162,147;202,274;291,132;318,016;323,148;363,095;391,079;412,162;415,118;448,083;475,254;486,199;515,162;631,106;640,019;673,185;861,096;967,217;1056,185;1065,144;1069,257;1102,097;1111,107;1126,012;1170,232;1184,140;1199,115
092:0,010;23,188;138,194;270,121;318,016;351,087;360,213;367,216;442,096;452,204;640,019;662,264;666,185;671,245;785,211;820,142;874,258;952,235;1002,077;1060,160;1064,126;1126,012;1128,097
093:0,010;1,172;51,190;93,014;123,094;312,248;318,016;325,183;404,199;463,229;470,204;640,019;692,213;698,270;771,151;778,198;781,093;787,251;793,234;834,082;897,169;904,160;1055,156;1069,146;1075,215;1126,012;1199,115
094:0,010;21,196;93,014;101,271;640,019;667,243;1126,012;1153,238
095:0,010;1,172;33,137;68,088;91,137;93,014;120,171;233,221;315,246;318,016;353,260;358,022;367,216;450,153;491,251;495,151;506,273;584,223;617,152;621,103;640,019;698,270;727,167;882,126;933,100;948,127;965,156;1028,236;1029,126;1079,184;1126,012;1183,168
096:0,010;15,116;318,016;325,183
097:0,010;11,095;55,132;93,014;103,264;185,159;223,225;256,106;310,269;318,016;333,274;371,168;409,171;413,273;435,121;745,275;773,117;805,093;814,271;815,117;849,189;942,180;953,097;1006,144;1035,185;1044,144;1060,197;1126,012;1153,238;1176,162;1183,168
098:0,010;17,164;93,014;94,111;123,094;230,147;251,245;286,222;318,016;343,206;350,133;386,271;472,213;520,124;567,217;640,019;672,262;774,171;816,112;839,093;924,217;1115,167;1116,223;1126,012;1192,176
099:0,010;33,137;93,014;94,111;103,264;162,147;181,171;341,256;349,249;358,256;518,208;524,202;626,198;640,019;662,264;667,243;689,128;751,001;757,159;788,185;830,107;859,235;891,188;896,152;959,108;981,145;1119,161;1126,012;1170,232
100:0,010;56,185;93,014;105,159;179,098;184,087;204,254;234,273;266,236;311,225;389,270;422,142;565,169;610,145;700,213;712,275;720,156;871,169;941,256;1018,151;1023,224;1044,153;1061,180;1136,184;1155,219;1156,183;1166,092;1175,134;1192,176
101:0,011;16,204;33,274;82,258;123,133;161,120;271,158;301,009;325,260;333,209;494,263;565,131;662,188;677,145;715,257;756,083;920,240;1046,169;1140,137
102:0,011;3,224;12,192;20,234;247,204;283,246;301,009;332,144;547,167;642,019;660,224;704,145;741,249;785,270;815,188;861,213;926,191;1173,092
103:0,011;6,115;7,146;24,151;72,140;189,175;251,177;301,009;330,076;332,144;376,224;545,251;590,273;593,171;629,251;645,175;666,213;688,077;729,192;753,258;762,262;806,103;944,224;969,143;1046,131;1100,100;1106,191
104:0,011;8,256;141,245;231,150;292,205;301,009;312,194;327,240;336,179;348,236;365,208;443,115;455,112;512,107;593,236;658,246;682,208;697,271;805,128;1010,239;1076,243;1159,264
105:0,011;1,138;57,099;83,124;89,127;119,158;137,102;324,210;326,131;328,109;404,245;459,159;465,175;562,108;699,082;710,209;740,082;750,257;917,259;938,077;994,209;1061,100;1115,260;1127,247;1155,158;1190,093;1200,088
106:0,011;3,224;301,009;355,195
107:0,011;7,146;8,256;80,196;152,131;236,171;240,175;271,137;296,269;301,009;324,210;330,194;366,022;376,224;579,197;650,205;656,274;689,144;754,256;780,128;1009,226;1041,161;1110,146;1157,167;1167,146;1176,207
108:0,011;7,135;8,126;129,171;178,142;187,228;237,158;301,009;333,209;405,249;543,253;554,108;591,124;630,095;660,224;763,112;808,228;863,256;945,195;1057,209;1076,142;1097,252;1123,228;1141,009;1155,158;1184,082
109:0,011;20,234;292,148;296,131;325,260;428,202;520,257;544,201;555,124;756,095;820,198;859,195;888,084;950,191;993,247;1031,079;1064,108
110:0,011;54,223;104,151;325,195;482,163;492,096;532,275;547,143;559,254;758,108;880,207;915,249;923,084;971,180;1057,092;1134,108
111:0,012;5,017;7,199;29,087;41,162;60,131;127,202;284,159;290,272;324,143;768,131;805,180;819,223;844,105;898,223;907,082;1181,211
112:0,012;17,272;185,179;219,115;386,211;517,262;522,151;535,019;544,193;563,144;686,202;822,183;833,092;994,099;1078,146;1107,137;1118,082;1143,109
113:0,012;8,133;61,170;77,273;227,249;259,084;319,214;323,162;393,129;398,257;408,209;428,215;466,228;492,253;517,115;566,228;692,275;696,105;769,223;889,077;894,247;1086,174;1168,096;1171,127;1179,236;1193,195
114:0,012;2,102;17,272;129,132;177,175;184,147;256,223;257,128;334,102;358,113;485,128;529,208;627,202;711,118;769,082;787,116;821,087;827,202;1013,088;1088,084;1141,112;1199,223
115:0,012;8,002;16,249;45,084;136,158;211,077;262,249;370,159;372,142;390,188;450,273;545,083;731,175;850,096;851,224;1135,209;1150,186;1188,152
116:0,012;6,126;8,275;159,133;414,236;517,144;701,240;721,199;763,257;831,192;917,242;964,112;1071,185;1146,084
117:0,012;2,089;35,222;114,202;157,253;411,215;425,153;446,225;542,257;561,083;680,229;736,190;1055,126;1063,127;1073,190;1124,251;1137,197;1151,012;1181,211
118:0,012;29,113;61,134;190,127;232,223;285,077;496,163;543,100;593,180;636,234;649,096;846,243;924,169;960,156;963,202;997,183;1140,129;1154,107;1175,209;1182,080;1198,232
119:0,012;8,275;173,159;234,092;281,225;544,193;569,143;700,190;716,177;922,184;1006,129;1058,133;1096,126;1111,184;1152,211;1153,243;1166,260;1191,183
120:0,012;2,102;7,199;16,249;18,173;74,134;134,253;394,077;711,107;763,153;817,190;845,175;965,169;1007,088;1072,079;1085,236;1121,188;1154,118
121:0,013;7,215;12,207;159,128;230,175;239,131;247,195;272,127;310,214;316,262;322,246;372,249;605,113;663,092;727,009;749,140;766,226;876,002;899,132;1152,254
122:0,013;7,215;22,190;226,077;250,207;256,138;260,087;580,177;607,107;629,023;646,272;727,009;762,116;777,159;831,260;846,202;876,002;883,247;920,265;1008,256;1134,160;1140,134
123:0,013;11,214;74,103;876,002;885,161
124:0,013;15,174
125:0,013;21,170;240,196;276,124;280,011;287,106;370,163;498,223;510,265;555,201;599,198;613,153;653,256;726,151;749,140;876,002;898,129;951,167;1007,161;1022,148;1025,261;1074,088;1113,216;1170,251
126:0,013;12,207;149,134;181,143;292,257;353,214;366,222;373,102;388,254;413,121;419,228;463,185;542,230;558,197;570,132;621,116;727,009;762,179;767,182;831,140;876,002;887,122;903,108;1030,182;1047,254;1082,112;1136,242;1192,079
127:0,013;11,214;37,001;63,083;64,243;118,222;178,224;179,150;229,262;237,199;248,171;259,136;269,125;379,214;426,175;488,102;510,106;727,009;766,226;804,112;876,002;882,185;899,132;1124,177
128:0,013;41,106;98,194;123,190;203,162;254,185;325,177;334,249;344,190;489,144;506,153;516,195;520,199;639,177;648,103;727,009;770,164;781,077;828,096;833,208;876,002;885,161;887,122;1078,223;1165,105
129:0,013;15,174;727,009;761,166
130:0,013;4,232;198,173;220,142;263,079;355,234;404,080;646,272;727,009;767,182;876,002;877,182;957,259;996,216;1009,190;1022,207;1090,159;1113,254;1122,202
131:0,014;33,099;838,201
132:0,014;51,128;56,177;128,274;138,153;198,142;218,080;467,002;482,167;526,125;641,198;692,159;769,102;901,164;908,118;929,163;934,243;954,208;974,076;1081,106;1086,099;1089,164;1117,162;1167,259;1176,216
133:0,014;23,105
134:0,014;25,253;102,257;226,159;318,128;492,103;596,096;642,159;709,154;734,020;752,200;774,189;836,209;840,118;1083,133;1108,148;1139,132;1146,092;1173,167;1194,207
135:0,014;41,240
136:0,014;41,240;153,207;182,211;225,190;297,133;340,270;373,087;393,185;568,112;615,199;754,202;843,256;855,275;878,097;926,122;945,256;996,159;1084,160;1096,153;1122,209
137:0,014;77,262;120,116;124,077;196,272;216,087;255,246;275,105;318,016;371,152;372,131;378,006;433,251;482,167;507,201;532,118;610,076;640,128;674,090;752,200;835,159;983,182;1020,097;1089,167;1108,235;1142,164;1173,217
138:0,014;23,105;33,099;51,128;157,172;162,223;239,205;257,196;272,173;321,207;334,127;482,092;495,209;552,208;576,271;730,083;790,159;837,200;849,184;1107,152;1135,201
139:0,014;56,177
140:0,014;6,127;338,112;454,240;462,171;470,080;496,156;523,256;698,095;782,201;864,099;895,249;953,156;957,207;980,223;994,199;1071,153;1079,217;1165,076;1183,151
141:0,015;10,171;75,120;135,258;177,240;197,256;212,265;252,121;277,100;402,234;456,152;483,206;514,100;558,127;643,246;645,171;660,077;672,275;732,145;763,099;830,211;867,209;907,084;913,235;949,199;990,093;1079,108;1100,240;1131,252
142:0,015;12,142;222,012;252,121;262,265;507,159;641,162;661,234;992,117;1007,099;1022,153;1025,260;1162,093;1186,142
143:0,015;33,224;62,087;133,170;151,196;249,263;290,087;293,202;415,092;542,171;740,076;846,077;884,095;961,172;1047,167;1059,112;1093,109;1134,093;1136,216;1138,079;1187,235
144:0,015;22,249;222,012;259,131;304,162;319,094;397,225;401,094;449,207;553,077;599,245;633,112;680,125;689,180;730,243;755,270;893,163;915,254;1016,235;1040,249;1059,190;1064,129;1091,093;1132,217
145:0,015;1,151;11,106;20,077;35,151;97,248;113,223;222,012;278,270;391,115;406,166;521,153;755,265;860,076;884,107
146:0,015;75,120;221,240;222,012;249,263;253,235;807,189;887,098;976,247;987,106
147:0,015;16,076
148:0,015;16,076;222,012;253,235;904,021;961,172
149:0,015;11,106;48,253;139,143;222,012;258,153;261,229;278,270;333,121;407,270;411,083;437,153;603,092;666,223;709,201;750,198;844,213;849,183;864,175;939,190;980,142;996,121;1038,142
150:0,015;20,077;222,012;277,100;331,265
151:0,016;21,188;309,205;726,186;930,092;947,169
152:0,016;23,232;66,270;92,089;120,258;142,271;195,232;313,127;326,188;396,275;398,236;439,198;573,116;627,023;636,246;669,254;697,080;706,228;800,082;813,080;853,257;868,265;905,192;996,224;1009,166;1059,260;1084,094
153:0,016;29,265;211,138;297,234;299,190;333,198;372,185;378,274;420,125;473,116;481,083;498,194;512,169;548,105;627,023;666,163;699,107;708,208;743,228;961,126;1004,201;1009,248;1103,112
154:0,016;23,088;26,148;110,249;134,228;174,084;245,257;257,115;517,099;627,023;636,246;640,126;678,148;709,116;795,271;840,242;907,207;955,100;1092,088;1133,211;1151,260
155:0,016;8,140;336,126;627,023;666,186
156:0,016;8,140;23,219;29,265;191,084;473,128;481,257;507,199;587,154;627,023;683,175;712,102;757,128;764,174;790,084;839,142;1052,223;1073,164
157:0,016;8,205;64,273;71,172;118,153;194,106;253,083;339,132;378,006;433,187;475,154;522,152;771,209;811,213;879,184;906,226;967,127;984,105;990,108;1001,259;1160,242;1185,202;1186,249
158:0,016;26,148;269,126;383,262;452,093;475,230;571,175;627,023;666,118;686,197;721,209;777,191;847,182;1030,249;1039,202;1059,259;1197,178
159:0,016;8,205;627,023;678,148
160:0,016;23,219;39,204;66,128;83,175;196,201;246,254;364,127;546,217;550,257;627,023;666,186;714,148;720,129;775,258;783,145;851,191;916,116;1003,084
161:0,017;84,099;125,175;129,099;334,092;368,229;458,217;474,145;629,275;668,152;714,223;811,146;816,167;898,021;947,109;975,177;1065,189;1095,127
162:0,017;59,192;898,021;939,241
163:0,017;10,087;23,202;105,159;125,194;134,224;158,084;169,126;213,256;333,203;357,151;359,084;389,106;417,202;421,246;467,002;475,217;571,257;656,090;728,096;779,152;803,208;832,175;836,191;898,021;922,239;960,242;1150,180;1188,245;1192,109
164:0,017;130,173;257,259;364,249;379,092;405,190;410,275;448,102;467,002;496,131;544,209;716,077;793,164;898,021;903,173;945,153;1030,112;1050,143;1089,111;1136,153;1152,137;1180,164
165:0,017;126,221;137,262;235,179;286,195;328,214;387,144;413,115;426,119;542,093;627,023;664,125;674,246;731,163;854,080;878,226;898,021;945,153;948,260;1047,098;1065,171
166:0,017;59,192;467,002;485,093
167:0,017;23,202;53,124;119,148;148,177;163,232;169,199;203,225;291,175;399,202;467,002;480,107;496,131;732,126;760,180;784,087;820,207;841,077;845,084;898,021;924,258;943,260;945,121;950,109;1143,095
168:0,017;75,254;467,002;480,107;898,021;939,241
169:0,017;75,254;130,173;178,256;424,087;450,190;460,209;467,002;472,113;574,263;627,169;719,152;741,197;757,145;786,096;790,256;795,174;813,184;818,235;837,183;846,159;896,108;898,021;943,260;982,242;1116,088;1177,169
170:0,017;54,223;60,112;65,164;196,265;278,175;286,273;319,109;322,245;358,129;362,116;380,245;387,249;395,245;467,002;474,145;574,201;583,256;650,092;654,167;770,258;898,021;903,173;1015,118;1021,185;1029,095;1184,127;1192,259
171:0,018;20,192;36,007;37,084;42,143;83,152;98,196;148,256;171,239;427,140;436,079;439,159;452,143;535,019;559,090;673,112;784,198;807,183;815,163;890,142;965,182;972,092;1060,022;1089,273
172:0,018;11,138;19,118;23,127;36,007;44,214;95,133;141,095;345,272;464,099;466,208;535,019;588,084;593,258;721,224;722,128;783,120;819,125;1060,022;1070,210;1157,125
173:0,018;8,257;535,019;569,215
174:0,018;19,118;21,225;32,162;36,007;42,143;156,139;285,121;344,083;535,019;548,273;566,175;569,215;1002,131;1063,168;1067,094;1072,083;1089,273;1148,121;1182,148
175:0,018;5,248;92,214;149,246;351,263;601,100;1060,022;1066,181
176:0,018;25,253;36,007;74,142;149,248;257,263;353,239;410,234;426,106;429,099;460,230;474,199;502,080;554,151;612,118;779,175;811,152;1060,022;1072,164;1080,143
177:0,018;4,192;36,007;104,221;113,116;115,013;131,232;138,246;239,214;339,240;380,206;481,095;499,197;535,019;548,115;554,112;559,090;651,180;655,259;828,120;894,235;922,239;969,186;988,127;998,109;1047,207;1053,235;1055,137;1060,022;1067,094
178:0,018;10,150;20,215;25,078;36,007;58,106;82,232;126,115;139,201;189,264;228,113;248,139;353,102;535,019;593,258;652,023;655,259;908,156;933,202;948,118;1012,215;1060,022;1063,168;1164,109;1175,189
179:0,018;5,248;36,007;47,194
180:0,018;8,257;36,007;37,084;47,194;83,095;214,132;220,112;246,240;263,207;360,103;366,105;395,133;416,240;445,175;454,223;528,156;535,019;554,108;559,115;727,009;759,146;913,079;1025,216;1060,022;1072,083;1076,216;1135,127;1154,240;1195,118
181:0,019;32,097;751,001;770,144
182:0,019;27,125;46,252;104,201;213,258;226,163;286,098;288,208;349,100;477,152;604,126;640,019;644,190;740,202;751,001;767,242;785,106;1061,099;1142,245
183:0,019;50,153;136,120;161,092;301,159;359,275;371,208;389,159;592,195;751,001;765,251;920,084;922,207;1028,190;1050,240;1088,076;1122,159;1127,137;1131,159;1141,009;1160,098
184:0,019;43,209;59,201;84,136;103,111;143,258;252,112;317,124;544,150;649,245;747,100;777,118;902,106;983,109;995,249;1001,142;1016,197;1141,009;1157,140
185:0,019;46,252;118,098;157,103;224,269;233,120;306,098;443,253;558,230;560,080;725,217;751,001;752,009;777,191;828,256;876,190;914,258;922,107;934,177;941,209;947,146;967,152;1042,264;1067,122;1141,009;1164,222
186:0,019;60,259;86,239;106,163;459,186;465,262;644,190;683,082;695,177;712,153;729,258;736,265;751,001;759,197;762,179;767,242;836,116;872,162;973,088;1012,107;1015,146;1059,211;1072,195;1141,009;1142,245;1182,137
187:0,019;37,172;146,249;180,214;277,222;281,148;415,106;565,102;709,126;792,275;796,258;810,224;919,105;921,077;930,213;961,084;1016,174;1036,223;1046,261;1072,228;1141,009;1151,170
188:0,019;2,163;217,272;253,190;273,095;280,011;288,208;370,257;395,121;433,251;632,118;658,205;741,246;751,001;767,184;788,242;894,189;1017,108;1066,202;1155,178;1164,222
189:0,019;32,097;222,012;258,125;1141,009;1151,170
190:0,019;3,112;289,109;304,265;316,173;335,204;469,240;548,223;566,265;638,115;723,162;751,001;752,151;765,251;773,184;811,254;899,217;965,131;984,122;1053,259;1058,109;1093,247;1113,189;1141,009;1155,178;1190,180
191:0,020;17,243;23,088;75,136;79,175;115,013;132,195;239,275;616,219;730,092;862,163;904,098;1081,239;1086,219
192:0,020;3,173;115,013;129,110
193:0,020;3,173;16,115;76,173;115,013;124,246;144,269;155,272;160,184;217,275;285,142;334,222;387,272;463,260;500,171;522,175;742,125;766,192;780,126;865,145;971,192;973,224;981,096
194:0,020;15,110;54,136;68,158;132,195;287,120;302,080;329,171;403,113;409,221;423,225;443,194;464,207;629,274;674,171;684,083;730,275;807,118;834,099;950,095;1026,153;1190,238
195:0,020;13,215;17,243;115,013;144,269;204,209;236,222;241,159;267,142;308,139;350,099;377,177;418,084;771,125;814,131;845,112;952,175;991,235;1053,190
196:0,020;16,115;57,110;114,222;115,013;124,246;130,139;192,128;208,170;258,222;266,077;310,221;1093,107;1105,118;1179,191
197:0,020;8,258;39,175;46,127;62,162;149,188;177,254;180,164;204,092;210,269;321,275;349,095;423,221;1098,173;1197,166
198:0,020;22,274;99,245;115,013;130,139;136,106;267,248;309,202;314,077;354,095;362,223;427,177;539,076;549,092;633,257;702,125;722,197;727,254;856,165;906,077;920,223;934,224;937,107;1004,207;1017,107;1092,194;1158,195;1190,099
199:0,020;15,110
200:0,020;68,158;115,013;148,126;165,162;193,207;233,094;331,229;428,274;578,198;622,108;631,223;652,125;657,121;693,092;825,184;868,152;872,156;891,201;997,236;1074,152;1080,188;1100,207;1134,080
