001:0,001;9,262;761,256
002:0,001;8,146;23,271;88,088;175,127;238,093;248,100;276,119;440,184;442,264;470,199;513,206;560,264;594,246;827,227;997,199;1012,221;1140,095
003:0,001;25,218;338,085;370,251;375,147;401,213;405,199;461,096;492,128;618,097;623,222;632,105;636,212;837,197;863,126;956,256
004:0,001;9,262;415,146;545,111;556,254;599,271;661,243;831,240;867,148;1010,261;1027,271
005:0,001;14,194
006:0,001;21,214;246,193;266,086;532,119;605,227;611,012;614,255;633,118;641,103;721,118;750,259;786,080;868,201;982,118;1098,212;1153,202;1165,180
007:0,001;14,194
008:0,001;14,095;21,214;25,218;213,209;279,159;313,151;457,229;500,093;1160,270
009:0,001;18,019;23,271;31,094;132,264;323,272;329,090;364,128;481,175;566,206;762,240;820,246;924,211;938,256;954,260;1065,270;1128,174
010:0,001;8,146;863,227
011:0,002;33,112
012:0,002;33,112;219,094;345,144;486,204;617,100;622,016;641,151;780,017;785,108;789,230;811,222;972,197
013:0,002;1,147;114,080;212,104;252,093;257,151;269,017;275,252;358,253;436,105;510,232;561,243;622,016;638,219;664,079;769,261;785,096;943,094;1027,238;1062,101;1101,146;1123,243
014:0,002;34,196;671,175;867,122
015:0,002;34,196;622,016;637,265;780,017;793,210
016:0,002;1,147;390,187;591,232;611,086;622,016;637,265;780,017;789,230;861,103;893,237;910,125;946,101;1133,221;1170,263;1196,188
017:0,002;27,236;275,105;622,016;637,128;638,219;642,237;780,017;785,096;808,112;822,204;836,115;910,204;948,218;1076,213;1183,077
018:0,002;40,214;181,259;234,107;278,149;393,254;509,262;523,080;577,240;622,016;642,237;669,083;696,148;697,096;700,100;701,085;759,128;780,017;793,210;825,115;866,218;974,101;1051,202
019:0,002;173,272;234,183;275,252;438,256;462,114;475,206;530,095;622,016;651,184;780,017;811,222;982,205;986,237;1070,099;1132,260;1149,128
020:0,002;27,236;232,094;308,017;323,105;435,090;510,083;528,132;560,200;581,159;622,016;632,105;715,177;780,017;793,204
021:0,003;16,123
022:0,003;19,121;175,150;198,226;213,251;253,103;309,107;361,095;364,129;397,116;401,077;456,116;493,224;636,175;663,271;744,080;768,077;961,181;997,104;1003,146;1007,102;1029,129;1078,178
023:0,003;14,198
024:0,003;11,016;16,123;31,233;136,213;143,104;183,164;289,251;345,267;402,204;469,094;496,151;518,176;583,083;620,227;623,201;689,238;800,201;862,219;887,267;915,196;968,192;1016,253;1017,123;1095,132;1101,265;1137,238
025:0,003;14,198
026:0,003;102,211;125,159;260,193;277,110;331,224;380,245;480,168;521,105;612,184;637,086;655,105;756,227;818,097;921,104;942,249;966,223;1034,080
027:0,003;28,115;109,103;225,233;331,221;346,240;374,095;462,093;520,144;549,224;572,102;621,221;848,096;877,093;880,112;915,237;1007,111;1092,106;1190,209;1197,181
028:0,003;23,177;496,200;537,158
029:0,003;31,233;302,017;324,177;341,133;424,158;625,262;628,131;631,248;704,153;775,133;864,253;876,131;888,129;987,206;1034,217;1050,210
030:0,003;41,165;62,221;169,255;188,246;259,169;476,080;491,159;526,200;612,165;715,096;722,105;729,248;901,105;958,172;965,243;989,218;1018,271;1022,218;1032,087;1034,094;1086,246;1177,104;1192,232
031:0,004;2,272;32,183;230,127;464,224;473,251;503,012;518,224;547,222;623,128;660,197;666,121;681,131;731,200;737,192;753,159;794,267;871,153;1172,272
032:0,004;14,169;246,111;332,174;397,189;398,144;408,158;503,012;519,180;634,129;697,201;726,153;1102,237;1131,156;1191,003
033:0,004;12,254;22,240;329,128;409,200;503,012;544,238;657,144;674,228;870,133;960,121;1012,240;1191,003
034:0,004;25,138;173,267;179,253;196,214;311,256;503,012;524,102;762,151;918,219;972,091;1064,246;1079,260;1129,204;1131,126;1191,003
035:0,004;22,261;86,093;97,271;248,141;302,220;330,271;345,248;427,083;604,169;645,255;692,218;819,093;866,246;980,108;1026,245;1030,208;1048,243;1113,218;1191,003
036:0,004;36,245;269,246;270,253;317,267;331,201;524,102;569,226;629,097;879,205;895,094;1101,232;1163,165;1191,003
037:0,004;32,183;503,012;519,180;876,206
038:0,004;6,221;270,263;304,141;307,128;349,118;422,131;503,012;506,126;595,119;702,114;720,270;923,230;1002,217;1021,148;1063,126;1191,003
039:0,004;22,240;46,132;76,083;152,177;209,086;287,131;323,111;457,132;503,012;506,126;530,085;556,238;673,228;794,192;914,093;1024,076;1066,245;1140,077;1191,003
040:0,004;22,261;1191,003
041:0,005;37,086;107,141;117,153;167,271;326,150;505,107;643,200;775,219;903,079;931,209;938,221;959,100;1036,168;1122,249
042:0,005;25,263;80,127;103,260;201,213;270,264;784,094;817,111;843,108;979,208;992,172;1010,148;1099,118
043:0,005;26,244
044:0,005;26,244
045:0,005;27,140;997,179
046:0,005;29,232;118,097;387,127;416,116;616,130;850,184;960,014;987,202;1043,178;1082,188;1151,132
047:0,005;11,232;453,199;480,243;527,112;593,202;708,112;734,183;792,221;876,175;991,246;1056,156;1072,272;1079,243;1084,102;1169,099
048:0,005;103,260;253,256;337,183;516,222;520,240;541,206;552,159;576,222;595,253;644,111;778,153;823,141;827,077;853,196;886,146;897,156;987,202;1078,172;1097,077;1130,245;1195,178
049:0,005;6,012;10,103;199,094;213,226;241,185;295,164;420,213;467,243;477,264;545,129;576,262;615,192;736,102;740,256;765,105;874,077;897,101;910,146;990,213
050:0,005;23,232;27,140;407,095;438,149;456,211;459,182;558,130;852,147;947,188;1008,165;1017,156;1092,218;1140,118;1174,153
051:0,006;82,149;257,201;262,130;267,131;589,150;632,007;685,257;1065,148
052:0,006;7,111;52,248;188,121;214,264;261,080;270,104;350,148;408,140;410,100;439,103;455,212;556,207;562,001;574,230;632,007;675,089;788,111;809,132;873,100;920,091;944,126;1050,099;1075,106;1116,104
053:0,006;70,085;247,218;250,243;297,174;508,183;632,007;666,218;727,086;735,126;741,179;758,135;794,126;869,098;878,229;932,206;970,147;1014,146;1100,172;1122,246;1134,219;1157,263;1191,003
054:0,006;18,102;26,184;97,261;165,267;663,078;755,122;760,237;887,156;979,135;1080,255;1107,129
055:0,006;24,254;69,104;228,123;284,245;327,110;346,182;361,151;368,253;373,182;396,260;464,104;510,267;562,001;574,230;632,007;670,228;674,080;681,267;897,103;931,253;937,113;947,077;1012,246;1093,121
056:0,006;13,079;386,230;392,141;427,185;460,204;562,001;578,103;582,225;632,007;672,217;889,079;917,248;925,079;930,100;953,097;1029,165
057:0,006;21,100;562,001;598,263;632,007;674,211
058:0,006;7,111;21,100;51,093;64,243;174,187;238,136;258,150;348,095;400,200;428,140;506,213;562,001;589,150;598,263;606,128;632,007;690,108;783,218;788,129;872,089;949,223;961,133;967,184;1023,210;1042,017;1050,099;1055,147;1064,106;1068,151;1098,260
059:0,006;16,230;25,088;78,153;82,149;214,245;226,177;253,214;262,221;294,156;424,226;463,149;562,001;585,079;611,150;632,007;663,078;666,218;674,211;704,129;735,218;774,085;855,211;882,126;903,098;1026,111;1142,204
060:0,006;26,184;51,079;439,093;485,169;537,187;559,118;562,001;582,225;632,007;670,228;672,217;685,257;838,156;878,243;895,257;1067,197;1082,219;1113,208
061:0,007;46,251
062:0,007;22,153;75,185;235,097;257,105;278,077;341,254;350,077;550,086;601,226;627,232;800,219;822,103;841,153;846,230;919,140;981,121;991,112;1123,155
063:0,007;3,118;62,255;212,185;341,123;583,132;677,133;795,121;964,103;1036,100;1084,098;1111,197;1114,192
064:0,007;41,121;59,220;208,261;223,162;295,115;304,259;320,260;431,116;438,253;480,262;505,118;592,103;638,128;825,271;830,085;835,207;893,125;956,169;979,228;1110,261
065:0,007;25,205;285,085;309,165;379,153;396,253;576,224;682,177;704,089;868,179;872,140;877,102;970,076;1003,232;1014,081;1153,158
066:0,007;37,086;45,155;46,251;49,177;121,136;212,256;293,149;370,104;390,259;478,224;505,271;571,156;632,268;646,221;684,253;778,131;786,103;803,135;922,098;991,211;1089,094;1139,147
067:0,007;30,242
068:0,007;25,205;74,107;519,251
069:0,007;3,118;170,151;183,206;316,095;358,164;373,148;385,226;420,079;535,202;609,263;630,240;742,112;770,271;860,229;871,260;941,209;952,014;1014,081;1097,104;1115,123
070:0,007;30,242
071:0,008;7,179;14,083;227,013;229,193;234,151;293,200;350,141;363,256;387,205;397,086;471,088;526,013;536,153;689,181;771,262;794,015;824,213;893,207;977,142;1017,174;1052,207;1124,112;1162,081
072:0,008;11,245;13,094;26,107;70,118;140,105;172,138;227,013;229,193;256,085;257,119;271,246;307,100;408,137;536,153;597,165;609,119;727,207;813,087;946,203;1067,263;1089,128;1138,081
073:0,008;17,096;158,118;227,013;242,205;263,200;283,201;359,261;447,262;459,164;476,211;526,013;527,181;794,015;802,140;827,232;1025,268;1100,111
074:0,008;13,094;227,013;232,125;526,013;540,227;794,015;801,203
075:0,008;26,107;29,255;116,156;127,206;227,013;232,125;526,013;540,227;598,200;642,140;794,015;827,232;973,172;983,260;1037,097;1052,260;1082,099;1188,212
076:0,008;16,159;116,206;132,211;190,138;235,272;322,226;341,243;344,199;393,103;404,233;418,118;544,238;550,107;551,092;587,110;951,125;957,087;999,195;1088,265;1099,263;1143,111
077:0,008;7,179;11,245;82,165;109,127;227,013;268,168;368,096;525,137;556,083;561,199;678,224;771,097;794,015;801,203;855,243;859,112;865,230;1115,148
078:0,008;29,114;82,205;96,088;130,111;184,123;227,013;240,253;363,080;430,221;437,150;487,086;491,211;526,013;551,092;562,085;794,015;813,087;956,270;1052,076
079:0,008;2,221;16,159;29,114;54,155;93,245;142,115;227,013;238,131;245,135;266,095;279,259;288,159;340,189;408,207;433,202;526,013;527,181;561,079;562,086;578,129;627,165;740,201;794,015;799,181;801,110;978,249;1013,098;1099,211;1135,207
080:0,008;34,141;58,086;247,132;262,220;268,168;526,013;535,087;539,254;563,001;587,110;794,015;804,228;824,213;951,091;953,087;1036,144;1039,199;1045,144;1194,104
081:0,009;40,136
082:0,009;40,192
083:0,009;40,192;564,212
084:0,009;34,129;237,114;447,184;604,149;617,213;632,261;689,196;830,125;901,131;961,211;980,176;1029,090
085:0,009;2,120;60,144;235,150;308,209;836,159;906,217
086:0,009;41,271;164,127;170,119;188,114;409,130;420,103;494,182;497,096;586,248;609,112;707,100;1024,227;1037,121
087:0,009;34,129
088:0,009;2,120;277,151;340,209
089:0,009;60,144;337,136
090:0,009;31,090;40,136;61,107;216,263;250,174;327,253;353,150;378,204;442,271;502,212;537,165;568,267;577,271;580,245;672,151;715,217;990,272
091:0,010;24,135;232,104;237,077;250,156;256,090;322,077;382,224;439,141;614,083;685,224;785,264;808,131;826,260;857,249;861,221;950,095;1008,104;1043,238;1120,089
092:0,010;33,253;173,272;205,105;272,232;281,096;326,144;391,151;441,267;509,094;536,088;595,123;615,177;620,086;738,129;787,183;793,271;825,169;1037,105
093:0,010;78,254;102,204;165,141;402,165;510,131;553,107;564,132;612,096;688,221;790,098;857,077;865,203;935,246;954,195;998,121;1058,227;1073,076
094:0,010;33,253;214,021;237,077;309,214;340,103;432,205;478,127;516,104;569,207;578,107;616,200;726,083;732,105;922,131;1118,262
095:0,010;9,127;25,214;27,248;43,090;226,080;300,093;361,137;403,184;434,118;442,200;459,119;471,159;480,164;503,229;548,203;567,149;575,114;668,262;851,212;855,158;911,209;931,248;1191,215
096:0,010;20,080;89,156;101,128;200,253;267,135;315,147;371,201;493,150;530,201;780,017;790,098;900,219;920,205;969,080;1031,098;1037,197;1062,172;1117,267
097:0,010;15,155;151,213;184,221;190,211;443,151;520,137;522,182;645,219;708,197;740,103;769,108;841,140;864,249;927,121;940,261;944,097;1057,228;1193,245
098:0,010;9,127;15,155;37,185;204,103;209,178;253,182;477,104;522,168;588,176;591,140;635,196;958,158;1112,228;1175,093;1184,144
099:0,010;101,128;261,093;273,221;403,150;419,112;442,127;514,156;608,144;634,077;737,135;755,192;781,248;873,207;881,248
100:0,010;41,119;68,263;233,206;466,095;582,118;649,267;786,199;859,228;905,243;1010,105;1019,192;1105,253
101:0,011;14,169;60,251;146,156;334,083;403,206;503,012;566,268;782,206;810,108;826,218;849,123;888,238;946,180;1047,265;1102,175;1130,106;1147,272;1160,188
102:0,011;67,114;153,187;196,169;517,116;618,114;753,260;797,243;962,215;1077,146
103:0,011;3,161;6,115;87,211;97,155;259,271;427,133;651,118;774,176;953,090;1067,146;1074,168;1149,265
104:0,011;3,132;405,085;513,104;514,245;538,079;546,200;559,229;562,001;577,197;646,177;650,176;995,268;1012,140;1033,230;1067,121;1068,238;1196,240
105:0,011;3,161;33,097;94,164;343,187;402,174;490,153;506,135;640,184;793,197;797,103;897,096;964,104;1160,080
106:0,011;6,115;27,096;39,083;62,159;205,088;213,177;223,090;581,122;649,079;659,232;728,261;769,122;821,147;828,228;837,112;850,149;935,090;1010,181;1061,102;1081,155;1106,100
107:0,011;13,209;201,205;241,129;270,146;410,114;599,126;678,090;681,264;811,083;845,209;868,199;963,207;1102,135;1158,206;1159,100
108:0,011;23,177;46,096;63,178;252,118;261,083;270,218;294,224;408,264;438,080;621,141;798,256;903,212;1062,095;1183,105
109:0,011;9,153;150,245;181,243;234,096;266,251;272,120;319,006;355,176;574,131;660,227;746,169;806,101;955,213;984,076;1041,093
110:0,011;18,102;131,141;135,146;240,245;352,151;355,176;413,245;515,254;546,169;566,268;606,130;610,169;669,177;677,197;1028,126;1119,172
111:0,012;28,246;163,233;211,128;270,130;399,104;456,232;636,131;913,199;1134,237
112:0,012;14,083;28,246;106,205;193,226;581,177;782,253;804,261;903,253;1012,144;1151,156
113:0,012;18,122
114:0,012;14,139
115:0,012;28,111;81,151;143,141;242,165;257,099;272,224;279,205;371,177;424,130;461,079;869,142;1054,208;1108,207
116:0,012;14,139
117:0,012;81,151;161,096;444,177;474,151;490,144;515,140;572,090;950,238;1019,147;1131,230;1148,106;1198,156
118:0,012;18,122;195,153;231,138;252,162;264,017;272,224;326,127;337,220;357,122;555,146;694,090;793,083;802,118;807,079;829,080;1059,245;1111,132;1114,153;1145,165;1156,260;1188,113
119:0,012;14,171
120:0,012;14,171
121:0,013;43,130;64,097;163,115;254,120;268,214;291,118;327,131;357,259;368,153;500,226;534,243;540,271;551,262;571,097;588,104;707,253;723,199;779,104;988,146;1020,121;1030,180
122:0,013;28,187;149,204;365,127;376,221;381,200;409,088;465,165;623,083;638,111;639,180;765,243;783,169;832,237;834,253;905,115;909,223;912,103;1006,118;1025,091;1057,174;1104,101;1195,153
123:0,013;14,095;225,088;597,207;702,217;709,211;839,079;895,010;909,223;1045,209;1078,227;1188,246
124:0,013;28,146;99,169;147,254;315,159;551,104;668,238;838,229;839,118;976,133;986,229
125:0,013;26,226;43,130;65,209;187,111;261,177;309,232;493,176;501,119;585,080;782,180;850,260;958,253;1101,268
126:0,013;25,269
127:0,013;25,269
128:0,013;23,164;85,240
129:0,013;34,175
130:0,013;11,232;23,164;28,187;34,175;473,200;489,114;542,240;563,001;571,097;615,176;635,202;699,146;747,205;870,201;880,179;994,131
131:0,014;9,153;11,142;52,001;78,226;158,008;188,174;246,017;340,189;356,002;367,156;392,010;397,149;400,212;501,253;663,135;720,080;739,083;784,151;873,115;899,211;911,151;1017,077;1152,175;1171,112;1195,263
132:0,014;9,012;13,220;52,001;63,204;138,187;158,008;175,200;185,256;207,097;219,246;246,017;308,109;356,002;361,233;410,240;442,203;467,112;480,129;534,185;564,092;609,012;614,255;693,095;1045,218;1068,090
133:0,014;16,211;19,141;29,213;32,221;52,001;72,239;87,081;137,088;158,008;185,256;243,119;246,017;316,148;345,259;352,223;356,002;382,116;392,010;400,212;409,229;412,147;419,258;545,226;555,168;580,229;746,131;774,260;830,131;842,122;851,148;858,180;907,238;915,165;974,209;1035,089;1052,237;1058,118;1081,203;1132,158;1143,232
134:0,014;10,081;52,001;87,081;158,008;166,162;188,174;226,220;246,017;397,112;398,270;717,121;754,077;812,118;820,230;825,206;920,080;945,229;974,201;1002,168;1071,165;1134,131;1181,208
135:0,014;13,220;356,002;392,010;398,270
136:0,014;3,207;52,001;78,211;84,114;96,111;158,008;169,223;246,017;330,261;355,159;356,002;387,273;392,010;442,203;541,259;767,123;814,096;821,207;825,126;853,114;859,165;875,262;895,080;912,133;984,232;988,091;1020,128
137:0,014;5,191;11,217;37,123;72,239;124,164;169,223;246,017;248,236;259,187;301,185;308,109;356,002;367,158;392,010;450,135;816,253;830,158;839,215;877,126;881,132;909,147;1034,221;1128,081;1132,252
138:0,014;11,142;52,001;75,267;158,008;175,200;246,017;308,230;392,010;409,229
139:0,014;3,207;5,191;10,081;52,001;63,204;93,126;158,008;175,150;246,017;352,223;361,233;392,010;403,221;488,112;497,130;548,085;635,095;939,238;1039,262;1055,249;1088,156;1127,094
140:0,014;11,217;52,001;93,126;158,008;166,162;246,017;308,230;356,002;382,181;387,273;392,010;419,258;450,135;501,182;519,095;526,013;529,168;538,126;603,264;649,204;790,201;870,094;922,102;1001,219;1070,212;1091,267;1102,156;1138,115;1156,146;1187,213
141:0,015;9,264;28,206;120,132;238,261;292,213;364,251;367,246;580,096;722,151;760,118;901,213;1066,147;1090,178;1158,101;1178,102
142:0,015;2,182;245,104;325,133;332,240;340,110;352,211;480,177;518,132;522,174;551,271;632,177;638,141;838,108;865,083;879,181;893,195;948,215;954,221;986,140
143:0,015;20,080;145,233;147,255;153,151;216,136;225,272;304,187;367,158;412,256;427,189;459,077;473,184;648,169;738,200;801,262;874,010;911,208;1022,232;1126,172
144:0,015;83,207;401,246;746,253;862,238;876,237;948,135;999,176;1153,253;1195,227
145:0,015;16,088;94,115;159,169;191,155;240,263;363,094;373,168;448,187;523,177;565,207;627,123;746,102;906,228;986,089;1000,013;1010,103;1035,172;1038,140;1199,144
146:0,015;9,264;107,226;194,211;227,112;264,209;327,148;361,096;364,131;372,085;415,141;633,108;730,232;790,268;1046,188;1050,180;1161,203
147:0,015;15,255;40,127;57,184;76,123;172,093;196,221;200,122;304,182;345,245;413,080;469,111;876,090;886,108;898,267;911,208;969,210;981,156;1021,188;1076,237;1171,178;1188,094
148:0,015;13,089;15,255;16,088;22,182;278,080;397,181;456,168;477,221;626,100;681,219;795,108;801,090;844,271;873,267;880,098;912,123;956,091;961,260;980,077;984,102
149:0,015;28,206;83,207;567,169;582,149;600,097;637,159;751,126;778,112;803,218;920,151
150:0,015;25,263;33,102;150,080;236,260;391,164;500,174;537,183;553,261;570,175;593,095;688,104;765,204;818,229;833,246;863,271;913,184;1010,201;1011,263;1162,176;1195,131
151:0,016;21,195;872,010;928,265;1079,181
152:0,016;21,098;609,012;692,179
153:0,016;13,104;114,264;153,153;201,187;313,083;361,226;382,181;440,260;483,259;521,169;609,012;636,197;692,179;720,169;759,121;780,181;1191,206
154:0,016;13,213;609,012;642,183;687,207;838,268;872,010;906,113
155:0,016;4,097;13,104;22,110;243,130;605,222;609,012;633,256;688,206;814,102;872,010;904,181;946,111;1018,201;1110,123;1113,265
156:0,016;18,127;139,232;267,156;273,129;347,271;515,090;524,245;593,131;609,012;618,148;651,253;674,114;700,148;806,181;872,010;906,113;929,172;942,201;970,131;986,133;987,201;1116,209;1153,077;1178,228
157:0,016;13,213;21,098;609,012;614,108;669,253;687,078;780,179;858,101;872,010;929,172;1074,218;1102,151
158:0,016;21,195
159:0,016;4,097;62,141;101,120;241,267;244,118;407,185;422,094;424,137;464,256;609,012;621,107;628,144;688,083;872,010;946,111;984,077;1078,215;1170,115
160:0,016;22,110;168,264;206,221;251,226;259,144;315,094;413,267;414,182;446,085;546,144;583,182;604,175;614,108;618,148;872,010;885,209;906,090;917,223;928,265;1034,113;1151,230;1196,106
161:0,017;20,099;237,103;243,133;303,086;365,083;476,260;766,125;885,210;951,132;1037,249;1051,271
162:0,017;41,178;183,118;247,146;260,267;267,132;581,181;639,271;779,215;832,144;1005,208;1151,245;1187,118
163:0,017;30,085;399,133;765,004;779,215
164:0,017;19,093;163,088;309,233;331,137;419,176;486,083;498,260;749,271;765,004;834,188;965,126;1008,135
165:0,017;52,111;126,232;138,102;161,094;188,263;202,162;213,153;373,107;495,086;559,111;625,118;630,090;669,085;691,205;716,097;765,004;777,132;785,144;1030,261;1092,243
166:0,017;15,185;31,264;122,165;422,128;598,205;600,243;765,004;774,091;980,207;1038,219;1048,199;1189,237;1198,175
167:0,017;9,141;13,156;217,218;242,159;282,136;332,104;356,002;382,116;427,177;430,224;490,094;745,176;765,004;785,144;797,142;824,121;914,108;1013,169;1034,253;1137,203;1140,199
168:0,017;9,141;159,086;202,200;389,077;395,090;426,156;522,165;532,156;566,213;578,094;719,248;765,004;797,142;897,271;1002,175;1082,272;1091,230
169:0,017;28,095;233,083;297,243;315,254;529,093;623,204;644,132;732,119;765,004;776,101;790,128;920,101;937,105;970,221;1029,146;1037,206;1151,221
170:0,017;13,156;20,099;275,165;300,261;307,097;382,094;478,207;497,199;553,077;765,004;766,125;771,176;774,091;886,140;918,132;1159,113;1181,152
171:0,018;15,249
172:0,018;15,249;813,003;822,200
173:0,018;19,093;46,103;68,121;658,268;799,200;813,003;840,147;892,228;952,110;978,165;1068,204;1126,188;1196,228
174:0,018;11,243;75,267;101,100;227,103;228,254;289,128;325,202;412,144;530,096;575,261;592,086;614,079;634,158;813,003;827,149;942,128;1077,230;1088,232;1096,246;1111,147
175:0,018;16,211;177,114;231,174;272,083;312,137;336,093;445,240;504,177;592,213;660,148;689,102;733,114;813,003;858,098;859,135;955,112;961,105;1181,267
176:0,018;5,254;216,260;227,121;822,200
177:0,018;5,254;11,243;29,009;33,235;68,100;82,243;86,184;99,093;320,272;330,119;508,077;609,126;813,003;818,156;827,149;840,147;848,111;886,207;952,211;961,228;975,204;1033,255
178:0,018;15,185;52,119;151,251;207,083;255,248;369,252;435,111;465,103;679,237;755,246;813,003;818,156;889,215;941,268;991,271;1036,272;1043,176;1111,255;1158,219
179:0,018;29,127;33,235;71,213;92,153;112,263;170,083;195,248;304,083;326,112;354,104;473,261;521,222;534,149;641,007;650,122;728,132;813,003;825,115;830,089
180:0,018;13,209;29,164;121,246;201,110;319,085;331,246;335,185;392,131;409,153;478,203;556,206;612,205;685,089;695,199;699,093;804,159;813,003;830,188;922,219;1037,100;1064,080;1157,218
181:0,019;13,089;19,121;28,090;133,114;182,204;394,147;829,184;843,132;951,087;952,014;998,258;1032,017;1065,115;1107,202;1141,128;1145,094;1179,237;1182,101
182:0,019;28,090;30,103;41,259;175,097;202,151;249,228;312,115;320,243;563,144;622,080;631,227;644,118;664,264;673,199;713,104;913,076;952,014;965,112;988,228;1032,017;1070,267;1176,255;1199,260
183:0,019;25,167;952,014;998,258;1032,017;1065,252
184:0,019;25,167;952,014;1032,017;1065,115
185:0,019;25,138;166,111;233,149;292,105;322,153;335,141;345,206;369,259;381,251;459,095;507,201;582,204;760,146;952,014;997,262;1032,017;1065,252;1122,272;1139,168
186:0,019;37,131;209,103;386,248;502,205;582,176;719,165;927,142;952,014;998,178;1070,267;1091,152
187:0,019;65,093;75,096;227,267;237,153;250,211;351,254;384,149;476,185;530,159;840,219;843,169;947,261;998,178;1021,172;1032,017;1064,188;1125,197;1167,168
188:0,019;30,085;37,131;281,260;315,088;404,156;513,103;558,256;657,151;664,256;749,165;819,133;881,195;889,196;907,126;943,158;952,014;990,272;1032,017;1091,152;1171,255;1172,202
189:0,019;41,259;708,199;886,010;952,014;997,262
190:0,019;41,178;47,187;118,255;122,243;335,111;428,164;435,147;811,080;819,158;826,135;857,262;883,010;913,076;979,240;998,188;1032,017;1059,106;1083,118;1116,176;1195,245
191:0,020;26,226;101,119;302,017;312,137;319,006;327,199;340,222;509,158;515,207;520,100;811,227;846,159;890,148;1000,013;1011,245;1063,237;1095,195
192:0,020;3,144;14,248;214,021;242,138;261,159;266,128;293,226;307,221;319,006;371,184;394,243;414,229;453,118;489,221;596,183;759,132;769,080;793,125;809,133;811,238;893,217;897,221;906,118;993,129;1000,243;1071,217;1179,132
193:0,020;61,185;65,136;94,105;138,090;214,021;259,246;398,129;444,100;512,248;568,183;581,192;609,153;708,119;776,101;838,128;1000,013;1016,125
194:0,020;3,144;23,255;25,210;214,021;238,133;319,006;330,118;338,096;346,185;577,197;624,206;683,103;786,079;788,184;896,201;899,097;952,197;955,113;1000,013;1001,263;1063,219;1163,099;1167,135
195:0,020;14,248;21,165;214,021;245,095;248,201;252,115;319,006;322,103;327,199;439,094;456,248;721,094;884,268;937,271;944,165;1000,013;1002,168;1016,125
196:0,020;36,105;233,228;237,236;245,095;319,006;339,264;399,189;458,111;524,199;638,097;687,121;690,128;747,229;811,268;813,206;872,010;884,180;1000,013;1007,255;1015,095;1135,246
197:0,020;25,210;214,021;248,201;324,205;1000,013;1009,155
198:0,020;24,135;319,006;340,222;570,174
199:0,020;55,191;127,177;131,267;170,226;189,209;214,021;233,228;271,220;296,123;319,006;325,202;550,212;615,245;682,126;716,219;762,114;883,240;969,237;977,246;1000,013;1009,155;1073,100;1141,211;1166,153;1191,219;1198,211
200:0,020;21,165;36,105;55,191;103,239;132,147;214,021;243,130;250,127;304,133;371,184;455,258;534,207;551,174;1007,255;1063,268
