001:0,001;4,206;170,122;171,005;177,201;309,178;353,134;449,122;473,183;548,107;637,100;715,015;733,246;773,007;783,079;858,199;873,230;950,223;991,251;1196,270
002:0,001;36,238;70,138;91,252;142,158;147,248;155,108;173,126;200,149;227,267;360,146;390,122;448,100;522,225;715,015;726,077;732,191;773,007;774,104;816,221;880,256;904,100
003:0,001;17,160;39,259;41,208;59,127;82,104;176,114;309,245;334,267;342,270;361,131;474,240;492,238;574,202;612,229;715,015;725,172;1117,223;1184,137;1186,171
004:0,001;62,174;123,208;256,230;264,251;327,228;348,209;353,163;400,112;402,267;458,271;533,192;715,015;760,178;773,007;774,104;793,077;828,268;1046,093;1051,183;1070,139;1154,271
005:0,001;20,201;92,272;247,103;352,173;391,228;401,158;445,130;458,219;462,266;464,271;532,128;547,271;564,130;575,122;616,258;715,015;734,094;764,123;789,225;952,251;989,193;1011,145;1017,233;1049,229;1151,167
006:0,001;27,219;33,223;108,183;157,226;282,188;315,228;323,206;342,149;356,130;377,160;414,219;428,112;438,241;566,259;613,159;691,157;708,209;715,015;724,134;733,246;773,007;824,108;902,178;910,118;917,208;929,099;952,230;958,191;985,111;1057,093;1092,173;1167,204
007:0,001;22,240;29,112;57,158;71,264;93,260;390,146;405,154;410,216;612,079;717,225;727,269;734,094;773,007;782,087;799,157;907,241;965,132;1066,238;1102,225
008:0,001;26,193;36,238;151,005;157,226;174,005;176,114;429,136;456,273;495,133;580,077;649,207;715,015;721,187;761,261;782,087;783,117;840,206;980,133;986,079;1118,266
009:0,001;20,201;36,237;43,259;198,272;225,090;291,211;303,251;341,253;439,183;460,233;463,253;482,133;486,141;540,167;618,111;628,114;715,015;727,269;773,007;780,001;790,247;807,128;842,225;912,139;970,157
010:0,001;25,228;430,198;589,191;715,015;725,172;773,007;781,144;824,108
011:0,002;2,112;198,264;306,120;462,009;465,259;511,266;530,257;531,149;738,230;797,164;811,202;845,219;886,223;964,226;974,190;988,117;1032,112;1112,184;1127,144
012:0,002;16,189
013:0,002;19,124
014:0,002;63,206;125,135;199,078;349,180;358,135;365,178;375,010;384,182;481,121;511,156;676,169;718,231;774,111;923,096;931,193;932,231;1007,133;1038,097
015:0,002;11,158;43,261;131,178;156,238;171,158;336,200;504,226;679,112;819,116;829,156;908,081;929,199;938,183;1015,231;1034,081;1130,266;1134,181;1161,258;1186,132
016:0,002;16,189
017:0,002;19,124
018:0,002;23,130;294,086;312,164;336,221;340,175;369,215;374,203;465,259;541,271;542,140;593,230;602,136;623,169;630,188;670,240;1192,137
019:0,002;23,130;803,240
020:0,002;2,112;4,017;25,138;138,083;338,158;375,211;490,167;509,178;582,232;629,233;721,207;756,232;772,095;801,104;825,275;873,094;903,086;1091,144
021:0,003;8,200;211,228;232,135;307,200;379,223;389,271;451,226;461,225;531,200;545,238;966,194
022:0,003;5,246;10,146;16,257;94,138;98,122;334,160;387,141;406,222;482,178;505,083;552,170;594,190;694,266;754,211;905,171;912,211;918,132;1160,139
023:0,003;10,146;230,219;382,163;431,228;757,196;826,118;836,152;862,196;1135,079;1141,196
024:0,003;18,092
025:0,003;18,102;21,206;34,212;90,208;153,201;275,185;294,181;299,160;329,091;414,100;421,108;491,159;628,145;674,259;733,183;736,097;773,209;788,116;1111,196
026:0,003;16,257;35,146
027:0,003;5,246;45,149;51,201;53,094;71,237;393,231;399,233;414,247;419,256;445,267;493,114;503,112;600,157;678,077;714,267;768,242;792,228;890,206;945,184;978,243;1108,162;1122,243
028:0,003;17,219
029:0,003;18,092
030:0,003;8,200;186,193;259,209;342,191;499,127;546,173;551,149;580,157;587,178;729,118;822,162;830,261;848,182;961,129;977,086;1000,161;1140,130
031:0,004;5,149;134,166;159,246;338,232;510,110;699,214;744,184;889,226;1072,110;1142,263
032:0,004;15,233;17,135;137,136;154,246;160,272;176,260;252,166;454,095;470,230;474,191;514,207;543,266;557,183;721,187;743,232;748,188;964,207;995,238
033:0,004;34,196;104,158;127,246;150,156;157,207;250,134;364,005;368,271;371,149;399,135;429,083;513,223;602,163;679,178;693,188;737,269;787,094;950,242;964,219;1021,173;1056,271;1072,192
034:0,004;5,178;18,208;112,207;154,174;240,245;288,233;348,251;363,097;624,202;766,259;1073,218;1101,141;1107,269;1120,145;1146,118
035:0,004;15,186;18,240;253,206;301,186;346,136;381,130;397,251;412,173;557,135;639,127;758,122;852,247;877,154;1024,242
036:0,004;6,254;32,246;96,094;116,251;236,093;522,230;724,258;754,100;760,180;803,218;1151,110;1172,157
037:0,004;28,243;67,240;237,097;294,176;365,208;553,198;685,273;691,129;726,238;943,081;1041,010;1056,271;1095,214
038:0,004;3,235;5,178;40,156;141,193;230,131;429,196;498,256;684,163;725,247;778,231;950,238;1025,171;1071,118;1142,182
039:0,004;5,149;34,196;144,185;179,136;186,144;362,122;389,258;413,223;475,200;518,147;573,083;621,247;854,259;1127,134;1159,178;1183,097
040:0,004;6,254;13,019;18,208;29,150;51,080;397,178;421,258;501,214;648,112;673,128;791,146;855,190;1094,171;1170,192
041:0,005;3,144;24,261;53,219;58,246;61,013;82,137;191,090;219,160;241,163;315,166;370,010;386,190;400,151;428,149;469,157;551,145;578,113;747,098;891,184;1063,097;1132,157;1167,181;1174,097;1178,108
042:0,005;10,167;21,224;61,013;99,077;108,201;145,215;170,206;221,188;232,011;243,135;354,221;370,010;400,194;432,147;516,135;577,239;585,163;594,242;610,199;640,188;710,135;758,231;834,190;850,251;859,079;963,176;1058,228
043:0,005;2,079;19,143;48,249;61,013;83,126;120,149;192,127;229,210;232,011;242,172;247,214;274,223;310,207;332,191;351,170;420,251;470,130;486,156;499,140;507,172;522,238;532,171;662,225;758,113;795,256;840,097;860,132;877,194;1095,176
044:0,005;4,223;9,090;28,270;52,105;82,137;151,135;236,209;262,214;301,093;317,023;334,186;370,010;403,112;501,194;538,129;641,259;663,223;719,077;723,135;793,134;806,130;950,110;1019,081;1028,088;1029,218;1046,079;1193,261
045:0,005;24,191;52,254;61,013;91,172;232,011;255,169;334,208;349,138;370,010;391,241;439,194;451,009;480,241;618,191;671,190;704,103;731,209;769,230;842,178;889,145;950,003;954,084;1073,094;1175,084
046:0,005;4,223;232,011;241,163;370,010;385,162;717,130
047:0,005;9,090;61,013;77,216;233,183;277,231;752,103;1056,268
048:0,005;3,144;61,013;115,205;232,011;236,209;239,231;294,180;337,207;365,261;370,010;385,162;551,017;559,194;656,251;731,111;1073,202;1082,196;1103,271
049:0,005;2,079;36,080;61,013;86,260;91,172;232,011;239,231;271,097;370,010;432,147;473,009;476,258;485,256;498,103;516,191;519,232;606,248;626,149;641,196;748,143;750,134;840,231;871,232;878,191;949,207;955,247;998,268
050:0,005;73,100;77,216;154,196;179,230;181,186;232,011;247,214;252,216;309,134;314,185;383,256;391,241;437,273;801,171;802,097;837,171;893,230;954,084;985,248
051:0,006;16,175;41,219;49,207;75,108;77,272;82,166;122,104;270,215;293,253;304,239;320,205;356,005;383,248;447,134;492,253;545,166;617,228;648,107;705,206;770,229;899,139;901,199;996,122;1065,110
052:0,006;14,154;356,005;384,128;579,161
053:0,006;14,193;62,143;169,243;181,261;356,005;384,128;476,215;545,182;661,275;720,256;764,162;818,134;847,256;878,146;1045,214;1070,077;1175,134
054:0,006;7,230;144,105;214,151;356,005;394,095;429,266;567,223;652,240;657,228;800,162
055:0,006;11,012;13,093;26,239;103,108;127,264;249,185;336,273;356,005;374,102;415,022;429,266;451,134;567,239;570,182;873,145;906,094;1017,117;1025,094;1069,125;1085,231;1106,134;1119,093;1120,191
056:0,006;26,239
057:0,006;12,218;17,215;103,233;186,183;192,200;318,097;346,215;356,005;394,256;417,238;498,134;777,143;816,227;939,266;983,275;1026,202;1048,083;1116,108;1175,094
058:0,006;14,154;902,204;1065,094
059:0,006;17,215;23,218;356,005;374,102;394,095;503,119;534,173;542,256;552,194;596,219;638,106;652,116;724,159;800,122;809,105;810,192;843,218;872,214;1030,225;1061,269
060:0,006;12,218;356,005;383,248
061:0,007;8,085;17,097;28,020;50,175;332,251;497,146;524,180;606,086;877,251;1044,077;1057,199;1064,157;1119,183
062:0,007;67,243;72,163;146,113;228,259;266,237;273,232;356,273;425,121;510,095;531,154;574,241;579,086;862,251;871,162;953,268;963,127
063:0,007;69,211;177,272;195,180;210,230;304,097;314,215;489,224;545,206;560,097;645,199;737,117;805,100;824,170;933,118;967,103;1135,142;1189,116
064:0,007;17,205;60,176;69,211;193,215;283,208;314,214;355,253;477,186;494,261;546,133;715,243;970,144;1125,238;1134,093
065:0,007;4,176;9,185;53,178;105,248;155,151;209,142;220,200;255,252;382,196;420,077;517,182;557,119;591,129;601,236;644,125;687,176;782,180;805,214;887,117;911,183;967,214;972,090;1015,171
066:0,007;25,228;79,078;148,261;163,216;296,120;312,210;376,169;385,186;487,115;559,256;564,079;580,020;592,188;615,134;626,154;645,233;844,122;955,094;1052,261;1108,218;1141,172;1193,240
067:0,007;9,194;110,193;134,122;154,185;260,090;378,221;510,154;529,190;583,135;588,233;627,083;632,135;676,156;738,145;771,191;797,251;844,162;848,230;856,261;937,209;941,171;994,206;1097,190
068:0,007;24,191;37,186;57,138;64,261;85,158;98,188;207,091;233,113;239,246;479,107;537,236;572,167;618,119;665,182;800,132;825,133;856,226;880,211;891,233;933,097;1015,191;1079,266;1108,080
069:0,007;17,097;138,256;147,251;159,182;185,246;228,261;272,139;331,230;357,232;411,156;425,169;484,236;696,135;718,259;780,133;792,135;992,191;1158,145;1168,184;1188,223
070:0,007;5,014;9,185;17,205;98,115;336,121;384,198;395,103;427,130;433,211;440,178;476,211;656,243;1007,230;1057,266;1121,261;1170,093
071:0,008;37,078;38,203;132,001;141,149;143,138;159,100;393,167;421,205;472,095;754,199;924,112;969,097;990,261;1036,229;1041,010;1046,178
072:0,008;31,183;64,184;84,126;100,144;160,184;173,171;282,015;294,245;315,206;317,122;344,233;482,128;495,215;638,083;681,185;799,241;887,218;939,219;952,127;959,204;1041,010;1069,103;1105,193
073:0,008;26,251;132,001;162,253;243,160;293,110;335,158;346,164;385,157;428,156;587,273;620,211;645,140;696,270;798,094;805,206;890,144;895,214;923,256;1017,188;1041,010;1042,228;1050,244
074:0,008;26,251;82,108;132,001;148,161;158,252;162,253;267,230;541,095;608,112;713,110;944,086;955,199;961,083;973,077;1041,010;1070,263;1121,141
075:0,008;46,113;96,219;132,001;148,103;243,256;357,271;464,194;555,207;570,134;579,261;770,170;812,117;879,185;987,184;1041,010;1056,254
076:0,008;15,174;58,270;82,142;132,001;169,197;173,205;301,158;316,256;478,170;483,147;520,267;570,185;592,119;597,083;820,202;926,266;1041,010;1050,244
077:0,008;36,157;1041,010;1056,254
078:0,008;38,203;132,001;148,103;687,083
079:0,008;15,233;19,254;105,185;132,001;173,171;227,024;243,256;304,188;315,121;328,086;575,105;602,116;699,140;705,251;758,118;1046,178;1129,204
080:0,008;36,157;132,001;159,100
081:0,009;9,173;327,008;334,127
082:0,009;4,206;10,237;19,108;100,136;313,086;316,105;327,008;331,258;370,205;402,260;431,135;450,009;500,170;537,135;549,215;570,077;633,134;662,236;679,145;838,191;1014,178;1021,256;1092,090
083:0,009;10,163;143,121;450,009;483,199;845,270
084:0,009;19,108;65,230;68,121;308,080;327,008;336,169;361,270;447,233;450,009;483,199;516,231;708,191;747,106;786,194;796,227;814,095;916,103;960,112;1027,226;1064,225;1089,208
085:0,009;19,143;75,250;90,161;107,126;122,077;185,226;246,083;267,207;302,183;327,008;334,127;480,159;491,130;495,193;839,135;886,274;910,159;940,261;976,169;982,226;1026,199;1062,173;1123,262;1143,079;1193,194
086:0,009;17,183;26,230;59,144;255,253;274,180;276,201;293,264;311,237;327,008;361,252;488,169;515,208;722,015;736,097;938,274;974,185;1178,218;1200,191
087:0,009;2,259;61,013;68,121;136,221;307,135;327,008;331,258;364,164;381,110;450,009;457,180;740,259;741,170;769,152;800,112;918,221;1034,193;1091,018;1106,134
088:0,009;2,259;17,221;81,201;172,138;255,164;278,171;284,131;327,008;335,273;348,242;374,170;382,133;438,146;450,009;480,159;505,207;513,125;562,200;574,119;638,097;642,079;717,240;725,188;757,190;865,097;914,117;965,178;1001,088
089:0,009;9,173;450,009;495,193
090:0,009;17,221
091:0,010;3,252;87,192;122,223;334,231;343,246;463,110;508,130;534,199;597,091;936,172;1174,110
092:0,010;9,077;87,176
093:0,010;50,192;58,201;65,257;73,256;167,005;177,208;371,264;398,170;400,260;401,161;469,252;488,149;514,119;572,208;605,233;633,267;640,095;649,209;697,178;1041,122;1106,230;1131,178;1157,192;1169,262
094:0,010;9,077;19,085;160,157;384,176;491,243;574,267;605,215;641,261;731,241;741,208;898,096;984,139;993,258;1114,116
095:0,010;9,195
096:0,010;9,195
097:0,010;2,237;12,127;173,122;205,233;209,080;226,112;422,022;426,225;452,230;469,131;584,243;685,214;689,219;813,094;867,099;911,247;920,145;956,093;1147,185
098:0,010;3,252;357,113;516,259;704,232;720,113;840,229;955,218;1017,083;1039,231;1080,271;1131,122
099:0,010;2,237;5,011;6,176;237,149;537,077;559,091;591,135;621,271;636,223;696,190;758,241;763,183;787,139;811,129;1016,098;1023,183;1039,262
100:0,010;8,002;12,127;40,201;46,240;65,093;230,080;231,174;250,149;261,260;294,136;426,225;490,125;510,224;515,176;623,093;791,258;797,261;822,167;859,113;946,226;959,116;983,112;998,106
101:0,011;14,184;32,091;51,235;958,091
102:0,011;12,261;27,182;181,257;260,108;273,209;393,175;425,170;637,169;663,077;671,238;679,211;681,118;719,100;733,275;768,190;784,191;875,144;884,182;976,214;998,116;1024,243;1133,274
103:0,011;8,019;27,182;73,191;279,108;386,190;432,231;439,216;468,231;479,267;500,136;583,145;649,170;655,235;797,176;955,145;999,185;1094,086;1169,083
104:0,011;14,155
105:0,011;53,094;137,251;142,219;225,143;285,228;291,169;393,133;475,203;497,270;509,166;512,091;554,128;661,077;662,194;773,007;793,167;800,110;806,259;826,196;955,188;1012,223;1025,208;1036,162;1081,084;1157,243
106:0,011;18,117;26,020;32,091
107:0,011;3,235;14,184;152,254;177,251;296,261;590,215;595,239;627,105;644,248;667,135;709,122;726,140;790,184;808,110;910,275;980,192;1051,196;1078,251;1128,080
108:0,011;7,235;327,008;334,156;364,138;370,185;402,194;483,253;519,270;691,140;793,167;859,235;979,171;1020,222;1079,111
109:0,011;36,080;41,191;334,156;459,113;589,207;595,198;673,154;720,125;861,239
110:0,011;14,155
111:0,012;43,267;241,019;256,198;548,003;554,250
112:0,012;43,197;149,180;184,243;241,019;260,243;281,239;303,243;341,216;368,209;400,134;415,120;420,254;469,219;505,122;554,250;781,144;963,248;972,213
113:0,012;36,207;43,197;241,019;248,086;266,206;286,193;318,226;407,261;418,079;548,003;549,202;558,185;566,139;596,154;618,156;792,275;824,271;837,087;1151,266;1182,188
114:0,012;48,136;116,164;241,019;351,167;396,086;439,188;473,254;489,097;548,003;549,202;586,079;608,251;654,214;678,134;721,229;736,077;786,097;791,079;1043,228
115:0,012;42,178;548,003;557,260;747,214;795,250
116:0,012;42,178;48,136;77,175;241,019;248,086;262,198;351,167;389,260;409,125;473,119;509,240;517,093;548,003;557,260;751,156;840,106;852,152;880,086;889,266;935,003;972,213
117:0,012;36,207
118:0,012;54,185;112,246;118,249;241,019;263,110;290,166;297,112;359,273;448,248;469,232;481,120;508,114;541,258;548,003;559,113;566,267;627,171;940,225;967,199;1047,098;1097,093;1105,211;1157,269;1196,266
119:0,012;5,219;22,249;32,185;83,143;133,196;216,185;241,019;282,113;362,154;373,010;418,079;432,214;531,239;548,003;558,185;724,112;795,196;802,235;821,093;998,207
120:0,012;40,098;43,267;216,188;220,122;241,019;281,120;286,175;311,264;388,166;393,264;396,215;458,120;475,149;486,258;548,003;612,241;648,135;660,221;718,211;746,116;809,228;820,274;856,106;881,247;903,229;1189,185
121:0,013;9,150;42,256;133,233;267,002;271,186;320,142;335,243;366,230;376,158;387,136;469,120;493,087;540,191;553,228;607,202;806,095;839,004;901,141;931,003;976,262;1022,193;1029,090;1087,084
122:0,013;14,151;460,012;479,209;839,004;871,090
123:0,013;2,258;9,150;14,151;35,117;74,233;85,248;123,192;460,012;479,209;548,131;585,206;824,207;835,139;839,004;865,081;976,262;1100,258;1151,214
124:0,013;13,249;15,192;36,113;49,264;65,246;155,257;236,239;276,127;288,206;347,114;444,241;459,191;460,012;473,119;480,206;698,171;723,106;1076,122
125:0,013;25,160;263,136;265,002;285,220;354,125;359,245;409,191;425,083;460,012;480,206;507,191;597,214;839,004;871,090;934,247;952,202;1018,118;1104,077;1187,222;1196,229
126:0,013;15,008;17,226;22,122;92,085;136,091;143,099;460,012;508,163;569,093;615,095;636,230;768,228;785,128;828,230;882,172;893,118;901,141;940,208;1013,130;1118,208
127:0,013;5,212;104,160;196,254;308,099;460,012;493,087;523,169;535,214;592,188;636,140;642,271;870,193;881,190;915,110;973,182;1097,159;1137,223
128:0,013;15,192;839,004;859,096;913,156;1002,112
129:0,013;22,122;105,104;109,112;122,132;133,112;134,186;231,080;259,122;264,080;285,220;332,235;390,216;402,183;436,154;460,012;501,141;551,178;555,127;600,133;631,159;839,004;859,096;865,081;882,106;976,182;1137,194;1175,086
130:0,013;36,113;44,237;138,186;175,254;351,090;356,005;359,245;428,207;471,226;508,163;738,114;791,152;839,004;877,204;904,108;1064,233;1071,143;1135,096
131:0,014;8,085;86,238;430,243;450,009;483,112;638,243;641,114;785,202;811,270;833,127;930,251;946,193;963,145;1091,018;1127,167;1143,235
132:0,014;15,131;217,238;415,022;438,166;583,229;604,258;610,170;739,156;746,187;807,258;956,125;963,165;978,129;979,183;1161,230
133:0,014;17,248;72,156;168,264;183,164;360,198;368,090;405,190;415,022;430,157;452,236;506,176;511,273;574,020;626,266;640,077;1080,263;1091,018;1117,206
134:0,014;6,270;122,105;415,022;454,229;574,020;604,258;1091,018;1128,099
135:0,014;13,166;240,205;264,086;301,090;302,216;328,214;415,022;428,109;431,188;437,190;479,228;529,146;574,020;609,118;658,267;725,233;789,145;804,229;813,190;830,105;1023,139;1057,214;1091,018;1095,141;1127,167
136:0,014;15,131;239,077;574,020;599,275;1091,018;1128,099
137:0,014;20,180;392,254;415,022;417,232;425,100;439,151;460,188;461,166;498,233;593,247;612,184;688,106;722,221;800,135;806,233;1041,081;1091,018;1143,235
138:0,014;6,270;13,166;71,105;132,184;177,078;242,209;252,127;299,270;336,144;352,080;370,216;415,022;428,109;431,261;460,012;479,257;533,098;558,087;574,020;616,148;623,122;626,266;780,273;789,183;840,145;878,269;1091,018;1117,137;1170,219
139:0,014;16,175;69,254;173,228;196,099;202,104;249,193;318,134;344,146;354,223;374,176;377,113;384,182;392,210;415,022;431,188;440,210;472,233;574,020;612,184;765,218;788,241;954,080;1117,137
140:0,014;14,193;20,180;111,077;384,222;402,231;415,022;430,243;479,257;523,240;553,261;574,020;599,275;658,139;725,162;793,209;966,079;978,270;1020,211;1091,018;1105,185;1136,143
141:0,015;10,167;16,176;17,226;26,176;41,193;154,149;243,172;256,249;317,023;337,259;424,178;427,247;707,270;789,106;795,274;813,099;931,202;989,229;1022,266;1052,096;1132,162
142:0,015;7,202;90,243;317,023;336,143;780,001;795,274
143:0,015;8,256;70,208;85,243;105,270;112,261;205,113;264,267;317,023;329,079;348,222;353,240;459,156;484,208;503,251;690,238;697,180;772,275;780,001;813,099;846,112;951,154;987,170;1039,275;1092,154
144:0,015;3,132;52,233;64,080;183,156;317,023;353,271;355,183;397,211;430,190;519,242;575,130;707,241;720,226;722,128;780,269;993,159;1069,204;1136,097;1168,133
145:0,015;7,183;902,261
146:0,015;15,250;92,160;100,257;169,005;183,156;317,023;329,079;336,143;746,267;758,191;762,258;780,001;797,164;814,132;936,003;993,159;1141,218
147:0,015;3,132;15,250;63,219;65,205;166,208;171,112;250,176;284,245;304,142;317,023;322,136;337,259;425,231;431,122;602,119;610,107;715,010;734,123;758,227;780,001;807,223;855,159;921,170;980,208;1101,145
148:0,015;7,202;149,110;164,137;180,108;243,188;296,214;317,023;353,240;601,103;649,190;658,113;707,106;729,226;780,001;828,144;868,170;917,171;923,242;942,248;955,157;962,133;976,242;991,084;1086,086
149:0,015;3,003;7,183;15,237;67,186;137,142;173,270;255,226;315,264;317,023;348,222;426,230;452,086;559,216;635,273;657,119;734,123;780,001;804,172;847,116;901,266;915,204;945,170;962,162;988,266;1018,144;1070,132;1147,161
150:0,015;17,135;118,239;234,249;317,023;329,138;353,271;359,135;513,234;523,103;591,140;684,211;698,152;759,135;776,116;780,001;800,132;807,223;898,202;947,214;962,225;1025,270;1135,271;1143,133
151:0,016;7,134;243,180;270,133;372,207;414,234;452,146;494,122;502,232;551,017;566,226;572,206;578,265;598,185;677,106;701,116;751,146;770,103;875,095;940,113;1069,188
152:0,016;15,164;106,127;112,161;147,005;190,244;265,002;277,181;290,091;313,254;314,175;406,186;475,182;510,190;536,145;551,017;575,111;715,010;728,271;733,152;739,227;747,218;753,271;794,207;809,145;841,125;948,227;1044,211
153:0,016;21,272;147,005;184,166;265,002;270,122;313,181;345,120;358,260;377,154;391,120;399,200;425,167;503,225;506,192;529,219;575,111;614,110;679,152;715,010;747,218;842,232;881,270;971,188;1066,202;1074,183;1098,146;1139,141
154:0,016;15,186;116,185;147,005;180,184;189,232;209,259;210,238;213,210;403,160;424,233;435,141;460,234;506,243;551,017;572,106;663,128;715,010;727,117;777,261;894,135;901,156;1006,154;1129,247;1148,088
155:0,016;6,012;7,224;147,005;258,232;263,175;271,125;342,183;347,135;358,254;372,239;510,200;569,169;623,127;634,238;647,219;684,236;715,010;721,192;766,248;830,077;965,125;1159,154
156:0,016;4,240;15,164;147,005;218,079;265,002;270,133;277,181;367,158;469,083;499,267;551,017;581,128;612,232;694,267;708,140;715,010;730,125;786,192;807,159;892,086;896,143;1050,188;1176,145
157:0,016;4,240;21,272;69,224;147,005;190,244;265,002;268,107;551,017;569,169
158:0,016;7,134;265,002;271,125;715,010;739,227
159:0,016;3,261;21,099;134,249;147,005;180,184;187,143;265,002;288,215;340,083;426,105;496,230;515,159;551,017;578,265;648,211;715,010;728,225;783,188;950,206
160:0,016;21,099;147,005;213,210;215,105;218,079;265,002;268,107;413,115;485,216;551,017;601,134;609,106;632,122;799,143
161:0,017;6,245;227,024;236,139;243,242;324,141;327,223;463,136;621,196;772,225;838,229;839,004;869,222;1061,227
162:0,017;18,117;231,196;577,115
163:0,017;11,115
164:0,017;10,163;47,215;227,024;231,196;370,010;379,247;450,133;512,236;536,247;584,238;597,194;854,184;897,087;982,113;1072,222
165:0,017;6,245;264,170;312,201;358,191;403,108;440,200;455,107;465,108;468,170;470,229;798,271;806,087;833,248;940,105;1001,269;1041,221;1047,133;1114,098
166:0,017;11,115;97,202;177,211;227,024;252,096;372,103;379,247;385,242;467,223;567,178;656,241;797,187;830,083;902,223;945,233;992,096;1041,266;1068,169
167:0,017;25,138;56,194;128,108;195,077;227,024;264,170;282,205;433,222;474,248;594,152;685,248;762,127;820,269;867,232;869,222;985,087;1060,204;1085,214;1134,258
168:0,017;15,174;227,024;243,242
169:0,017;11,083;227,024;236,139
170:0,017;11,083;64,149;104,264;158,237;227,024;241,090;252,096;340,139;560,147;574,020;594,152;658,145;730,185;927,190;957,230
171:0,018;29,090;156,230;163,249;209,136;258,270;271,160;360,264;365,115;369,135;392,208;465,154;479,135;528,087;574,226;852,202;890,193;892,219;896,207;932,161;988,122;994,097;1046,116;1156,229
172:0,018;1,243;34,077;114,093;262,144;326,211;393,237;402,169;534,221;565,107;604,240;641,133;1032,169;1062,142;1109,181;1117,112;1164,087
173:0,018;3,249;132,259;135,243;150,158;295,226;478,173;503,167;547,225;554,079;623,242;706,190;747,169;835,226;866,209;903,154;942,185;964,230;1003,202;1073,176;1092,018;1109,181
174:0,018;6,248;103,097;231,105;276,015;282,113;347,093;513,131;545,114;603,100;622,180;695,273;752,171;793,080;1030,154;1071,233;1113,262;1117,118
175:0,018;1,093;79,183;95,228;158,259;234,197;237,237;247,099;290,149;336,141;377,105;773,007;793,080;902,098;1003,139;1008,225
176:0,018;9,194;18,233;120,126;265,093;270,253;348,110;369,214;476,103;483,114;519,196;555,243;610,270;702,211;797,270;874,226;927,211;1009,214;1048,233;1096,125
177:0,018;1,093;6,248;9,264;44,132;136,143;199,211;346,267;410,228;471,210;484,182;523,077;528,161;563,086;595,221;648,105;929,214;943,199;949,144;989,225;994,144;1012,105;1034,133;1163,125
178:0,018;24,158;166,243;168,110;249,233;334,105;363,186;399,167;471,107;477,251;600,225;610,271;612,122;694,125;728,240;792,087;880,183;929,111;977,170;1039,208;1056,184
179:0,018;18,102;29,104;77,083;133,230;236,142;283,134;299,201;350,181;354,233;397,230;400,145;522,105;564,209;643,239;849,183;872,172;878,182;883,169;966,142;1061,111
180:0,018;9,264;122,127;258,091;269,083;284,261;288,133;340,115;344,231;373,145;594,149;623,129;656,106;684,110;790,226;828,194;929,125;1068,146;1080,108;1096,263
181:0,019;19,110;488,005;533,098
182:0,019;51,232;158,091;201,108;418,170;448,203;488,005;493,129;551,230;573,098;738,129;801,185;872,117;1012,122;1031,219;1096,256
183:0,019;1,104;51,232;292,191;316,254;481,253;488,005;499,171;527,114;572,196;639,111;741,100;751,152;780,001;784,268;925,184;934,171;948,135;1015,247
184:0,019;88,113;181,197;232,011;237,141;488,005;493,116;573,129;578,146;725,242;767,094;790,232;834,143;877,122;1005,196;1043,088;1137,269;1148,132
185:0,019;67,192;85,117;103,239;118,270;166,252;227,126;261,078;275,236;462,158;482,247;488,005;501,267;513,140;576,100;577,114;636,176;684,093;936,096
186:0,019;19,110;132,270;571,256
187:0,019;86,120;297,170;343,122;398,203;426,182;462,173;475,243;493,116;639,241;673,103;765,133;777,207;791,269;812,242;873,133;956,209;991,231;1098,081;1137,270;1170,183
188:0,019;37,078;53,159;235,146;296,099;298,083;314,170;353,133;388,169;405,210;453,097;479,262;488,005;490,140;493,110;613,208;797,190;811,208;912,083;961,130;991,110;1067,221;1117,182
189:0,019;53,159;237,141;278,161;323,083;368,258;438,114;488,005;489,224;493,129;498,105;499,171;614,139;656,170;671,119;735,139;784,268;791,266;896,211;1029,223;1093,106
190:0,019;35,156;58,097;79,091;86,120;267,002;275,236;443,191;450,009;479,262;488,005;490,140;527,093;602,265;646,129;824,228;842,211;868,247;1110,219;1160,247
191:0,020;37,151;40,098;54,243;85,257;139,206;260,200;276,015;300,228;309,086;395,180;492,131;505,128;523,083;590,240;704,256;709,157;791,140;798,211;826,106;829,129;931,003;965,088;1020,145;1106,182;1112,142;1129,251
192:0,020;32,161;276,015;297,145;342,142;931,003;996,190
193:0,020;41,078;165,161;931,003;974,212
194:0,020;32,161;86,093;111,117;276,015;285,234;533,271;699,184;736,154;864,233;880,223;882,231;931,003;965,088;985,223;1136,238
195:0,020;37,142
196:0,020;37,142;45,188;247,117;276,015;297,145;383,097;426,091;493,134;495,079;557,107;561,190;616,128;669,232;865,207;888,103;906,208;965,122;973,173;1074,184;1088,222;1166,112
197:0,020;10,105;57,104;88,233;94,105;99,112;102,113;118,090;234,228;276,015;312,216;375,237;388,180;452,256;534,100;557,157;571,225;593,159;612,267;675,170;861,274;863,086;940,116;947,090;965,196;993,274;1126,083;1164,146
198:0,020;42,234;168,178;276,015;300,274;312,172;505,211;606,093;648,118;736,251;916,274;931,003;980,192;1135,173;1177,221
199:0,020;45,188;86,260;124,138;237,216;246,138;261,211;276,015;285,234;408,235;654,149;665,095;810,113;931,003;953,165;974,212
200:0,020;10,105;42,234;160,078;186,097;264,104;276,015;312,172;562,162;761,266;840,100;898,172;931,003;973,173;1004,086;1063,087
