001:0,001;67,057;152,074;644,157;647,087;720,148;1025,169;1191,030
002:0,001;67,057;244,258;513,068;622,074;644,157;860,142;1140,030;1194,050
003:0,001;67,057;103,056;107,045;513,068;699,084;711,245
004:0,001;67,057;513,068;770,174;924,211;1068,050
005:0,001;67,057;107,045;513,068;735,153;824,209;987,111;1020,080;1177,094
006:0,001;67,057;798,107;862,041;1068,050
007:0,001;67,057;244,258;385,037;511,106;1071,050
008:0,001;9,007;50,261;60,019;107,045;534,222;862,041;1068,050
009:0,001;107,045;518,176;555,146;610,215;814,224;862,041;1045,136
010:0,001;67,057;836,036;862,041;1068,050
011:0,002;8,089;158,042;317,054;389,033;882,044;1095,174
012:0,002;8,089;882,044;1053,107
013:0,002;6,031;53,184;389,033
014:0,002;6,031;72,246;1017,074
015:0,002;6,031;72,246;154,031;444,078;888,074;932,133
016:0,002;6,031;424,074;444,078;500,114;706,081;951,209
017:0,002;6,031;310,036;882,044;1045,136;1095,191
018:0,002;6,031;389,033;882,044;1086,138;1103,102
019:0,002;6,031;389,033
020:0,002;53,184;103,015;135,118;357,227
021:0,003;221,189;308,191;1139,121
022:0,003;204,159;588,029;687,207;691,156;1049,223;1063,080
023:0,003;198,065;210,071;443,037;574,132;880,143;889,034
024:0,003;198,065;249,097;1046,030;1112,152
025:0,003;198,065;206,143;214,056;220,232;241,226;276,230;400,119
026:0,003;220,257;831,256
027:0,003;206,143;480,257;492,077;621,256;1092,154
028:0,003;198,065;355,244;681,231;731,192;1141,063
029:0,003;198,065;220,232
030:0,003;215,143;1040,232;1079,050;1180,233
031:0,004;85,230;637,043;702,249;769,262;825,135
032:0,004;19,221;85,230;112,012;144,066;167,151;637,043;805,260;977,041;1004,259
033:0,004;19,221;100,070;144,066;176,163;286,118;637,043;783,163;938,176
034:0,004;102,188;105,032;136,036;157,094;814,229;938,244;1177,099
035:0,004;102,188;230,030;350,141;637,043;690,145
036:0,004;105,032;167,151
037:0,004;76,027;144,066;204,272;352,087
038:0,004;76,027;189,234;277,262;784,033
039:0,004;76,027;157,094;244,042;277,262;300,204;487,073;532,223;868,220;986,124;1061,060
040:0,004;76,027;140,022;144,066;176,163
041:0,005;48,069;136,036;404,073;726,109;881,036
042:0,005;48,069;136,036;431,075;766,244;797,127;971,227;1000,096;1186,034
043:0,005;55,205;316,120;379,057;397,250;674,093;696,028;801,137;939,148
044:0,005;48,069;136,036;305,093;404,073;696,028;714,165;748,141
045:0,005;48,069;136,036;138,012;164,063;213,103;458,029;500,153;627,033;657,220
046:0,005;87,224;439,057;807,078;828,157
047:0,005;48,069;179,272;1029,230;1035,249;1060,241;1117,240
048:0,005;48,069;70,237;123,039;136,036;305,093;696,028;726,109;949,249;1024,182
049:0,005;48,069;148,073;240,261;348,128;401,036;404,073;696,028;714,165
050:0,005;48,069;55,205;70,237;136,036;213,103;251,036;404,073;500,153;707,028;722,100;904,186;1109,132;1143,074
051:0,006;70,056;369,198;818,221;955,063;1000,064
052:0,006;43,014;127,217;373,075;637,221;951,106
053:0,006;70,056;434,052;530,156;610,247;756,235;966,063
054:0,006;14,015;55,004;81,071;230,083;538,230;885,063
055:0,006;81,071;414,182;434,052;468,264;1127,100
056:0,006;81,071;434,052;446,029;572,027;714,099;782,145;851,034;885,063;1031,143
057:0,006;70,056;109,172;284,056;434,052;506,124;572,027;733,259;885,063;1021,273;1187,189;1198,249
058:0,006;81,071;369,198;638,064
059:0,006;81,071;109,172;236,109;417,036;506,124;572,027;885,063
060:0,006;70,056;468,264;572,027;720,256;766,125
061:0,007;40,072;101,275;205,134;703,145;728,166;772,074;1094,265;1148,167;1171,060
062:0,007;40,072;100,109;133,215;981,195;1037,209;1044,060
063:0,007;40,072;100,109;317,037;374,194;448,075;694,121;793,057;797,212;863,114;937,044;1024,166;1033,198;1146,063
064:0,007;45,202;53,004;101,275;511,080;602,114;993,234;1044,060
065:0,007;40,072;45,202;194,057;221,120;274,071;324,111;897,223;1137,153
066:0,007;40,072;120,035;318,056;374,194;592,073;694,121;731,037;1044,060
067:0,007;33,173;531,106;608,027;839,064
068:0,007;40,072;151,037;1044,060
069:0,007;40,072;133,215;586,110;642,182;692,064;1188,195
070:0,007;33,173;266,040;313,045;445,189
071:0,008;20,037;35,207;212,040;355,209;406,093;511,247;634,194
072:0,008;26,074;107,003;251,248;253,040;414,105;513,272;660,186;788,074;1032,221
073:0,008;8,006;20,037;1032,221;1069,104;1107,030;1119,033;1169,155
074:0,008;26,074;251,248;616,116
075:0,008;26,074
076:0,008;20,037;694,166;1010,272
077:0,008;20,037;667,206
078:0,008;35,207;310,031;453,146;847,037;1029,242;1180,107
079:0,008;26,074;835,096
080:0,008;26,074;317,116;796,259;1169,155
081:0,009;31,070;58,035;116,227;339,054;396,117;913,100;1103,250
082:0,009;40,151;49,046;127,152;132,012;169,097;241,045;299,156
083:0,009;31,070;58,035;70,056;72,182;1061,192
084:0,009;31,070;148,038;191,214;334,083;830,095;870,250;969,215
085:0,009;37,021;58,035;148,038;228,077
086:0,009;31,070;169,097;277,260;424,232;667,244;1178,166
087:0,009;31,070;114,042;228,077;299,156;461,275
088:0,009;40,151;79,003;86,186;678,080;811,077
089:0,009;58,035;116,227;255,234;594,189;742,205
090:0,009;31,070;191,214;467,045;527,154;724,159;756,105;803,206;898,166
091:0,010;85,059;211,114;555,030;899,252
092:0,010;22,037;159,098;692,083;1026,154
093:0,010;85,059;227,080;255,245;808,241
094:0,010;85,059;159,098;249,057;876,139;907,034
095:0,010;105,032;135,191;630,098
096:0,010;97,031;140,022;148,038;259,088;423,175;787,182;1000,109;1097,063
097:0,010;105,032;179,250;911,224
098:0,010;85,059;135,191;228,128;860,189;908,083
099:0,010;119,033;159,116;276,261;501,234
100:0,010;85,059;211,114;456,261
101:0,011;24,027;37,021;62,159;69,256;154,037;753,034
102:0,011;24,027;50,035;255,135;1107,223
103:0,011;24,027;55,231;386,036;1182,087
104:0,011;24,027;37,021;62,159
105:0,011;37,021;38,095;235,040;352,169;697,241;753,034;961,274;1005,246
106:0,011;24,027;38,095;753,034
107:0,011;24,027;37,021;50,035;55,231;231,036
108:0,011;37,021;50,035;278,249
109:0,011;24,027;37,021;69,256;712,074;800,216
110:0,011;24,027;37,021;50,035;255,135;418,173;796,030;1025,212
111:0,012;153,049;193,027;317,054;638,064;1049,123;1075,064
112:0,012;153,049;158,071;193,027;317,054;742,135;752,094
113:0,012;193,027;411,110;983,114
114:0,012;53,213;425,054;692,090;816,184;870,036
115:0,012;153,049;206,195
116:0,012;153,049;193,027;317,054;638,064;753,034;884,217
117:0,012;168,224;681,223;920,169
118:0,012;53,213;131,042;153,049;266,080;1034,216
119:0,012;193,027;294,042;317,054;638,064;754,174;1147,144;1178,064
120:0,012;153,049;192,042;355,256;373,184;1076,036
121:0,013;59,101;145,012;146,176;944,109
122:0,013;48,006;78,033;213,084;605,267;807,124;895,266;959,063;1129,203
123:0,013;48,038;78,033;160,241;889,234;955,275;1113,274;1115,166;1129,203;1139,109
124:0,013;48,038;92,247;563,120;601,127
125:0,013;56,105;134,057;599,127;676,033
126:0,013;48,038;81,110;124,147;160,241;348,262;443,095;461,258;566,158;672,247;772,074
127:0,013;48,038;124,147;190,035;212,221;734,121;1090,074
128:0,013;48,038;56,105;663,120;779,034;961,274
129:0,013;48,038;78,033;131,125;231,037;372,266
130:0,013;59,101;78,033;146,176;176,049;213,084;318,186;529,095;535,192;922,260
131:0,014;57,026;114,044;270,204;417,231
132:0,014;53,090;153,059;179,117;249,036;305,101;987,102;1077,114;1186,098
133:0,014;57,026;135,113;241,074;316,120;517,169;965,041;1004,138
134:0,014;53,090;57,026;114,140;177,148;832,207;954,250
135:0,014;61,102;112,003;125,226;769,246;894,139;984,264;996,217;1056,239
136:0,014;57,026;125,226;172,059;179,117;292,027;318,133;622,120;642,113;1184,144
137:0,014;57,026;313,175;554,184;772,134;866,132;941,117;1049,033
138:0,014;57,026;135,113;690,064;920,152
139:0,014;61,102;190,003;230,083;318,133;797,262
140:0,014;57,026;69,015;114,140;315,081
141:0,015;129,022;164,063;232,247;279,213;291,189;503,037;602,205;610,030
142:0,015;129,022;148,038;164,192;614,033;821,150;1041,189;1081,156;1096,122
143:0,015;127,040;354,104;725,232;837,222
144:0,015;129,022;148,038;214,141;756,144;805,122;901,109;909,117
145:0,015;29,006;178,152;813,257
146:0,015;129,022;148,073;209,144
147:0,015;129,022;148,073;195,229;850,106;869,120;950,101;1019,033
148:0,015;129,022;164,063;240,158;481,074;503,131;673,037;1094,265
149:0,015;54,010;129,022;148,073;164,063;240,158;284,205;697,104;1107,222;1166,159
150:0,015;129,022;164,192;405,118;530,157;607,239;723,120;947,105;986,150;1037,111;1125,242
151:0,016;62,122;273,074;835,167;1182,030
152:0,016;62,039;248,237
153:0,016;62,039;110,128;153,239;459,237;1003,098;1005,153
154:0,016;62,039;248,237;302,029;713,143;830,078
155:0,016;62,039;242,096;350,231;488,194;645,111
156:0,016;108,081;380,246;419,073;722,100;1161,245
157:0,016;62,039;108,081;268,122
158:0,016;62,039;269,129;1172,074
159:0,016;62,122;65,040;153,239;683,037;1100,173
160:0,016;110,128;314,163;454,270;601,227;612,103
161:0,017;40,034;68,015;126,217;514,029;673,124;701,186
162:0,017;40,034;61,052;210,211
163:0,017;45,134;575,097;803,030
164:0,017;40,034;72,182;282,144;286,249;338,080;487,101;544,036;655,230
165:0,017;45,134;61,052;97,157;606,036;958,037;994,063
166:0,017;50,132;275,113;324,075;482,054;679,198
167:0,017;40,034;61,052;94,195;192,035;356,253;500,057;672,119;964,033;978,269;1105,030
168:0,017;61,052;97,157;153,202;201,039;210,211;356,253;490,029;673,124
169:0,017;50,132;586,074;1153,134
170:0,017;40,034;94,195;329,229;437,057;722,153;1054,207;1115,186;1200,232
171:0,018;63,042;340,122;770,152;931,192;1043,273;1185,203
172:0,018;36,061;123,003;140,273;172,246;232,039;273,270;627,125;851,107;1160,198;1165,207
173:0,018;36,061;77,240;821,239;1114,064
174:0,018;36,046;63,042;197,260;265,227;464,158
175:0,018;36,061;77,240;575,258;707,057;745,086;804,121
176:0,018;36,061;140,273;273,270;292,152;358,209;912,275;935,159;948,041;1099,243
177:0,018;36,046;63,042;348,121;486,074;663,099
178:0,018;36,046;106,056;438,120;712,169;860,212;1074,060
179:0,018;36,046;63,042;197,260;450,036;745,086
180:0,018;36,061;142,236;231,074;442,267
181:0,019;104,044;199,043;222,030;264,029;524,204;632,083;645,205;826,244;930,232;1014,129;1081,084
182:0,019;166,087;455,137;830,128;1048,157
183:0,019;108,137;583,128;678,262;723,240
184:0,019;143,269;199,043;264,029;703,239;912,139
185:0,019;104,044;222,030;268,103;707,095
186:0,019;104,044;108,137;265,096;935,036;1115,113
187:0,019;143,269;199,043;264,029;355,244;443,084
188:0,019;104,044;222,030;290,142;332,088;376,266;679,037;767,175
189:0,019;104,044;199,043;248,080;275,119;290,142;883,137
190:0,019;123,186;222,030;264,029;524,204;969,064
191:0,020;54,055;64,040;324,075;425,147;485,030;668,227;852,113;872,191;967,033
192:0,020;54,055;64,040;243,055;331,040;352,102
193:0,020;64,040;102,064;120,257;417,075;485,030;1116,103;1156,174
194:0,020;64,040;243,055;324,075;513,224;926,132;1114,264
195:0,020;54,055;102,064;118,245;157,039;243,055;256,125;673,134;877,034;885,229
196:0,020;54,055;112,119;485,030;691,235;859,216;953,137;1136,106
197:0,020;54,055;102,064;112,119;203,042;324,075;485,030
198:0,020;54,055;102,064;243,055;275,116;537,258;639,211;652,105
199:0,020;54,055;154,148;243,055;256,125;383,089;474,103;600,154;1051,078
200:0,020;54,055;104,044;118,245;302,207
