001:0,001;163,051;216,073;718,068;860,048;987,259
002:0,001;163,051;216,073;467,268;835,034;860,048
003:0,001;185,240;691,269;705,129;815,123;860,048
004:0,001;163,051;189,189;700,168;718,068;860,048
005:0,001;163,051;216,073;849,152;895,220
006:0,001;163,051;199,050;239,161;602,129;676,258;701,067;718,068;835,034;853,247
007:0,001;163,051;199,050;216,073;844,061;1143,236
008:0,001;168,065;185,240;199,050;215,034;437,036;443,226;625,273;633,212;682,073;718,068;835,034;841,159;1001,185
009:0,001;189,189;216,073;835,034;841,159
010:0,001;163,051;199,050;285,096;1038,200
011:0,002;5,056;63,057;168,065;170,122;496,226;576,213;661,070;940,229
012:0,002;20,054;168,065;170,122;292,200;489,036;501,196
013:0,002;5,056;20,054;184,094;382,070;895,036
014:0,002;5,056;20,054;111,011;166,196;168,065;270,167;922,033;939,222;1054,257
015:0,002;20,054;154,169;296,029;345,244;503,235;720,112;763,068;964,228
016:0,002;5,056;63,057;353,235;653,147;1160,135
017:0,002;5,056;43,003;63,057;191,275
018:0,002;5,056;20,054;126,011;166,196;738,077;1032,121;1173,129
019:0,002;5,056;45,150;63,057;246,100;494,107;569,167;574,270;859,039
020:0,002;5,056;63,057;184,094;338,100;494,039
021:0,003;29,059;49,227;712,269;773,144;868,033
022:0,003;48,186;68,011;134,201;914,125;961,149;1084,033
023:0,003;59,070;233,165;284,128;548,070;592,136
024:0,003;59,070;130,036;252,238;306,077;449,151
025:0,003;59,070;129,101;130,036;251,108;592,136;738,073;807,082;930,033;965,031;995,117
026:0,003;49,227;59,070;130,036;251,108;807,039;1063,124;1184,142;1196,169
027:0,003;59,070;130,036;285,133;440,095;993,120
028:0,003;48,186;214,017;233,165;783,073;807,082
029:0,003;59,070;134,201;308,070;544,067;918,114;998,036
030:0,003;59,070;252,238;607,120;786,261;804,078
031:0,004;19,031;76,082;82,017;125,226;152,191;235,134;851,227;1004,207
032:0,004;52,225
033:0,004;8,031;52,225;101,020;160,183;173,031;187,046;215,034;392,199;405,149;419,206;442,067;531,105;557,119;747,046;869,088;931,114;977,090
034:0,004;8,031;187,046
035:0,004;8,031;31,234;363,252;692,070;865,248;1197,056
036:0,004;8,031;218,232;515,070;763,237
037:0,004;8,031;215,034;233,030;367,144;447,033;451,031;652,122
038:0,004;31,234;464,051;531,105
039:0,004;8,031;125,226;187,046
040:0,004;8,031;187,046;869,088;980,238;993,077
041:0,005;25,030;37,059;192,124;473,208;555,217;598,172;737,145;1039,261
042:0,005;25,030;381,145;690,039;798,135
043:0,005;25,030;381,145
044:0,005;25,030;392,199
045:0,005;27,144;795,110
046:0,005;25,030;27,246;58,030;176,072;307,046;356,085
047:0,005;27,246
048:0,005;25,030;27,144;156,055;282,212;458,275;563,200;570,070;894,202;919,170;1129,176
049:0,005;25,030;275,072;285,096;561,133;595,167
050:0,005;30,101;164,266;422,031;1034,166;1100,074
051:0,006;15,072;28,042;154,129;190,046;299,258;403,125;488,036;1160,060
052:0,006;22,001;153,222;700,070;972,148;1027,171;1045,079
053:0,006;15,072;226,273;998,196;1049,173
054:0,006;15,072;226,273;418,211;763,039;798,135;1085,166
055:0,006;15,072;289,166;366,095;392,039;403,125
056:0,006;15,072;28,042;289,166;1045,148;1085,136;1154,080
057:0,006;28,042;169,029;299,258;636,255;899,275;938,208;1018,150;1160,060
058:0,006;28,042;366,095;549,073;774,202;827,036;1160,060
059:0,006;28,042;153,222;562,093;774,202
060:0,006;15,072;346,031;469,124;1071,159;1160,060
061:0,007;30,172;172,039;175,079;230,017;253,061;549,109;628,267;664,155;677,086
062:0,007;32,053;189,103;607,067;831,171;851,074
063:0,007;27,084;39,059;139,017;253,061;282,167;514,258;851,074
064:0,007;25,185;55,012;175,079;253,061;512,206;539,257;1058,228
065:0,007;90,243;270,061;851,074
066:0,007;32,053;253,061;831,171;851,074
067:0,007;25,185;32,053;253,061;416,261;589,245
068:0,007;27,084;578,061;780,186;956,167;992,052;1045,243;1186,074
069:0,007;30,172;295,039;359,061;464,039;553,155
070:0,007;32,053;228,130;1007,031
071:0,008;39,033;185,055;298,036;506,198
072:0,008;39,033;414,067;695,133;801,238;834,187
073:0,008;39,033;272,059;314,138;414,067;780,176;978,123;1151,191
074:0,008;39,033;272,059;414,067;614,241;1122,099
075:0,008;39,033;182,224;568,261;705,267;1095,052;1122,099
076:0,008;61,165;140,055;182,224;272,059;298,036;372,248;512,186;547,124;548,209;643,164
077:0,008;39,033;298,036;506,198;528,271;1149,120;1152,098
078:0,008;95,091;183,053;249,267;780,176;1176,196
079:0,008;39,033;61,165;148,020;160,183;414,067;768,169
080:0,008;39,033;272,059;298,036;372,248;721,200;757,199;885,226;989,241
081:0,009;113,052;373,120;653,138;776,101
082:0,009;94,049;116,098;186,051;273,152
083:0,009;94,049;154,209;530,221;841,255;1074,096;1200,052
084:0,009;126,200;273,152;363,039;878,140;1151,195;1188,083;1189,134
085:0,009;94,049;116,098;825,068;878,140;921,108;1055,155;1073,244
086:0,009;92,106;154,209;280,083;1111,270
087:0,009;92,106;128,086;330,030;344,142;888,209
088:0,009;94,049;126,200;781,133;880,070;1073,244
089:0,009;94,133;156,101;784,098;1166,269;1175,136
090:0,009;94,133;211,240
091:0,010;10,051;144,107;528,207;1153,270
092:0,010;10,051;140,075;170,119
093:0,010;10,051;140,027;298,031;1169,240
094:0,010;10,051;58,191;490,090;1007,155;1028,129
095:0,010;43,105;140,075;193,208;1102,230
096:0,010;10,051;140,075;178,072;298,031;933,259;1074,212;1142,052
097:0,010;34,213;242,070;298,031;1173,100
098:0,010;10,051;101,020;137,011;140,075;144,107;488,130;519,101;538,070;665,264;687,245;713,124;744,107;877,061;1000,183
099:0,010;10,051;140,075;179,141;609,148;722,120;1032,140
100:0,010;34,213;298,031;933,259;966,147
101:0,011;167,070;316,151;922,048;1075,130
102:0,011;167,070;705,235
103:0,011;165,220;827,130
104:0,011;165,220;269,172;668,036;672,182
105:0,011;167,070;541,187;672,182;823,033
106:0,011;167,070;474,164;693,134
107:0,011;179,179;890,237;1033,083;1169,198
108:0,011;86,266;115,261;441,141;444,083;468,061;683,146
109:0,011;179,179
110:0,011;86,266;207,051;240,080;498,110;797,224
111:0,012;103,241;131,017;141,212;169,110;489,077;514,241;744,155;776,200;1105,155;1142,059;1165,056
112:0,012;115,027;199,083;317,120;360,033;592,230;735,248;745,031;1165,056
113:0,012;95,065;115,027;325,085;420,166;690,036;834,260;869,196;878,081;963,187;1142,059;1165,056
114:0,012;115,027;199,083;203,027;325,085;349,051;411,122;725,238;1053,039;1142,059
115:0,012;103,241;602,105;647,189;802,141;886,227;1165,056
116:0,012;95,065;181,185;1034,144
117:0,012;95,065;120,001;181,185;345,031;417,165;498,269;1011,033
118:0,012;95,065;141,212;356,116;872,112;979,261;1017,052
119:0,012;115,027;220,212;275,187;337,270;1115,161;1165,056
120:0,012;115,027;337,270;528,083;781,185;788,238;799,123;805,186;841,147;914,031;1142,059;1178,170
121:0,013;14,029;193,038;301,149;656,244;687,220;952,202;1023,199
122:0,013;14,029;193,038;243,123;303,033;848,213;1171,241;1178,127
123:0,013;14,029;32,055;193,038;233,052;243,123;923,052;1079,195;1094,033
124:0,013;14,029;32,055;193,038;275,070;303,033;1079,195;1151,124
125:0,013;14,029;332,086;773,080;1196,269
126:0,013;32,055;310,221;606,230
127:0,013;14,029;32,055;303,033;758,244;793,221
128:0,013;14,029;303,033;337,217;463,080;822,109;999,052;1176,039
129:0,013;32,055;303,033;337,217
130:0,013;14,029;303,033;310,221;439,085;534,080;614,108;1146,110
131:0,014;12,039;758,212
132:0,014;5,043;179,121;395,234;597,090;761,142;1004,031;1020,079;1071,185
133:0,014;5,043;113,260
134:0,014;5,043;179,121;340,181;677,061;932,039;1085,048
135:0,014;5,043;109,134;306,103;314,127;446,110;650,036;833,264;1081,039
136:0,014;12,039;314,127;337,252;358,138
137:0,014;11,171;186,101;332,172;436,067;460,093
138:0,014;11,171;204,017;239,055;274,213
139:0,014;12,039;486,114;602,123;688,149;916,109
140:0,014;12,039;460,093;544,194;584,248;976,269
141:0,015;44,261;176,078;705,152;751,068;979,046;1084,127;1134,224
142:0,015;39,068;73,177
143:0,015;39,068;60,046;102,086;347,031;720,268;737,191;893,085;956,106;983,127
144:0,015;44,261;79,206;897,086;973,088
145:0,015;43,027;81,271;801,061;979,230;1012,141
146:0,015;39,068;71,205;493,039;838,173;1076,036;1086,181;1120,174
147:0,015;60,046;73,177;124,020;176,078;838,173;903,105;927,191;1161,195
148:0,015;60,046;81,271;388,212;798,206
149:0,015;39,068;60,046;79,206;274,191;1035,208
150:0,015;39,068;90,243;469,033;1120,174
151:0,016;52,047;119,245;155,026;174,133;747,234;768,116
152:0,016;52,047;134,106;425,036;764,052;1114,234
153:0,016;55,067;182,130;339,039;628,073;671,262;742,201
154:0,016;55,067;119,245;610,036;681,264
155:0,016;52,047;155,026;177,116;415,161
156:0,016;60,092;629,149
157:0,016;55,067;117,124;211,051;225,070;253,128;344,036;671,261;1133,220;1153,059
158:0,016;52,047;113,051;123,053;155,026;211,187;867,123;1023,138
159:0,016;60,092
160:0,016;55,067;157,109;848,092;1190,060
161:0,017;333,051;493,170;1181,248
162:0,017;39,068;53,208;222,183;349,185;407,134;451,051;493,223;764,052
163:0,017;333,051;509,273;567,198;690,181;718,039
164:0,017;353,235;359,209
165:0,017;333,051;493,223;764,052
166:0,017;433,244;793,052
167:0,017;363,081
168:0,017;333,051;493,170;506,238;735,067;934,150;999,096
169:0,017;333,051;512,186;764,052;815,093;831,070;949,217;986,271
170:0,017;333,051;421,185;604,141;665,110;696,128;746,073;934,150
171:0,018;9,059;85,028;161,181;303,255;777,189
172:0,018;9,059;85,028;161,181
173:0,018;8,003;9,059;43,027;79,110;135,053;257,147;785,273;1063,036
174:0,018;9,059;118,269;180,033;185,112;1141,083
175:0,018;9,059;19,016;43,027;85,028;252,257;610,114;635,246;703,155;740,036
176:0,018;12,039;162,057;228,052;321,194;583,039;636,222
177:0,018;32,055;43,027;76,017;118,269;404,194;529,247;652,227;873,095
178:0,018;38,169;464,033;1000,150;1010,112
179:0,018;38,169;48,027;79,110;249,252;369,083;373,260;526,061;643,141;740,121;772,068;834,110;1096,082
180:0,018;9,059;43,027;85,028;249,252;261,106
181:0,019;20,052;26,164;92,211;255,073;384,168;720,262;753,067;887,171
182:0,019;20,052;215,036;1044,142
183:0,019;82,081;182,070;309,052;543,107
184:0,019;20,052;351,090;563,234
185:0,019;26,164;591,226
186:0,019;20,052;191,255;337,269;592,107;655,067;852,127;1054,220;1077,046
187:0,019;20,052;384,168;662,252;686,141
188:0,019;82,081;444,128
189:0,019;33,030;43,016;92,211
190:0,019;20,052;334,129;1088,033
191:0,020;191,041;243,247;411,275;440,067;519,127;836,052;941,119;1000,273
192:0,020;11,017;168,274;191,041;232,077;828,144;1112,109;1197,221
193:0,020;190,120;223,177;261,225;376,121
194:0,020;215,034;216,148
195:0,020;173,028;244,046;1191,159
196:0,020;191,041;216,148;296,177;465,205;761,061;887,048
197:0,020;190,120;360,207;411,208;465,046
198:0,020;168,274;173,028;243,247;1103,105;1169,048
199:0,020;173,028;191,041;205,053;311,207;347,224;857,074;942,251
200:0,020;155,026;173,028;273,029;311,207;566,114;674,061;1044,106;1117,166
