001:0,001;55,039;64,032;138,138;383,237;550,202;578,173;610,262;765,275;781,147
002:0,001;60,247;71,040;161,209;198,060;283,267
003:0,001;55,039;60,247;386,080;559,216;1191,187
004:0,001;55,039;65,009;77,003;145,266;161,209;418,072;729,067;801,235
005:0,001;55,039;64,032;145,266;1141,158
006:0,001;55,039;60,203;64,032;132,212
007:0,001;55,039;60,203;422,176;445,123
008:0,001;64,032;132,212;312,045;483,219;880,094;986,095;1000,221
009:0,001;64,032;138,138;542,041;729,067;828,189
010:0,001;55,039;119,114;296,139;497,086;729,067;763,049
011:0,002;105,034;263,045;277,188;334,145;1112,251;1130,162
012:0,002;70,050;190,139;1140,049
013:0,002;86,163;964,072;1121,209
014:0,002;13,262;277,188;536,146;809,168;1084,041
015:0,002;70,050;105,034;298,273;315,263;454,249;470,066;654,085;702,211;727,041;778,236
016:0,002;105,034;298,273;596,041;690,251;710,080;829,240;832,247;867,053;947,076
017:0,002;13,262;174,088;195,216;652,054;1168,225
018:0,002;70,050;245,219;364,066;690,251;1141,041
019:0,002;86,163;386,085;1079,190
020:0,002;70,050;105,034;466,041;614,071;829,240
021:0,003;203,048;205,031;221,053;332,126
022:0,003;203,048;332,126;440,072;702,190
023:0,003;203,048;404,187;1173,150
024:0,003;203,048;205,031;221,053;915,114
025:0,003;205,031;271,065;277,067;388,243;746,069;1087,157;1129,193
026:0,003;205,031;221,053;226,054;731,046;1001,164
027:0,003;226,054;491,142;1111,176
028:0,003;226,054;674,194
029:0,003;203,048;226,054;325,048;390,212;404,188;965,084;1020,196;1099,254;1149,084;1174,027
030:0,003;221,053;1024,187
031:0,004;39,067;128,196;742,052;846,232;884,251;1094,141;1194,027
032:0,004;39,173;1021,154
033:0,004;39,067;151,078;235,053;644,096;650,215;855,069;1006,245;1061,122
034:0,004;64,234;358,045;442,066;555,149;958,074;976,258;1178,096
035:0,004;53,161;480,217;1050,198
036:0,004;39,067;107,088;617,114;619,045;642,211;715,121;819,122;891,142;895,054;1169,258
037:0,004;39,173;237,203;818,228
038:0,004;39,067;107,088;127,234;216,031;298,083;477,054;901,181;930,069;1082,191;1152,155
039:0,004;53,161;698,156;772,054;846,232
040:0,004;64,234;100,005;128,196;290,247
041:0,005;144,065;385,057;689,046;1005,152
042:0,005;144,065;836,270;841,212;1027,041;1152,027
043:0,005;147,047;152,063;716,207;920,143
044:0,005;113,052;144,065;149,166;479,080
045:0,005;144,065;152,063;744,218;1015,143;1085,027;1128,269
046:0,005;144,065;152,063;750,245
047:0,005;152,063;547,072;702,147;791,143;843,221;1076,215;1164,191;1180,128
048:0,005;149,166
049:0,005;144,065;702,147;759,077;882,186
050:0,005;144,065;750,245;765,203
051:0,006;6,064;440,174;456,052;638,037
052:0,006;6,064;130,123;169,064;440,174;752,054;829,092
053:0,006;8,246;64,015;117,136;213,031;235,028;396,064;441,250;716,209;1014,095
054:0,006;6,064;13,047;22,185;215,064;441,250
055:0,006;6,064;8,246;63,002;102,086;200,063;215,095;319,142;638,037;1085,067
056:0,006;6,064;134,003;215,095;472,057;733,122;1085,067
057:0,006;6,064;495,092;908,054;1085,067
058:0,006;6,064;12,123;490,052;898,200
059:0,006;6,064;12,123;24,026;59,132;638,037;1085,067
060:0,006;22,185;46,002;102,086;555,036;638,037;1145,082
061:0,007;33,074;147,047;351,190;991,254
062:0,007;21,026;59,122;78,064;138,061;171,003;214,268;277,080;313,051;450,238;455,045;523,165;701,053;717,100;758,067;904,210;1062,215;1072,275
063:0,007;33,074;147,047;313,051;351,190;413,083;476,065;714,053;815,132;1075,146;1109,221
064:0,007;21,026;33,074;236,206;850,069;1059,257
065:0,007;21,026;60,250;139,005;147,047;317,091;714,220;730,158;1115,157
066:0,007;33,074;35,016;60,250;85,050;127,241;147,047;250,058;349,233;392,071;571,132;876,226;1178,266
067:0,007;21,026;59,122;100,005;127,241;138,061;165,133;589,179;672,037;1059,257;1131,103
068:0,007;21,026;126,005;138,061;165,133;176,216;248,266;313,051;349,233;391,220;861,053;904,210;1008,169
069:0,007;33,074;138,061;147,047;313,051;330,217;591,036;717,100;984,074;1148,185
070:0,007;21,026;214,268
071:0,008;113,052;135,129;232,235;665,173;763,133;934,049
072:0,008;113,052;317,225;390,034;806,027;818,239;1003,188
073:0,008;113,052;317,225;511,049;596,146;695,037;1075,083
074:0,008;113,052;135,229;316,051;330,076;464,247;476,049;500,163;550,027;983,147;1106,078
075:0,008;154,071;227,257;319,028;394,072;492,110
076:0,008;113,052;866,101
077:0,008;113,052;150,087;1086,189;1130,164
078:0,008;135,129;834,091
079:0,008;135,229;202,078;476,065;517,156;541,152;611,123;614,065;792,188
080:0,008;113,052;150,087;204,074;227,257;311,086;371,052;517,156;612,235;872,037;1123,101
081:0,009;84,222;631,063;650,158;770,256
082:0,009;75,072;247,059;307,112;368,052;776,181;959,046;979,134
083:0,009;75,072;90,012;211,242;232,030;247,059;278,272;1055,049;1075,136
084:0,009;79,216;98,048;182,223;197,071;651,117;946,074;991,154;1075,136;1176,082
085:0,009;75,072;232,030;244,173;247,059;307,112;1141,041
086:0,009;79,216;182,223;232,030;244,215;264,029;424,084;804,195;921,092
087:0,009;79,081;343,129;367,066;424,084;466,263;555,088;1034,162;1106,158
088:0,009;75,072;244,215
089:0,009;75,072;79,081;641,027
090:0,009;75,072;232,030;247,059;249,262;1181,067
091:0,010;103,045;153,074;509,138
092:0,010;103,045;153,074;165,032;321,092;453,098;541,182;850,096
093:0,010;132,236;165,032;210,063;308,208;418,065;633,215;639,071;692,186;719,072;925,027
094:0,010;132,236;165,032;197,125;606,066;655,041;692,186;1052,094
095:0,010;103,045;142,064;178,096;318,064;389,098
096:0,010;133,070;142,064;321,092;580,027
097:0,010;103,045;153,074;228,182
098:0,010;122,162;125,003;153,074;165,032;197,125;1127,067
099:0,010;103,045;142,064;153,074;228,182;357,267;725,221;739,084
100:0,010;103,045;142,064;178,096;1062,103
101:0,011;68,069;199,152;210,209;220,263;222,242;507,034;822,170;1196,130
102:0,011;48,008;68,069;197,213;333,087;418,230;1046,100;1142,207;1154,218;1163,111
103:0,011;65,222;68,069;145,124;288,065;792,053;824,074;1035,265
104:0,011;68,069;213,195
105:0,011;46,118;380,054;824,074;993,041;1081,160;1120,114
106:0,011;52,121;444,189;908,207
107:0,011;57,254;194,003;213,195;334,065;544,192;570,052;573,256;824,074;993,041
108:0,011;65,222;160,026;262,143;687,227;876,245;993,041
109:0,011;52,121;762,034;822,170;850,158;860,148;993,041
110:0,011;46,118;323,045;824,074;1186,272
111:0,012;179,052;386,036;737,050;739,155;857,161;882,131;979,176
112:0,012;185,181;250,048;382,183;605,077;956,027
113:0,012;170,220;413,133;516,183;606,094;621,091;947,037;1135,223
114:0,012;78,128
115:0,012;179,052;219,218;386,036;691,045;874,226;1000,041;1132,145
116:0,012;32,091;596,054;737,050;811,268;836,263;853,209
117:0,012;179,052;737,050;755,176;1017,074;1181,234
118:0,012;32,091;78,128;101,040;170,220;386,036;739,155
119:0,012;185,181;467,078
120:0,012;179,052;382,183;386,036;737,050;755,176;843,046;979,195;1183,237
121:0,013;26,059;74,165;205,026;286,053;918,130
122:0,013;35,254;512,208;1171,069
123:0,013;35,255;162,053;744,049
124:0,013;26,059;162,053;192,060;337,117;1169,247
125:0,013;26,059;162,053;192,060;273,243;647,041;744,049
126:0,013;35,255;39,026;247,045;399,199;603,143;990,203;1018,074;1149,069
127:0,013;26,059;45,067;61,026;337,117;570,045;744,049;825,231;889,054;912,172;945,049;1149,069
128:0,013;26,059;192,060;247,045;825,231
129:0,013;26,059;247,045;744,049;1077,109;1126,219;1149,069;1186,272;1190,069
130:0,013;26,059;74,165;162,053;192,060;247,045;399,199;602,156;702,196;731,041;737,189;794,126;1149,069
131:0,014;25,038;42,217;347,028;357,034;834,085
132:0,014;25,038;265,061;392,077;754,179;827,275
133:0,014;29,249;97,069;204,192;265,061;357,034;776,129
134:0,014;25,038;42,217;52,001;204,192;220,038;359,209;746,069;895,095;946,200;1096,110
135:0,014;25,038;265,061;357,034;779,146;1156,170
136:0,014;25,038;263,028;357,034;480,066;556,112;900,100
137:0,014;29,249;715,253;746,069;907,237;1013,210
138:0,014;25,038;265,061;431,229;768,072;1124,222
139:0,014;25,038;285,202;698,041;746,069;940,169
140:0,014;25,038;268,275;977,155;1042,130;1126,146
141:0,015;102,031;135,142;287,047;356,230;367,172;454,055;480,041;522,027;932,069;1087,220
142:0,015;96,070;185,186;275,053;454,055;471,049;668,271;883,240;964,141;1081,230
143:0,015;96,070;150,158;665,029;692,160
144:0,015;135,142;173,264;214,034;425,149;795,067;824,198;888,087;952,168;982,219
145:0,015;102,031;138,120;454,055;471,049;522,027;566,227;665,029;679,189;687,193;693,243;827,219;1063,091;1081,129
146:0,015;51,178;130,029;356,230;454,055;471,049;611,129;683,268;770,274;842,256;854,266
147:0,015;96,070;150,158;342,072;454,055;471,049;602,101;665,029;770,274;1012,090
148:0,015;39,059;51,178;80,050;102,031;138,120;471,049;522,027;665,029;687,193;1049,138
149:0,015;102,031;128,152
150:0,015;96,070;224,142;339,208;522,027;765,260;808,027;824,198
151:0,016;75,028;341,066;795,180;908,239
152:0,016;71,058;75,028;280,189;281,028;370,146;560,241;712,054;1092,109
153:0,016;71,058;341,066;547,045;883,196;1178,222
154:0,016;71,058;280,189;634,180
155:0,016;75,028;341,066;401,241;412,066;710,148;850,129;904,254;999,117
156:0,016;75,028;79,058;314,176;538,063;710,148;980,222;1161,196
157:0,016;71,058;119,114;238,064;341,066;401,241
158:0,016;71,058;344,140;454,055;487,221;935,132;978,267
159:0,016;93,015;113,263;896,216;977,230
160:0,016;75,028;344,140;590,141;749,218
161:0,017;21,068;241,183;301,209;323,057;689,046;829,149;873,253
162:0,017;17,075;61,026;277,067;329,264;350,095
163:0,017;17,075;94,012;117,136;213,074;277,067;323,057;743,103;1111,085
164:0,017;61,026;120,264;240,030;329,264
165:0,017;21,068;240,239;401,181;797,069;867,174
166:0,017;17,075;144,059;213,128;280,067;385,111
167:0,017;17,075;109,085;445,222;689,046;1001,164;1079,134
168:0,017;21,068;241,183;277,067;323,057;689,046;1012,226
169:0,017;21,068;240,239;457,045;913,208;1027,132
170:0,017;17,075;61,026;109,085;323,057;478,228
171:0,018;15,055;71,048;276,041;782,192
172:0,018;12,051;15,055;78,003;87,012;109,075;176,253;1009,087;1086,241;1121,125
173:0,018;12,051;55,131;109,075;217,141;564,076;603,081;625,229;771,049;782,192
174:0,018;12,051;15,235;365,076;417,221;452,141
175:0,018;15,055;71,048;276,041;525,094
176:0,018;12,051;65,074;71,048;200,028;217,141;269,048;502,180;693,161
177:0,018;15,235;57,055;128,152;178,053;276,041;708,205
178:0,018;15,055;71,048;109,075;255,267;314,054;502,180;535,057;708,205;729,071;759,072
179:0,018;12,051;55,131
180:0,018;12,051;40,012;109,075;276,041;763,239;804,054;1071,269
181:0,019;63,052;75,213;132,071;397,033;439,076
182:0,019;49,040;132,071;400,041;428,051;440,071;695,088;829,271
183:0,019;49,040;136,145;397,033;440,071;842,090;982,101;991,072
184:0,019;49,040;63,052;92,237;373,259;625,052;839,193
185:0,019;63,052;102,005;132,071;211,063;397,033;412,127;428,051;440,071;910,191;1053,274;1118,216
186:0,019;49,040;63,052;87,162;676,027;729,067;800,168;842,090
187:0,019;49,040;132,071;397,033;428,051;440,071;812,236;983,241;1004,161
188:0,019;49,040;182,259;440,071;620,095;662,076;789,243;859,027;906,074;1148,147
189:0,019;16,237
190:0,019;16,237;87,162;91,250;113,247;179,071;397,033;412,127;428,051;518,145;673,065;813,108;910,191;926,274
191:0,020;6,027;38,172;198,027;219,218;251,210;307,072;1120,098
192:0,020;6,027;38,172
193:0,020;6,027;32,139;124,003;176,253;189,029;307,072;1164,150
194:0,020;7,047;111,034;198,027;257,054;426,036;467,179;474,254;915,080;1009,142
195:0,020;7,047;29,029;198,027;218,221;581,133;767,266;779,054;957,222;1022,191
196:0,020;29,029;198,027;263,114;1095,245
197:0,020;6,027;134,080;476,063;607,053;893,179
198:0,020;7,047;29,029;307,072;467,179;951,145
199:0,020;7,047;32,139;214,034;251,210;307,072;960,162
200:0,020;7,047;29,029;454,227;784,217
