001:0,001;109,064;695,234;737,238;1194,242
002:0,001;116,264;132,195;190,240;556,168;985,040;1136,045
003:0,001;109,064;557,091;595,075;1086,048;1136,045
004:0,001;116,264;582,027;723,242;1181,054
005:0,001;109,064;132,195;336,064;521,261;920,075
006:0,001;123,114;167,097;174,126;589,263
007:0,001;294,157;610,118;671,214;783,079;927,042;1136,045
008:0,001;109,064;414,065;753,130;989,038;1136,045
009:0,001;109,064;697,268
010:0,001;26,004;123,114;1185,037
011:0,002;72,028;81,178;257,173;351,089;376,073;943,165;952,048;982,038
012:0,002;21,095;49,004;101,191;126,219;376,073;884,111;951,105;982,038
013:0,002;42,219;159,058;759,059;832,226;1100,098
014:0,002;21,105;155,047;159,058;982,038
015:0,002;28,038;39,054;108,016;159,058;394,151;1181,142
016:0,002;21,095;351,028;376,073;759,059;992,181;1191,038
017:0,002;39,054;145,095;159,058;394,151;899,255
018:0,002;21,105;727,040;759,059;832,226;910,095;917,160;1199,037
019:0,002;39,054;146,175;759,059;982,038
020:0,002;39,054;81,178;191,056;376,073;826,058
021:0,003;17,046;25,052;110,026;136,127;409,056;494,235;510,061;766,207;1028,219
022:0,003;57,016;110,026;372,158;826,125;1064,205
023:0,003;17,046;93,011;114,168;642,040;951,105
024:0,003;17,046;110,026;483,029;584,153
025:0,003;17,046;117,065;196,218;510,061;615,216;1138,243
026:0,003;17,046;92,140;110,026;117,065;201,150;279,084;299,028;540,027;553,081;900,142;964,168
027:0,003;17,046;25,052;92,140;483,029;494,235;865,040;1106,066
028:0,003;17,046;25,052;117,065;187,064;372,158;483,029;510,061;743,104;933,031;990,185;1030,038
029:0,003;21,206;25,052;114,168;117,065;196,218;577,231
030:0,003;21,206;132,062;136,127;219,053;382,228;586,061;743,104
031:0,004;34,113;193,048;269,064;400,065;676,174;685,219;1031,047;1184,174
032:0,004;111,031;201,234;400,065;866,040;1179,270
033:0,004;119,255;345,089;400,065;433,047;768,058
034:0,004;111,031;269,160;768,059;810,040;874,073;1034,181
035:0,004;122,121;281,047;468,094;495,130;684,273;741,144
036:0,004;122,121;186,031;193,048;287,056;415,230
037:0,004;102,075;193,048;304,117;363,125;489,055;635,079;742,055;1032,161;1042,242
038:0,004;111,031;201,234;671,212
039:0,004;34,113;117,191;487,112;621,061;809,118
040:0,004;111,031;193,048;269,160;420,057;468,094;960,269;994,091;1119,216
041:0,005;39,061;132,254;188,113;530,086;659,254
042:0,005;39,061;47,031;114,258;171,058;278,043;386,257;413,058;1129,126
043:0,005;39,061;227,073;278,043;396,064;521,261;621,155;1009,054
044:0,005;54,233;278,043;425,121;452,188;711,235;820,059;1081,146;1173,054;1197,194
045:0,005;39,061;274,251;357,104;384,267;463,263;910,058
046:0,005;39,061;357,104;391,035;456,148;684,153;772,113;1158,114
047:0,005;39,061;274,251;596,254;619,148;922,123
048:0,005;47,031;82,098;1113,185
049:0,005;39,061;132,254;878,137
050:0,005;47,031;54,233;134,040;278,043;386,257;663,075;1001,126
051:0,006;37,075;123,263;153,049;364,057;519,269;1041,042;1195,118
052:0,006;24,156;282,031;364,057;929,086;933,073;1163,161
053:0,006;29,060;83,267;618,031;782,172
054:0,006;29,060;37,075;145,270;225,027;279,249;361,028;561,229;1163,159
055:0,006;29,060;56,141;980,242;1004,241
056:0,006;24,156;128,097;364,057;654,133;736,031;1018,197
057:0,006;37,075;52,046;123,263;364,057;965,150;1189,234
058:0,006;27,177;32,046;37,075;206,175;211,191;532,160;606,065;676,174;1083,102
059:0,006;29,060;37,075;145,270;386,027;654,133;678,116;704,125;724,228;1072,159
060:0,006;83,267;248,187;357,255;389,056;419,073;476,055;519,269;747,088;782,172;870,234;1189,097
061:0,007;4,053;39,054;104,029;155,260;214,113;303,091;1194,258
062:0,007;4,053;46,112;49,034;57,184;141,050;270,125;768,214;909,258;1013,075;1194,105
063:0,007;4,053;49,034;57,184;124,050;270,125;296,112;523,251;1029,111
064:0,007;3,011;31,041;104,029;117,177;916,047;1017,240
065:0,007;4,053;46,112;400,128;741,085
066:0,007;6,102;61,041;117,177;513,102;816,214;1007,042;1144,091
067:0,007;4,053;11,004;31,041;208,089;347,047;1060,185
068:0,007;31,041;119,032;134,150;677,040;773,187
069:0,007;46,252;104,029;155,260;292,047;400,065;436,058;541,026;557,095;642,081
070:0,007;6,102;31,041;104,029;147,047;400,128
071:0,008;42,219;69,043;157,073;287,142;698,213;749,125;911,159;927,042;1016,058;1031,232
072:0,008;26,173;1044,079;1116,150
073:0,008;26,173;224,156;431,228;927,042
074:0,008;29,110;86,001;137,091;453,031;927,042
075:0,008;19,043;273,056;430,214;692,047;982,184
076:0,008;19,043;132,065;150,094;157,073;302,026;385,155;423,118;672,130;1083,048
077:0,008;19,043;157,073;287,142;937,047;982,184;1039,272
078:0,008;19,043;157,073;263,135;281,051;438,273;1097,088
079:0,008;29,110;34,038;62,251;86,020;137,091;261,129;307,131;410,187;927,042
080:0,008;19,043;80,020;253,118;538,129;702,075;1043,258
081:0,009;102,149;264,040;277,053;360,222
082:0,009;52,062;245,130;299,058;478,113;790,102;947,142
083:0,009;4,243;110,051;126,094;174,016;245,130;658,031;697,101;1023,132
084:0,009;52,062;246,121;1133,037
085:0,009;49,034;52,062;250,048;281,122;411,065;755,213
086:0,009;32,097;147,016;231,055;259,265;285,267;304,255;1029,054;1196,217
087:0,009;32,097;116,051;119,084;159,236;315,065;390,075;1133,037
088:0,009;4,243
089:0,009;52,062;259,265;313,157;469,058;670,065;725,040;1193,168
090:0,009;27,177;91,011;119,084;315,035;593,161;611,126;1017,130;1030,160;1133,037
091:0,010;61,040;1180,145
092:0,010;33,258;61,040;633,106;821,272
093:0,010;30,028;340,225
094:0,010;30,028;550,213;642,156;856,059;980,192;1133,212
095:0,010;54,028;633,106
096:0,010;30,028;367,209;1104,094;1110,146
097:0,010;61,040;584,027;698,092;909,127;1065,259;1095,166
098:0,010;30,028;340,225;389,219;413,047;818,057;1138,201
099:0,010;61,040;768,192
100:0,010;33,258;1068,212;1074,209
101:0,011;112,044;450,036;498,026;598,111;703,272;757,160;963,132;1011,071
102:0,011;105,067;112,044;403,223;423,135;949,055;976,120;1018,273
103:0,011;112,044;264,154;513,075;544,084
104:0,011;105,067;483,202;498,026;700,185;864,047
105:0,011;105,067;450,036;578,241;1011,071;1198,084
106:0,011;105,067;498,026;578,241;730,161;964,243;969,108;973,073;1011,071
107:0,011;105,067;112,044;450,036;520,111;547,223;560,219;677,164
108:0,011;105,067;112,044;358,043;403,223;951,207;959,055;1011,071
109:0,011;112,044;354,067;450,036;498,026;830,095;1024,124
110:0,011;105,067;478,036;520,111;1132,268
111:0,012;59,027;467,055;764,054
112:0,012;56,141;316,159;440,200;559,132;1027,073;1191,110
113:0,012;61,075;74,126;657,056;764,054
114:0,012;59,027;608,073;746,240;764,054;798,078;1160,151
115:0,012;59,027;87,187;428,073;467,055;541,238;759,073
116:0,012;59,027;87,047;541,238;558,098;657,056;798,078;1049,178
117:0,012;59,027;87,187;144,062;248,098;316,122;376,067;467,055;943,165
118:0,012;59,027;657,056;795,268;960,222;1008,098;1034,066
119:0,012;59,027;657,056;764,054
120:0,012;59,027;212,262;401,028;467,055;657,056;764,054;1090,073
121:0,013;38,051;285,240;944,066
122:0,013;86,109;248,051;480,115;1144,071
123:0,013;38,051;455,272;944,066;1086,266
124:0,013;38,051;234,042;277,035;325,212;668,086;699,031;944,066
125:0,013;38,051;234,042;325,212;855,216;961,047;1086,266
126:0,013;114,135;235,149;777,059;944,066
127:0,013;38,240;60,112;234,042;277,035;494,082
128:0,013;38,051;438,273;627,161;818,186;1010,226
129:0,013;114,135;496,191;689,047;900,082;1000,207
130:0,013;38,240;234,042;277,035;480,115;1083,177
131:0,014;5,049;251,048;288,088;937,054;1006,055;1068,214;1076,083;1194,102
132:0,014;5,049;170,170;256,069;401,057;696,123;983,228
133:0,014;5,049;256,069;374,110;589,135;595,157;599,055;976,120;1067,071;1083,065;1133,037
134:0,014;5,049;170,170;307,035;449,199;1072,075;1083,065;1118,075;1194,114
135:0,014;70,236;228,084;256,069;374,110;587,137;767,186;812,137;1001,270
136:0,014;5,049;56,241;215,061;223,051;288,088;554,026;875,148;1005,088;1057,126;1068,214
137:0,014;70,236;90,047;316,026;340,027;363,270;596,084;1083,065;1170,081
138:0,014;12,129;518,267
139:0,014;5,049;11,012;56,241;256,069;430,252;542,040;696,123;831,238;856,129;919,213;1083,065;1142,113
140:0,014;12,129;186,156;211,026;335,051;450,188;771,140;1156,160
141:0,015;33,066;210,102;565,149;612,095;660,040;1173,128
142:0,015;33,066;219,027;290,248;420,064;442,161;727,133;878,073;892,048
143:0,015;33,066;54,001;83,154;205,100;668,178
144:0,015;33,066;290,248;519,100;892,048
145:0,015;33,066;210,102;360,127;920,223;1072,086;1192,098
146:0,015;83,154;574,155;697,091;829,242;903,100
147:0,015;33,066;162,200;772,047;892,048
148:0,015;33,066;51,117;677,057;892,048
149:0,015;33,066;51,117;254,051;510,061;753,242;772,031;986,055;1126,101
150:0,015;102,225;311,219;805,100;978,180
151:0,016;199,049;324,067;449,199;549,219;558,040;697,259
152:0,016;196,053;372,236;380,075;476,180;528,154;794,223;890,106
153:0,016;199,049;399,079
154:0,016;196,053;236,231;314,140;741,133
155:0,016;196,053;254,163;306,035;380,075;399,079;568,085;685,040;697,259;927,267;1000,127
156:0,016;196,053;372,236;380,075;655,186;743,154;1165,082
157:0,016;196,053;199,049;380,075;568,085
158:0,016;196,053;236,231;632,055;1008,066
159:0,016;196,053;476,180;1017,240
160:0,016;199,049;408,156
161:0,017;11,050;286,265;332,027;509,094
162:0,017;11,050;19,049;105,197;276,031;735,108;763,168;876,088
163:0,017;26,155;334,044;413,213;760,108
164:0,017;11,050;130,249;362,058
165:0,017;11,050;160,116;378,263;434,137;844,055;1031,047
166:0,017;11,050;160,116
167:0,017;11,050;270,031;413,213;436,209;676,159;832,161
168:0,017;11,050;294,244;979,148
169:0,017;11,050;26,155;286,065;581,127;826,102;1120,047
170:0,017;27,026;105,197;125,031;194,040;199,066;249,168;451,092;1024,222
171:0,018;49,034;63,018;74,032;138,257;231,055;270,031;622,097;629,116;659,257;820,031;1004,166
172:0,018;77,249;270,031;950,095
173:0,018;74,032;100,229;969,141
174:0,018;91,147;558,027;660,205;1106,136
175:0,018;74,032;270,031;713,073;1106,136;1121,238
176:0,018;74,032;157,056;466,124;902,221;1061,071;1168,201
177:0,018;74,032;138,257;231,055;267,262;425,075
178:0,018;74,032;157,056;483,029;501,234;1061,118;1116,078
179:0,018;91,147;144,028;157,056;466,124
180:0,018;77,249;85,020;100,229;157,056;231,055;277,035;477,144;757,158
181:0,019;28,038;52,131;715,056;786,101
182:0,019;28,038;56,164;488,257;592,199;795,225;905,173
183:0,019;27,026;28,038;79,047;290,059;342,083;632,102;638,058;855,221
184:0,019;79,047
185:0,019;27,026;322,043;347,086
186:0,019;56,164;788,230;857,154
187:0,019;27,026;290,059;347,086;523,075;887,238;968,048;987,134
188:0,019;27,026;79,047;290,059;342,083
189:0,019;47,031;52,131;79,047;290,059;403,159;1113,213
190:0,019;27,026;290,059;291,159;347,263;476,155;481,258;681,140;1153,136
191:0,020;134,059;139,100;315,155;577,244;652,097;973,087;984,092;1062,075
192:0,020;147,198;215,178;686,177;1167,223
193:0,020;232,065;402,104;528,057;964,223
194:0,020;134,059;232,065;332,092;541,270;1023,174
195:0,020;134,059;344,132;726,244
196:0,020;134,059;232,065;344,132;461,150;716,057;973,087
197:0,020;139,100;153,059;232,065;332,092;376,129;960,186
198:0,020;147,198;377,040;655,186;879,251
199:0,020;134,059;341,097
200:0,020;134,059;243,137;443,100;510,125;657,135
