001:0,001;31,027;47,034;279,216;316,162;323,114
002:0,001;47,034;316,162;354,218;540,050;682,260;740,090;748,063;885,268
003:0,001;31,027;47,034;363,056;507,244;640,060;1041,215
004:0,001;31,027;581,173;600,251;700,087
005:0,001;31,027;552,044;682,260
006:0,001;31,027;507,244;552,044;622,273;748,063
007:0,001;31,027;552,044;652,230;748,063;904,035;1175,117
008:0,001;47,034;388,165;393,054;477,050;717,131;748,063;904,035
009:0,001;47,034;288,076;404,056;513,150;530,061;552,044;673,267;784,175
010:0,001;47,034;279,216;508,028;581,173;717,131;904,035
011:0,002;98,259;246,037;772,192;979,042
012:0,002;139,257;463,090;1102,259
013:0,002;104,140;121,030;139,257;183,196;976,270;1016,088
014:0,002;94,056;383,067;437,256;1025,171;1044,055
015:0,002;121,030;166,193;737,220
016:0,002;94,056;98,259;482,055
017:0,002;94,056;175,049;247,064;275,200;438,072;489,175
018:0,002;94,056;175,049;222,138;924,157;985,264
019:0,002;111,020;121,030;126,245;171,044;175,049;259,034;492,058;517,069;1129,055
020:0,002;121,030;126,245;787,231
021:0,003;50,075;237,175;454,058;962,042
022:0,003;50,075;159,135;190,165
023:0,003;50,075;64,059;249,065;413,060;484,145;1033,040;1095,260
024:0,003;64,059;218,206;413,060;846,071
025:0,003;50,075;287,101;422,274;646,037;744,118;846,071;1005,074;1033,040;1179,151
026:0,003;50,075;218,206;377,036;413,060;757,171;849,052;962,042
027:0,003;50,075;60,123;64,059;484,145;695,036;846,071;962,042
028:0,003;43,020;50,075;191,097;607,058;1146,093
029:0,003;50,075;191,097;256,123;415,162;446,060;857,081;962,042;1033,040;1068,058;1123,042
030:0,003;60,123;413,060;846,071;1033,040
031:0,004;12,135;22,020;103,011;130,012;149,062;192,068;313,236;407,248
032:0,004;89,013;128,248;478,069;809,093
033:0,004;89,013;103,011;128,248;149,062;313,236;888,191;917,214;1005,074;1069,143
034:0,004;12,135;47,004;89,013;103,011;130,012;344,214
035:0,004;89,013;103,011;130,012;148,073;174,083;395,111;444,122;460,133;469,236;824,145
036:0,004;89,013;102,038;103,011;130,012;149,062;471,111;478,069
037:0,004;102,038;103,011;130,012;149,062;478,069;997,198;1021,188;1026,069
038:0,004;89,013;102,038;331,174;340,035;424,108;462,208;483,245;933,144;976,256
039:0,004;89,013;102,038;103,011;130,012;173,068;176,143;478,069;1005,074;1133,096
040:0,004;103,011;130,012;174,083;654,154;692,083;978,168;992,081;1157,227
041:0,005;60,069;74,136;202,062;590,130;870,083
042:0,005;60,069;78,004;92,160;99,020;323,114;389,129;445,037;760,068;776,058;1098,185
043:0,005;54,202;665,178
044:0,005;60,069;72,153;124,020;209,107;490,055;590,178;978,246;1053,232
045:0,005;54,196;133,153
046:0,005;60,069;74,136;206,066;209,107;630,257
047:0,005;60,069;85,101
048:0,005;92,160;551,081;613,064;672,202;903,079;1188,275
049:0,005;54,202;212,063;353,144;708,173;793,270
050:0,005;60,069;72,153;198,037;393,054;499,042;590,178;610,247;859,245
051:0,006;30,040;310,029;390,161
052:0,006;36,108;56,246;254,089;310,029;456,065;473,088;530,055;1016,244;1199,095
053:0,006;30,040;56,246;747,173;1042,085
054:0,006;30,040;79,269;182,180;296,065;310,029;473,088;826,055;907,264;1086,063
055:0,006;30,040;54,196;205,129
056:0,006;30,040;312,269;969,173
057:0,006;30,040;424,152;464,110;644,161;717,267;984,035
058:0,006;36,108;83,038;254,089;368,029;448,090;527,235;662,058
059:0,006;30,040;79,269;317,140;731,055;1051,188;1085,138
060:0,006;30,040;310,029;424,152;838,055
061:0,007;96,045;140,068;510,130;649,269;831,174;1056,092;1154,066
062:0,007;130,012;140,068;333,034;363,274;381,027;538,103;788,160;948,235;1117,082;1130,153
063:0,007;96,045;111,127;121,045;140,068;179,227;892,135
064:0,007;96,045;103,113;185,062;221,080;317,098;437,135;695,088;1061,071;1154,066
065:0,007;103,113;305,044;363,274;513,045;675,086;739,183;892,116;1154,066
066:0,007;96,045;538,103;1154,066
067:0,007;96,045;140,068;179,227;276,067;468,176;543,154;1139,196
068:0,007;140,068;468,176;855,069
069:0,007;96,045;686,143;1016,142;1154,066
070:0,007;96,045;111,127;1179,129
071:0,008;41,036;418,063;542,123
072:0,008;41,036;534,098;708,174;762,060;883,142;1038,117
073:0,008;41,036;122,213;144,220;169,045;637,207;870,266;898,146;984,063
074:0,008;91,140;98,046;101,264;122,213;143,070;254,190;389,058;438,072;503,180;935,200;946,063
075:0,008;41,036;250,098;263,147;318,254;420,187;1039,071
076:0,008;64,059;318,254;319,029;418,063;438,072;457,136;528,092
077:0,008;71,105;142,066;171,027;193,218;296,045;418,063;438,072;455,050;706,239;946,069
078:0,008;36,058;41,036;193,218;427,093;455,050;691,179;747,116;782,202
079:0,008;41,036;418,063;455,050;637,207;691,179;706,239;804,063
080:0,008;101,264;418,063;438,072;455,050;488,049;708,174;1136,255
081:0,009;8,051;16,037;86,055;515,076;530,061;586,168;588,036;616,253
082:0,009;8,051;76,184;348,158;454,058;873,185;877,108;1130,174
083:0,009;8,051;116,162;141,073;150,098;614,238;854,063;951,095;1181,082
084:0,009;28,213;63,007;86,055;616,253;709,079;839,058;1114,263
085:0,009;8,051;28,213;86,055;653,199;728,196;740,037;999,134
086:0,009;16,037;116,162;233,055;706,252;744,208;754,122;911,052;983,152
087:0,009;8,051;16,037;86,055;287,261;402,056;515,076;520,213;590,036;860,058;873,185
088:0,009;8,051;169,111;639,060;907,227
089:0,009;8,051;76,184
090:0,009;16,037;86,055;287,261;302,190;353,037;678,051;706,252
091:0,010;75,070;97,048;164,074;182,110;593,036;981,215;1080,150
092:0,010;41,168
093:0,010;41,168;58,007;75,070;164,074;185,225;228,064;453,208;759,063
094:0,010;75,070;201,020;228,064;503,272
095:0,010;75,070;132,271;563,044;622,273
096:0,010;81,133;242,068;503,272;507,051;737,200
097:0,010;74,260;75,070;132,271;142,020;182,110;228,064;398,087;791,194;967,063;971,103;1134,094
098:0,010;75,070;164,074;185,225;643,055;1016,244
099:0,010;75,070;164,074;228,064;808,141
100:0,010;75,070;81,133;311,122;601,055;737,200;845,135;879,224
101:0,011;43,068;64,039;140,020;179,108;909,179
102:0,011;43,068;64,039;146,079;467,050;505,112;1193,210
103:0,011;59,056;91,140;334,065;526,081;800,260;952,252;1137,103
104:0,011;43,068;59,056;449,068;485,049;606,083;838,069
105:0,011;56,080;223,248;328,269;413,051;470,231;1105,142
106:0,011;43,068;64,039;153,179;476,064;575,202;703,154
107:0,011;43,068;59,056;485,049;514,181
108:0,011;59,056;64,039;146,079;962,094
109:0,011;56,080;221,098;230,135;272,027;485,049;622,266;854,218
110:0,011;43,068;59,056;384,037;485,049;505,112;541,148;626,271;640,094;848,063;897,251;1005,150
111:0,012;14,071;204,199;296,064;498,215;821,085;1081,127
112:0,012;15,045;652,160;769,215;1015,161;1117,210
113:0,012;15,045;85,165;170,055;286,228;389,214;669,268;1182,200
114:0,012;14,071;161,234;306,270;496,080
115:0,012;14,071;165,020;239,044;371,255;545,184;678,069;821,085;939,114;1081,246;1144,042
116:0,012;15,045;118,038;236,036;453,172;476,140;690,216;924,123;1008,269;1043,071
117:0,012;15,045;85,165;286,228;516,133;676,180;762,218;886,172;945,146
118:0,012;15,045;677,246
119:0,012;14,071;161,234;185,062;703,232;851,195
120:0,012;14,071;192,150;993,071
121:0,013;56,195;1047,035;1141,124
122:0,013;64,046;184,191;255,064;658,205
123:0,013;64,046;140,020;166,170;241,049;336,162;1072,144
124:0,013;28,011;64,046;96,141;97,048;166,170;491,160;689,172;706,267;711,151;717,160;817,228;915,090
125:0,013;56,195;410,036;729,151;926,108;961,055
126:0,013;64,046;97,048;184,191;252,179;454,257;742,242
127:0,013;64,046;192,129;236,034;416,198;435,064;721,100;974,071
128:0,013;64,046;97,048;155,116;976,143;1073,202
129:0,013;64,046;97,048;177,266;225,059;418,170;699,033;721,100;814,162;979,079
130:0,013;64,046;155,116;370,135;416,198
131:0,014;36,058;89,013;96,092;124,020;127,073;157,035;379,058;485,033;732,037;821,266
132:0,014;28,163;60,065;127,073;157,035;379,058;694,052;813,210;882,071;984,130
133:0,014;35,270;55,144;379,058;648,234
134:0,014;28,163
135:0,014;28,194
136:0,014;28,194;127,073;157,035;379,058;403,245;432,228;604,170;627,042;694,052;1061,095
137:0,014;55,144;87,039;127,073;175,049;294,110;454,143;694,052;813,210;1135,080;1146,134;1190,092
138:0,014;36,058;96,092;841,239
139:0,014;36,058;82,066;149,062;157,035;404,051;694,052;1000,091
140:0,014;35,270;855,058;883,082
141:0,015;30,065;35,250;37,038;218,213;307,068;488,065;554,232;896,131
142:0,015;37,038;97,147
143:0,015;30,065;205,201;459,036;788,151;801,112
144:0,015;35,250;68,112;75,002;97,120;117,255;831,080;844,151
145:0,015;30,065;186,122;331,055;352,275;449,199;680,051;939,221
146:0,015;30,065;146,229;472,036;898,234;1017,251
147:0,015;97,120;141,038;154,187;561,227;1122,257
148:0,015;8,017;37,038;97,147;144,163;218,213;478,269;607,181;810,259;1153,253
149:0,015;30,065;68,112;298,027;345,216
150:0,015;32,003;37,038;154,187;193,049;352,275;782,196
151:0,016;72,031;247,066;380,065;530,212;675,146;702,144;874,232;1193,147
152:0,016;77,066;349,185;530,061;533,228
153:0,016;72,031;81,091;232,059;318,213;525,146;591,151;615,187;789,188;868,253;1144,178
154:0,016;72,031;90,215;93,190;167,135;1000,138;1005,267;1191,035
155:0,016;72,031;77,066;435,218;488,049;598,242;632,224;697,248;847,171
156:0,016;72,031;77,066;360,224;889,192;965,267
157:0,016;77,066;314,065;530,212;974,236
158:0,016;90,215;393,058;485,069;502,185;530,061;598,242;804,212
159:0,016;72,031;92,190;250,133;989,228
160:0,016;72,031;81,091;778,133
161:0,017;49,064;95,093;441,151;676,206
162:0,017;49,064;71,105;172,037;637,094;1074,178;1097,191
163:0,017;49,064;172,037;285,247;391,168;423,037;727,238
164:0,017;49,064;82,268;738,098;923,035;1186,145
165:0,017;68,255;293,246;530,271
166:0,017;49,064;172,037;285,247;790,275;878,236
167:0,017;49,064;131,258;232,199;555,064;658,101;699,055;908,187;920,160
168:0,017;49,064;116,150;283,036;939,221
169:0,017;74,260;285,036;627,108;689,235
170:0,017;49,064;82,268;172,037;593,183
171:0,018;20,063;96,137;165,059;327,054;426,028;625,188
172:0,018;30,151;352,225;426,028;667,275
173:0,018;20,063;366,235;426,028;625,206;885,269;1019,168
174:0,018;20,063;35,158;261,153;326,261;366,235;867,071;1005,074;1016,129;1119,108
175:0,018;35,158;414,140;426,028;625,188;648,045;657,037;839,138
176:0,018;20,063;403,251;1149,126
177:0,018;20,063;327,054;485,033;644,157
178:0,018;20,063;96,137;327,054;485,033;730,179
179:0,018;20,063;327,054;485,033;636,098;986,058;1149,126
180:0,018;30,151;485,033;751,052;760,218;765,255
181:0,019;36,077;587,050;617,117;863,088;932,150;1074,086
182:0,019;30,065;161,175;233,049;289,136;491,033;499,042;617,117;1139,212
183:0,019;30,126;141,073;170,220;524,076;721,052;982,254;1063,091;1074,245
184:0,019;32,044;363,154;580,123;595,231;743,130
185:0,019;32,044;114,220;964,087;1000,163
186:0,019;32,044;291,092;310,056;499,042;784,223
187:0,019;32,044;376,027;437,055;470,146;907,052;982,254
188:0,019;32,044;36,077;181,066;301,180;306,080;499,042;735,204
189:0,019;50,180;514,116;529,028;638,122;946,071
190:0,019;30,126;88,044;363,154;366,254;499,042;735,204;929,063;1074,086
191:0,020;264,067;303,068;445,227;544,033;721,049;826,144;1084,183;1170,173
192:0,020;264,067;386,172;404,051;603,042;721,049;760,068;856,051;904,035;969,115;1121,083;1158,035
193:0,020;226,065;269,238;657,081
194:0,020;226,065;635,270;722,205;752,052;976,055
195:0,020;269,238;278,259;856,051;930,131
196:0,020;30,148;155,068;264,067;404,051;721,049;760,068;815,244;850,052;874,191;1120,207
197:0,020;8,017;64,193;226,065;388,062;511,138;567,076;611,160;625,151;748,207
198:0,020;243,040;264,067;386,172;1138,220
199:0,020;30,148;721,049;827,247;856,051;918,055;1020,120;1197,035
200:0,020;226,065;404,051;743,176;755,049;760,068;856,051;969,115
