001:0,001;25,064;62,090;393,073;410,132;782,052;837,039;948,026
002:0,001;25,064;30,196;36,058;393,073;555,143
003:0,001;25,064;30,196;38,013;62,090;686,061;837,039;948,026
004:0,001;25,064;29,017;79,034;381,186;804,148;837,039;948,026;1069,093
005:0,001;25,064;85,097;416,148;696,103;736,256
006:0,001;91,175;429,073;503,056;557,218;658,057;748,128;827,052;948,026
007:0,001;29,048;55,144;428,029;429,073;557,029;806,237;837,039;949,149
008:0,001;25,064;90,205;393,073;399,049;429,073;592,273;810,186
009:0,001;25,064;55,144;77,043;81,082;429,073;560,130;569,046;594,166;607,088
010:0,001;25,064;37,006;81,082;837,039;963,118
011:0,002;21,043;52,003;54,026;220,042;264,061;720,208;827,043;1096,062
012:0,002;54,026;221,108;240,070;348,080;369,042;459,116;672,029;1023,092
013:0,002;50,042;240,070;716,186;827,061
014:0,002;50,042;54,026;264,061;1017,099;1033,057
015:0,002;50,042;240,070;423,262;704,164
016:0,002;54,026;348,080;441,052;720,208
017:0,002;50,042;221,108;264,061;1096,062;1175,065
018:0,002;50,042;240,070;423,262;468,264;1096,062
019:0,002;50,042;54,026;275,215;561,093;585,082;1034,109
020:0,002;54,026;264,061;1096,062
021:0,003;281,063;419,191;600,098;899,057
022:0,003;217,050;281,063;669,202
023:0,003;236,241;281,063;605,242;660,093;1027,274
024:0,003;123,050;308,098;694,034
025:0,003;109,151;400,066;526,180;1059,241;1083,191
026:0,003;236,241;355,181;373,054;433,085;931,164;952,199;953,063;962,093;1192,103
027:0,003;123,050;298,207;348,148;402,172;1030,184;1106,228
028:0,003;281,063;669,202;782,099;868,093;898,030;950,272
029:0,003;109,151;123,050;308,098;505,079;973,071
030:0,003;123,050;298,207;526,180;534,274;1173,242;1187,088
031:0,004;179,166;398,049;509,137;519,154;997,071;1164,217
032:0,004;79,071;175,251;323,066;426,029;928,039;974,096;1151,062;1171,084
033:0,004;109,191;224,058;516,275;782,030;1051,097;1171,084;1191,123
034:0,004;79,071;249,036;329,138
035:0,004;109,191;249,036;392,250;418,086;515,054;600,131
036:0,004;117,139;600,131;1095,085
037:0,004;79,071;179,166;692,030;862,083;1139,137;1151,076
038:0,004;104,181;249,036;345,139
039:0,004;79,071;757,034;767,083;1083,043;1087,164;1133,043;1162,238;1196,231
040:0,004;79,071;104,181;127,243;778,029;1035,189
041:0,005;30,041;199,102;488,263;950,202;1009,262;1023,082
042:0,005;30,041;193,203;425,054;555,046;1095,199
043:0,005;17,098;30,041;199,102
044:0,005;17,251;30,004;79,071;386,264;428,044;521,275;555,046;838,056
045:0,005;30,041;193,203;555,046;838,056;1192,223
046:0,005;19,259;406,054;555,046;1099,263;1151,267
047:0,005;17,098;286,066;315,086;605,245;769,124;997,060
048:0,005;47,248;838,056;1192,223
049:0,005;19,259
050:0,005;17,251;200,050;315,086;324,056;349,117;561,067;838,056;1198,046
051:0,006;66,053;310,057;501,242
052:0,006;66,053;100,210;367,110;413,063
053:0,006;66,053;176,148;462,201;606,171;688,262;903,057;917,233;921,228;929,184
054:0,006;66,053;310,057;1049,098;1077,094
055:0,006;105,156;289,031;310,057;344,247
056:0,006;66,053;328,103;571,241;605,267;663,200
057:0,006;102,244;164,205;166,053;342,070;384,230;736,270;917,233;986,201;1195,116
058:0,006;66,053;102,244;1105,056;1128,264
059:0,006;66,053;100,210;204,155;236,037;310,057;632,071;669,109;1152,043
060:0,006;104,169;224,013;310,057
061:0,007;48,128;861,043;1050,234
062:0,007;10,074;261,124;498,261
063:0,007;16,065;112,093;850,130
064:0,007;16,065;131,095;634,107;747,063;843,275
065:0,007;16,065;207,085;426,103;1173,147
066:0,007;10,074;261,124;293,085;491,073;623,270
067:0,007;48,128;138,077;176,260;358,061;453,179;532,073;623,270;684,046;848,227;878,046;1024,148
068:0,007;10,074;223,046;453,179;516,191;1090,172
069:0,007;10,074;239,060;306,126;557,029;645,074;705,205;994,096;1003,181
070:0,007;16,065;112,093;162,071;1050,234
071:0,008;68,035;419,274;541,134;1096,027
072:0,008;69,043;278,154;650,134;842,245;953,229
073:0,008;69,043;282,204;668,056;689,229;1098,143
074:0,008;127,274;425,029;567,062;581,231;1131,232
075:0,008;68,035;69,043;293,127;557,264;883,158;983,085;1140,057
076:0,008;69,043;278,154;505,094
077:0,008;68,035;350,158;689,229;754,239;810,156
078:0,008;70,003;259,234;311,204;356,054;556,174;675,148;1051,256;1079,154;1120,235
079:0,008;68,035;259,234;444,057;749,063;929,043
080:0,008;68,035;443,049;505,094;528,164;580,267;590,073;610,272;1127,261
081:0,009;29,048;72,239
082:0,009;29,048;72,239;173,183;878,060;979,027;1195,224
083:0,009;29,048;145,274;192,071;561,230
084:0,009;47,248;49,049;66,258;289,071;700,067;869,142;1155,090
085:0,009;29,048;66,258;869,142;979,027
086:0,009;49,049;56,027;73,017;81,088;171,152
087:0,009;29,048;56,027;62,243;509,071;665,147
088:0,009;29,048;56,027;59,003;81,088;623,049;665,147;764,052;976,205
089:0,009;49,049;62,243;64,065;171,152;271,225;575,076;809,242;818,046;979,027
090:0,009;29,048;49,049;159,225;373,124
091:0,010;14,030;239,060;358,212;373,232;527,124;687,060
092:0,010;14,030;239,060;257,246;632,071;641,139;673,246;885,175;924,085;1012,171;1109,083
093:0,010;14,030;193,089;758,218
094:0,010;41,155;250,013;354,084;987,137;1071,202;1192,034
095:0,010;14,030;246,100;257,246;806,048;1151,056;1177,190
096:0,010;14,030;259,066;340,245;379,174;742,035;890,057;895,199;1105,115
097:0,010;14,030;74,046;99,232;239,060;380,269;1102,171;1170,048
098:0,010;41,155;82,230;239,060;340,245;558,182;777,273;878,052;1042,153;1131,048;1139,166
099:0,010;14,030;193,089;362,156;399,200;427,054;607,251;625,063;799,171;1078,158
100:0,010;17,019;70,109;99,232;930,172;1145,259;1168,189
101:0,011;24,219;119,003;231,220;295,241;1142,181;1163,096
102:0,011;24,139;82,043;301,061;415,052;1016,065
103:0,011;26,058;731,150;1083,061
104:0,011;26,058;479,081
105:0,011;26,058;231,220
106:0,011;26,058;649,197;728,035;820,193;1180,238
107:0,011;24,139;192,095;236,084;255,151;310,031;415,052;775,065
108:0,011;26,058;646,034;978,150;989,208;1059,144
109:0,011;24,219;381,182;595,063
110:0,011;52,100;415,052;946,078;1162,063
111:0,012;38,059;181,105;530,050;671,054;707,144;1112,205
112:0,012;38,059;153,213;341,063;378,049;666,062;671,054;691,041;762,065;995,260
113:0,012;36,013;232,141;671,029;691,041;762,065
114:0,012;22,009;29,087;30,002;38,059;147,221;491,054;530,050;611,074;688,029;1026,244
115:0,012;38,059;157,043;181,105;343,092;396,032;415,052;530,050;611,074;671,054;691,041;715,035;825,065;988,079
116:0,012;60,250;493,052;530,050;675,083;691,041;831,175;1001,180
117:0,012;10,011;29,087;389,141;511,044;530,050;675,083;762,065;846,071;1168,124
118:0,012;38,059;153,213;208,031;236,084;391,049;530,050;682,215
119:0,012;38,059;232,141;304,056;611,074;671,054;762,065
120:0,012;147,221;229,274;314,219;493,052;611,074;671,054;707,144;751,071;826,030;979,027;1184,060
121:0,013;268,228;1145,148
122:0,013;266,167;819,146;1021,027
123:0,013;268,181;1100,096
124:0,013;266,167;272,046;477,155;588,030;1013,221;1195,082
125:0,013;297,267;496,107;583,164;614,030;637,260;882,115;972,235
126:0,013;268,228;273,099;553,073;592,273;614,146;1148,026
127:0,013;273,099;653,063;850,258;949,026
128:0,013;138,115;1131,124;1156,098
129:0,013;268,181;297,267;352,042;432,218;1093,097;1168,275
130:0,013;138,115;829,139;869,232;1190,138;1194,258
131:0,014;78,051;189,063;223,034;354,054;446,032;533,245
132:0,014;78,051;214,047;245,054;257,202;308,034;366,094;418,070;768,187;836,098
133:0,014;78,051;83,031;135,164;259,066;354,054;417,267;804,149;870,242;896,060
134:0,014;78,051;83,031;135,164;739,089;789,267
135:0,014;83,031;214,047;245,054;259,066;446,032;514,127;529,090;1106,241
136:0,014;78,051;214,047;223,034;354,054;366,094;491,030;1017,249
137:0,014;78,051;223,034;245,054;345,172;408,167;690,081;803,065;1072,063
138:0,014;78,051;214,047;223,034;290,070;354,054;446,032;491,030;568,057;768,187;861,043
139:0,014;78,051;245,054;257,202;300,210;446,032;491,030;707,165;888,138;950,231
140:0,014;83,031;214,047;245,054;259,066;491,030;707,165;939,090;1165,193
141:0,015;56,027;57,069;69,046;259,187;397,029;482,250;561,057;913,178
142:0,015;41,035;243,053;393,073;397,029;744,080;1081,087;1095,077
143:0,015;41,035;52,261;505,082;542,210;581,071
144:0,015;41,035;105,134;570,204;1068,048
145:0,015;52,261;57,069;69,046;399,149;988,142
146:0,015;53,077;69,046;397,029;454,066;523,100;600,062;727,123
147:0,015;41,035;57,069;69,046;397,029;744,080;784,247;808,260
148:0,015;57,069;104,169;404,057;523,100;537,070;764,235;1034,221
149:0,015;41,035;57,069;151,146;767,094;813,123;926,158
150:0,015;41,035;53,077;537,146;546,100;681,071
151:0,016;21,043;51,260;53,008;81,092
152:0,016;40,255;393,031;607,084;1080,061;1199,046
153:0,016;56,200;686,029;711,087
154:0,016;21,043;40,255;46,075;259,187;277,042;432,212;511,031;596,201;1009,264
155:0,016;21,043;51,260;277,042;395,181;416,088;552,058;670,237
156:0,016;21,043;46,075;204,013;271,046;440,119
157:0,016;24,230;378,210;382,063;390,070;789,184;1014,088;1135,262;1148,201
158:0,016;21,043;46,075;277,042;432,212;506,123;718,109;909,186
159:0,016;21,043;64,154;113,003;249,036;277,042;506,123;717,071
160:0,016;21,043;56,200;292,066;372,070;583,056;713,130;963,233
161:0,017;105,156;858,056
162:0,017;79,034;193,056;491,030;858,246
163:0,017;119,123;187,063;193,056;558,252;590,067;676,048
164:0,017;79,034;193,056;676,048
165:0,017;79,034;341,087;814,137;890,207;933,107;1113,062
166:0,017;118,110;170,032;264,201;400,210;532,056;676,048
167:0,017;193,056;648,067;676,048;1035,110;1072,034
168:0,017;119,123;302,042;509,137
169:0,017;79,034;193,056;264,201;511,210;676,048;921,262;990,043;1191,071
170:0,017;79,034;118,110;415,107;934,056;1162,103
171:0,018;45,032;329,049;414,044;533,062;581,231;761,034
172:0,018;47,064;130,174;421,207
173:0,018;45,032;412,063
174:0,018;45,032;329,049;410,132;414,044;533,062;1093,213
175:0,018;82,183;337,274;377,061;382,272;414,044;495,067;851,108;1136,060;1154,034;1195,224
176:0,018;82,183;130,174;193,053;266,046;279,112;369,032;414,044;533,062;1029,116
177:0,018;91,175;180,225;224,035;279,112;368,032;406,031;495,067;533,062;1068,080
178:0,018;45,032;116,031;329,049;401,031;495,067;845,120;851,108;967,262
179:0,018;45,032;329,049;495,067;580,256;688,052;845,120;1126,034
180:0,018;45,032;382,272;533,062;1029,116;1052,230;1095,134
181:0,019;85,097;119,031;222,263;319,258;477,200;642,034;753,062;767,182
182:0,019;48,067;67,271;123,068;253,178;642,034;681,060;1095,077
183:0,019;59,158;290,032;548,155;591,067;642,034
184:0,019;48,067;67,271;79,013;278,032;406,031;582,243;798,182;817,062;926,154
185:0,019;46,075;366,066;469,237;681,060;763,061
186:0,019;48,067;59,158;76,043;94,158;421,049;495,067;792,076
187:0,019;62,182;475,061;681,060
188:0,019;54,180;246,026;279,079;615,099;1198,046
189:0,019;48,067;62,182;226,032;232,140;681,060;1113,034;1198,046
190:0,019;54,180;222,263;552,095;642,034;1108,027;1198,046
191:0,020;21,063;243,107;486,171;557,049;670,226;943,043
192:0,020;19,068;245,031;557,049;707,057;1161,255
193:0,020;21,063;245,031;322,076;634,156;789,043;866,220
194:0,020;33,264;182,003;236,037;275,215;715,035;811,029;1123,166
195:0,020;21,063;322,076;526,081;576,274;660,158;900,258
196:0,020;19,068;154,255;236,037;245,031;397,147;495,058;557,049;580,256;789,043;901,239
197:0,020;21,063;243,107;324,167;387,057;397,147;442,066;486,171;900,057;1161,255
198:0,020;19,068;236,037;243,230;557,049;715,035;789,043;900,063;1100,043
199:0,020;19,068;245,031;557,058;670,226;718,046;926,263
200:0,020;21,063;31,006;33,264;478,225;613,056;715,035;789,043;1068,177
