001:0,001;54,095;326,193;438,068;449,030;543,046;556,026;929,091;984,026
002:0,001;29,231;94,022;114,134;148,079;273,265;334,060;394,181;569,173;639,076;861,184;937,182;1035,239;1120,026;1190,070;1200,144
003:0,001;36,248;94,022;142,191;170,027;267,193;290,006;342,158;449,030;517,126;662,151;810,229;824,106;1078,240
004:0,001;51,118;94,022;148,079;170,027;264,158;316,168;456,071;471,120;515,140;556,026;740,138;836,092;876,087;900,046;1027,237
005:0,001;29,231;94,022;114,134;198,244;265,079;517,126;535,068;556,026;655,035;666,243;733,174;760,026;1191,094
006:0,001;77,212;94,022;117,098;234,014;371,132;465,237;543,186;903,026
007:0,001;93,177;94,022;117,098;236,027;365,172;374,036;426,155;543,046;592,248;680,065;692,245;841,026
008:0,001;94,022;168,131;170,027;416,242;449,030;511,051;543,046;683,245;1004,252
009:0,001;36,248;147,011;264,158;324,095;476,258;543,046;556,026;1194,068
010:0,001;35,216;156,042;170,027;273,265;427,047;653,142;1010,074;1060,095
011:0,002;247,160;262,029;302,113;365,065;373,050;390,096;402,006;485,047;775,031;839,083;873,209;923,036;1043,122
012:0,002;58,075;85,053;157,117;262,029;345,052;389,120;549,201;780,191;822,157;829,082;954,145;1018,042;1117,249;1152,131
013:0,002;201,205;213,117;338,074;376,130;419,187;484,271;493,198;794,172;930,170;1133,031;1192,122
014:0,002;186,148;570,071;658,093;787,223;1027,211;1082,138
015:0,002;251,011;262,029;276,086;345,052;376,006;418,165;446,147;457,068;603,106;647,184;722,142;787,216;863,051;922,228;977,056;1052,244;1121,191
016:0,002;186,255;217,208;262,029;332,117;338,074;367,259;408,047;721,119;795,026;1018,042;1040,206
017:0,002;15,069;82,178;170,181;242,011;289,208;292,029;345,052;353,216;518,178;520,038;566,071;711,052;723,179;880,214;921,157;1040,206
018:0,002;201,205;252,011;274,104;338,074;425,149;520,176;606,242;646,229;677,223;923,036;1018,042;1091,133
019:0,002;203,198;338,074;498,189;618,062;766,174;969,098;1076,246;1082,102;1087,100
020:0,002;218,090;361,051;409,270;672,093;700,131;923,036;1075,062;1108,266;1137,144
021:0,003;39,209;110,208;161,047;171,027;207,056;232,212;323,241;339,259;388,173;399,138;408,260;418,224;513,068;552,183;588,273;621,026;649,172;989,231;998,100;1010,189
022:0,003;28,103;161,047;207,056;277,178;361,064;429,032;558,264;575,063;578,103;657,041;716,182;1006,228;1145,058
023:0,003;29,069;83,031;147,036;175,027;207,056;253,152;262,053;366,275;469,082;763,095;899,214;1029,226;1073,032
024:0,003;51,014;210,172;220,071;262,053;438,168;449,165;450,032;575,063;645,231;657,041;663,170;768,176;928,038;952,249;1061,026;1108,098;1111,261
025:0,003;53,212;59,068;60,126;67,177;83,031;172,145;176,257;287,167;361,064;429,032;504,133;636,174;657,041;787,249;878,034;904,204;1047,235;1053,261;1073,032
026:0,003;33,012;53,212;112,011;137,172;161,047;232,212;262,053;453,100;455,228;574,157;579,273;587,212;620,220;644,176;692,211;947,273
027:0,003;28,103;196,105;207,056;262,053;436,105;575,063;589,181;905,274;912,207;944,243
028:0,003;48,042;83,031;155,133;161,047;169,013;214,219;220,071;273,006;298,165;406,138;429,032;458,233;564,130;801,270;819,189;1034,074;1072,235
029:0,003;44,016;67,177;125,014;178,258;220,071;302,168;361,064;438,271;575,063;649,172;658,082;804,176;1014,191;1073,032
030:0,003;27,108;359,076;361,064;436,105;506,217;657,041;857,144;1125,055;1140,246;1172,261
031:0,004;155,264;240,255;409,052;638,151;647,137;660,198;685,053;763,192;809,043;922,228;1052,068;1074,055;1159,142
032:0,004;164,171;252,147;359,248;379,082;409,052;651,033;753,162;1096,037;1160,135
033:0,004;135,070;205,097;450,130;457,073;511,102;559,198;627,265;698,151;1014,154
034:0,004;144,011;161,146;219,205;232,011;268,026;393,204;667,179;753,202;844,173;1074,055;1106,137
035:0,004;135,070;202,260;205,097;293,139;409,052;685,053;783,226;985,131;1025,266;1028,056;1058,228
036:0,004;142,123;290,260;369,006;409,052;815,083;975,184;1074,055
037:0,004;223,271;300,269;347,214;350,037;364,251;413,141;435,042;481,217;543,237;766,188;1167,254;1180,055
038:0,004;174,139;378,165;485,229;540,209;593,071;598,174;685,053;760,184;847,138;1074,055
039:0,004;142,123;206,026;276,187;313,079;403,074;532,121;573,185;582,038;686,074;690,217;876,162;947,102;1074,055
040:0,004;89,075;135,070;247,172;302,132;315,233;348,097;525,052;528,097;566,096;573,071;708,053;726,261;782,242;828,240;1070,107;1118,109
041:0,005;159,131;348,123;373,260;387,264;430,018;470,059;498,264;593,243;617,062;644,059;700,119;799,040;801,104
042:0,005;13,237;52,014;127,151;186,157;317,119;378,152;461,079;464,173;470,059;502,173;547,044;593,243;644,059;780,147;1091,084;1139,109
043:0,005;160,139;190,131;213,138;254,047;430,018;501,097;564,240;652,106;729,240;799,040;825,196;859,040;1097,141
044:0,005;153,188;231,233;254,047;430,018;471,191;756,145;772,201;799,040;866,179;973,219;1015,100;1039,040
045:0,005;180,082;300,248;344,047;480,030;504,273;644,248;689,104;1164,149;1182,092
046:0,005;137,172;254,047;369,275;383,133;395,139;430,018;470,059;491,010;509,157;795,145;868,050;1068,167;1071,082;1094,167;1200,189
047:0,005;196,132;222,219;254,047;475,079;494,049;519,104;623,099;666,091;734,092;736,199;779,188;799,040;1122,133
048:0,005;111,004;113,170;302,241;316,029;373,270;470,059;504,273;560,171;620,229;644,059;726,219;767,130;800,074;808,040;1068,167
049:0,005;132,067;181,209;361,060;430,018;491,220;515,042;519,104;799,040
050:0,005;188,107;445,073;493,030;542,144;575,091;673,099;873,191;1195,125
051:0,006;407,256;463,147;511,051;516,113;599,033;869,056;1046,152;1146,039
052:0,006;408,100;665,231;829,233;869,056;1084,123;1170,135;1190,114
053:0,006;328,138;391,257;472,042;511,051;515,124;872,034;901,114;932,056;1146,039
054:0,006;422,144;609,100;636,052;858,235;1026,047;1102,248
055:0,006;51,124;496,274;563,100;599,033;674,211;1006,254;1071,252
056:0,006;415,065;448,124;584,144;765,134;827,274;879,093;1194,055
057:0,006;388,161;408,100;442,263;511,051;599,033;662,179;688,033;826,040;828,134;901,114
058:0,006;33,039;79,038;115,013;231,115;244,013;327,047;335,187;511,051;694,131;869,056;1021,235;1146,039
059:0,006;452,147;511,051;641,052;757,093;1076,114;1089,152;1146,039
060:0,006;432,107;599,033;830,151;846,245;870,171;990,274;1146,197
061:0,007;118,029;123,223;209,214;250,095;261,013;319,045;397,147;449,030;458,033;478,271;479,103;566,126;723,026;828,256;1196,175
062:0,007;70,025;118,029;260,260;262,107;264,116;324,076;325,104;334,060;445,272;503,038;510,099;683,188;756,204;765,100;792,027;855,046;1021,173
063:0,007;62,168;64,025;123,223;219,134;276,207;785,120;1027,184;1046,266;1094,088;1149,195;1196,173
064:0,007;64,025;198,151;439,152;479,108;762,065;763,216;935,202
065:0,007;64,025;118,029;264,116;294,098;321,029;397,191;545,202;655,035;754,109;1122,062
066:0,007;64,025;140,263;153,191;287,209;334,060;479,108;508,209;599,038;724,138;792,027;879,047;921,060;1094,088
067:0,007;62,168;118,029;367,037;384,270;395,248;423,265;890,047;1059,190;1162,274
068:0,007;19,227;100,248;277,128;584,081;598,075;604,120;655,035;756,273;861,162;872,050;1145,195
069:0,007;17,170;118,029;334,060;440,243;466,207;560,220;655,035;772,170;992,207;1000,133;1106,093;1174,102
070:0,007;58,075;64,025;118,029;258,198;515,130;629,204;643,065;655,035;754,109;792,027;860,090;1044,137;1098,047
071:0,008;43,051;64,025;276,086;358,051;427,068;495,228;515,051;661,113;889,179
072:0,008;46,068;79,255;166,133;176,170;418,178;678,073;831,046;883,261;1043,203;1096,037;1188,268
073:0,008;46,068;93,157;236,098;413,181;490,082;533,188;668,273;678,073;685,120;686,027;718,031;928,038
074:0,008;43,051;46,068;84,207;223,084;261,172;358,051;455,141;466,212;575,233;699,141;718,031;719,154;831,046;1015,074;1086,173;1151,241;1190,170
075:0,008;43,051;141,038;188,156;288,193;348,174;427,068;717,053;728,170;930,223
076:0,008;43,051;139,038;169,181;341,053;427,068;686,027;714,065;718,031;812,099;928,038;947,074;1039,177;1052,041;1137,154
077:0,008;43,051;46,068;144,174;332,208;358,051;371,031;387,148;427,068;678,073;719,154;1037,241;1134,269;1137,273;1144,171;1162,228
078:0,008;43,051;107,171;209,123;240,044;427,068;718,031;822,138;831,046;1027,056;1043,203;1054,188;1058,243;1096,037;1164,039
079:0,008;87,187;209,206;222,161;294,254;302,097;313,264;554,212;686,027;809,147;923,121;933,214;1150,256
080:0,008;84,207;159,076;271,044;324,143;358,051;428,220;473,174;601,223;606,128;626,236;629,198;652,133;718,031;831,046;1015,056;1096,037;1188,188
081:0,009;61,068;65,108;167,248;203,058;214,048;320,096;349,065;458,197;629,030;652,120;872,034;916,060;953,033;972,050;1100,145
082:0,009;36,065;73,205;103,169;146,013;157,134;429,065;563,038;611,188;776,051;820,212;1005,092;1145,058
083:0,009;54,095;90,031;193,259;203,058;213,013;250,220;595,209;890,186;897,133;964,142;999,196
084:0,009;84,152;214,048;349,065;475,266;576,051;765,125;1011,242;1041,065;1145,058
085:0,009;36,065;49,118;73,205;94,058;158,152;163,253;214,048;458,197;554,044;556,026;916,060;1073,065;1082,174
086:0,009;17,170;36,065;42,185;155,138;203,058;214,048;233,071;265,148;273,241;377,174;472,096;553,266;634,214;699,041;716,235;793,236;872,034;910,202;981,149;1019,120;1189,248
087:0,009;77,173;96,053;98,255;188,213;212,223;214,048;320,096;484,225;716,235;872,034;916,060;1044,232;1145,058
088:0,009;42,185;318,172;390,105;428,260;442,174;558,052;658,173;1018,127
089:0,009;36,065;94,058;155,138;214,131;445,073;561,047;627,241;901,100
090:0,009;75,168;94,058;159,244;188,078;320,158;345,052;349,065;427,072;484,225;536,216;543,038;617,062;678,270;916,060;944,062;1054,144;1191,223
091:0,010;48,042;51,124;89,075;237,137;640,123;702,216;714,133;890,141
092:0,010;39,112;47,082;206,095;208,216;258,071;265,152;303,181;407,047;419,202;450,193;674,151;681,130;714,102;991,179
093:0,010;89,075;216,233;363,133;379,188;452,137;683,214;747,076;761,065;940,239;1042,141;1092,123
094:0,010;38,018;41,105;50,269;225,141;373,075;571,206;715,174;730,216;776,257;909,062;1126,142;1153,173;1184,189;1197,094
095:0,010;102,208;124,209;247,247;267,233;273,028;373,075;646,184;775,082;1029,065
096:0,010;93,269;112,038;210,062;266,157;273,028;378,229;762,266;803,065;846,257;1022,133;1088,126;1120,203
097:0,010;50,269;89,075;225,141;304,165;364,209;373,075;629,030;699,189;842,100;909,062;1130,269;1200,241
098:0,010;40,105;272,185;909,062;1004,065;1167,212
099:0,010;47,082;158,042;163,026;182,269;273,028;475,103;629,030;705,090;830,095;909,062;976,172;1137,138
100:0,010;72,241;95,053;141,258;156,216;207,132;273,028;373,075;605,274;625,178;715,273;809,043;891,177;909,062;1127,197
101:0,011;129,151;217,087;353,209;520,100;529,107;538,149;1068,151;1115,243;1128,126;1139,172
102:0,011;141,208;208,108;270,044;286,259;302,151;324,202;372,037;447,229;466,134;491,010;500,188;507,171;1198,244
103:0,011;298,042;351,228;478,170;656,100;864,074;930,040;1004,207
104:0,011;371,151;491,010;502,056;570,076;573,140;655,035;677,274;767,091
105:0,011;348,248;491,010;524,122;663,204;924,237;946,121;976,252;980,125;1193,231;1199,243
106:0,011;335,037;502,056;524,122;549,149;727,186;832,204;904,056;999,186;1119,041;1169,055
107:0,011;317,266;407,212;491,010;586,121;849,113
108:0,011;286,259;354,090;373,050;502,056;627,124;633,047;670,243;792,237;1139,098;1198,177
109:0,011;299,174;375,258;405,259;411,186;522,049;641,092;714,231;948,036;1003,202;1018,042;1034,249
110:0,011;214,219;450,030;491,010;493,246;622,171;717,090;745,141;1031,226;1037,274;1171,162
111:0,012;94,058;115,213;218,045;348,263;364,251;470,151;665,216;749,050;932,231;1175,035
112:0,012;218,045;361,143;363,147;395,044;612,246;613,214;619,093;622,142;676,065;685,248;739,061;765,134;803,126;1078,145;1086,273;1134,047;1190,107
113:0,012;116,026;218,045;427,072;475,033;489,049;523,091;532,121;607,068;623,196;651,059;657,030;739,061;803,177;878,091;896,226;1030,031;1057,065;1075,250;1112,163;1183,070
114:0,012;116,026;305,116;407,076;427,072;458,033;508,038;632,185;670,052;749,050;1037,186;1100,174
115:0,012;112,133;116,026;287,272;298,212;445,073;458,033;505,160;739,061;749,050;807,134;900,235;916,060;1007,059;1041,232;1051,239;1060,196;1183,070
116:0,012;112,133;475,265;553,122;660,092
117:0,012;254,138;258,145;273,028;300,171;445,073;488,140;617,062;640,236;739,061;757,229;864,149;888,157;1015,190;1021,268
118:0,012;64,025;155,264;338,138;402,173;427,072;452,191;455,149;539,240;552,130;557,095;633,093;659,234;681,185;821,188;877,231;899,188;1007,059;1082,249;1100,175
119:0,012;115,247;292,037;348,263;445,073;458,033;489,049;522,181;820,256;827,050;1021,268;1049,098
120:0,012;116,026;309,161;489,049;523,091;628,273;727,130;749,050;928,038;990,226;1016,106;1093,175;1183,070
121:0,013;361,211;373,050;427,068;454,018;486,202;812,265;821,051;952,231;986,113;1125,242
122:0,013;416,105;429,032;439,240;719,201;746,144;848,102;880,181;963,163;1061,203;1200,071
123:0,013;118,190;329,147;433,032;560,076;733,140;799,040;852,041;942,246;1070,242;1198,098
124:0,013;342,076;483,032;577,176;623,036;681,041;717,266;741,137;817,041;953,033;961,246;1036,174;1046,226
125:0,013;351,235;373,050;414,191;427,219;721,265;731,041;933,032;953,033;955,084
126:0,013;517,141;672,059;717,041;811,217;939,172;968,082;1092,268;1154,068;1200,071
127:0,013;79,042;85,053;104,118;118,190;155,258;439,242;933,032;953,151;1055,214
128:0,013;346,186;373,050;457,219;933,032;963,163;1200,071
129:0,013;373,050;430,018;494,096;623,036;717,266;894,131;953,033;963,060;984,273;1052,257;1126,107
130:0,013;69,171;118,118;133,258;134,241;176,208;346,186;349,065;437,246;460,047;760,193;767,108;933,032;955,084;993,211;1014,172;1200,071
131:0,014;409,241;803,162;815,202;934,274;969,031;1024,145;1069,212
132:0,014;56,147;96,053;162,036;209,206;321,272;439,074;513,151;547,224;645,036;709,120;748,035;883,145
133:0,014;120,213;146,202;164,216;175,209;176,124;328,148;379,134;546,271;575,096;594,207;599,033;912,098;1040,243;1054,090;1118,188
134:0,014;375,233;501,170;671,121;696,041;758,257;807,177;966,131;1090,232;1104,189;1145,121
135:0,014;372,206;592,258;629,030;721,172;746,065;806,241;1036,202
136:0,014;383,204;592,120;628,176;638,030;686,027;708,214;724,126;742,065;748,041;977,261;1171,084;1178,126
137:0,014;369,090;389,120;448,251;490,037;495,132;531,178;582,228;651,214;670,201;685,196;1026,149;1136,243;1167,190
138:0,014;372,170;489,049;567,068;661,174;818,261;956,266
139:0,014;389,130;516,047;532,228;657,041;682,126
140:0,014;394,236;884,120;998,127;1007,182;1129,122;1183,070;1195,108
141:0,015;18,008;179,172;185,084;210,062;240,132;258,006;426,044;456,071;500,212;533,105;554,191;868,249;889,137;1141,257
142:0,015;33,039;47,041;120,076;358,233;456,071;561,223;582,216;599,038;684,252;702,041;869,244;993,154;1001,091
143:0,015;33,039;42,054;47,041;66,042;210,062;275,214;363,186;456,071;541,042;613,214;640,140;797,184;1007,059;1035,121
144:0,015;42,054;66,042;647,059;659,244
145:0,015;42,054;66,042;566,119;639,144;720,252;749,099;778,074;801,092;813,160
146:0,015;71,025;91,266;191,042;456,071;516,108;684,225;728,065;737,176;766,237;867,196;942,056;1050,175;1096,239
147:0,015;33,039;42,054;53,246;130,178;308,048;372,042;376,164;491,010;505,160
148:0,015;40,170;47,041;64,025;120,076;137,119;152,209;173,173;563,133;683,035;871,133;1012,102
149:0,015;42,054;66,042;593,071;684,252;946,196;974,257
150:0,015;47,041;86,042;137,041;162,146;177,190;210,062;218,045;360,241;571,042;659,244;846,265;908,254
151:0,016;48,042;58,075;280,011;348,257;366,165;372,207;446,266;472,095;540,148;557,186;588,217;617,062;623,036;683,145;830,074;956,174;1088,231
152:0,016;43,051;132,067;262,143;325,078;334,143;362,028;374,202;543,120;602,052;624,234;678,073;700,249;776,051;908,092;987,152;996,065;1133,031;1186,120
153:0,016;58,075;67,002;137,041;147,036;178,133;193,036;491,010;609,174;623,036;700,249;796,050;804,087;831,138;940,270;969,162
154:0,016;77,235;137,041;147,036;552,081;581,151;621,243;643,106;787,219;906,191;923,100;982,249;1011,171;1133,031
155:0,016;58,075;147,036;564,128;644,059;683,145;736,171;776,051;826,191;893,113;934,062;1010,211
156:0,016;68,087;118,011;132,067;195,214;333,128;435,201;653,116;755,092;790,160;804,087;903,121;1100,203;1112,125
157:0,016;48,042;58,075;85,053;132,067;147,036;551,081;634,141;804,274;823,270;988,133;996,065;1178,039
158:0,016;69,152;85,053;137,041;160,128;231,269;344,178;498,141;537,134;610,176;776,051;996,065;1153,031
159:0,016;48,042;68,087;263,036;381,113;752,106;996,065;1058,258;1133,031;1137,113;1188,026
160:0,016;132,067;160,128;286,233;298,201;447,161;534,095;566,225;574,246;593,225;656,209;676,137;856,093;870,266;1007,212;1163,137
161:0,017;282,206;469,032;471,044;511,102;550,075;614,254;1002,107;1052,246
162:0,017;269,113;463,116;638,062;749,265;764,149;841,108;1135,207
163:0,017;240,272;491,256;735,198;743,074;759,212;780,026;832,145;947,031;1040,108
164:0,017;238,201;295,219;332,206;368,228;430,018;465,237;786,050;813,109;1085,107;1160,039
165:0,017;94,119;234,174;240,044;557,173;716,182;793,217;811,142;883,273;971,241;1121,240;1182,204;1186,211
166:0,017;240,044;578,193;789,207;1009,231;1080,177
167:0,017;220,071;249,152;430,256;852,273;900,099;912,098;947,031
168:0,017;240,044;440,123;685,053;733,157;896,125;947,031
169:0,017;240,044;584,231;693,240;869,056;982,108;1008,170;1073,032
170:0,017;260,078;291,044;294,156;295,036;309,082;370,266;488,068;509,157;568,105;614,254;839,124;856,065;871,214;883,256;947,031;1098,170
171:0,018;53,084;132,068;135,148;202,255;245,123;622,217;746,035;796,119;809,043;844,242;1089,149
172:0,018;112,272;254,174;292,037;361,064;383,119;709,065;923,036;978,152;1030,068
173:0,018;90,005;92,152;94,022;132,068;133,258;153,142;248,138;286,026;303,271;464,042;595,102;776,192;809,043;838,137;1030,068;1040,142
174:0,018;55,179;73,148;112,272;227,006;233,014;303,271;317,042;383,172;421,133;524,171;551,065;942,239;1014,114;1026,147
175:0,018;102,178;122,006;140,067;145,254;356,141;502,056;551,065;970,152;986,074;1098,147
176:0,018;69,002;193,006;197,187;359,185;533,082;551,065;733,121;911,216;927,257;949,131;984,256;1054,068
177:0,018;55,179;77,235;87,105;132,068;151,083;203,058;248,188;255,191;292,037;551,065;865,124;905,076;976,138;1107,055
178:0,018;56,241;132,068;173,244;201,207;292,037;595,102;628,216;687,202;724,207;911,219;1030,068;1186,040
179:0,018;104,014;144,202;416,095;472,270;688,059;703,035;933,074;1030,068
180:0,018;73,148;145,254;292,037;442,216;642,119;681,091;776,243;936,176;1030,068
181:0,019;15,078;49,038;127,152;140,157;159,174;206,216;344,137;417,037;498,044;516,067;620,038;676,233;897,243;1037,223;1042,040
182:0,019;45,006;83,031;103,090;286,216;389,074;430,018;488,176;526,038;533,236;581,038;589,157;656,074;876,051;951,107;1080,154;1098,040
183:0,019;5,090;136,078;172,145;271,132;502,233;637,091;656,074;1157,205
184:0,019;57,068;82,078;234,167;270,047;282,220;288,188;371,031;483,274;993,062;1052,041;1169,205
185:0,019;49,038;222,137;313,141;330,207;353,037;403,172;488,176;507,224;613,081;656,074;1047,223;1052,041;1110,114;1129,241
186:0,019;15,069;153,142;232,173;280,156;317,266;341,084;389,074;390,105;395,116;516,067;579,083;656,074;1052,041;1160,088
187:0,019;26,003;115,038;135,070;180,231;183,038;229,190;371,031;409,224;477,275;482,074;516,067;597,142;632,206;751,242;772,076;958,177;1160,266
188:0,019;5,090;15,069;49,038;172,087;203,058;221,161;341,198;371,031;389,074;579,083;656,074;886,121;893,041;986,026;1007,062;1162,269
189:0,019;15,078;134,038;220,167;389,074;516,067;601,093;657,124;740,233;789,133;826,144;1014,188;1052,041
190:0,019;15,069;49,038;119,247;218,119;444,246;543,046;607,261;837,171;848,151;934,204;1044,074;1164,204
191:0,020;56,147;271,082;474,047;510,099;568,065;651,047;762,252;1007,059;1025,125;1035,120;1128,068;1130,154;1134,182
192:0,020;8,049;18,260;406,263;439,258;628,038;667,212;1045,131;1175,035
193:0,020;21,084;362,064;371,125;503,038;645,196;762,206;783,053;792,027;835,047;1030,151;1143,237
194:0,020;8,049;119,147;153,188;567,207;585,095;807,051;993,127
195:0,020;87,187;101,173;216,139;267,026;383,125;474,186;545,225;565,223;782,090;1056,240;1092,090;1114,095
196:0,020;8,049;52,169;110,053;172,257;318,078;382,131;390,260;503,038;566,071;743,183;747,033;783,053;835,047;1186,226;1187,093
197:0,020;40,237;77,173;131,241;298,257;304,171;512,271;541,107;598,189;750,108;791,050;925,190
198:0,020;18,260;193,164;396,187;419,275;503,038;528,047;566,071;762,206;783,053;835,047;1175,035;1191,249
199:0,020;25,209;151,002;188,164;260,201;389,193;566,071;736,199;773,162;795,102;835,047;1175,035
200:0,020;8,049;106,013;114,253;214,178;238,248;305,257;469,242;518,116;783,053;822,171;835,047;1041,182;1057,174;1074,055;1111,182
