001:0,001;111,049;228,027;330,083;408,007;493,142;532,026;538,140;614,059;693,259;816,124;820,109;854,230;884,123;984,107;1034,258;1057,254;1150,074
002:0,001;13,251;86,155;228,027;405,034;442,053;489,039;682,054;736,162;784,115;1060,127;1154,251
003:0,001;120,119;228,027;342,101;361,147;534,216;600,121;814,172;1151,219
004:0,001;136,104;150,091;257,177;341,115;819,250
005:0,001;83,202;116,249;174,203;462,198;489,039;582,083;648,121
006:0,001;111,049;147,039;269,185;280,032;358,196;458,201;903,244;913,060;956,262;1153,121
007:0,001;95,106;228,027;329,134;491,176;532,026;534,033;538,140;730,122;872,251;907,045;910,128;946,245
008:0,001;111,049;242,268;253,075;258,253;280,032;361,147;372,229;378,156;535,202;638,127;682,054;742,259;1177,137
009:0,001;84,250;111,049;189,171;239,178;280,032;359,201;443,251;489,039;532,026;549,099;682,054;744,228;951,148;1150,074
010:0,001;66,126;73,122;280,032;302,115;387,030;399,007;435,135;489,039;496,202;533,172;616,047;648,048;714,165;853,200;1054,162;1094,084;1150,074
011:0,002;136,136;328,187;464,185;584,112;894,250;962,124;999,045;1099,159
012:0,002;13,227;17,012;54,257;72,119;85,198;265,055;290,122;417,126;908,100;977,227;1111,069
013:0,002;87,102;227,183;266,242;349,162;457,078;491,124;517,156;558,059;808,109;1145,275
014:0,002;99,001;113,228;168,249;288,114;336,205;390,259;421,007;448,048;534,241;900,192;986,146;1178,172
015:0,002;113,181;486,217;558,059;714,165;933,199
016:0,002;87,102;256,043;265,055;321,228;393,061;558,059;601,047;666,215;823,121;848,151
017:0,002;107,181;111,049;265,055;390,259;570,077;618,196;805,060;858,232;934,177;1167,114
018:0,002;85,198;96,093;364,185;431,172;683,127;705,273;867,190;886,052;900,098
019:0,002;95,196;390,244;1093,269;1098,085
020:0,002;32,134;558,059;569,250;704,253;903,187;971,162;985,177;1017,035;1135,218
021:0,003;80,227;129,221;161,121;240,136;297,053;394,007;486,217;672,162;697,224;728,192;1172,133
022:0,003;117,020;154,130;209,094;272,034;465,247;753,127;799,058;922,057;1078,194;1165,265
023:0,003;4,015;13,251;451,135;571,136;590,225
024:0,003;75,042;115,232;191,176;428,186;504,099;1047,202;1182,051;1198,097
025:0,003;75,042;202,226;427,257;608,217;618,073;784,201;834,196;932,252
026:0,003;46,036;63,009;104,118;146,094;176,020;243,182;403,120;453,068;614,110;970,190;1172,221
027:0,003;70,171;254,240;272,034;465,247;664,114;856,249;924,099
028:0,003;70,171;75,042;172,178;272,034;499,270;699,172;827,058;928,111;1107,190;1158,051
029:0,003;29,211;143,030;156,251;233,218;411,094;425,196;510,035;519,259;722,274;1189,252
030:0,003;82,005;129,206;175,058;219,244;272,034;453,068;474,098;738,133;796,125;884,243
031:0,004;45,265;582,083;682,058;734,245;745,044;788,108;939,227;1197,161
032:0,004;112,202;162,058;196,108;539,273;591,215;853,189;1155,199;1178,036
033:0,004;160,144;486,273;639,168
034:0,004;204,048;242,108;461,166;471,108;598,265;1137,100
035:0,004;204,048;239,163;447,216;547,152;563,228;679,083
036:0,004;229,203;263,102;352,106;397,218;741,108
037:0,004;213,268;409,228;425,192;539,071;642,190;664,265;682,058;923,096;960,252;1040,045;1046,254
038:0,004;204,048;338,168;459,259;494,234;682,058;853,189;902,089
039:0,004;140,030;160,144;245,168;252,151;539,071;614,110;737,238;849,201;856,242
040:0,004;215,206;374,144;539,071;583,033;593,185;682,058;944,113;957,196;1053,138;1144,238
041:0,005;213,035;244,172;496,144;572,203;733,045;1049,253;1086,218
042:0,005;124,066;217,190;312,074;419,081;454,166;455,081;730,106;788,269;842,218;1089,228;1172,190
043:0,005;21,121;161,218;173,098;233,074;351,215;574,081;733,045;1164,137
044:0,005;124,066;170,270;233,074;343,112;355,177;704,185;849,258;1000,275;1004,161;1163,187
045:0,005;143,218;213,035;264,181;502,238;733,045;1172,221;1186,095;1194,152
046:0,005;170,270;213,035;233,074;351,215;641,202;733,045;951,042;1106,040;1170,136;1175,263
047:0,005;134,089;211,166;262,094;319,043;495,163;734,166;839,124;1007,241;1069,195;1081,113;1106,040
048:0,005;124,066;177,242;377,198;463,122;713,073;733,045;915,233;1106,040
049:0,005;150,162;163,252;200,259;243,181;247,039;377,198;445,197;782,141;801,060;982,166;1106,040
050:0,005;39,176;52,204;311,078;450,043;502,238;637,216;746,149;851,166;973,163;987,233;1063,135
051:0,006;3,001;28,202;49,094;146,250;237,074;302,115;304,048;418,166;563,059;763,160;774,135;846,162
052:0,006;72,119;207,162;239,037;274,168
053:0,006;28,202;97,176;162,058;239,037;265,043;308,078;325,077;456,107;622,270;922,177;947,057;1195,221
054:0,006;30,094;239,037;313,268;393,187;504,152;546,105;691,099;917,241
055:0,006;88,118;358,244;369,187;379,234;488,053;558,059;677,145;680,124;781,238;920,128;922,057;1009,259
056:0,006;39,176;229,059;328,192;385,197;426,124;956,160;1003,124;1151,241
057:0,006;31,145;239,037;317,135;329,192;623,218;657,146;922,057;972,138
058:0,006;86,234;162,058;239,037;348,162;531,252;709,078;742,250;793,190;862,184
059:0,006;31,145;98,179;425,177;476,106;528,253;584,166;592,152;658,226;1128,192
060:0,006;11,085;55,033;60,088;213,035;239,037;254,091;308,083;317,168;325,252;339,218;354,163;426,106;553,078
061:0,007;45,043;71,219;211,252;798,060;858,085;1090,194
062:0,007;47,129;105,151;122,172;253,234;301,218;311,197;798,060;919,104;999,089
063:0,007;45,043;60,088;111,005;136,049;193,133;817,151;847,252;850,126
064:0,007;46,259;266,250;439,190;489,039;541,232;936,110
065:0,007;64,178;71,219;113,229;295,106;318,091;352,121;584,267;685,041;710,225;762,163;836,232;853,252;858,085;1185,069
066:0,007;54,056;89,020;207,179;240,133;268,039;293,204;663,148;798,060;899,151;1141,179;1181,098
067:0,007;45,043;54,056;123,130;366,128;379,253;1037,096
068:0,007;66,126;329,135;444,257;501,267;512,244;748,218;981,104
069:0,007;54,056;138,114;249,251;275,133;375,121;606,187;901,078;938,057;991,144;1115,189
070:0,007;45,043;138,114;326,074;327,250;469,202;498,274;720,218;837,205;1081,082;1136,162
071:0,008;118,196;275,179;356,038;463,244;474,198;530,123;710,044;715,123;717,130;1075,036;1184,146
072:0,008;70,185;184,206;209,237;334,152;820,044;948,159
073:0,008;29,211;185,221;216,098;532,026;542,135;703,083;826,082;1079,140
074:0,008;70,185;201,177;356,038;438,256;451,265;467,180;932,128;987,202;1075,036
075:0,008;57,197;300,166;356,038;415,188;459,128;524,204;575,226;629,105;974,250
076:0,008;46,036;95,005;125,234;400,048;700,082;849,265
077:0,008;30,094;46,036;55,001;118,257;420,213;1190,130;1197,095
078:0,008;6,249;159,211;486,030;648,114;836,141;916,179;1009,111;1074,077
079:0,008;73,122;183,182;199,265;429,146;743,245;1142,135
080:0,008;57,197;240,221;410,244;455,163;485,187;596,143;876,112
081:0,009;191,053;660,111;993,035;1079,160
082:0,009;189,222;280,032;394,030;430,218;575,259;591,162;656,249;843,045;869,058;886,052;993,035;1017,179
083:0,009;169,262;504,097;632,230
084:0,009;191,053;504,097;561,134;571,057;779,231;886,052;993,035
085:0,009;198,165;266,098;282,118;568,257;919,098;943,238;948,210;993,035
086:0,009;189,222;281,183;330,095;487,120;573,251;656,133;728,054;784,258;793,244;848,149;889,143;945,185;1047,269
087:0,009;159,093;236,104;367,053;486,047;614,210;773,190;779,231;886,052;993,035
088:0,009;198,165;425,030;471,245;505,203;601,234;844,172;902,058;963,113;1049,061;1063,135;1113,252;1152,196
089:0,009;164,118;191,053;417,048;463,126;499,226;837,262;1032,195;1123,035
090:0,009;32,134;173,143;191,053;333,128;522,187;544,160;815,141;822,115;887,245;891,045;1165,173
091:0,010;42,162;227,211;280,039;389,007;468,269;504,165;551,192;882,269;967,045;987,088;1038,124;1067,114;1133,205;1146,035;1166,124
092:0,010;45,249;54,183;286,048;521,269;545,267;555,216;679,187;786,262;827,210;927,219
093:0,010;144,194;430,048;653,143
094:0,010;21,121;100,019;150,091;226,118;243,095;262,197;334,156;389,007;594,273;711,054;782,141;948,159;1084,111;1150,074
095:0,010;8,098;180,225;389,007;476,265;658,200;807,179;890,185;962,112
096:0,010;6,120;51,011;175,262;177,242;265,055;286,048;389,007;396,124;474,043;535,185;912,202;1014,166;1068,146
097:0,010;10,104;286,048;675,084;1078,104
098:0,010;28,104;110,203;144,194;286,048;389,007;465,030;525,089;987,088
099:0,010;55,237;90,252;270,107;389,007;444,259;456,230;824,252;930,200;989,165;1072,115;1097,162;1110,111;1170,074
100:0,010;54,183;55,237;126,269;145,141;280,032;281,130;389,007;419,221;534,033;655,274;820,160
101:0,011;140,030;243,036;290,210;451,090;521,057;663,251;870,109;1084,078
102:0,011;63,066;67,246;140,030;194,237;333,120;370,230;405,133;630,242;740,216;845,130;876,166;1004,108;1084,252;1101,143;1171,194;1198,243
103:0,011;203,275;632,166;663,192;712,177;931,107;944,148;949,149
104:0,011;155,244;182,030;203,228;327,259;346,262;440,228;521,057;702,234;962,263;989,098;1044,234;1083,205
105:0,011;16,228;112,121;294,185;303,275;988,140
106:0,011;124,066;155,030;252,176;697,098;773,123;903,201;975,251;1149,226
107:0,011;148,198;265,259;366,044;414,264;521,057;753,144;832,176
108:0,011;140,030;187,049;463,182;535,176;896,130;955,257;1031,185
109:0,011;179,156;341,126;358,127;521,057;753,144;866,274;1143,145
110:0,011;24,181;196,122;298,165;526,151;877,149
111:0,012;49,009;85,152;332,256;723,228;1072,233;1106,036;1113,227
112:0,012;29,082;725,250;729,127;762,098;826,259;974,187;1114,226
113:0,012;29,082;216,185;365,201;548,107;726,058;892,227;904,247;1138,234
114:0,012;26,106;57,002;86,234;112,019;213,107;505,082;648,075;655,107
115:0,012;65,129;187,104;223,105;347,197;376,248;665,179;703,251;1056,187
116:0,012;38,077;413,061;541,049;560,147;648,075;707,135;838,145;1051,199;1126,133;1159,203
117:0,012;26,106;55,033;84,250;315,027;398,105;490,143;589,163;1075,036;1135,107
118:0,012;38,077;320,253;424,147;648,075;678,190;969,204
119:0,012;31,126;39,225;55,033;110,203;213,107;222,059;277,262;337,094;604,095;855,100;1103,144
120:0,012;55,033;85,152;470,162;874,043;911,225
121:0,013;70,070;243,134;267,082;393,206;473,145;485,061;634,047;644,201;685,041;697,057;748,265;820,127;823,148;880,121;1118,269
122:0,013;70,105;177,229;419,081;559,269;596,166;622,044;711,077
123:0,013;88,172;118,257;204,048;251,120;325,074;355,230;477,047;685,041;708,210;982,105;1193,242
124:0,013;6,120;70,070;113,273;251,120;290,098;434,176;477,047;648,275;744,269;782,225;874,165
125:0,013;13,227;122,225;622,044;881,082
126:0,013;61,027;79,127;328,244;405,196;422,274;622,044;658,067;690,241;792,160;926,253;998,200;1127,242;1140,082
127:0,013;69,105;292,053;410,186;417,145;477,047;658,067;685,041;697,224;733,077;1069,124
128:0,013;70,070;79,127;248,126;277,203;400,048;435,245;507,225;563,071;581,162;589,118;736,233;912,238;1111,051
129:0,013;65,011;79,001;117,089;499,078;521,134;622,044;658,067;711,106;1027,192;1115,133;1123,257;1189,144;1198,186
130:0,013;88,172;215,273;398,128;407,226;522,230;616,201;623,136;814,106;848,241;881,133
131:0,014;45,265;189,248;264,204;277,134;322,120;427,248;617,111;782,044;927,219;1082,145;1110,113
132:0,014;92,095;333,135;432,050;496,256;728,199;1049,061;1067,095;1165,205
133:0,014;127,040;164,186;534,033;659,172;800,245;881,162;947,270;975,196;1143,242;1182,228
134:0,014;162,227;283,269;323,186;329,105;620,140;629,148;641,108;657,257;929,042;993,133;1049,061;1172,173
135:0,014;126,269;272,091;486,160;658,067;730,107;923,184;1069,201
136:0,014;95,106;425,160;534,033;671,199;931,127;1083,190;1096,185;1127,196
137:0,014;92,095;217,260;432,050;497,035;552,251;702,044;743,145;820,136;1032,163;1063,045;1084,058;1169,247;1173,040;1193,036
138:0,014;105,126;152,269;432,050;497,035;587,124;675,098;696,225;698,100;866,078;874,043;963,138;1030,253;1072,252;1076,241;1128,244;1181,245
139:0,014;23,225;140,009;217,260;399,216;432,050;528,127;534,033;637,190;763,058;874,043;926,104;949,126;1049,061
140:0,014;143,112;273,144;373,221;497,035;530,048;629,148;741,045;874,043;915,201;942,172
141:0,015;15,141;33,229;132,039;136,123;875,263;895,148;1062,051;1190,088
142:0,015;43,007;92,142;132,039;136,123;312,231;388,105;397,156;419,234;506,213;784,126;808,111;811,252;813,042;1062,051;1195,255
143:0,015;33,129;60,120;132,039;340,252;345,030;497,196;614,027;761,044;795,125;825,133;870,105;936,263;948,244
144:0,015;60,257;61,027;92,142;132,039;162,058;253,075;278,036;345,030;544,196;967,201;1054,113
145:0,015;76,001;132,039;253,075;302,229;305,136;543,098;663,152;716,273;879,163;922,204;961,152;1140,253;1150,111;1162,035
146:0,015;15,204;253,075;289,202;448,250;864,095;1062,051;1162,186
147:0,015;16,228;307,104;345,030;429,185;477,118;724,152
148:0,015;132,039;345,030;420,213;462,151;508,177;770,078;840,226;1086,058
149:0,015;45,093;61,027;104,182;244,102;373,180;548,262;780,263;851,106;1062,051
150:0,015;15,141;303,093;315,122;609,241;688,108;767,127;998,213
151:0,016;43,240;79,248;143,240;159,059;336,182;516,202;755,275;1130,200
152:0,016;21,133;43,240;259,106;260,027;392,229;469,074;501,267;586,073;796,146;1049,058
153:0,016;34,098;61,027;89,163;348,105;376,038;413,182;434,163;586,151;804,042;1085,253
154:0,016;30,179;140,206;352,136;1060,097;1181,190;1193,179
155:0,016;34,143;532,179;586,073;628,259;666,217;673,181;682,054;780,044;804,042;922,252;947,258;1041,203
156:0,016;30,179;87,183;213,143;470,250;493,181;671,057;804,042;948,078;1069,099;1102,238
157:0,016;63,066;79,248;188,218;255,127;413,210;643,115;738,179;804,042
158:0,016;27,170;63,066;93,162;127,202;277,095;280,145;331,204;404,179;586,073;803,133;972,042;1107,200
159:0,016;20,098;34,143;62,002;63,066;139,171;174,234;239,027;249,043;374,222;691,247;1080,202
160:0,016;48,093;146,163;234,216;381,194;419,091;423,252;463,077;540,234;586,073;861,234;1183,177
161:0,017;79,259;200,249;366,202;488,222;580,187;638,140;1069,136;1090,058;1123,275
162:0,017;75,042;93,213;130,059;245,168;280,094;401,225;432,141;497,035;580,199;601,097
163:0,017;68,213;130,059;132,219;218,043;432,141;460,262;461,245;462,060;523,061;541,232;794,089;876,238;905,176;1081,096
164:0,017;67,186;304,039;310,231;385,249;469,074;786,204;888,110;897,083;1106,036
165:0,017;81,155;218,043;219,244;348,095
166:0,017;116,145;197,202;366,078;381,218;393,038;423,127;511,047;527,199;576,188;656,203;747,148;912,060;1081,184;1085,108;1184,262;1186,199
167:0,017;92,251;134,049;218,043;538,199;694,135;760,082;817,100;837,058;1064,148;1114,204
168:0,017;90,252;158,059;233,074;334,039;341,269;395,166;414,034;451,090;469,074;540,145;1015,162;1038,107;1057,126;1117,083
169:0,017;67,186;130,059;198,262;218,043;494,168;631,122;820,152;936,096;1018,145
170:0,017;76,136;130,059;192,240;218,043;469,074;478,145;651,097;1024,230;1028,177
171:0,018;5,229;103,136;182,248;217,190;283,211;441,094;661,067;665,179;742,252;840,177;913,058;1032,195;1045,058;1179,131
172:0,018;34,141;82,040;154,166;440,041;575,100;768,179;1106,040;1177,259
173:0,018;46,036;96,164;197,185;243,036;423,269;531,112;554,144;581,027;635,094;746,074;752,258;929,257;1111,069
174:0,018;96,164;202,145;440,041;522,049;575,100;581,027;653,044;746,074;862,184;882,144;1054,257
175:0,018;99,151;433,225;500,145;524,115;581,027;620,269;625,222;664,233;794,205;835,233;959,045;981,189;1111,069
176:0,018;43,242;65,004;82,040;154,009;251,275;253,083;294,251;425,123;500,090;522,049;664,233;705,044;946,189;947,204;1035,243;1179,131
177:0,018;5,229;22,085;54,056;82,040;198,083;243,036;364,126;406,185;423,203;562,180;746,074;794,205;920,190;1045,058;1058,133;1113,161
178:0,018;57,004;213,257;440,041;503,166;522,049;554,108;738,202;863,122
179:0,018;73,143;80,098;82,040;92,230;109,223;161,049;202,083;356,038;393,146;519,127;521,105;528,127;746,074;903,227;958,238;1045,058;1095,184;1174,143
180:0,018;24,181;82,040;243,036;388,160;440,041;441,253;522,049;581,027;629,249;920,058;969,205;1045,058;1061,107;1111,069
181:0,019;59,004;190,177;199,124;406,106;433,082;473,048;545,181;698,238;763,202;963,161;1017,201
182:0,019;193,180;356,210;382,061;539,071;587,242;945,045;1011,203;1150,185
183:0,019;191,053;308,256;438,120;587,242;625,048;907,122
184:0,019;270,121;366,044;429,030;594,111;648,075;717,149;839,127;887,241;1000,096;1065,205;1106,176
185:0,019;199,124;382,061;389,007;437,078;467,210;573,126;635,204;684,267;717,149;731,126;767,113;1055,136
186:0,019;70,070;124,221;254,205;307,273;534,269;1068,262
187:0,019;254,205;345,030;366,044;382,061;508,095;593,027;767,113;916,084;1118,045;1148,069;1182,138
188:0,019;192,112;382,061;629,200;913,230;1002,130
189:0,019;193,180;439,188;623,121;629,200;653,044;853,243;952,143;1078,036;1090,165;1115,114
190:0,019;190,177;211,226;366,044;382,061;429,245;454,226;471,216;506,179;519,257;526,166;863,144;888,042;963,161;982,269;1009,218;1067,098;1170,274
191:0,020;109,223;179,156;316,123;399,053;578,130;634,217;641,188;651,046;768,263;1120,126;1193,136
192:0,020;45,273;204,048;451,077;651,046;701,105;798,060;951,242;1050,161;1090,247
193:0,020;234,216;462,060;513,112;856,114;1075,036
194:0,020;186,187;339,074;384,274;491,068;542,127;615,199;649,048;811,187;1045,058;1094,251
195:0,020;130,059;271,248;385,228;734,057;756,247;814,204;922,057;960,105
196:0,020;186,187;261,089;729,224;747,176;827,060;949,201;955,243;992,162;1010,110;1182,165
197:0,020;245,248;365,206;462,060;491,068;492,099;538,143;651,046;681,082;688,084;856,263;861,114;1057,228
198:0,020;299,249;453,068;462,060;477,047;491,068;496,262;651,046;688,201;757,270;1002,263
199:0,020;314,126;453,068;578,130;840,180;942,115;1095,100
200:0,020;235,253;363,083;432,050;436,190;471,120;478,165;482,078;657,262;889,140;967,045;1166,253
