001:0,001;57,056;132,214;196,068;227,171;233,183;271,120;484,026;506,121;519,136;613,263;686,137;1057,116;1148,215
002:0,001;57,056;107,017;136,091;162,145;163,175;196,068;263,062;539,135;561,185;638,161;738,136;768,210;866,159
003:0,001;42,215;71,056;136,091;255,052;263,062;534,093;670,031;753,152;958,104;1045,078;1050,151;1094,116
004:0,001;43,146;192,195;196,068;271,120;306,033;363,035;426,194;1033,148;1093,187;1111,118;1155,091
005:0,001;150,229;157,080;173,045;196,068;255,052;444,120;551,220;654,112;701,239
006:0,001;40,121;101,254;340,234;699,062;776,103;839,123;1064,035
007:0,001;57,056;255,052;369,128;420,225;436,062;578,151;632,121;677,268;702,106;730,234;734,031;749,040;867,251;977,041;1027,183
008:0,001;55,078;70,017;192,195;255,052;342,184;722,268;742,244;1009,185;1034,256
009:0,001;102,036;139,057;181,128;686,062;745,272;835,175;867,251;1129,184
010:0,001;51,169;57,056;122,232;190,106;263,062;316,136;363,035;389,267;701,056;832,197;925,058;946,260;1068,252
011:0,002;97,113;307,188;449,079;757,172;798,143;842,234;896,043;1018,242;1062,106;1118,260
012:0,002;139,101;296,247;304,230;387,227;435,145;677,187;735,189;867,043;973,243;1089,134
013:0,002;64,124;381,150;655,104;784,153;801,145;846,213
014:0,002;51,236;112,019;304,133;647,257;933,153;1038,252;1113,069;1133,027
015:0,002;64,124;97,113;114,235;134,019;186,220;382,074;420,232;886,189;992,032;1038,138;1093,242
016:0,002;59,098;301,053;309,260;543,126;548,222;647,176;890,192;992,175;1080,234
017:0,002;73,235;139,101;460,042;543,221;556,234;624,107;785,157;1167,238
018:0,002;167,194;233,211;418,131;456,042;555,260;854,261;936,047;944,117;1024,103;1115,076
019:0,002;66,121;301,026;387,132;950,190;995,176
020:0,002;59,254;573,272;577,026;580,180;637,156;753,130;797,176;1109,251
021:0,003;97,235;107,029;112,234;123,138;173,045;218,257;387,194;423,247;967,098;968,262
022:0,003;43,179;56,036;123,138;132,267;273,132;341,225;625,234;861,274;939,041;959,272
023:0,003;55,192;107,029;129,227;225,077;304,103;398,038;462,204;581,144;597,091;791,247;1058,078
024:0,003;42,116;1050,123;1173,103
025:0,003;73,056;107,029;159,201;182,157;214,232;413,272;756,159;859,272;860,145;875,273;1157,161
026:0,003;94,132;107,029;167,156;349,137;481,215;678,152;852,198;931,063;939,041;981,094
027:0,003;85,198;137,064;173,045;286,162;289,227;363,217;610,197;791,103;1002,195;1009,107;1099,219
028:0,003;64,150;71,063;189,219;392,247;581,211;587,116;780,078;799,189;801,130;808,078;876,150;939,041;1101,201
029:0,003;24,169;321,098;344,138;562,213;619,239;701,040;862,257;939,041;1001,094;1012,195;1113,275;1135,185;1186,204
030:0,003;55,192;85,198;432,134;441,171;476,078;516,113;975,229;1183,083
031:0,004;72,064;272,181;551,127;613,189;650,056;697,164;729,030;869,060;933,074;955,120;1064,035;1073,222;1189,105
032:0,004;125,192;696,204;933,074;1007,189;1064,035;1119,217
033:0,004;82,115;425,131;677,157;753,029;886,151;1008,133;1049,098;1136,229
034:0,004;42,162;72,064;308,132;364,223;436,180;753,029;911,113;933,074;1102,197;1126,271;1134,102
035:0,004;48,227;113,175;120,037;123,189;447,157;668,164;684,215;801,096;845,192;964,152;995,136;1086,140;1125,095
036:0,004;68,019;91,064;144,162;324,126;656,268;1069,120;1103,131;1137,220;1164,152
037:0,004;46,146;72,064;177,178;199,112;264,185;296,230;298,137;302,189;792,133;799,136;1012,154;1031,217
038:0,004;80,186;173,045;207,145;224,070;264,166;535,192;887,143;933,074;950,083;1074,102;1132,140
039:0,004;42,162;199,109;236,019;327,162;371,132;382,026;395,060;487,189;489,194;500,101;753,029;846,244;921,081;926,118;1000,197;1191,271
040:0,004;42,187;247,060;555,181;717,192;820,164;853,029;877,140;933,074;956,137;1058,026;1073,222
041:0,005;64,063;109,182;442,134;495,050;522,153;883,157;947,213
042:0,005;64,063;78,083;272,109;281,106;329,210;387,184;504,157;701,243;725,026;746,273;819,061;842,080
043:0,005;64,063;105,231;136,076;218,257;224,070;395,060;398,215;586,139;877,138;998,069
044:0,005;64,063;135,157;348,145;472,150;590,120;691,101;714,139;733,106
045:0,005;66,019;171,165;246,253;249,033;354,221;430,198;550,145;634,098;746,273;892,079
046:0,005;62,104;486,210;599,112;755,243;914,197;1096,167
047:0,005;74,219;149,121;221,033;396,140;631,132;769,198;817,056;841,261;1074,116;1088,185;1114,152;1155,105;1184,136
048:0,005;134,076;281,062;377,127;484,050;574,161;683,134
049:0,005;89,078;747,040;808,081;930,047;971,041;1028,076;1053,247
050:0,005;82,227;565,170;698,079;945,261
051:0,006;38,178;49,012;90,060;117,181;265,007;318,109;331,229;441,227;473,050;633,171;830,187
052:0,006;88,106;105,231;207,033;265,007;270,026;777,180;794,210;862,061;903,158;1042,136;1149,261;1194,190
053:0,006;45,131;419,229;710,062;738,200;897,176;902,134;1019,255;1086,055
054:0,006;45,011;148,167;292,144;311,063;348,134;364,116;386,133;490,105;494,239;839,127;840,106;997,104;1005,102
055:0,006;43,179;47,189;139,064;143,132;265,007;320,140;394,127;406,026;502,143;529,106;705,120;786,132;839,270;965,111
056:0,006;154,126;159,125;224,070;242,200
057:0,006;41,036;242,200;265,007;270,026;623,150;646,030;912,175;975,191;1199,197
058:0,006;47,189;107,019;270,026;778,210;789,072;836,104;912,175
059:0,006;38,178;265,007;270,026;929,200;1123,027;1167,127
060:0,006;39,234;45,131;92,106;162,219;265,007;275,144;575,257;758,080;1138,195;1182,147
061:0,007;59,228;198,210;263,260;328,040;343,270;353,194;382,074;391,153;439,170;443,229;517,120;931,063;1066,219;1090,255;1195,123
062:0,007;48,102;265,091;404,257;514,198;521,189;572,190;931,063;1001,154;1046,101
063:0,007;41,166;225,263;378,254;388,137;467,197;574,201;683,274;989,105;1027,166;1069,035;1197,180
064:0,007;41,166;94,215;138,139;144,041;184,139;264,234;317,032;343,270;391,153;456,134;838,138;864,193
065:0,007;63,226;119,084;238,033;282,140;445,078;453,153;532,132;594,219;608,267;624,056;757,079;840,126;908,176;931,063;1022,104
066:0,007;18,139;98,160;295,210;474,185;478,138;904,191;998,117;1129,159
067:0,007;7,232;317,032;338,257;437,166;561,153;675,091;894,220
068:0,007;59,228;144,041;151,247;261,171;565,143;647,096;843,118;914,215;931,063;1041,041;1046,101
069:0,007;51,013;144,041;173,098;224,070;274,143;309,162;382,074;415,042;527,204;786,238;943,148;1059,143;1103,117
070:0,007;30,012;62,104;126,033;150,229;329,137;382,134;426,113;467,042;565,200;590,211;634,267;690,191;759,139;931,063;1002,204
071:0,008;91,033;106,057;182,181;442,217;619,166;740,157;826,092;926,256;954,079;990,274;1022,118;1078,207
072:0,008;75,066;86,017;90,102;104,163;195,033;323,160;467,026;503,131
073:0,008;106,057;195,033;280,197;301,053;302,215;480,062;501,104;655,145
074:0,008;106,057;305,191;372,104;522,018;751,229;942,164;990,247;1040,041;1041,181
075:0,008;39,234;64,063;91,033;106,057;156,125;195,033;372,083;1133,190
076:0,008;90,149;91,033;117,204;158,115;345,062;635,138;721,184;765,272;915,095;1135,103;1140,200
077:0,008;60,109;195,033;263,062;493,126;534,161;607,036;763,098
078:0,008;60,109;173,261;372,083;473,082;570,127;816,151;1038,105
079:0,008;47,254;84,146;305,191;432,032;462,128;486,083;925,078;930,166;1030,204;1102,159;1125,055
080:0,008;91,033;108,080;148,060;562,079;663,222;729,061;905,267;948,047;1002,069;1192,197;1195,235
081:0,009;144,041;186,127;275,156;452,042;482,222;522,018;598,040;666,127;892,027;1021,152;1070,123;1116,035
082:0,009;269,158;522,018;606,151;784,156;897,107;960,058;963,183;1091,069;1098,043
083:0,009;191,176;204,068;276,127;383,176;407,082;522,018;602,096;644,243;694,136;706,272;714,171;1098,043
084:0,009;16,132;72,064;91,238;172,251;272,112;354,120;358,158;359,040;374,176;528,210;587,136;722,244;799,107;995,167
085:0,009;91,238;819,166;848,153;868,078
086:0,009;155,079;185,064;190,060;501,130;749,166;1023,212;1181,117
087:0,009;162,145;203,067;311,268;339,063;378,239;475,153;501,130;522,018;568,190;744,215;755,150;764,257;836,060;944,191;947,218;1125,175
088:0,009;222,215;289,165;385,200;459,138;463,161;515,194;1043,260
089:0,009;155,079;186,127;366,136;382,221;522,018;573,159;996,244;1055,181;1098,043;1105,035
090:0,009;193,019;203,067;257,240;349,113;369,115;476,210;482,222;522,018;814,130;1110,171
091:0,010;104,169;245,198;380,185;398,038;415,191;792,116;1061,133;1078,031
092:0,010;110,084;117,133;339,268;364,138;369,201;682,030;703,123;818,120;881,043;1194,198
093:0,010;87,156;157,213;398,038;452,152;637,066;766,074;833,057;836,270;960,058;981,273;1159,145
094:0,010;85,067;117,133;134,080;167,145;412,062;471,170;933,184
095:0,010;85,067;107,102;110,084;218,104;229,137;265,138;274,019;300,033;378,239;606,264;766,074;881,136;969,215;1196,236
096:0,010;112,242;260,134;342,101;345,268;509,184;719,061;752,161;1020,157
097:0,010;90,211;109,182;139,160;239,067;240,185;453,181;766,074;1064,035
098:0,010;111,102;278,138;317,033;398,038;442,191;608,114;795,091;1087,069;1160,195
099:0,010;85,067;90,211;616,204;694,210;703,031;716,136;818,191;939,041
100:0,010;157,213;660,178;705,170;762,161;810,094;835,060;960,058;1024,076;1128,201
101:0,011;96,263;499,094;814,043;821,163;971,074;1083,140;1086,055;1098,043
102:0,011;145,113;169,223;431,238;470,137;516,121;625,040;821,163
103:0,011;128,234;203,229;358,267;359,156;578,078;858,256;885,061;888,220;994,079;1101,164;1109,190;1118,127
104:0,011;96,263;220,201;328,040;639,133;745,056;855,222;1044,094;1164,204;1181,043
105:0,011;39,001;71,150;328,040;506,096;577,166;762,190;812,133;904,158;1147,103;1149,139
106:0,011;131,106;424,040;746,066;818,183;961,069;1058,271;1200,195
107:0,011;18,014;101,163;283,251;301,053;310,113;328,040;836,089;897,120;1184,185
108:0,011;56,060;146,223;251,257;301,053;384,107;481,263;570,137;887,260;946,170;1193,120
109:0,011;167,158;328,040;506,096;790,111;880,145;1062,104
110:0,011;119,098;167,158;261,145;271,219;328,040;610,094;695,128;879,239;1090,027
111:0,012;93,165;120,037;132,267;172,137;340,197;349,187;392,210;440,261;520,152;535,026;550,036;631,040;747,078;767,215;1061,031;1158,098;1175,095;1192,171
112:0,012;94,101;101,165;134,217;265,007;281,230;354,032;516,273;584,040;655,189;724,106;822,094;899,152
113:0,012;96,111;210,064;252,160;381,032;439,254;470,143;596,105;893,094;999,139;1082,145;1120,106
114:0,012;89,036;102,137;188,036;227,171;433,105;477,230;588,210;775,193;1105,047
115:0,012;140,211;210,178;311,063;419,197;643,160;728,107;867,225;947,139
116:0,012;117,155;140,131;170,138;210,088;265,007;369,035;395,120;430,090;469,261;838,268;919,105;1120,183
117:0,012;102,137;120,037;134,217;153,111;218,076;563,036;951,217;954,143;1105,047
118:0,012;115,230;139,036;199,128;311,063;378,188;557,036;697,133;862,098;898,133;1006,218;1019,151;1105,047
119:0,012;120,037;141,112;305,121;363,035;383,042;399,180;531,254;813,140;866,272;1166,256
120:0,012;270,107;380,060;416,112;550,193;708,225;966,185;978,107;1063,158;1090,275;1105,047
121:0,013;78,205;126,033;170,124;231,132;292,145;339,116;344,232
122:0,013;112,242;262,121;352,184;373,204;436,106;565,092;850,132;876,153;1032,268
123:0,013;96,056;145,220;182,113;837,150;930,147;1197,198
124:0,013;202,146;343,185;367,158;594,026;627,111;1109,035;1126,079
125:0,013;154,253;238,217;423,240;549,104;649,151;651,180;708,126;806,172;823,192;840,103
126:0,013;145,220;496,128;796,150;868,235;1069,027;1145,047;1154,158;1157,035
127:0,013;116,166;416,092;558,238;598,143;694,151;837,093;866,252;1061,097;1069,027
128:0,013;148,167;215,105;953,207;1069,027;1194,229
129:0,013;11,156;126,033;225,091;510,137;585,247;673,225;701,247;772,043;1069,027;1108,261;1128,031;1187,125;1196,219
130:0,013;189,267;343,109;375,236;455,272;483,050;535,222;936,190;1167,255
131:0,014;60,098;115,057;129,193;416,076;435,062;447,115;467,056;840,153;843,043;857,252;1014,190;1018,242;1126,197
132:0,014;63,013;185,064;274,253;312,175;524,225;743,264;902,161;972,255;1008,164;1127,055;1195,170
133:0,014;68,219;185,064;246,163;317,032;362,157;421,211;422,091;670,031;729,213;751,198;762,043;910,273;930,047;975,091
134:0,014;56,060;185,064;249,134;451,170;456,211;562,040;616,158;762,043;972,255;1154,035
135:0,014;56,060;105,201;118,236;526,130;603,200;670,031;751,225;762,043;984,274;1181,114;1195,274
136:0,014;38,251;287,193;560,050;573,198;670,031;749,080;768,158;822,238
137:0,014;39,015;56,060;388,082;467,056;735,230;781,080;824,027;930,047;1068,215;1131,136
138:0,014;137,019;392,160;530,079;539,229;681,143;786,230;930,047;960,058;1099,128
139:0,014;56,060;262,225;263,194;467,056;629,066;785,102;1068,274
140:0,014;60,139;185,064;221,182;467,056;869,148;953,074;980,238;1097,139;1106,230
141:0,015;82,246;153,059;189,088;250,175;292,104;361,115;366,169;644,030;796,056;814,256;1111,032;1198,222
142:0,015;106,013;130,090;464,169;541,227;603,169;644,030;840,118
143:0,015;63,183;265,169;387,074;483,238;551,267;567,164;868,234;925,058;947,218;957,032;1168,125
144:0,015;76,201;118,207;153,059;162,112;188,138;356,032;440,040;505,127;569,193;764,114;813,043;819,100
145:0,015;63,183;96,126;149,130;153,059;161,126;252,225;259,027;291,274;324,032;381,229;399,263;427,193;451,220;644,030;809,183;891,164;925,058;957,032
146:0,015;150,228;203,067;282,092;375,268;627,140;762,043;866,143;881,029;901,127;1101,100
147:0,015;41,036;103,192;501,056;557,264;578,175;650,130;1097,127;1142,251
148:0,015;41,036;96,126;456,156;791,225;824,104;833,057;898,243;948,078;957,032;1168,128
149:0,015;80,150;99,124;139,193;153,059;178,150;215,194;345,144;351,106;475,026;778,222;784,263;819,100;927,133;1080,083
150:0,015;41,036;195,188;300,076;411,170;438,219;451,169;463,225;522,018;557,264;710,040;752,172;925,058;957,032;1169,131
151:0,016;15,002;19,236;358,132;478,056;517,048;540,263;791,204;1028,159;1090,069;1182,193
152:0,016;101,130;132,183;195,164;493,107;710,131;1069,026
153:0,016;46,116;280,170;317,032;400,093;517,048;537,200;548,050;646,040;649,150;833,056;854,235
154:0,016;62,178;118,119;517,048;595,230;681,274;800,222;851,136;867,171;983,251;1086,055;1128,187
155:0,016;38,042;118,119;550,050;567,139;632,210;662,066;705,229;1086,055
156:0,016;38,042;60,253;300,150;437,127;539,166;592,106;701,061;803,197;912,097;965,230;1103,130
157:0,016;38,080;55,251;143,133;287,126;291,267;293,098;365,101;682,185;835,081;917,138;1077,235;1138,242
158:0,016;39,175;60,066;92,101;106,226;127,165;402,185;1182,027
159:0,016;38,042;195,164;322,032;455,107;618,127;655,213;909,183;986,136;987,234;1086,055
160:0,016;18,139;38,042;39,175;400,093;856,189;1164,118
161:0,017;72,064;127,128;128,185;203,067;244,027;277,223;351,143;453,188;586,160;626,026;830,060;871,212;1015,267
162:0,017;126,033;144,041;180,097;235,150;298,274;483,236;789,072;864,164;1088,268;1176,116
163:0,017;269,124;411,274;555,244;714,254;830,060;871,212
164:0,017;127,128;181,189;244,027;390,261;439,060;440,201;552,176;594,137;683,098;799,213;806,243;845,134;867,217;1061,031
165:0,017;128,185;163,083;244,027;332,109;490,227;515,042;587,133;611,268;674,031;684,273;688,153;782,170;789,072;853,166;860,093;961,069;1004,063;1117,158
166:0,017;145,247;383,042;460,140;490,257;637,114;691,263;732,062;789,072;900,093;961,069
167:0,017;33,210;180,097;244,027;304,103;383,042;450,047;552,236;659,238;780,180;789,072;884,190;940,232;1195,255
168:0,017;33,210;277,170;279,200;383,042;498,094;598,254;685,145;744,268;822,244;830,060;953,267
169:0,017;127,105;383,042;594,215;698,143;1050,191
170:0,017;193,107;244,027;277,170;535,091;573,159;715,193;830,060;961,069;1169,094
171:0,018;12,227;79,234;85,067;98,160;117,204;265,210;323,092;753,029;925,243;1089,219;1193,247
172:0,018;88,272;404,026;450,047;452,152;473,050;504,109;510,164;629,066;774,264;795,170
173:0,018;79,260;304,267;473,050;567,114;609,243;799,234;833,057;920,262;963,032;1088,160
174:0,018;89,013;166,197;450,047;454,040;550,140;620,273;639,121;680,160;750,175;835,027;945,123;1029,134;1061,031
175:0,018;65,036;342,131;359,219;692,272;701,114;760,164;769,123;920,262
176:0,018;88,272;450,047;463,161;550,036;574,273;736,178;773,062;803,102;895,191;903,148;937,063;1009,041;1175,189
177:0,018;60,066;155,156;202,238;417,116;544,180;550,036;673,093;833,029;931,167;1074,190;1085,131;1092,158;1097,189
178:0,018;15,012;60,066;159,201;382,074;391,109;450,047;473,050;566,111;790,178;922,139;972,204;982,161;1165,239
179:0,018;82,246;104,260;227,204;513,145;547,119;550,036;609,243;629,066;766,074;823,127;833,057;915,095;974,271;1093,091;1140,076
180:0,018;60,066;101,130;166,197;260,187;481,079;512,267;531,268;572,188;629,066;656,178;931,167;988,163
181:0,019;311,063;371,079;411,175;824,027;932,267;962,140
182:0,019;328,045;394,230;434,060;592,198;943,222;1058,026
183:0,019;7,078;415,176;749,234;777,191;826,081;829,260;1035,161;1127,176;1171,158
184:0,019;335,112;636,140;1058,026;1090,275;1147,060
185:0,019;231,104;275,188;328,045;390,144;591,261;848,191;873,027;876,041;948,207
186:0,019;79,234;504,187;1081,220;1118,052;1147,060
187:0,019;6,012;10,019;171,231;182,109;333,164;534,158;824,027;959,271;1058,026;1074,148;1147,060
188:0,019;305,261;328,045;375,230
189:0,019;285,225;341,260;824,027;979,195;1145,105;1147,060
190:0,019;65,187;316,247;328,045;363,035;371,079;479,171;670,031;792,184;933,268;979,195;998,171;1163,123
191:0,020;40,232;69,207;78,077;291,107;413,136;579,274;676,104;995,074;1101,260;1105,052;1143,234
192:0,020;111,056;234,193;272,145;274,143;499,098;519,274;682,171;705,175;717,197;828,264
193:0,020;55,036;69,207;128,244;735,184;1093,052
194:0,020;78,077;184,231;227,167;296,026;325,251;348,098;673,062;701,217;912,234;1028,100;1093,052;1110,120
195:0,020;16,132;218,157;501,160;673,062;785,061;876,041;890,127;1081,097
196:0,020;52,215;343,045;349,136;517,048;530,098;631,219;673,062;701,061;837,098;861,161;876,041;1088,114
197:0,020;88,060;226,225;378,113;391,261;451,210;521,257;551,135;604,126;912,264
198:0,020;118,244;385,098;458,221;555,121;634,238;648,056;673,062;776,166;807,128;876,041;884,061;1088,114;1093,052;1135,111
199:0,020;55,011;159,261;286,240;547,152;701,061;918,147;1061,031;1093,052;1141,035;1179,236
200:0,020;98,090;333,033;392,247;393,187;644,030;701,061;912,097;1188,161
