001:0,001;54,021;121,242;299,014;330,061;467,030;531,123;646,022;661,038;672,079;777,061;816,179;829,080;841,247
002:0,001;249,183;535,047;689,062;735,146;761,055;799,267;816,179;945,180;1057,110
003:0,001;231,047;330,061;481,220;541,210;581,176;582,030;644,079;661,038;724,031;793,116;828,066;905,141;1190,036
004:0,001;228,170;279,242;330,061;457,027;590,187;777,061;864,211;877,085;1012,076;1066,059;1094,180
005:0,001;41,199;457,027;587,159;640,061;739,159;829,076;901,038;907,166;978,227
006:0,001;231,047;249,183;318,084;390,234;412,017;457,027;730,012;755,035;831,235;1142,187
007:0,001;220,048;231,047;330,061;474,255;777,061;801,097;809,071;811,172;855,029;934,140
008:0,001;288,163;413,170;457,027;661,038;720,202;761,055;777,061;844,066;864,211;876,087;1188,060
009:0,001;228,170;600,027;744,151;761,055;832,053;1078,156;1188,060
010:0,001;258,220;262,049;330,061;457,027;736,168;761,055;801,097;914,059;925,016;961,096;1014,040
011:0,002;219,022;344,042;400,072;447,069;517,242;535,085;586,258;595,003;657,204;697,060;977,121;1026,136;1038,266;1040,254;1073,168
012:0,002;219,022;357,095;611,040;713,085;928,168;1057,043;1159,121;1183,169;1191,071
013:0,002;219,022;344,042;346,073;407,101;447,069;465,082;488,024;496,037;642,029;651,134;824,263;859,242;1017,065;1172,253
014:0,002;219,022;344,042;368,234;382,228;496,037;623,056;748,247;834,124;954,173;982,030;1017,065;1057,043;1166,250
015:0,002;219,022;344,042;357,095;388,012;455,077;536,169;576,045;595,040;715,165;781,219;923,242;1017,065
016:0,002;258,082;346,073;400,269;481,022;492,115;496,037;779,238;788,159;983,030;1017,065;1057,043;1160,030;1161,169
017:0,002;219,022;366,221;381,075;496,037;546,172;770,250;812,029;882,030;1017,065;1107,266;1175,036
018:0,002;219,022;344,042;346,073;382,228;494,237;496,037;514,232;748,026;817,187;882,030;1026,136
019:0,002;183,249;218,214;219,022;333,055;423,194;447,069;465,082;481,024;496,037;737,054;835,159;882,030;1064,137
020:0,002;247,041;368,234;489,263;496,037;712,100;718,259;1067,266;1077,070;1096,065
021:0,003;597,048;789,042;972,073;1161,204
022:0,003;642,151;774,135;789,042;956,036;972,073;1149,040;1150,031
023:0,003;103,055;172,014;266,096;349,160;404,170;407,029;414,074;456,021;515,070;525,125;593,035;614,067;683,078;776,054;789,042;941,139;1035,033;1077,063;1157,116
024:0,003;623,073;667,062;727,267;789,042;972,073;1077,063;1085,140
025:0,003;354,085;375,039;446,231;478,120;492,061;568,073;610,101;755,130;919,027;1031,126;1049,191;1111,054;1150,031
026:0,003;622,084;642,029;652,034;708,077;842,121;972,073;975,146;1027,096;1035,033;1098,030;1162,026
027:0,003;354,085;429,166;561,070;583,134;600,003;662,115;676,150;682,121;777,220;784,063;1038,191;1098,030;1150,031
028:0,003;492,061;582,176;607,003;642,029;711,067;774,135;789,042;972,073;1031,126;1069,139;1077,063
029:0,003;375,039;420,017;454,003;682,121;782,210;789,042;1035,033;1150,031;1194,141
030:0,003;118,061;124,007;187,001;253,003;492,061;583,134;653,150;806,063;1040,192;1076,048;1109,078;1131,168
031:0,004;312,007;322,169;364,022;854,060;1028,225;1142,075
032:0,004;303,091;317,037;384,237;390,176;541,045;578,261;726,077;855,071;968,027
033:0,004;88,061;103,055;158,250;364,022;557,075;652,236;903,053;962,110;1056,039
034:0,004;307,072;335,018;379,125;419,022;849,198;909,147;968,195;969,159;981,026;1012,072;1039,027;1191,039
035:0,004;302,059;364,022;861,255;981,026;1056,039;1183,086
036:0,004;249,131;364,022;943,205;1081,210;1167,075
037:0,004;191,042;207,004;307,264;364,022;845,087;1056,039
038:0,004;298,067;364,022;744,255;887,101;972,027
039:0,004;51,038;130,004;364,022;849,060;981,026;1056,039;1075,136;1104,034;1190,065
040:0,004;303,091;364,022;744,096;1002,169;1037,046;1056,039
041:0,005;66,021;107,053;210,067;373,042;412,045;750,165;840,071;1016,275;1064,067
042:0,005;26,036;61,064;107,053;115,055;226,087;368,096;403,030;412,045;676,259;840,071;904,059;1094,145
043:0,005;38,147;107,053;210,067;223,053;402,215;610,230;742,014;830,134
044:0,005;26,036;68,078;223,053;290,200;373,042;412,045;439,008;481,024;498,084;699,047;928,255;1064,067
045:0,005;26,036;98,174;210,067;223,053;336,127;373,042;470,085;482,147;518,031;614,259;700,037;787,033;797,054;802,101;904,059;907,026;978,259;1087,267;1121,205;1145,036;1178,026
046:0,005;61,064;161,003;189,041;223,053;336,127;412,045;485,192;632,174;742,014;780,081;840,071
047:0,005;38,147;61,064;124,267;130,034;212,049;341,052;462,074;485,192;673,045;719,133;742,014;787,174;904,059;1064,067
048:0,005;33,176;68,078;210,035;290,200;373,042;414,166;607,063;618,150;631,183;644,040;689,035;734,252;742,014;790,238;794,115;892,134;998,118
049:0,005;38,133;61,064;107,053;198,133;245,067;375,240;412,045;699,047;751,201;756,258;775,019;787,174;982,071;1064,067
050:0,005;26,036;107,053;116,015;124,267;210,067;380,085;401,240;448,210;510,269;683,115;742,014;780,081;896,049;905,233;918,204;1058,096;1064,067
051:0,006;239,242;252,084;254,037;355,264;453,007;545,048;551,260;568,073;653,050;756,238;824,038;935,060;943,078;956,036;962,229;981,028;1049,082;1109,071
052:0,006;238,260;244,072;453,007;493,148;824,038;942,174;981,057;998,139
053:0,006;110,070;165,186;254,037;342,043;476,083;762,235;771,119;858,096;906,063;966,026;981,028;1001,045
054:0,006;281,093;342,043;534,174;541,003;686,050;824,038;921,118;943,227;956,036;981,057;1001,045;1076,048;1111,054;1167,151
055:0,006;244,072;406,073;435,236;453,007;530,260;623,056;764,227;925,030;966,188;987,044;1094,096
056:0,006;254,037;403,274;427,072;530,260;549,054;568,073;623,056;641,091;750,029;807,103;889,026;981,028;1001,045
057:0,006;238,133;244,072;439,008;453,007;467,147;492,061;568,073;623,056;750,029;824,038;1007,150;1076,048;1099,043;1172,132
058:0,006;244,072;453,007;466,160;568,073;679,258;750,029;956,036;981,057;998,028;1001,045
059:0,006;249,141;342,043;453,007;487,234;518,104;623,056;744,096;845,210;958,030;981,057;987,044;1109,071
060:0,006;165,019;184,153;244,072;342,043;435,236;442,072;453,007;518,104;750,029;948,125;956,036;987,044;1086,205;1098,126;1109,071;1198,227
061:0,007;389,138;422,048;437,195;763,062;765,059;773,050;838,053;936,230;1086,073;1137,150
062:0,007;375,039;384,063;434,181;463,022;526,068;567,119;595,040;631,070;738,026;818,080;923,141;939,124;1165,097;1192,073
063:0,007;379,053;382,140;422,048;595,040;629,045;647,235;738,026;954,034;963,184
064:0,007;380,210;389,138;410,102;694,100;715,219;738,026;759,147;952,030;954,034;978,267
065:0,007;389,115;738,026;795,085;867,041;890,076;996,049;1192,073
066:0,007;382,140;422,048;578,075;681,250;783,013;793,076;817,039;963,184;1121,219;1131,061;1185,081;1192,073
067:0,007;408,061;421,045;571,048;634,123;730,012;742,014;788,274;818,275;936,110;945,063;1064,046;1173,087;1192,073
068:0,007;70,164;94,007;180,092;197,035;242,191;355,027;384,063;427,142;501,031;525,017;542,148;556,250;578,075;595,040;615,264;628,037;700,019;719,172;833,222;914,154;933,069;966,144
069:0,007;384,063;437,195;529,048;578,075;600,150;655,056;711,267;738,026;904,059;936,110;1157,113
070:0,007;90,069;120,111;273,141;327,249;384,063;422,048;578,075;681,160;699,047;738,026;817,039;954,034
071:0,008;38,208;88,061;110,070;151,054;191,042;222,166;266,231;349,030;597,048;616,275;708,075;740,115;844,275;1012,072;1149,130
072:0,008;106,149;107,053;123,067;126,163;255,047;281,093;282,206;349,030;380,068;382,003;637,159;642,029;694,169;708,075;724,070;741,041;758,078;796,232;813,258;972,073;1134,096;1167,061
073:0,008;38,208;107,054;123,067;201,109;401,083;442,047;458,029;511,003;718,239;724,070;782,210;848,212;904,253;996,263;1012,072;1137,045
074:0,008;107,054;227,049;346,073;349,030;458,048;494,228;528,243;602,258;670,038;707,028;737,091;744,054;797,076;836,146;961,079
075:0,008;101,021;107,054;110,070;175,002;191,042;203,051;249,141;253,018;266,231;394,030;633,104;667,220;707,028;742,101;850,198;908,043;915,169;1076,048;1090,072;1116,071;1153,251
076:0,008;88,061;123,067;191,042;203,051;349,030;589,003;637,071;638,100;708,075;736,168;986,097;1131,042;1196,266
077:0,008;107,054;203,051;326,131;349,030;616,275;840,071;846,172;889,210;1064,072;1131,042
078:0,008;106,149;110,070;123,067;201,109;240,003;548,079;718,060;724,070;750,095;935,069;996,180;1012,072;1098,030
079:0,008;88,061;110,055;126,163;332,012;485,029;520,054;592,148;875,190;997,030;1018,079;1049,239;1075,033;1131,042;1146,236;1160,272;1188,060
080:0,008;107,054;110,070;123,067;203,051;358,120;558,247;579,149;650,101;669,199;708,075;822,140;1080,259
081:0,009;222,017;249,077;439,008;457,182;469,264;571,103;593,174;645,037;647,060;933,069;972,272;1008,089;1112,049
082:0,009;216,101;377,046;381,075;439,008;500,106;652,034;691,060;933,069;972,182;975,040;1016,125;1161,065;1178,146;1198,254
083:0,009;107,053;149,035;286,018;521,123;529,037;563,259;623,258;684,062;841,063;874,190;955,025;1051,119;1087,263;1137,039;1138,111
084:0,009;198,082;200,026;216,101;227,049;352,087;381,075;421,046;471,202;509,147;615,027;678,127;742,014;839,229;970,076
085:0,009;119,205;149,035;198,082;284,139;332,077;376,127;667,022;817,039;997,168;1113,036;1197,061
086:0,009;127,169;234,029;325,049;428,202;631,070;735,263;919,027;1113,036
087:0,009;119,205;149,035;284,139;439,008;469,264;543,150;550,264;631,070;778,235;933,069;956,179;1077,070
088:0,009;90,069;123,070;177,234;188,186;231,035;266,053;284,125;290,012;409,154;439,008;494,170;533,068;647,060;919,027;1077,070;1113,036
089:0,009;147,213;228,060;284,125;457,182;465,074;525,210;564,084;605,195;631,070;647,060;817,039;919,027;972,272;1070,169;1157,036
090:0,009;70,043;147,213;381,075;442,161;500,106;647,060;779,120;794,178;1098,222;1137,235
091:0,010;65,057;66,252;169,053;174,084;218,035;237,032;322,008;348,150;566,068;575,031;619,169;752,187;1132,033;1195,026
092:0,010;58,156;65,057;143,047;144,242;203,260;216,176;322,008;369,269;556,031;832,053;906,187;1177,228
093:0,010;49,115;65,057;179,244;189,073;220,092;318,094;343,031;406,073;453,123;561,031;595,061;677,124;824,026;1132,204;1149,097
094:0,010;51,038;65,057;167,223;247,035;277,077;322,008;343,031;658,019;824,266;855,133;1034,115;1137,030
095:0,010;52,020;65,057;216,176;237,032;308,250;343,031;737,076;751,201;755,035;783,121
096:0,010;51,038;143,047;167,223;278,051;322,008;359,135;439,008;491,199;529,242;603,031;755,035;824,026;1092,129;1166,230
097:0,010;51,038;134,269;143,047;219,086;383,096;515,120;549,045;678,031;783,121;824,026;924,118;1019,026;1092,113;1199,184
098:0,010;68,154;237,032;302,059;329,145;343,031;557,075;567,027;746,227;840,266;1025,190
099:0,010;58,156;174,084;237,032;314,053;322,008;354,183;437,017;630,045;694,031;755,035;770,151;792,150;824,026;828,066;832,053;895,150;907,115
100:0,010;65,057;240,156;322,008;343,031;731,019;828,166;832,053;872,227;996,173;1142,034
101:0,011;55,068;158,033;199,267;200,026;216,004;225,067;307,135;380,068;453,007;457,027;501,247;603,067;699,047;730,012;924,027;955,042;1020,172;1073,271
102:0,011;165,019;199,275;219,156;225,067;397,042;431,226;478,119;561,070;632,061;730,012;742,014;764,134;889,047;914,053;947,195;1111,054;1164,039
103:0,011;55,068;130,034;165,019;203,096;380,068;630,057;730,012;821,205;920,040;1026,197;1104,129
104:0,011;130,034;150,155;165,019;200,026;265,181;462,077;640,127;711,183;730,012;764,261;831,250;920,040
105:0,011;72,036;147,004;165,019;201,260;257,067;305,145;665,130;920,040
106:0,011;55,068;144,001;158,033;189,073;200,026;225,067;285,262;319,181;380,068;603,067;630,057;665,260;730,012;745,160;821,205;1165,082
107:0,011;70,164;72,036;158,033;165,019;189,073;200,026;334,037;380,068;401,274;431,226;529,146;532,125;574,166;630,057;670,151;720,275;763,033;817,232
108:0,011;55,068;130,034;158,033;189,073;200,026;220,048;233,047;267,053;327,229;380,068;603,067;713,028;714,036;770,022;902,265;905,103;920,040;971,124;1111,054;1173,180
109:0,011;72,036;130,034;165,019;208,259;216,026;220,048;225,067;231,047;373,199;380,068;576,087;654,067;730,012;750,103;821,244;912,174;920,040
110:0,011;51,038;165,019;189,073;213,234;220,048;225,067;369,037;380,068;402,221;447,022;467,029;603,067;718,239;749,133;763,095;1031,151;1099,040;1109,071;1111,054;1126,116;1149,212
111:0,012;407,101;424,083;544,160;579,087;610,043;783,168;911,265;1018,085;1190,272
112:0,012;350,142;588,264;613,142;616,050;661,038;718,146;911,159;958,085;1136,075;1178,131
113:0,012;350,142;370,072;418,215;610,043;743,120;799,250;887,259;922,016;1083,059;1097,046;1173,034
114:0,012;451,103;787,047;1039,254
115:0,012;414,069;423,085;556,174;610,043;730,159;772,224;787,047;1050,058;1057,043;1136,075
116:0,012;414,069;418,240;573,160;779,242;839,060;907,047;981,190;1044,046;1104,212
117:0,012;439,074;451,103;468,183;628,235;787,047;922,016;1008,261
118:0,012;424,074;505,142;667,062;772,169;954,233;1164,225;1191,067
119:0,012;322,008;385,145;414,069;425,059;470,029;475,232;781,124;882,030;1025,180;1042,125;1089,254;1101,259;1114,275;1121,137
120:0,012;439,199;608,170;765,063;779,242;920,244;971,204
121:0,013;70,043;82,156;261,118;287,042;318,014;369,083;423,237;446,119;656,147;806,119;871,230;1137,060;1152,077
122:0,013;90,069;121,242;130,045;151,054;261,118;287,042;339,027;397,210;473,240;703,035;737,154;1040,136;1048,195;1065,033
123:0,013;70,043;78,145;302,059;447,148;520,047;595,061;732,104;799,133;833,156
124:0,013;70,200;90,069;166,007;339,027;396,122;433,034;491,096;530,135;557,075;577,272;593,035;652,034;659,178;954,034;1031,040;1053,228;1127,033
125:0,013;77,184;90,069;221,084;354,229;379,053;381,086;433,034;515,047;530,135;593,035;707,212;899,042;946,263;1100,082;1144,030;1147,267;1156,261
126:0,013;70,043;95,069;130,045;225,206;270,047;345,251;379,053;595,061;652,037;727,102;768,063;779,078;927,060;968,154;1106,039
127:0,013;90,069;151,054;239,112;287,042;302,059;345,251;379,053;446,119;457,031;511,263;537,070;557,075;593,035;595,061;689,035;708,047;789,247;1097,230
128:0,013;151,054;242,102;265,181;302,059;440,034;490,022;607,100;630,057;661,029;693,236;904,263;908,039;957,275;1149,130;1199,026
129:0,013;78,145;153,169;242,102;283,111;287,042;339,027;423,237;647,061;709,258;944,076;970,195;1035,033
130:0,013;194,111;339,027;369,083;396,122;433,034;489,263;689,035;737,154;891,173;1141,142
131:0,014;299,263;396,054;447,069;456,021;479,070;557,235;635,059;667,062;798,202;860,043;975,036;1097,102
132:0,014;341,052;396,054;467,060;560,169;610,043;707,028;754,247;769,232;946,039;1076,049
133:0,014;341,052;396,054;467,060;498,054;517,270;609,045;614,022;626,059;893,266;1092,034
134:0,014;215,206;309,093;317,111;364,272;372,128;380,272;414,074;448,069;456,021;498,054;531,219;846,066;892,150
135:0,014;364,272;381,264;456,021;467,060;598,003;626,059;860,043;956,036;993,151;1092,034;1104,061;1174,199
136:0,014;372,128;407,163;456,021;467,060;509,031;512,037;517,270;542,227;626,059;1174,199
137:0,014;322,008;341,052;396,054;467,060;498,054;739,273;741,041;742,062;860,043;980,059;1092,034;1153,251
138:0,014;337,143;456,021;487,169;551,068;600,150;604,204;624,101;626,059;741,041;959,210;1105,061;1113,036;1149,131;1153,067
139:0,014;370,030;389,240;396,054;413,221;417,055;423,145;434,074;456,021;585,269;626,059;662,199;707,028;741,041;768,224;830,059;1149,131;1159,030
140:0,014;254,037;344,082;372,176;396,054;456,021;508,210;531,219;648,145;672,059;860,043;1013,188;1092,034
141:0,015;178,049;228,060;414,074;469,070;505,259;520,054;787,047;1000,203;1048,253
142:0,015;186,049;228,060;436,047;639,040;683,054;809,222;1064,190;1090,266
143:0,015;178,049;205,148;281,145;321,003;539,159;616,050;857,173;923,058
144:0,015;143,047;178,199;260,263;389,115;427,143;436,047;488,250;497,047;563,170;657,195;688,240;795,230;832,220;842,261;923,058
145:0,015;178,049;228,060;426,127;428,154;520,054;754,050;899,180;923,058
146:0,015;212,246;228,060;422,048;436,047;529,146;583,123;616,050;886,084;905,049;923,058
147:0,015;205,148;444,047;502,059;520,054;806,078;1112,030;1146,236
148:0,015;249,131;309,060;436,047;439,008;488,250;564,183;723,059;859,172;922,049;1066,265;1146,058
149:0,015;130,045;144,053;178,049;369,079;428,202;443,074;518,045;581,263;613,240;641,142;702,067;795,230;923,058;955,025;1017,078;1092,027;1159,198;1187,131
150:0,015;222,167;233,089;261,029;272,240;383,079;414,074;476,029;505,259;596,220;872,097;1153,043
151:0,016;112,041;265,186;315,012;403,056;426,258;432,070;707,195;759,202;930,042;955,025;1020,203;1076,041;1094,096;1106,190;1158,111;1181,031
152:0,016;110,275;290,176;385,160;403,056;486,085;498,054;595,228;828,041;955,025;1007,142;1150,061;1165,198
153:0,016;112,041;403,056;436,048;595,228;667,062;794,235;796,238;936,202;955,025;998,193;1040,065;1196,190
154:0,016;95,168;112,041;265,186;275,053;309,160;374,003;462,111;603,073;616,050;793,265;828,041;955,025;1002,271;1067,043;1149,089
155:0,016;38,133;110,070;131,252;209,051;377,215;380,210;436,047;503,258;569,199;585,026;588,077;600,022;812,146;828,041;955,025;981,028;1002,271
156:0,016;101,012;112,041;462,243;545,194;559,022;695,085;756,033;807,165;828,041;974,129;1062,146;1076,041;1114,082
157:0,016;100,133;219,022;244,072;274,051;406,073;426,258;620,100;652,034;732,263;756,033;828,041;948,125;986,049;1126,119;1136,075;1190,060
158:0,016;95,234;119,275;156,012;247,262;432,070;578,237;653,067;753,022;828,041;974,129;1007,142;1094,145;1121,040;1162,026
159:0,016;98,248;112,041;403,056;432,070;581,026;619,083;734,274;816,228;1028,044;1076,041;1154,210
160:0,016;98,248;112,041;406,073;419,060;432,070;595,169;677,060;756,033;1076,041;1120,027
161:0,017;481,024;545,195;553,220;643,193;658,019;825,204;936,060;973,253;1007,219
162:0,017;595,040;597,048;645,236;658,019;809,071;828,166;1073,129;1081,272
163:0,017;648,220;658,019;828,066;899,180;989,166;1076,172
164:0,017;637,071;658,019;826,097;857,071;1080,150;1091,058;1116,046;1180,144
165:0,017;597,048;650,130;689,204;890,079;973,071;1037,046
166:0,017;360,059;463,230;472,017;636,119;637,071;658,019;809,071;828,066;856,071;1057,043;1120,159;1188,060
167:0,017;636,129;637,071;769,179;809,071;895,172
168:0,017;107,054;155,017;643,193;658,019;890,079;955,025;1037,046
169:0,017;423,194;558,017;650,130;658,019;821,265;1037,046;1077,070;1099,084
170:0,017;641,212;828,066;877,179;1065,126
171:0,018;527,061;532,227;702,124;779,013;799,140;864,207;867,038;909,239;1012,072;1088,200;1136,075
172:0,018;515,047;625,072;636,041;641,095;753,048;779,013;924,239;1104,061;1131,042;1136,219;1142,116
173:0,018;433,034;502,059;579,095;581,026;625,072;705,204;779,013;793,040;939,146;1151,085
174:0,018;525,176;636,041;641,095;653,119;779,013;838,253;954,150;1000,178;1117,141
175:0,018;502,059;573,129;636,041;649,274;779,013;828,029;1006,096;1077,063;1108,125;1122,265;1125,076;1162,026;1180,159
176:0,018;573,017;581,026;726,126;753,048;756,033;779,013;813,171;998,028;1006,253;1104,061
177:0,018;512,127;515,047;581,026;624,047;625,072;630,102;642,227;753,048;779,013;813,171;870,238;936,069;964,125;1022,095;1104,061
178:0,018;502,059;562,171;581,026;636,041;672,084;793,040;906,219;1084,044;1104,061
179:0,018;520,003;623,176;625,072;648,248;689,035;724,070;762,079;779,013;793,040;859,103;949,232;1154,205
180:0,018;393,017;415,077;461,072;515,047;673,102;734,261;753,048;793,040;864,207;919,202;979,188;1037,263;1071,193;1096,150;1131,042;1162,026
181:0,019;103,055;183,249;375,039;403,244;458,150;476,194;506,059;535,230;727,075;1040,084
182:0,019;54,021;118,061;191,214;223,053;242,029;879,042;891,228
183:0,019;54,021;199,191;234,029;295,007;360,059;380,142;422,128;595,040;703,037;720,119;766,267;824,026;896,049;1098,030
184:0,019;54,021;124,142;130,045;152,098;223,249;257,068;318,094;360,059;403,244;560,095;565,147;719,133;896,049;1089,225;1195,233
185:0,019;54,021;166,086;330,242;360,059;486,159;568,244;922,171;998,144;1078,065;1151,247
186:0,019;54,021;134,012;234,029;473,176;476,187;581,195;593,243;723,084;855,229;951,049;981,028;993,089
187:0,019;55,234;234,029;614,077;724,095;727,075;838,059;847,156;981,026;993,193
188:0,019;54,021;103,055;147,270;149,035;226,188;234,029;786,233;876,115;1024,134
189:0,019;54,021;118,061;133,098;199,191;270,037;476,187;676,022;681,142;727,075;794,233
190:0,019;66,252;118,061;180,092;275,102;574,270;625,072;641,212;681,250;727,075;896,049
191:0,020;205,089;219,020;288,046;330,061;342,112;390,128;585,063;714,036;757,156;835,148;922,016;1020,129;1094,180;1165,033
192:0,020;262,135;325,199;327,191;333,055;457,072;543,202;646,043;717,170;767,075;789,224;850,053;922,016;1019,072;1067,082;1086,059;1137,060;1184,126
193:0,020;234,068;288,046;457,072;481,024;521,220;585,063;1031,118;1106,212;1137,060;1168,034
194:0,020;288,046;457,072;481,024;591,204;637,071;659,178;768,063;922,016;992,222
195:0,020;234,068;273,022;333,055;435,127;481,024;529,045;534,174;585,063;810,147;854,084;1072,073
196:0,020;288,046;479,115;480,150;509,149;585,063;896,049;922,016;996,273;1001,045;1167,250;1178,096
197:0,020;234,068;457,072;546,172;685,063;922,016;1027,059;1107,193;1144,079
198:0,020;234,068;333,055;438,221;481,024;556,261;1116,027;1168,077
199:0,020;72,036;110,017;205,089;288,046;333,055;421,176;457,072;464,231;467,060;481,024;509,149;545,146;585,063;714,036;720,202;731,169;873,039;874,063;978,261;980,235;1067,272;1137,060;1141,139;1149,065
200:0,020;248,263;279,250;288,046;468,244;619,040;714,036;752,104;788,033;802,029;922,016;987,044;1089,146
