001:0,001;66,214;131,134;401,189;422,236;530,153;533,041;544,261;565,229;577,077;884,137
002:0,001;170,075;310,273;358,169;615,138;682,140;711,237;894,080;971,149;1027,141;1030,130
003:0,001;112,054;150,061;271,219;378,046;400,260;489,064;582,186;644,058;751,263;963,156;1036,158
004:0,001;66,214;112,054;144,034;189,134;409,169;489,064;504,232;605,174;619,232;644,058;739,063;884,137;1185,042
005:0,001;11,140;144,034;154,227;542,124;823,050;900,256;990,183;1131,156
006:0,001;85,179;91,109;406,162;461,125;739,063;852,249;881,109;899,236;1052,215;1156,036;1196,042
007:0,001;49,133;112,054;144,034;150,061;358,219;400,260;612,150;732,237;973,078;1152,238
008:0,001;15,221;34,098;79,257;144,034;150,061;164,126;274,095;398,092;411,174;461,066;486,266;489,064;561,112;584,095;706,030;733,080;739,063;852,249;951,188;988,256;1074,131;1160,248
009:0,001;15,221;18,138;96,240;142,147;381,068;628,125;1195,194
010:0,001;18,138;201,099;396,236;408,081;578,189;590,194;644,058;771,104;946,149
011:0,002;117,116;173,058;201,061;244,191;533,127;566,044;693,147;710,128;972,042;1051,133
012:0,002;135,153;502,260;523,216;608,041;696,236;962,042;1049,161;1114,081;1144,227;1170,247
013:0,002;125,108;151,009;206,061;351,087;656,193;1018,120
014:0,002;42,249;421,259;582,109;772,147;877,124;904,120;1094,133
015:0,002;93,134;160,191;482,166;568,206;644,058;797,128;1012,161;1018,101;1076,269
016:0,002;79,099;202,036;206,154;432,248;502,096;582,247;682,030;744,228;962,042;1177,122
017:0,002;106,092;146,181;206,154;321,164;477,192;611,078;661,108;860,120;943,154
018:0,002;76,156;133,040;156,166;402,149;608,141;609,099;621,176
019:0,002;113,112;132,190;340,065;400,209;476,106;601,083;627,041;704,133;962,042
020:0,002;62,191;93,134;125,108;536,270;568,249;608,216;692,173;803,161;895,216;953,246;955,149;962,042;1157,050;1175,122
021:0,003;45,074;87,251;117,092;258,142;430,229;463,150;514,140;596,149;598,081;670,192;831,098;857,198;913,074;936,200;1037,219;1057,251;1088,166
022:0,003;16,076;87,251;223,254;252,166;273,273;286,075;387,170;682,141;737,129;822,212
023:0,003;50,091;87,053;132,180;173,067;401,269;551,141;604,027;605,240;725,230;797,171;888,215;919,124;964,219;987,211;1190,243
024:0,003;16,076;87,053;229,232;337,044;352,227;358,089;397,046;732,166;844,058;927,198;937,270
025:0,003;53,247;85,069;98,084;173,067;296,078;350,232;398,126;602,046;644,164;901,252;941,092
026:0,003;15,244;106,207;145,133;158,207;326,095;330,211;334,151;551,026;597,164;851,150;860,050;928,169;948,183;970,245;973,081;1107,084
027:0,003;25,199;45,074;50,091;87,053;195,200;229,232;273,067;297,229;335,163;366,235;483,170;520,151;573,128;703,176;785,099;889,101;1127,236
028:0,003;15,004;45,074;49,174;51,244;103,066;106,207;240,204;633,210;913,074;927,050;937,270;1170,264
029:0,003;84,127;461,138;891,091;930,106
030:0,003;45,074;128,194;173,067;304,169;409,039;573,128;711,113;795,224;869,226;913,074;947,226
031:0,004;72,224;190,251;246,092;582,094;592,166;618,078
032:0,004;48,069;135,143;580,043;591,101;662,189;1085,247;1117,052;1157,194
033:0,004;135,143;740,180;782,259;961,109;972,087
034:0,004;37,141;48,069;101,086;413,207;433,039;492,083;580,043;697,246
035:0,004;18,094;97,141;194,261;293,069;452,207;501,245;684,069;775,080;1041,141
036:0,004;67,131;303,161;398,095;496,209;500,068;559,066;580,043;656,095;864,108
037:0,004;48,069;97,273;258,030;363,264
038:0,004;18,094;161,108;258,030;407,068;580,043;678,264;1071,212
039:0,004;49,174;117,040;156,215;253,254;258,030;362,127;526,162;638,113;700,154;1108,245
040:0,004;48,069;205,131;332,240;433,173;594,191;602,041;667,129;787,196;949,127
041:0,005;96,200;135,245;308,055;362,041;558,211;1115,086
042:0,005;68,205;112,054;120,237;260,215;261,032;313,164;362,041;401,134;431,211;443,192;537,190;621,044;722,081;984,036
043:0,005;63,068;75,204;112,054;168,122;223,039;308,055;452,193;482,241;537,204;915,113;1022,171;1166,050
044:0,005;63,068;133,240;280,030;293,069;308,055;324,131;636,261;672,272;698,127;706,133;757,086;1191,137
045:0,005;75,204;221,181;261,032;278,046;344,103;764,268;874,261;892,050;987,245;996,050;1024,108
046:0,005;74,174;173,067;393,041;616,044;710,216
047:0,005;63,068;135,245;254,249;293,069;422,132;473,086;521,053;534,112;668,198;805,058;888,251;1002,177;1098,036
048:0,005;137,087;232,067;267,090;293,069;362,041;617,231;831,226;841,108;928,113
049:0,005;89,192;261,032;334,188;345,027;362,041;803,161;984,036;1194,050
050:0,005;70,126;395,211;454,116;497,119;572,150;978,177;984,036
051:0,006;57,121;67,081;374,013;487,274;717,153;866,091;1096,226
052:0,006;100,106;118,224;595,230;717,128;787,058;991,046
053:0,006;105,138;278,044;340,141;803,063;810,094;854,193;892,065;925,147;1157,189;1180,215
054:0,006;71,269;140,036;236,130;282,044;285,189;362,041;459,247;525,210;570,127;591,210;642,224;904,058;1035,046
055:0,006;92,084;100,106;278,044;374,013;530,208;681,143;788,153;991,046;1048,208;1069,164
056:0,006;93,261;186,264;209,048;216,089;374,013;453,124;991,046;1064,107
057:0,006;78,179;140,036;268,245;285,189;306,140;356,236;374,013;478,189;551,026;675,096;688,237;725,272;734,029;763,101;874,126;890,208;1137,164;1174,172
058:0,006;53,247;140,036;317,203;374,013;453,124;469,241;479,041;650,196;846,240;1107,198;1149,042
059:0,006;93,261;234,193;258,226;277,075;307,119;331,075;350,249;374,013;448,138;545,169
060:0,006;103,194;122,247;278,044;374,013;545,247;577,211;670,129;734,102;765,192;988,052
061:0,007;90,203;267,090;300,219;339,226;366,225;479,113;533,273;554,229;560,035;602,260;882,041;914,188;923,243;1067,261;1100,186
062:0,007;20,009;86,117;153,055;174,100;328,037;335,169;355,248;388,030;407,132;415,239;685,230
063:0,007;63,142;291,226;293,239;323,270;388,030;458,036;485,060;496,240;563,080;660,106;907,230;1047,028;1070,148
064:0,007;153,055;163,133;172,058;199,224;287,211;381,147;667,216;676,078;949,030;1038,243
065:0,007;51,014;138,120;154,247;315,112;528,258;887,259
066:0,007;67,200;171,262;356,204;485,060;500,186;518,112;545,113;615,249;824,113;920,064;949,030;1032,247;1066,133;1084,095;1102,248;1154,114
067:0,007;52,223;339,108;365,258;458,036;496,111;555,106;705,247;821,103;908,154;922,099;936,133;1039,197
068:0,007;77,018;134,122;176,163;458,036;556,260;574,113;906,058;911,175;984,036;1123,135;1145,228;1180,149
069:0,007;69,191;153,055;174,100;321,225;333,162;388,030;422,245;485,060;505,210;622,126;632,141;673,264;674,200;677,216;779,063;978,131;1043,228;1131,102
070:0,007;63,142;116,191;186,215;313,039;321,225;481,091;485,060;528,258;949,030;1053,052;1154,172;1172,230
071:0,008;17,132;32,016;68,242;89,192;465,079;477,125;518,262;655,268;707,058;708,130;981,052;1103,189;1121,242
072:0,008;28,237;52,065;193,130;468,162;534,196;598,180;719,065;853,243;981,052
073:0,008;19,223;52,065;54,109;86,211;242,112;254,206;498,078;611,269;701,196;768,269;786,186
074:0,008;52,065;96,009;194,263;261,032;417,095;502,044;661,046;753,204;822,050;963,246;1063,042;1094,101
075:0,008;14,012;17,132;269,047;518,164;561,188;629,189;772,170;993,198;1047,249;1120,164;1129,158;1138,259
076:0,008;74,206;523,125;580,043;686,227;742,186;751,072;853,120;863,164;1004,192;1058,169
077:0,008;24,169;52,065;94,131;193,240;373,212;513,206;733,126;1096,200;1162,126
078:0,008;99,173;417,181;574,092;821,200;981,052;1068,077;1185,227
079:0,008;24,169;139,099;197,209;332,069;344,103;371,149;426,269;465,080;474,092;528,132;766,072;777,081;878,186;918,193;925,177;1176,078
080:0,008;54,109;99,173;138,132;184,274;193,130;201,122;284,261;533,080;537,209;664,212;702,027;731,092;759,065;975,120;981,052
081:0,009;140,229;209,200;493,164;633,030;907,161;1107,193
082:0,009;28,237;302,192;345,027;395,109;531,176;633,030;770,205;772,050
083:0,009;317,193;345,027;378,040;389,098;462,046;548,273;585,039;606,149;645,186;717,193;772,050;1050,198;1091,117
084:0,009;208,047;405,068;552,234;736,215;1017,133;1064,126;1136,112
085:0,009;31,087;363,262;652,027;765,125;914,083;951,237;1036,050;1086,238;1179,199
086:0,009;206,196;438,091;766,234;892,226;900,138;1038,050
087:0,009;302,181;546,130;633,030;772,050
088:0,009;258,226;342,200;427,119;585,039;647,193;710,200;795,087;965,050;1181,198
089:0,009;113,040;146,181;345,027;392,192;405,229;575,273;585,039;633,030;738,205;772,050;846,130;1078,103
090:0,009;241,196;253,176;388,227;492,269;982,070;1073,127;1136,117
091:0,010;49,146;318,060;386,237;700,272;709,102;858,189;914,256;974,042
092:0,010;92,270;218,075;291,258;318,060;372,140;497,109;507,174;619,171;684,069;756,086;759,227;1122,077;1169,219
093:0,010;25,153;123,193;200,153;260,270;296,075;368,195;490,153;708,087;871,129;895,260;944,096
094:0,010;43,260;142,039;318,060;368,195;448,209;514,130;731,200;770,092;772,086;802,246;905,092;1060,046;1176,208
095:0,010;12,150;15,273;43,260;136,121;139,112;202,248;761,150;803,188;981,049;1052,262;1055,156;1200,248
096:0,010;15,273;84,274;188,061;202,248;344,247;602,190;618,173;684,069;721,239;981,049;1035,107
097:0,010;52,065;123,193;302,127;355,147;361,113;563,198;981,049;1099,228;1164,131
098:0,010;58,270;341,166;365,078;551,108;636,041;692,107;736,130;799,239;1033,269;1068,149;1166,262
099:0,010;12,150;63,196;226,132;256,273;543,186;692,109;981,049;997,036;1030,117;1053,256;1099,080;1184,050
100:0,010;49,146;129,203;318,060;371,135;386,237;684,069;687,245;809,131
101:0,011;88,112;277,194;279,088;333,142;449,056;508,109;560,035;648,171;1008,041;1154,142
102:0,011;116,268;130,142;240,047;279,088;449,056;521,272;617,080;862,180;882,041;1175,036
103:0,011;46,037;96,038;163,048;182,194;390,095;408,164;514,198;542,147;588,092;676,065;767,027;835,084;856,252;862,196
104:0,011;46,037;71,169;87,237;116,268;247,207;560,035;587,261;638,231;644,112;771,177;819,091;882,041;975,141;988,156;1116,083
105:0,011;57,121;150,061;295,257;296,247;398,088;446,102;673,227;676,065;882,041;1119,154
106:0,011;99,127;123,176;558,102;710,065;1065,148;1154,142
107:0,011;79,271;96,038;259,200;320,194;676,065;740,260;773,133;779,083
108:0,011;26,150;46,037;79,271;97,190;230,122;304,236;476,151;482,264;560,035;586,043;676,065;946,084;1086,238;1130,247
109:0,011;49,157;96,038;156,117;313,261;449,056;510,226;522,272;817,211;931,193
110:0,011;49,157;153,055;207,138;449,056;454,131;662,248;679,211;814,236;865,158;913,074;946,084;1005,125;1102,216
111:0,012;71,108;99,066;237,102;422,268;970,196
112:0,012;69,112;99,066;207,212;278,046;642,099;775,248;935,077;1114,091
113:0,012;45,162;59,236;74,150;146,161;179,122;181,274;182,161;278,046;489,064;528,212;965,127;1064,260
114:0,012;29,163;175,161;220,121;237,102;270,141;315,166;317,040;475,027;497,077;582,192;755,147;763,140;816,240;817,112;1064,192;1080,236;1109,042;1195,098
115:0,012;29,163;53,212;154,227;317,040;454,107;969,138;1156,148
116:0,012;47,196;71,108;99,066;140,036;269,261;278,046;408,193;638,260;656,131;714,186;837,065;945,248;1022,245
117:0,012;97,069;110,273;242,190;317,040;436,087;458,036;464,241;539,046;725,095
118:0,012;53,212;190,116;558,109;673,130;702,240;905,261;1062,200;1086,150;1096,134;1169,161
119:0,012;50,150;297,212;662,027;803,106;980,249;1063,150;1177,081
120:0,012;46,016;53,211;317,040;487,066;518,099;983,102;1023,215;1039,239;1063,204
121:0,013;48,274;79,078;296,130;532,027;581,180;1183,135
122:0,013;48,018;102,098;230,095;282,223;340,065;354,215;404,247;409,039;475,140;853,183;940,247;992,041;1163,161
123:0,013;120,014;126,127;172,058;193,067;409,039;484,271;553,234;599,259;688,162;801,072;807,261;911,204
124:0,013;75,190;113,176;195,106;515,112;517,271;547,193;651,154;813,210;823,063;824,158;1031,135
125:0,013;66,249;185,048;236,141;265,215;733,106;802,180;837,124;857,227;968,199;992,041;1005,226;1007,180
126:0,013;84,101;172,058;210,235;461,088;858,058;942,125;978,083;1088,197;1123,150
127:0,013;31,096;48,274;158,106;171,116;417,185;427,254
128:0,013;78,264;99,066;230,095;257,132;331,106;336,203;387,170;452,099;508,209;575,027;587,230;652,127;695,162;813,088;884,254;1108,138;1150,249;1190,092
129:0,013;145,173;647,098;707,030;714,269;726,248;992,041;1066,091;1179,240
130:0,013;84,101;172,058;204,089;259,112;361,229;409,039;463,096;824,158;853,231;992,041;1003,080;1118,126
131:0,014;133,048;339,185;430,161;484,124;487,121;739,063;809,094;870,149;949,252
132:0,014;148,117;171,120;333,049;339,185;401,166;414,103;478,044;589,198;645,206;921,226;941,249;992,269;1056,272
133:0,014;146,161;153,169;206,151;328,193;379,121;430,149;591,101;977,050;981,216;1073,248;1198,086
134:0,014;154,121;374,193;409,176;478,044;610,171;639,162;688,226;883,247;1106,125;1113,161;1165,231
135:0,014;133,048;263,079;371,254;636,204;747,063;749,249;773,098;1098,126;1115,125;1166,172;1183,113
136:0,014;96,038;127,147;129,204;307,232;478,044;505,210;510,140;512,091;839,096;927,103;934,108;964,124;986,166;1065,269
137:0,014;133,048;206,151;373,268;396,240;694,029;719,098;739,063;753,087;761,058;807,199;931,204;1062,046;1184,189
138:0,014;133,048;252,239;761,274;813,138;942,103
139:0,014;37,185;68,252;388,030;391,259;424,245;1086,243;1113,114
140:0,014;78,018;100,152;112,220;133,048;291,119;442,259;462,109;480,236;741,173;807,199;889,081;941,186;1076,046;1191,100
141:0,015;34,194;189,107;195,067;373,131;399,153;445,154;611,196;679,044;696,208;779,236;804,260;1105,177;1139,127;1143,124
142:0,015;25,153;179,212;211,264;336,119;386,196;521,053;725,231;1093,086;1102,129
143:0,015;112,258;254,146;256,212;360,107;395,270;551,026;643,183;841,129
144:0,015;193,262;408,147;426,154;521,053;551,026;596,248;643,183;653,046;708,083;897,087
145:0,015;68,252;372,264;478,044;752,143;826,092;864,219;903,199
146:0,015;107,116;164,146;201,078;275,140;381,041;431,140;467,190;521,095;577,046;812,162;910,226;959,150;1074,264;1145,158
147:0,015;83,176;114,086;129,009;152,268;373,088;390,098;643,096;655,149;716,131;776,263;816,230;886,147;909,164;1088,262;1139,096
148:0,015;37,132;72,126;129,162;315,046;409,174;604,234;761,058;864,219;958,176
149:0,015;34,194;56,014;115,162;495,044;656,183;1095,208
150:0,015;41,215;112,258;461,216;521,053;549,098;821,193;827,077;988,219;1015,046;1026,239
151:0,016;59,180;113,040;156,150;449,112;494,041;510,227;604,029;957,197;1052,095;1068,240
152:0,016;110,039;256,196;280,061;359,080;607,077;824,210;891,171;1022,231
153:0,016;54,220;113,040;157,096;307,132;383,239;401,269;425,194;544,092;552,208;582,274;945,114;1133,052;1147,206
154:0,016;54,133;288,087;317,188;333,161;449,200;461,039;463,196;613,247;859,141;939,215;1093,050
155:0,016;110,039;331,149;374,013;438,147;463,066;499,095;604,029;829,247;924,262;927,166;960,262;1065,084
156:0,016;62,224;110,264;148,040;167,178;259,030;348,080;418,096;490,270;507,186;558,236;604,029;745,107;1050,199;1058,166
157:0,016;46,037;82,086;110,039;325,150;604,029;822,086;873,112;909,098
158:0,016;110,039;157,096;427,249;531,170;752,272
159:0,016;59,180;167,178;278,044;321,268;381,102;492,124;495,087;707,259;797,072;882,249;936,141;1049,237;1195,254
160:0,016;54,220;110,039;385,046;664,058;824,072;945,114;1057,262
161:0,017;43,118;145,152;258,030;333,049;466,111;540,027;623,039;687,177;891,077;897,102;912,064;1017,227;1077,239
162:0,017;34,002;39,240;125,075;195,200;204,048;231,236;276,264;369,211;401,151;436,163;444,240;465,027;728,127;932,096;943,064;959,198
163:0,017;80,188;197,166;251,188;292,061;425,091;465,027;912,064;934,251;1047,028;1123,183
164:0,017;12,257;139,086;302,069;333,049;465,027;563,162;682,083;687,177;759,240;782,208;785,108;814,245;949,272;1047,028;1142,232
165:0,017;22,009;52,117;125,075;351,190;362,192;365,132;750,234;912,064;1018,251;1091,227
166:0,017;80,188;523,079;524,261;631,156;744,147;754,027;826,162;912,064;1023,134
167:0,017;43,118;117,099;125,075;333,049;459,262;465,027;585,039;631,156;976,268;977,259;1047,028;1114,242;1172,141
168:0,017;89,155;125,075;224,218;370,099;604,027;679,188;789,149;839,102
169:0,017;54,065;59,236;183,075;224,218;478,027;899,262;1011,124
170:0,017;35,254;197,133;458,188;895,095;949,030;1011,124;1100,246;1142,232
171:0,018;131,223;185,047;443,190;461,066;548,227;822,176;829,272;907,268;988,192;1126,219;1132,192;1161,080
172:0,018;63,068;93,209;109,120;111,109;381,068;461,066;621,169;895,104;948,189
173:0,018;107,152;254,121;269,089;311,189;461,125;467,066;617,121;735,029;866,135;1103,120
174:0,018;111,269;145,200;185,047;252,079;430,166;455,092;457,170;461,066;566,176;603,112;631,208;997,248;1090,219
175:0,018;30,238;93,209;338,049;435,232;644,147
176:0,018;106,196;127,147;308,055;334,078;381,068;421,224;727,149;935,086;1057,259;1129,197
177:0,018;31,087;128,107;185,047;262,161;310,044;360,154;390,268;620,149;683,080;697,246;790,269;995,260;1028,200
178:0,018;126,157;143,054;160,157;185,047;381,068;399,154;409,107;443,190;592,039;723,170;801,092;919,219;1120,215
179:0,018;142,229;396,079;525,066;648,226;684,166;696,149;780,109;833,129;844,170
180:0,018;128,107;327,096;411,166;1028,237
181:0,019;78,119;153,061;306,120;336,113;360,198;447,189;648,226;778,104;882,150;911,112;1020,206;1130,243;1181,183
182:0,019;39,113;185,037;361,181;398,068;552,094;624,210;628,209;658,173;727,101;759,206;1020,212;1042,113;1113,130
183:0,019;71,235;142,094;185,037;336,113;466,218;474,195;489,259;750,228;1062,096;1134,211
184:0,019;69,275;78,119;156,166;185,037;490,191;669,087;711,092;727,058;963,234
185:0,019;71,078;113,040;167,156;260,030;261,092;322,126;808,216;814,113;817,263;982,070;994,239;1014,171
186:0,019;61,113;185,037;340,065;413,234;465,127;951,120;965,158;1111,192
187:0,019;71,235;194,140;226,037;297,198;344,106;369,273;510,103;982,070;1008,170
188:0,019;74,205;111,169;167,235;322,190;340,065;426,133;523,083;736,112;820,129;839,050;847,177;954,099;982,070;1011,162
189:0,019;12,162;58,006;65,081;185,239;270,099;320,215;342,121;607,200;669,131;873,243;885,224;1011,162
190:0,019;67,238;87,156;297,198;582,154;668,254;741,141;924,102;967,236
191:0,020;25,011;124,120;282,254;326,258;327,153;390,249;691,058;819,029;854,166;855,274;938,206
192:0,020;5,129;20,120;60,069;62,262;142,236;318,069;461,216;656,210;772,200;934,153;989,126;1055,117;1129,261
193:0,020;198,081;751,072;817,252
194:0,020;29,141;154,209;174,254;386,236;391,117;994,106
195:0,020;24,098;205,107;540,153;751,072;888,131;941,261
196:0,020;45,074;62,273;102,163;291,245;309,030;345,192;353,270;416,138;448,088;779,027;881,135;991,046;1063,234
197:0,020;78,269;91,264;272,146;315,086;492,200;711,212;751,072;895,234;1016,081
198:0,020;62,262;180,141;415,215;868,166;902,192;934,129;1062,248;1068,249
199:0,020;5,129;44,140;285,044;334,207;378,108;701,096;1023,164;1055,112
200:0,020;20,120;130,066;185,239;213,254;220,117;1079,230;1114,247;1156,095;1189,147
