001:0,001;258,158;314,045;330,028;713,075;771,116;787,177;788,056;873,118;921,201;939,135;988,057;1017,015;1193,043
002:0,001;241,203;404,033;413,227;526,240;531,102;575,078;591,248;620,072;716,247;727,008;1017,015;1193,028
003:0,001;232,065;237,070;260,135;576,059;619,241;715,232;775,139;984,067;1067,118
004:0,001;204,030;209,013;212,081;306,100;314,045;330,028;820,201;836,041;841,254;845,047;977,229;988,057;1017,015;1032,094;1193,043
005:0,001;268,178;349,017;351,028;775,139;943,063;1099,061
006:0,001;231,180;232,065;253,122;314,045;330,028;413,227;467,030;560,121;576,059;631,150;845,047;1010,190;1017,015;1154,057;1193,043
007:0,001;248,244;330,028;377,055;428,072;570,030;619,241;666,082;782,233;788,056;885,265;952,139;988,057;1032,094;1051,065;1085,053;1196,194
008:0,001;258,158;269,022;341,160;377,055;409,136;443,274;496,038;556,125;576,059;646,163;759,086;778,195;780,008;1017,015;1196,194
009:0,001;232,065;306,100;330,028;377,055;440,252;480,076;591,191;660,087;683,269;788,056;845,047;859,067;864,159;908,082;943,063;995,115;1009,057;1017,015
010:0,001;254,011;298,234;366,095;385,180;474,150;788,056;845,047;943,063;980,031;1017,015
011:0,002;124,048;128,258;294,014;300,042;676,030;722,215;811,050;852,201;906,191;1027,079
012:0,002;34,273;75,254;112,219;125,001;257,218;274,021;283,218;297,242;405,013;414,201;522,031;818,078;887,178;1114,128;1116,061;1174,090
013:0,002;108,070;147,050;149,246;231,269;392,014;402,150;459,087;497,108;601,026;752,061;791,070;885,239;907,051;981,111;986,049;1018,120;1043,128;1075,170
014:0,002;177,099;263,058;418,106;419,091;451,101;486,205;540,131;562,066;691,168;722,215;873,101;1022,035;1025,128
015:0,002;203,044;205,219;263,058;397,102;516,032;581,077;597,255;664,031;751,257;809,020;815,006;858,162;1122,051;1131,234;1192,263
016:0,002;129,044;146,078;289,109;290,044;356,042;755,059;815,156;907,051;1024,202;1112,073
017:0,002;149,247;237,070;289,109;300,042;815,172;907,051;1075,170;1089,039;1125,098;1133,170
018:0,002;88,047;208,191;263,058;300,042;740,098;853,086;856,070;885,058;951,097;1096,095
019:0,002;124,048;212,177;468,136;490,178;514,130;608,167;854,067;1011,150;1109,258;1184,225;1187,087
020:0,002;104,049;124,048;225,183;237,070;263,058;451,101;485,125;581,077;776,087;849,067;893,166;915,075;943,202
021:0,003;93,138;107,045;159,145;161,052;175,036;212,177;408,073;410,138;435,050;658,115;683,142;697,043;717,168;1023,061;1053,089;1158,058;1164,025
022:0,003;107,045;136,033;175,036;192,143;194,067;255,213;285,064;340,057;359,209;435,050;479,054;660,067;664,026;785,027;791,041;889,223;980,031;1040,125
023:0,003;88,047;121,247;205,160;245,027;408,073;418,051;495,239;558,093;696,249;791,041;858,035;1034,227;1063,032
024:0,003;82,032;88,047;107,045;139,068;146,070;184,153;285,064;296,115;379,072;516,267;583,063;633,204;681,040;799,246;973,008;1057,039;1144,054
025:0,003;121,247;136,033;137,198;146,070;160,014;171,216;175,036;245,027;379,072;479,054;492,138;606,155;678,247;679,066;696,249;833,056;842,070;853,053;858,035;878,075;890,061;915,037;934,166;1001,244;1151,039
026:0,003;107,045;136,033;285,064;297,132;359,209;379,072;407,054;435,050;479,054;666,132;681,040;791,041;980,031;1046,229;1144,179
027:0,003;89,175;245,027;379,072;435,050;492,138;524,038;583,063;639,046;701,031;721,006;841,210;858,035;1057,039
028:0,003;47,051;136,078;161,052;192,035;194,067;254,107;285,064;379,123;435,050;479,054;535,097;583,063;619,220;679,066;683,142;688,068;729,049;731,169;867,035;980,031;1053,088;1057,039
029:0,003;80,244;161,052;184,153;245,027;348,066;364,191;404,242;408,073;419,124;479,054;639,046;738,079;841,178;853,115;858,035;915,037;992,053;1057,039
030:0,003;96,012;114,018;146,070;153,230;252,027;361,076;458,028;516,267;583,063;639,046;679,066;681,040;791,041;796,169;915,037;970,263
031:0,004;137,230;169,032;601,028;613,226;623,067;765,020;1161,051
032:0,004;56,209;116,044;237,032;311,074;344,035;398,195;430,233;435,237;529,174;560,074;575,082;579,029;607,082;613,226;618,182;656,246;801,102;811,020;892,223;1196,077
033:0,004;118,187;184,191;187,013;229,247;441,269;458,042;610,072;657,029;755,059;765,020;791,041;805,148;1125,105;1152,271;1161,148
034:0,004;54,180;195,014;235,198;272,122;572,083;573,135;610,072;663,226;1037,272;1157,057
035:0,004;47,051;113,015;146,070;178,097;281,183;564,044;579,029;765,020;999,132;1027,057
036:0,004;47,051;137,121;356,087;579,029;583,063;594,259;755,059;762,061;765,020;1014,148;1027,057
037:0,004;75,254;82,032;116,044;198,054;255,183;326,069;392,079;561,210;579,029;765,020;985,041;1042,168
038:0,004;47,051;54,180;82,032;575,082;735,176;755,059;765,020;1017,123;1027,057
039:0,004;82,032;610,072;691,155;765,020;954,049;988,134;1001,058;1005,061
040:0,004;34,273;47,051;82,032;579,029;755,059;765,020;1009,102;1027,057
041:0,005;135,104;151,014;198,080;213,043;294,058;381,072;512,034;769,199;774,020;845,047;959,058;971,102;1198,199
042:0,005;120,214;141,037;151,014;224,156;303,198;311,074;330,054;454,131;749,221;756,027;812,052;1027,111
043:0,005;137,198;151,014;213,043;240,026;269,022;311,074;351,089;358,028;378,272;436,039;598,034;674,130;959,049;1049,226
044:0,005;141,037;151,014;213,043;303,146;337,237;431,130;676,034;742,258;756,027;856,259;930,142;934,099;1061,130;1161,226
045:0,005;134,206;151,014;211,127;213,043;240,026;301,205;330,054;419,124;468,093;512,034;637,269;703,102;795,116;827,053;834,115;875,020;901,047;956,167
046:0,005;151,014;224,156;330,054;453,119;507,233;602,034;697,043;756,027;769,199;890,118;1013,264;1031,089
047:0,005;151,014;218,101;351,089;417,011;457,039;608,180;818,131;1024,223
048:0,005;134,206;141,037;195,014;221,234;344,091;411,203;598,078;719,049;795,098;799,116;812,065;1119,237;1132,067;1134,039;1196,259
049:0,005;148,260;240,026;260,016;290,231;301,205;311,074;330,054;469,202;512,034;544,053;566,109;567,176;590,153;727,008;782,222;797,085;830,033;891,155;910,222;991,210;1025,103;1040,263;1108,199
050:0,005;120,214;124,048;134,237;318,189;512,034;746,153;756,027;907,051;917,255;927,087;1070,159;1087,053;1158,268
051:0,006;104,049;151,014;228,052;337,045;543,173;751,191;758,065;776,075;788,156;1029,172;1182,039
052:0,006;29,007;30,215;69,017;130,048;214,168;228,052;337,045;515,074;586,006;609,055;663,124;666,031;868,008;907,051;1013,136;1192,205
053:0,006;104,049;130,048;259,003;418,228;487,079;586,006;963,120;1045,138
054:0,006;134,237;359,115;465,178;483,042;525,083;654,006;907,078
055:0,006;128,258;296,115;340,057;350,204;402,076;451,177;505,031;674,077;719,178;1094,227;1180,094
056:0,006;88,047;147,070;194,067;267,097;284,052;403,255;581,054;586,006;824,114;883,099;936,118;1194,111
057:0,006;104,049;130,048;274,021;347,064;370,051;408,073;433,028;444,173;586,006;886,098;931,045;1091,240;1103,244;1112,057
058:0,006;30,215;130,048;139,121;182,048;282,228;445,033;464,271;586,006;872,121
059:0,006;114,260;282,228;293,214;337,045;407,255;643,031;824,114;983,053;1184,098
060:0,006;108,219;194,067;228,052;345,154;444,173;505,091;586,006;791,041;906,061;937,103;1185,053
061:0,007;294,014;317,240;362,045;505,031;648,186;684,133;772,006;828,027;947,054;1074,197
062:0,007;294,014;333,095;362,045;399,030;496,036;563,200;626,028;761,035;806,048;872,121;1137,107;1142,083
063:0,007;182,242;364,084;371,237;676,030;730,131;827,053;947,054
064:0,007;294,014;339,121;456,003;469,049;502,074;580,098;682,068;806,048;827,053;1010,166
065:0,007;294,014;317,240;554,163;676,030;711,085;827,053;967,054
066:0,007;240,026;269,099;294,014;378,188;381,134;405,081;453,108;505,031;598,129;682,068;848,255;916,101;979,078;980,054;1035,190;1200,162
067:0,007;294,014;300,042;325,111;330,052;362,045;383,274;496,036;525,083;570,191;591,163;605,129;682,068;806,048;895,070;1012,008;1039,083;1102,054
068:0,007;285,064;347,109;356,180;362,045;385,223;505,031;563,200;648,186;686,204;693,093;746,031;806,048;934,067;960,070;1152,219
069:0,007;291,246;294,014;322,064;367,117;450,245;676,030;724,172;807,159;823,215;866,078;947,054
070:0,007;116,044;171,248;259,003;302,117;396,045;533,138;680,247;701,029;803,246;806,048;827,053;947,054
071:0,008;187,108;193,079;242,103;278,017;379,011;427,080;442,093;454,033;459,078;557,227;657,013;664,245;742,067;918,065;932,156;944,162;973,241;1045,015;1199,201
072:0,008;24,080;117,180;278,017;496,038;562,030;616,153;640,067;1131,123
073:0,008;80,244;260,011;278,017;407,268;492,003;552,266;555,178;559,067;955,035;1089,131;1090,109
074:0,008;223,040;225,183;278,017;415,054;444,017;469,172;486,081;511,102;666,259;697,163;731,237;761,134;772,038;804,259;947,047;980,035;991,195
075:0,008;188,121;228,044;248,102;278,017;344,035;366,013;388,248;422,172;499,038;571,060;675,226;713,067;1090,109
076:0,008;234,125;258,219;278,017;390,223;498,172;504,043;602,225;702,222;726,078;743,239;991,195;1130,075
077:0,008;192,044;265,232;401,189;485,177;486,078;510,060;541,153;596,097;659,046;665,069;725,077;733,241;809,065;834,265;945,067;980,075
078:0,008;175,040;234,125;401,060;406,042;514,187;534,078;651,133;772,237;787,223;832,076;1138,234
079:0,008;197,013;278,017;380,159;417,163;563,178;577,031;669,172;815,209;1037,255;1089,075
080:0,008;187,108;278,017;412,054;417,163;436,051;495,135;496,038;506,069;738,275;797,237;953,136;1055,111;1112,077
081:0,009;136,033;175,040;278,020;290,044;365,201;584,064;659,220;698,227;852,075;948,061;998,070;1092,197
082:0,009;83,145;204,030;274,021;278,020;286,098;340,057;378,130;507,039;553,189;564,044;581,247;623,201;1047,156;1155,128
083:0,009;172,216;175,040;204,030;274,021;290,044;370,051;580,125;584,064;688,237
084:0,009;155,238;256,007;278,020;290,044;319,037;326,134;370,051;564,044;660,214;695,033;768,241;874,226;905,115;1041,069;1081,061
085:0,009;179,036;184,191;190,160;246,007;278,020;298,102;340,057;370,051;583,069;607,099;822,255
086:0,009;204,030;278,020;332,135;340,057;396,176;505,122;607,099;625,135;980,075
087:0,009;175,040;251,227;274,021;278,020;438,195;543,067;573,256;584,064;664,086;970,138;1012,077;1174,075
088:0,009;208,269;274,021;341,160;370,051;479,167;564,044;614,233;947,156
089:0,009;145,160;204,030;274,021;286,098;331,245;526,150;595,135;937,274;980,075
090:0,009;83,145;106,032;141,037;171,248;175,040;274,021;278,020;299,076;348,069;370,051;584,064;650,227;836,248;856,267;980,075
091:0,010;48,231;56,137;137,050;178,227;198,175;259,030;294,252;319,037;334,183;359,064;373,067;382,156;406,220;579,067;591,178;776,075;869,101;873,266;878,172;994,209;1024,222
092:0,010;56,137;58,006;80,016;148,138;228,052;299,081;337,045;344,178;438,066;649,013;719,098;732,008;776,075;992,098;1048,103
093:0,010;24,080;35,050;147,091;649,013;701,138;1026,041;1125,274;1126,036
094:0,010;104,060;169,176;198,054;319,037;331,182;336,066;387,040;406,220;634,042;637,133;655,210;988,135;1193,028
095:0,010;35,050;169,176;198,054;324,064;373,067;379,072;438,066;649,013;691,221;753,177;774,258;776,075;883,168;1127,248
096:0,010;115,137;198,054;331,182;649,013;727,008;1058,053;1107,178;1166,111;1193,028
097:0,010;35,050;157,245;198,054;319,037;373,067;438,066;649,013;697,191;942,190;1128,263;1130,069;1191,255
098:0,010;101,050;161,227;263,026;276,168;336,066;373,067;392,268;400,154;436,176;438,066;650,177;733,257;734,043;765,083;814,093;837,138;844,227;896,267
099:0,010;41,255;104,060;133,032;147,091;311,027;312,054;324,111;387,040;392,268;502,074;603,173;649,013;676,030;755,082;1121,067;1137,150
100:0,010;35,050;104,060;157,245;299,102;336,066;378,030;386,115;403,178;609,055;649,013;689,245;713,075;762,102;866,098;1107,036;1109,105;1193,028
101:0,011;402,095;474,069;745,116;798,027;807,168;810,065;826,150;950,083;999,162;1092,087;1105,051
102:0,011;359,046;402,095;437,261;469,049;496,036;544,053;715,274;760,070;801,050;902,036;930,095;1078,073;1174,015
103:0,011;464,131;474,069;765,087;935,051;1017,015
104:0,011;469,049;496,036;519,269;544,053;679,066;681,040;697,043;745,116;760,070;1078,073
105:0,011;474,069;544,053;691,264;697,043;781,219;795,248;801,050;981,255;1027,076;1136,078
106:0,011;472,269;649,013;677,222;691,134;715,274;744,042;754,274;1078,073
107:0,011;474,069;664,243;801,050;887,070;915,037;939,266
108:0,011;285,064;333,096;347,011;469,049;503,172;544,053;693,148;781,205;801,050;892,227;1110,266;1185,090
109:0,011;274,021;293,058;336,272;474,069;693,148;841,101;854,020;971,061;972,150;1031,266;1106,073
110:0,011;469,049;508,086;697,043;756,027;760,070;966,131;1078,073
111:0,012;259,003;526,039;555,177;609,055;661,083;754,138;769,257;809,027;816,102;987,065;1132,025
112:0,012;196,168;313,146;352,111;391,248;665,178;677,222;895,045;1101,030;1132,025;1198,069
113:0,012;198,055;259,003;496,038;527,245;586,006;647,190;811,247;908,045;1078,102;1114,240;1132,025
114:0,012;194,102;198,055;322,027;400,203;483,033;552,266;671,153;756,130;822,155;860,106;895,045;982,046;1042,247;1101,030;1132,025;1189,124
115:0,012;200,180;230,255;259,003;535,155;895,045;1006,240;1119,246;1121,067
116:0,012;196,168;198,055;259,003;529,162;632,239;675,106;773,079;1101,030;1121,067;1132,025;1177,121;1195,195
117:0,012;198,055;259,003;440,017;458,111;478,180;506,189;801,233
118:0,012;194,102;259,003;523,028;538,121;557,043;655,190;1006,240;1078,167;1121,067;1132,025
119:0,012;198,055;259,003;550,246;779,136;895,045;1112,086
120:0,012;198,055;281,003;550,210;838,172;861,146;874,199;1066,125;1141,167
121:0,013;538,179;601,026;717,230;727,008;1010,099;1132,025;1182,209
122:0,013;512,111;601,026;713,075;717,230;727,008;1035,123;1041,069;1146,274
123:0,013;502,074;508,097;542,162;645,069;665,046;693,097;697,043;727,008;1041,069;1062,201;1084,033;1092,098
124:0,013;502,074;566,172;713,075;727,008;1041,069
125:0,013;502,074;539,056;637,223;650,083;692,034;727,008;839,267;842,222;1010,049;1088,061
126:0,013;387,040;396,028;612,232;638,042;642,066;645,087;750,040;776,146;942,041;1008,087
127:0,013;177,099;203,230;233,044;239,268;263,086;292,109;776,146;806,048;982,089;1048,258;1089,099
128:0,013;502,097;521,047;601,026;727,008;1010,101;1041,069
129:0,013;532,189;542,033;713,075;755,221;796,019;808,056;814,061;858,035;883,020;1041,069
130:0,013;229,214;419,183;526,039;665,034;713,075;718,201;719,099;865,070;1041,069;1117,201
131:0,014;144,171;213,011;231,015;243,083;347,032;362,025;426,013;440,017;511,155;544,051;569,219;733,038;770,243;849,033;960,114;977,065;1180,232
132:0,014;41,255;231,015;249,128;336,066;359,046;369,003;440,017;579,110;648,049;818,241;848,058;926,095
133:0,014;144,171;149,092;231,015;249,128;345,144;362,025;386,013;428,214;590,260;619,086;648,049;848,058
134:0,014;126,240;192,035;231,015;259,235;404,262;521,047;539,056;595,110;648,049;826,153;965,097;1127,058
135:0,014;137,067;192,035;231,015;259,099;337,045;359,046;385,235;440,109;445,045;455,125;461,205;659,033;733,038;748,031;783,267;885,020;972,201;1133,053;1198,058
136:0,014;126,240;137,067;192,035;229,007;275,151;362,025;435,003;440,017;509,232;514,187;521,047;611,006;733,038;775,008;924,130;1019,135;1182,209
137:0,014;93,138;231,015;249,081;271,218;349,272;362,025;397,093;680,078;840,201;848,058;867,138;953,087;977,229;1167,053
138:0,014;150,197;231,015;237,070;275,151;359,046;362,025;416,172;440,017;521,047;676,257;763,170;839,159;848,058
139:0,014;149,092;192,213;275,268;349,135;362,025;379,033;440,017;521,047;610,072;648,049;804,259;848,058
140:0,014;120,068;137,067;159,011;192,035;231,015;260,030;345,144;440,017;509,232;594,006;682,068;763,170;839,033;848,058
141:0,015;187,079;241,026;301,084;312,070;324,043;338,011;378,030;389,261;437,262;452,076;663,138;738,006;781,036
142:0,015;191,034;218,203;240,268;350,262;417,195;618,102;644,255;786,194;858,162;905,199;1028,267;1164,156;1183,275
143:0,015;150,103;276,002;279,265;363,026;379,033;392,013;528,111;734,043;741,163;781,036;1174,275
144:0,015;116,044;242,054;285,064;363,026;387,106;389,261;406,065;440,017;502,219;718,093;922,172;1129,178
145:0,015;107,045;137,067;191,034;239,083;299,043;342,218;379,033;526,260;646,069;732,219;832,033;1027,233;1124,227
146:0,015;180,062;191,034;235,030;299,043;312,262;327,076;363,026;406,065;528,178;537,232;575,079;694,040;781,036;1182,246
147:0,015;167,048;180,203;191,034;192,035;230,062;275,022;299,043;309,042;392,153;522,176;686,163;694,241;756,166;874,153;922,246
148:0,015;150,103;220,078;257,062;278,017;363,026;378,030;379,033;387,106;619,029;713,194;798,036;872,052;956,134;1039,036
149:0,015;83,018;97,254;135,013;166,209;180,203;367,032;390,111;486,177;809,222;833,036;1193,043
150:0,015;160,265;299,043;301,032;323,159;378,030;406,065;518,034;682,068;781,036;845,047;912,086;1009,031;1022,138
151:0,016;104,060;118,086;321,023;433,003;517,199;539,056;631,042;760,070;937,103;982,089;984,210;1023,130;1094,179
152:0,016;88,047;91,097;205,171;294,252;396,121;607,097;713,075;768,078;796,019;837,167;941,008;964,130;1040,053;1067,054
153:0,016;293,201;396,191;514,028;663,091;796,019;815,209;842,099;891,082;893,241;972,079;996,035;1094,179;1124,093;1156,237
154:0,016;307,044;349,233;656,176;741,038;773,275;796,019;818,061;830,033;961,053
155:0,016;233,098;241,097;260,108;454,176;539,056;644,076;937,247;938,046
156:0,016;301,065;346,122;366,125;550,167;796,019;840,264;985,036;1032,015
157:0,016;269,022;284,118;328,100;329,180;330,013;510,219;531,054;634,091;671,173;796,019;862,195;901,035;1098,093
158:0,016;301,065;395,052;464,214;673,237;716,115;830,033;850,098;872,093;925,053;1009,222;1049,274
159:0,016;281,198;301,065;303,134;659,028;743,223;796,019;830,033;840,264;1086,075;1146,162;1161,202
160:0,016;321,083;411,136;646,034;682,230;700,248;756,258
161:0,017;198,080;211,016;269,022;370,051;378,188;387,040;392,014;445,248;498,136;703,197;758,065;1006,123;1091,039;1098,069
162:0,017;260,087;269,022;316,095;399,084;436,039;522,227;568,109;768,195;899,227;946,150;954,049
163:0,017;35,246;293,247;401,060;624,042;661,134;663,046;690,174;718,194;746,134;758,065;954,049
164:0,017;239,106;269,022;359,179;401,060;436,039;584,232;758,065;1137,225
165:0,017;188,214;248,255;369,013;401,060;690,174;791,041;864,241;1102,136
166:0,017;260,087;443,182;522,069;592,195;769,077;810,246;916,258;924,266;999,120;1007,086
167:0,017;232,043;269,022;317,202;401,060;703,197;758,065;862,035;906,067;915,053
168:0,017;208,235;312,070;325,037;339,119;499,067;530,246;534,033;543,201;545,081;644,134;769,173;783,255;842,131;954,049
169:0,017;35,246;126,019;269,022;317,202;359,179;436,039;618,222;648,049;651,102;757,195;758,065;768,038;782,174;801,258;821,075;956,153;994,246;1102,148
170:0,017;175,036;184,213;212,248;269,022;312,262;401,060;733,038;758,065;1137,271
171:0,018;178,212;276,002;321,023;377,055;392,014;425,067;689,091;723,083;938,046;991,054;1063,032
172:0,018;112,036;151,014;225,221;252,214;273,118;276,002;298,132;321,023;401,027;406,065;500,246;609,063;628,222;632,111;787,052;943,063;1052,102;1056,247;1118,166;1122,079;1134,099
173:0,018;112,036;174,107;276,002;321,023;392,014;416,153;576,059;613,115;841,266;870,083
174:0,018;180,062;276,002;287,189;290,118;312,086;321,023;409,115;573,256;594,079;745,040;771,052;929,210;938,046;1017,075;1035,244;1063,069;1105,051;1198,168
175:0,018;178,212;276,002;369,202;392,014;425,067;771,052;900,067;938,046;1049,067;1058,069;1105,051
176:0,018;169,249;180,062;287,189;321,023;387,040;401,027;425,067;511,115;586,006;921,142;949,076;1022,046;1063,032
177:0,018;220,055;279,231;321,023;392,014;410,138;422,247;504,106;1063,032
178:0,018;161,052;174,107;229,168;243,013;360,066;425,067;655,266;938,046;991,248;997,078;1101,030;1105,051
179:0,018;175,044;273,118;276,002;297,201;321,023;392,014;401,027;451,205;481,240;492,191;597,043;618,191;750,075;756,175;819,249;833,036;880,167;988,057;1067,222
180:0,018;169,249;180,062;276,002;319,231;321,023;392,014;401,027;425,067;613,115;657,136;754,111;771,052;965,244;1014,070;1098,049
181:0,019;180,062;232,065;300,119;314,045;324,043;399,030;625,248
182:0,019;373,067;402,150;508,252;513,069;523,054;569,141;571,097;602,131;616,259;628,138;634,060;768,038;787,101;800,061;816,075;837,082;866,115;927,041;975,272
183:0,019;278,017;344,035;375,156;404,030;636,265;738,092;798,027;927,041;1088,230;1187,061
184:0,019;324,043;375,118;404,033;761,035;775,159
185:0,019;47,051;107,097;142,032;207,019;324,043;334,252;508,086;542,239;761,180;771,052;927,041;1019,248;1098,130
186:0,019;324,043;399,030;738,092;761,035;768,038;776,075;927,041;1046,123;1165,190
187:0,019;309,180;758,027;932,205;1171,075
188:0,019;157,198;213,019;313,153;320,081;334,255;404,033;768,038;787,101;880,111;1030,049
189:0,019;300,119;369,122;385,144;394,011;404,033;796,019;814,106;856,027;975,272;995,041;1123,107
190:0,019;314,084;329,032;344,035;362,025;399,030;613,033;711,042;761,035;772,111;943,067;1060,182;1088,230
191:0,020;103,035;112,036;159,044;185,272;203,084;441,052;549,155;562,201;709,130;746,166;752,061;1181,159
192:0,020;112,036;157,198;321,023;329,235;355,069;402,174;564,188;566,172;641,121;645,131;693,255;752,061;1002,087;1003,046;1026,226;1153,162
193:0,020;108,070;112,036;120,068;195,084;202,048;312,070;323,191;381,052;473,043;641,121;647,029;666,233;731,068;801,077;1084,033;1105,082;1136,172
194:0,020;103,035;116,204;278,020;297,172;326,069;377,028;390,081;633,195;752,061;1153,058;1181,112
195:0,020;112,036;133,232;402,174;465,032;473,043;609,055;650,098;752,061;1019,191;1074,061;1095,255;1103,053;1114,071;1157,069
196:0,020;108,070;195,084;255,153;301,065;336,228;381,052;476,199;618,130;655,204;691,076;728,136;973,008;1042,131;1074,150;1114,071;1132,025
197:0,020;103,035;115,087;116,204;231,245;381,052;473,043;579,029;740,166;954,239;956,166;1084,033;1106,061;1174,185
198:0,020;112,036;120,068;159,013;202,191;326,069;362,025;386,269;481,247;1051,199;1114,071
199:0,020;103,035;108,070;120,068;179,219;222,013;326,069;381,052;473,043;637,223;749,075;752,061;1084,033;1114,071;1173,166
200:0,020;119,270;120,068;141,037;211,062;225,221;312,070;339,214;454,052;564,188;639,046;753,205
