001:0,001;92,152;201,028;259,107;301,230;323,242;333,036;349,186;399,128;629,216;687,157;739,225;742,157
002:0,001;66,100;85,009;105,054;145,149;429,274;848,255;1019,201;1098,050;1189,093
003:0,001;67,221;219,056;259,107;327,072;337,115;384,246;550,201;692,213;810,070;866,085;1078,037;1102,201
004:0,001;90,084;145,052;233,177;360,056;407,097;416,263;693,077;810,070;872,050
005:0,001;40,248;145,149;201,028;219,056;380,115;489,161;549,104;562,074;715,269;743,162;871,100;989,095;996,206;1109,192
006:0,001;219,056;395,065;509,174;542,208;708,190;762,038;867,262;960,274;965,203
007:0,001;149,099;238,153;255,195;264,028;408,199;582,230;619,269;854,070;859,087;872,050;1109,192
008:0,001;97,158;201,028;223,085;335,099;501,211;628,040;654,096;807,171;948,135;1035,139;1083,195;1199,241
009:0,001;66,100;185,052;201,028;219,056;399,128;441,065;451,156;467,230;520,099;810,070;859,087;872,050;1153,099
010:0,001;134,228;217,187;343,104;408,100;436,080;461,158;584,161;615,115;675,034;743,162;872,050;910,219
011:0,002;55,074;135,052;284,275;320,158;338,169;409,066;498,273;1186,260;1199,138
012:0,002;135,052;275,087;368,237;563,029;571,257;640,193;689,073;762,263;766,185;923,182;1013,141;1085,255;1126,235
013:0,002;135,052;186,262;214,210;223,087;247,175;340,075;382,133;402,066;503,218;778,139;892,155;1176,117
014:0,002;145,077;383,258;425,123;469,040;490,202
015:0,002;144,263;446,099;800,213;930,141;1193,039
016:0,002;135,052;258,237;454,196;602,236;622,179;833,274;1145,255
017:0,002;145,077;291,125;382,133;529,273;791,274;830,213;955,121;1014,255
018:0,002;240,156;315,259;480,133;679,132;715,089;761,050;842,212;960,094
019:0,002;217,229;524,026;731,133;862,212;867,257;1154,115
020:0,002;157,090;187,261;197,196;217,229;240,080;277,123;543,243;731,250;800,195;1053,135;1077,200;1093,166
021:0,003;50,268;136,069;138,065;173,135;440,176;510,080;607,149;637,136;658,041;896,161;959,038;1132,172
022:0,003;107,242;143,225;151,155;235,050;265,182;377,149;522,202;550,129;801,130;804,235;836,229
023:0,003;94,035;123,225;138,065;235,050;283,157;327,042;438,198;686,213;691,186
024:0,003;98,226;114,121;136,069;173,135;205,087;222,246;225,046;259,056;276,135;378,127;445,135;626,209;699,263;852,141;953,183;973,034;995,107
025:0,003;99,081;568,179;596,081;599,136;631,230;973,034;979,117;1123,186;1139,141
026:0,003;67,047;94,035;98,226;136,069;138,065;235,050;257,127;285,056;416,236;687,175;869,273;1002,117;1114,107
027:0,003;109,053;127,270;379,040;383,171;538,254;558,047;568,179;738,141;915,183;959,038;1040,196
028:0,003;94,035;99,081;944,196;1132,172
029:0,003;136,069;218,195;244,131;503,149;599,103;627,081;658,041;662,215;706,209;867,185;1173,253
030:0,003;114,121;235,050;271,161;322,217;621,215;685,093;969,122;1059,193
031:0,004;16,259;27,170;88,242;243,075;245,187;333,211;493,169;514,047;618,170;795,273;857,126
032:0,004;17,141;288,071;529,125;649,135;754,155
033:0,004;51,163;97,142;258,137;459,071;522,106;880,199;998,105;1055,044
034:0,004;121,177;172,072;184,199;212,065;325,156;374,139;385,138;512,029;713,037;719,251
035:0,004;17,091;180,065;184,217;264,089;288,071;459,040;469,241;955,044;991,245
036:0,004;39,119;243,075;288,071;328,183;409,169;476,176;508,047;633,203;645,120;1010,084;1092,152;1122,122
037:0,004;27,170;243,075;247,184;288,071;409,258;437,195;556,043;593,040;633,193;1071,251
038:0,004;15,177;39,119;357,085;731,037;937,263;952,234
039:0,004;168,090;224,186;385,071;512,029;719,251;770,095;932,044
040:0,004;15,177;223,141;232,221;329,230;450,127;467,257;512,029;727,126;928,044
041:0,005;17,091;118,219;156,034;271,161;285,160;298,097;334,269;343,090;377,175;457,186;617,147;831,246;855,063;923,149
042:0,005;33,104;284,273;288,037;342,056;450,187;500,087;606,097;611,220;829,247;929,211;970,089
043:0,005;71,191;96,016;105,191;166,052;190,065;257,127;511,132
044:0,005;39,261;80,015;312,181;504,100;602,229;609,182;870,212;1113,254;1193,161
045:0,005;71,191;150,084;258,236;288,093;295,080;410,243;604,234;674,255;786,097;855,063;973,174
046:0,005;33,104;170,075;191,210;210,239;341,171;450,187;530,257;744,201;855,063;897,196;919,148
047:0,005;64,230;192,104;495,201;976,084;999,193;1045,079
048:0,005;72,089;569,047;605,040;660,203;855,063;947,179;1088,035;1097,175;1144,178
049:0,005;82,246;195,158;269,075;348,130;436,203;528,026;573,141;577,220;1116,101;1149,039
050:0,005;121,203;308,077;538,115;691,071;704,029;738,038;829,247;880,246;999,274;1065,044;1089,177
051:0,006;6,008;13,103;49,053;225,238;440,037;568,130;591,127;739,195;870,245;920,225;1106,231;1118,139;1139,111
052:0,006;44,094;49,053;232,043;246,093;283,075;358,248;373,099;419,048;562,074;598,136;698,149;702,097
053:0,006;49,053;60,258;308,203;335,042;363,245;433,208;498,131;538,029;739,246;748,225;789,108;844,257;960,133;1140,109;1182,044
054:0,006;51,053;171,131;225,238;246,093;440,037;484,171;521,091;657,225;950,213;1090,044
055:0,006;44,094;49,053;232,043;241,063;310,119;328,104;334,229;440,037;539,219;565,074;786,152;1032,237;1048,239;1082,035;1188,175
056:0,006;49,053;121,203;248,052;341,248;512,029;558,266;730,193;973,034;1022,097
057:0,006;80,080;234,084;258,162;345,168;348,093;375,195;465,237;612,241
058:0,006;20,152;85,009;104,259;241,063;277,123;303,234;520,175;562,074;735,112;1179,238
059:0,006;65,258;295,273;344,056;406,203;455,153;469,174;491,236;562,074;631,133;1078,100;1115,117
060:0,006;49,053;232,043;241,063;243,075;390,230;735,112
061:0,007;179,026;552,161;775,229;1035,038;1183,246;1185,101
062:0,007;133,136;245,155;265,091;486,208;530,141;582,055;616,213;732,232;1124,133
063:0,007;177,242;181,091;388,174;475,084;582,055;696,231;811,161;863,184;1141,200
064:0,007;136,088;179,026;619,184
065:0,007;158,236;179,026;421,092;565,073;594,170;657,243;691,148;863,206;1031,241;1169,096
066:0,007;179,026;658,109;685,122;955,044;1127,185
067:0,007;179,026;616,213;658,109;825,178;946,081
068:0,007;253,141;326,137;411,231;582,055;594,139;684,253;723,250;729,139;983,201;1003,237;1023,127;1126,219
069:0,007;158,236;412,026;475,084;553,186;744,091;1095,138;1120,211;1170,031;1178,239
070:0,007;193,084;232,100;357,257;475,263;497,080;567,202;692,170;835,127;929,129;1145,133
071:0,008;56,131;299,077;305,052;337,090;342,040;392,186;455,234;614,034;682,111;737,044;938,177;1131,073
072:0,008;11,069;65,195;196,089;260,136;331,088;358,183;529,040;609,225;711,263;725,235;764,275;981,186;1115,084;1145,044
073:0,008;33,080;70,034;127,171;359,275;383,066;388,132;609,225;630,231;666,229;829,183;862,263;886,211;1110,037;1187,196
074:0,008;31,202;79,034;279,176;307,196;594,216;691,071;803,200;1015,096;1185,126
075:0,008;11,069;33,080;318,126;337,090;519,120;585,074;659,100;737,044;936,143;983,235;1149,039
076:0,008;121,138;170,075;247,234;266,228;305,052;306,198;402,130;522,230;543,107;545,029;594,135;798,100;865,084;908,199;1118,217
077:0,008;70,034;193,148;690,217;803,255;988,213;1087,122;1099,109;1110,170;1145,073
078:0,008;18,261;70,034;259,207;271,138;305,052;306,198;737,044;1036,229;1131,073
079:0,008;27,012;50,053;70,034;154,243;305,052;306,241;311,274;500,175;530,199;691,071;764,275;993,254;1195,035
080:0,008;11,069;47,009;116,230;260,269;306,241;582,066;671,175;677,091;691,071;728,184;737,044;961,190;1131,073
081:0,009;123,046;235,085;283,026;296,257;302,161;438,097;590,026;600,254;612,073;701,111;921,065
082:0,009;94,035;123,046;206,174;274,203;275,201;459,040;596,130;721,075;921,065;1012,143;1084,174
083:0,009;69,228;105,007;123,046;228,260;259,166;621,058;721,075;817,099;921,065;967,195
084:0,009;71,072;206,174;329,186;331,253;490,123;621,058;721,075;816,170;982,065;1175,082
085:0,009;106,253;203,052;275,201;330,120;414,239;546,263;566,047;575,161;579,084;621,058;921,065
086:0,009;108,138;242,175;264,028;324,237;332,097;465,259;488,089;895,106;921,065;1017,161;1122,138;1189,108
087:0,009;129,046;143,041;311,083;459,040;597,171;604,123;630,106;641,169;721,075;1146,179
088:0,009;106,100;517,071;525,105;712,147;731,166;792,038;817,099;900,135;921,065
089:0,009;155,120;336,042;341,250;352,184;599,196;721,075;921,065;1003,160
090:0,009;69,228;383,161;459,040;549,239;594,265;737,044;768,148;976,212;1151,214
091:0,010;49,130;167,239;423,120;446,211;687,195;783,037;1170,031
092:0,010;51,163;361,048;408,250;663,209;781,175;838,217;861,211;883,217;918,105
093:0,010;38,141;164,065;245,273;502,079;727,091;732,239;891,182;1012,211
094:0,010;11,103;358,274;423,066;433,208;477,158;560,234;567,139;765,105;898,260;1135,169
095:0,010;33,234;339,203;361,048;825,084;845,037;950,234
096:0,010;14,158;67,047;68,129;361,048;666,105;972,093;1170,031;1183,111
097:0,010;22,202;209,099;310,072;347,175;372,120;647,103;662,045;718,195;726,260;1046,037;1168,139
098:0,010;124,084;179,026;221,037;344,231;616,026;687,190;1081,193
099:0,010;14,158;151,121;221,037;315,247;361,048;445,128;451,104;561,218;754,095;762,178;880,132;1170,031
100:0,010;142,103;654,132;661,131;699,198;847,152
101:0,011;31,097;144,253;256,158;388,067;579,255;809,225;901,139;931,109
102:0,011;85,186;186,191;272,153;384,130;388,067;492,156;556,093;668,155;877,231;1097,105
103:0,011;36,247;39,207;56,131;100,130;213,211;388,067;661,083;746,111;817,129
104:0,011;39,207;145,156;426,077;546,238;579,255;661,083;744,130;813,135
105:0,011;48,101;112,247;295,184;621,058;707,081
106:0,011;32,160;148,169;336,071;403,158;469,149;487,148;586,158;698,045;707,265;976,179;1048,157
107:0,011;11,069;213,211;325,040;426,066;478,037;524,265;684,094;950,138;1043,108;1136,085
108:0,011;30,101;85,186;119,169;354,108;766,135;891,037
109:0,011;88,242;97,129;297,071;353,089;388,067;573,122;655,215;656,040;684,094;1010,050;1058,179
110:0,011;32,160;183,089;185,215;213,245;252,238;288,171;315,148;395,248;477,128;516,208;549,156;573,122
111:0,012;108,045;111,187;155,099;178,075;306,274;342,065;471,238;748,253;903,121;950,080;987,170;1012,148;1146,065
112:0,012;58,087;288,127;357,075;535,121;1137,263
113:0,012;124,046;219,122;342,065;411,105;512,029;535,121;697,269;707,080;874,269;1145,220
114:0,012;80,049;95,243;108,045;179,260;312,228;369,207;383,169;1128,035;1139,253
115:0,012;60,234;72,072;77,261;108,045;197,079;312,270;354,260;414,157;556,043;565,073;707,235;724,136;810,070;1021,120
116:0,012;52,177;95,243;210,257;429,072;507,195;518,139;528,131;595,091;973,175;1026,262
117:0,012;79,217;174,177;238,242;335,123;342,065;556,043;579,147;676,097;694,115;1114,035
118:0,012;78,016;111,187;219,163;224,138;536,195;556,043;559,229;764,136;825,149;863,274;906,077;921,063;955,065;1156,222
119:0,012;73,152;79,217;412,183;631,217;679,115;970,166
120:0,012;58,087;197,079;342,065;370,131;398,155;420,148;483,067;591,084;959,217;1169,037
121:0,013;122,079;162,191;195,065;251,184;325,238;505,190;536,203;721,132;767,050;786,188;839,203;963,126;972,274;975,127
122:0,013;43,105;71,072;504,125;508,047;579,169;626,073;773,200;966,201
123:0,013;49,122;291,275;378,168;424,137;489,048;493,105;541,073;772,075;814,089
124:0,013;83,096;110,196;195,221;207,163;208,210;228,042;317,195;381,239;391,225;508,047;594,089;698,148;726,232;729,105;735,211;916,047;951,035;987,214;1073,039;1139,232
125:0,013;287,246;380,085;401,125;573,203;598,208
126:0,013;43,009;49,122;211,072;577,141;732,148;760,198;928,191
127:0,013;17,141;23,007;50,268;71,072;628,185;794,245;859,198;916,047;995,225;1023,217;1025,246;1073,039;1156,170
128:0,013;110,196;276,155;305,216;487,248;503,257;541,073;589,040;663,096;788,093;1073,039;1166,214
129:0,013;71,072;534,183;569,133;576,077;625,161;647,199;895,063;928,191;938,139
130:0,013;48,257;271,026;283,037;295,258;404,122;425,221;508,047;541,073;750,161;981,208
131:0,014;58,176;383,066;777,239;826,147;1039,257;1093,202;1200,245
132:0,014;58,176;95,170;184,046;266,163;278,088;323,113;329,095;388,247;418,048;426,095;558,127;559,047;694,202;972,161
133:0,014;109,263;286,229;310,236;375,163;383,066;621,146;658,041;758,178;778,263;1053,237
134:0,014;48,155;662,045;769,245;985,174;999,191
135:0,014;73,034;99,219;309,243;468,142;516,221;555,091;591,026;655,086;671,239;680,045;833,147;872,262;1132,152
136:0,014;30,015;149,097;319,040;383,066;468,089;481,071;527,203;569,034;603,199;645,080
137:0,014;20,152;58,273;158,186;241,063;319,040;355,158;444,246;465,066;655,086;662,045;693,058;876,219;1011,199
138:0,014;108,216;109,263;115,239;164,219;207,225;319,040;402,186;543,066;574,195;662,045;774,203;818,260;897,203;1015,121;1124,085
139:0,014;18,006;115,239;188,199;445,130;577,215;640,211;836,044;858,097;921,245;967,035;1095,101;1187,169
140:0,014;58,273;110,152;123,046;149,261;166,120;210,091;233,219;310,093;319,040;403,190;620,186;688,254;726,128;743,269
141:0,015;294,260;353,247;571,106;618,107;880,175
142:0,015;264,028;279,216;295,195;314,107;519,263;539,077;891,133;923,035;1135,265
143:0,015;238,105;393,107;1006,246;1017,038;1123,266
144:0,015;104,076;111,246;143,034;207,137;317,221;372,253;402,056;560,169;578,263;705,257;848,254;923,035
145:0,015;233,191;312,181;433,239;561,216;567,155;628,239;775,251;1019,107;1055,147;1193,149
146:0,015;238,105;333,176;469,095;532,220;561,253;923,035;959,038;1105,035
147:0,015;61,207;415,269;427,085;855,246;867,149;905,063;959,038;1092,273
148:0,015;105,054;111,168;324,241;377,156;383,093;568,158;766,186;959,038;1116,274
149:0,015;150,172;264,028;289,099;353,149;361,103;470,216;582,183;923,035;1186,225
150:0,015;264,028;369,083;430,261;440,037;514,218;551,108
151:0,016;108,045;114,148;266,196;379,105;474,100;476,097;730,169;849,237
152:0,016;143,041;240,248;245,032;283,026;388,067;479,066;537,269;581,092;606,171;770,100;780,141;823,077;916,047;998,181;1116,231
153:0,016;123,089;143,041;204,246;306,261;401,056;485,217;491,181;504,155;559,087;596,131;710,231;783,038;955,195;961,141;985,177;1033,202;1043,219;1047,084;1146,231
154:0,016;98,215;507,043;624,236;693,038;772,121;855,170;1032,149;1066,274;1081,093;1091,203;1099,035
155:0,016;192,207;232,158;245,032;322,142;466,161;555,149;575,107;609,080;693,038;865,096;998,181;1101,084;1111,225
156:0,016;143,041;241,043;279,253;288,113;321,260;693,038;707,235;933,147;1146,138
157:0,016;65,195;79,168;356,273;479,174;541,095;724,182;822,044;829,111;1105,185;1109,169;1179,216;1195,096
158:0,016;131,262;230,215;245,032;278,108;327,263;349,087;514,238;522,126;690,148;693,038;807,050;832,177;977,115;1145,257;1154,262
159:0,016;48,257;207,236;245,032;288,113;361,215;617,190;693,038;832,177;911,201;943,065;954,185;1069,107;1085,143
160:0,016;127,171;143,041;193,234;221,037;331,221;466,260;760,184;852,169;1104,245;1192,184
161:0,017;16,259;333,036;378,079;506,217;810,166;954,109;1046,050;1072,149;1178,132
162:0,017;49,094;80,049;96,095;303,089;333,036;372,125;412,067;455,269;488,103;557,157;640,274;682,136;754,079;918,239;1041,231;1110,085;1118,260;1183,082
163:0,017;30,101;35,019;80,049;104,076;130,007;188,088;199,036;213,221;289,175;507,043;565,229;579,073;735,085;741,105;761,050;1113,038;1116,039
164:0,017;49,251;71,034;74,096;102,177;105,054;107,088;474,066;482,040;596,175;615,196;657,183;764,129;902,178;1117,239;1170,099
165:0,017;105,054;123,225;410,115;591,128;721,274;761,050;974,245;1064,143;1132,127;1140,212
166:0,017;67,047;80,049;118,079;138,053;144,171;264,259;297,122;405,133;469,071;512,265;569,209;639,128;761,050;855,206;965,044;1188,177
167:0,017;47,003;178,245;362,246;402,132;473,195;494,225;507,043;542,209;564,067;596,231;657,254;806,217;1023,220;1046,095;1178,186
168:0,017;46,230;101,248;126,007;127,097;244,253;371,201;507,040;713,141;759,179;832,209;913,220;996,080
169:0,017;67,047;96,095;232,043;306,042;351,231;403,048;584,238;686,034;709,045;753,199;811,185;840,239
170:0,017;49,251;80,049;178,245;193,046;196,175;246,120;274,042;285,160;333,036;337,089;350,123;404,139;507,043;547,175;596,149;752,254;1102,039
171:0,018;62,053;205,253;238,216;424,153;582,055;584,113;603,141;668,237;841,182;878,230;972,037;1035,225;1176,143
172:0,018;230,052;278,108;385,097;397,156;543,215;562,034;630,058;688,109;944,037;981,111;1164,229
173:0,018;46,262;109,261;130,053;248,243;365,065;383,066;442,220;578,216;595,266;857,108;1024,238
174:0,018;71,072;111,195;322,141;538,149;545,105;563,131;607,095;1179,260
175:0,018;36,179;46,262;146,246;209,245;211,130;260,056;329,079;443,161;479,246;669,185;740,149;1029,094;1129,091
176:0,018;109,261;442,253;565,250;716,208;934,254;982,200
177:0,018;43,136;281,174;467,071;558,047;607,237;871,182;922,127;1007,214;1162,044
178:0,018;93,142;524,171;824,265;1130,115;1173,217
179:0,018;36,179;138,065;314,085;366,141;439,129;447,216;463,126;502,026;514,254;666,250;748,265;764,085;1135,039;1146,266;1182,094
180:0,018;35,247;323,157;1029,091
181:0,019;55,074;157,216;170,075;185,210;199,036;228,042;470,166;1087,141;1127,199
182:0,019;126,234;192,225;199,036;240,072;267,215;353,199;365,071;475,182;651,195;713,037;1129,083
183:0,019;38,161;59,168;105,007;181,269;694,139;713,037;796,231;1032,065;1085,214;1129,083
184:0,019;146,252;160,072;228,042;270,139;592,100;1122,216;1150,269
185:0,019;49,216;55,074;170,075;270,148;296,149;345,139;366,161;373,065;465,190;492,132;498,221;570,034;650,120
186:0,019;38,161;134,175;181,269;228,042;400,236;475,182;562,034;713,037;777,190;916,047;930,171;978,143;1024,100;1073,039;1122,216
187:0,019;78,215;172,041;202,090;222,065;241,026;335,083;353,168;576,080;636,246;1050,160
188:0,019;50,168;76,089;106,176;199,036;246,125;353,259;453,247;492,120;513,269;534,090;593,175;713,037;964,263
189:0,019;55,074;134,175;221,273;228,042;331,250;562,034;910,138;1131,073;1148,176;1156,203;1168,127
190:0,019;49,216;252,199;278,203;425,131;446,229;562,034;806,096;1153,147
191:0,020;146,273;250,126;288,095;467,127;704,130;754,075;947,079
192:0,020;32,169;137,052;139,156;195,026;203,162;221,037;346,126;440,090;460,220;526,079;1003,160;1026,174;1073,220
193:0,020;17,155;148,091;203,162;345,163;376,080;502,066;615,234;703,073;803,238;1098,065;1166,222
194:0,020;124,182;217,230;370,270;380,245;408,135;582,239;634,040;659,232
195:0,020;256,177;290,245;373,129;430,091;542,209;584,095;589,029;597,093;703,196;963,035;1020,170
196:0,020;146,015;231,166;465,108;473,090;541,073;572,195;634,253;657,106;908,084;1024,037;1173,204
197:0,020;138,270;295,126;849,175;962,178
198:0,020;158,046;250,126;318,129;723,238;1018,273;1030,265
199:0,020;124,182;304,075;421,092;588,130;632,155;733,196;832,171;883,235;1067,050;1078,135
200:0,020;188,153;441,247;443,093;544,066;639,239;658,041;659,232;724,127;837,037;948,050;962,183;973,034;1053,126;1150,093
