001:0,001;168,051;172,084;190,049;246,145;364,190;402,026;565,076;566,035;581,115;774,269;790,040;818,251;832,038;1007,200;1018,107;1158,045;1161,179
002:0,001;176,261;184,193;190,049;261,187;320,248;402,026;462,212;537,043;604,180;737,235;784,187;872,033;1049,131
003:0,001;168,051;402,026;429,133;480,136;507,179;522,041;609,161;723,073;739,070;883,168;901,177;1171,181
004:0,001;171,015;246,145;416,103;531,096;739,070;786,064;790,040;803,145;866,037;955,137;1103,072;1160,115
005:0,001;168,051;451,053;457,078;619,230;627,064;642,150;647,212;763,269;818,251;954,069;1184,223
006:0,001;151,043;168,051;390,065;410,201;508,026;590,154;625,222;633,176;680,066;686,001;720,202;884,057;893,066;1000,182;1041,086;1172,219
007:0,001;190,049;191,084;221,075;321,107;402,026;646,174;695,254;836,257;855,087;899,178;927,037;933,053;1000,182;1053,030;1116,214
008:0,001;190,049;320,248;321,107;402,026;429,133;430,253;483,181;581,115;604,180;645,056;852,197;900,120;926,050;937,037;997,241;1091,259;1142,197
009:0,001;184,193;193,229;644,075;657,121;720,078;783,227;790,040;863,177;907,180;982,048;1034,101;1187,188
010:0,001;172,084;459,145;505,026;566,075;739,070;790,040;793,183;828,160;865,127;930,050;1076,069;1106,154;1176,076;1183,127
011:0,002;348,184;363,228;481,045;717,263;748,265;938,110;1063,268;1104,225
012:0,002;342,080;454,035;682,133;914,236;1141,029
013:0,002;295,050;363,228;460,055;614,035;671,245;704,087;737,118;876,212
014:0,002;373,180;419,177;460,055;559,183;755,058;793,063;986,219;1118,202;1143,243
015:0,002;360,042;404,115;411,072;432,136;461,265;561,121;567,045;796,223;1004,069;1056,098
016:0,002;134,016;168,051;391,179;460,055;553,238;600,271;622,035;746,045;806,220;1110,219
017:0,002;235,018;300,050;409,266;460,055;481,045;796,161;831,230;851,176;1166,072
018:0,002;391,179;404,115;411,072;479,075;481,045;789,033;808,154;893,215;930,080;986,074;1126,088
019:0,002;356,043;437,219;681,211;717,263;1158,251
020:0,002;348,184;405,128;411,072;467,176;564,092;573,153;671,245;739,070;796,223;804,230;837,063;932,153
021:0,003;139,037;247,261;285,076;486,264;495,090;521,063;755,058;867,162;911,086;922,183;955,067;1031,188
022:0,003;34,139;59,057;101,157;210,026;248,186;331,045;341,094;383,154;386,172;718,063;726,265;838,275;959,147;1010,176;1065,203
023:0,003;68,048;176,235;316,182;486,040;491,260;600,060;700,181;852,053;917,202;1107,134;1172,176
024:0,003;93,114;114,044;254,064;285,076;548,193;561,154;585,263;662,110;798,067;1010,078;1056,045
025:0,003;52,118;114,044;139,037;165,143;692,039;698,072;749,226;750,066;795,262;940,033;972,235
026:0,003;59,057;68,048;152,172;403,223;436,094;521,063;694,175;912,102;927,133;940,033;1018,107;1022,218
027:0,003;59,057;74,172;114,044;495,090;521,063;896,067;927,134
028:0,003;68,048;143,043;168,086;329,139;338,058;478,179;487,201;521,063;1005,223;1179,214
029:0,003;69,124;101,157;212,043;431,010;525,055;542,240;627,064;640,063;827,048;1078,078
030:0,003;59,057;139,037;161,169;338,058;378,134;412,269;420,179;594,060;639,065;761,066;860,053;940,033;1000,154;1004,250;1056,045
031:0,004;498,068;535,094;960,074
032:0,004;528,044;702,235;727,121;759,241;809,029;822,066;856,235;945,088;956,053;1052,243;1084,223
033:0,004;532,190;542,212;604,039;673,211;851,254;1020,193;1066,055;1167,125
034:0,004;502,259;521,063;555,259;604,039;825,211;863,243;911,069;960,091;1180,050
035:0,004;438,043;491,114;656,226;808,039;855,230;1167,125
036:0,004;481,045;528,044;556,257;593,174;833,267;925,272;981,207;1116,055
037:0,004;377,161;583,093;604,039;837,053;888,174;1135,211
038:0,004;508,161;790,128;805,053;1165,230
039:0,004;480,183;505,128;528,044;583,093;595,172;604,039;755,154;766,209;854,053;1066,055;1118,044
040:0,004;158,208;268,181;932,244;935,241;1175,099
041:0,005;31,041;242,038;335,144;467,133;591,060;643,150;793,267;804,158;808,150;982,165;1004,029;1103,161
042:0,005;24,035;31,041;242,038;442,219;458,064;464,029;591,060;616,269;689,158;722,050;793,053;1000,263
043:0,005;24,035;79,016;90,233;299,002;335,144;591,060;751,056;792,195;793,053;830,027;1187,134
044:0,005;31,041;242,038;305,032;451,053;464,029;529,026;657,092;722,050;786,064;864,196;954,218;963,211;1091,161;1119,183
045:0,005;90,010;254,064;465,128;747,066;806,243
046:0,005;158,055;165,019;254,064;336,004;341,186;387,145;440,266;606,142;793,053;864,176;1000,027;1139,191
047:0,005;38,194;231,159;242,038;305,032;462,114;464,269;769,136;830,027;872,207;1014,048;1035,107;1093,044
048:0,005;24,035;47,198;144,012;208,239;242,038;254,064;408,075;453,153;513,055;514,096;531,128;554,075;606,142;639,259;793,053;854,041;919,168;1093,044
049:0,005;27,080;31,041;305,032;418,064;464,029;581,251;591,060;722,050;792,275;830,027;1119,183
050:0,005;24,035;38,130;47,198;254,064;305,032;462,114;508,078;749,158;830,027;1011,193;1093,044;1152,273
051:0,006;130,058;202,107;245,039;295,067;460,147;517,118;607,031;610,099;1066,055;1101,214;1124,045
052:0,006;164,237;207,039;301,176;323,045;351,065;368,218;404,110;480,043;483,073;500,120;581,255;677,027;706,124;900,048
053:0,006;130,058;164,237;295,067;520,041;604,096;654,195;754,227;779,212;864,249
054:0,006;130,058;139,001;160,133;197,037;232,236;332,264;373,067;414,154;422,213;460,147;799,029;906,063;924,204;1050,267
055:0,006;129,229;202,107;207,039;295,067;355,103;463,035;536,134;625,074;640,107;651,255;742,073;799,029
056:0,006;138,196;160,133;241,264;792,042;842,066;933,027;1012,048;1167,045
057:0,006;129,229;130,058;197,037;207,039;273,257;282,236;291,173;353,067;579,036;601,128;625,074;633,219;755,226;761,174;792,042;797,063;1089,262
058:0,006;130,058;207,039;301,176;462,190;472,127;491,073;563,227;789,258;1043,180
059:0,006;129,019;197,037;207,039;232,236;240,135;450,204;520,041;625,074;679,204;710,153;752,236;799,029;852,197;896,063;929,165;1148,212
060:0,006;130,058;197,037;198,097;243,058;273,257;295,067;325,236;426,253;536,109;625,074;792,042;799,029;1184,189
061:0,007;35,182;137,233;185,155;424,262;426,180;461,266;631,060;696,204;762,078;911,069;997,067;1109,029;1152,051
062:0,007;43,146;93,114;210,026;394,177;395,174;464,029;568,275;608,072;677,251;746,033;820,264;824,110;875,099;880,162;911,069
063:0,007;56,055;271,275;527,150;555,220;581,236;643,244;746,033;832,039;870,187;911,069;928,120;979,050;1152,051
064:0,007;31,041;56,055;222,086;271,036;377,092;394,065;536,229;594,177;626,218;637,240;746,033;983,038;1033,030;1034,122;1086,197
065:0,007;56,055;210,026;608,072;728,150;866,037;911,069;1081,151;1093,193
066:0,007;48,173;56,055;271,036;471,251;520,220;926,267;1023,102;1120,130
067:0,007;21,256;84,001;89,261;220,012;228,171;271,036;344,004;471,251;746,033;981,029;991,267;1118,193
068:0,007;34,139;113,041;157,169;210,026;271,036;385,222;608,072;733,079;881,029;885,063
069:0,007;48,173;153,072;185,223;300,026;615,169;746,033;887,102;1152,051
070:0,007;21,256;185,223;398,109;526,172;579,179;631,140;911,069;1123,268;1152,051
071:0,008;57,127;99,187;133,158;544,213;609,060;677,027;709,078;719,267;953,118;1062,226
072:0,008;67,180;372,184;634,050;719,267;739,187;759,079;831,121;904,087;1058,137;1165,086
073:0,008;58,120;338,260;496,082;771,033;792,178;991,087
074:0,008;77,208;198,214;263,117;308,135;314,169;412,175;431,128;438,043;644,116;713,158;768,236;863,222;1052,230;1059,177;1105,168;1123,164
075:0,008;16,118;57,127;314,223;330,069;368,218;543,035;637,068;770,215;798,140;918,196;1056,045;1123,164
076:0,008;14,181;128,173;304,018;331,158;557,176;597,145;655,187;825,134;1056,098
077:0,008;67,180;307,155;326,176;330,069;356,154;979,275;1127,110;1186,047
078:0,008;99,187;400,070;514,264;543,231;801,259;996,261
079:0,008;62,262;347,044;366,068;393,265;740,249;866,037;1009,272
080:0,008;168,019;202,013;330,069;337,062;360,128;438,043;608,072;746,033;786,220;805,146;866,037;957,150;960,127
081:0,009;77,208;128,144;205,173;237,043;402,222;499,231;519,213;766,070;908,038;991,189
082:0,009;140,012;269,048;360,118;449,040;548,147;563,114;571,041;613,251;636,190;949,225;1045,222;1056,045
083:0,009;137,061;262,253;426,035;557,158;694,218;752,244;878,251;1024,091;1068,050
084:0,009;27,080;331,244;548,153;633,172;671,121;839,227;1041,029;1181,044;1194,122
085:0,009;128,144;137,061;243,058;267,244;642,158;685,177;702,045;706,244;1023,074;1056,048
086:0,009;122,080;345,067;360,110;414,200;426,035;449,040;511,275;661,213
087:0,009;137,061;269,048;355,174;402,258;426,035;484,218;818,263;992,086;1021,094;1039,027;1079,250
088:0,009;114,044;137,061;243,058;262,253;269,048;348,198;355,245;432,035;659,242;714,094
089:0,009;156,214;269,048;338,058;414,200;444,254;449,040;523,235;832,215;921,207;924,143;996,120;1099,147
090:0,009;162,128;269,048;323,045;355,245;426,035;457,242;467,026;523,235;626,200;663,154;682,242;817,241;957,038;1081,151;1102,099
091:0,010;310,229;393,204;693,075;694,175
092:0,010;71,006;73,258;220,060;233,087;273,037;346,135;408,066;451,053;589,195;809,063;823,180;854,272
093:0,010;255,190;841,153;927,146;933,218;1011,180;1041,122
094:0,010;73,258;90,010;273,037;408,066;425,154;455,183;467,040;473,118;504,127;647,060;694,209;747,088;754,070;841,153;1140,137
095:0,010;103,161;220,060;408,066;419,150;593,068;768,270;827,261;1035,165
096:0,010;220,060;308,002;324,077;385,259;408,066;438,121;519,053;615,133;682,127;1179,177
097:0,010;251,143;259,208;347,187;408,066;428,067;451,053;660,039;676,214;704,094;713,212;780,106;879,183;1104,213;1122,177;1198,154
098:0,010;69,124;91,258;284,190;358,212;493,045;712,118;1058,219;1107,076;1153,128
099:0,010;259,217;273,037;381,068;446,082;449,238;451,053;715,045;841,272;879,097;1033,030;1125,120
100:0,010;233,087;273,037;368,183;451,053;545,126;561,153;564,053;682,127;804,107;842,174;876,067;1029,267;1045,233;1119,227
101:0,011;176,072;197,141;252,033;295,050;331,045;355,223;444,183;565,068;653,050;834,168;919,218;941,266;1084,120
102:0,011;197,117;262,239;295,050;330,136;408,143;557,058;684,255;723,220;724,183;895,029;1129,198
103:0,011;225,010;240,200;323,045;338,056;374,070;420,254;633,235;689,147;759,039;863,180;881,207;913,268;1140,087
104:0,011;190,049;269,026;313,181;338,056;364,253;422,110;650,116;735,099;755,058;831,266;912,254;928,102;1000,080;1163,233
105:0,011;197,135;295,050;323,045;338,056;343,265;379,004;394,177;691,143;986,236;1125,161;1187,230;1198,086
106:0,011;69,239;202,072;205,136;547,067;643,137;757,073;835,222;857,254;907,160;1040,069;1161,076;1174,051
107:0,011;205,136;240,120;295,050;359,041;382,204;389,256;422,134;557,058;580,174;601,211;606,036;626,119;723,172;734,220;755,058;811,227;849,107;865,128;1133,220;1186,218
108:0,011;194,198;199,018;269,097;304,103;331,106;338,056;340,010;601,211;623,036;664,225;687,030;699,001;807,236;944,133
109:0,011;69,013;143,271;156,120;184,018;187,072;213,078;252,033;304,103;409,184;535,074;559,064;626,119;634,174;645,078;705,039;930,222;1016,133;1084,074;1126,088
110:0,011;197,135;213,078;252,033;304,013;343,265;455,092;486,043;557,058;596,036;677,065;689,050;702,087;953,029;1008,204;1016,203;1039,099;1129,198
111:0,012;324,143;335,125;366,068;456,099;563,080;603,031;653,106;673,119;729,154;752,148;797,180;818,038;914,050;1179,147
112:0,012;55,212;311,041;374,070;562,265;603,031;693,073;818,038;1168,079
113:0,012;335,125;366,068;411,072;424,055;530,212;704,259;861,211
114:0,012;329,260;352,044;354,118;366,068;374,070;424,055;456,099;640,231;645,056;666,165;785,143;817,029;864,080;1198,047
115:0,012;346,092;361,051;374,070;546,271;571,094;631,079;645,056;836,161;914,050;1032,161;1097,128
116:0,012;311,041;370,154;380,070;548,162;603,031;666,165;807,243;818,038;993,137;1028,074;1032,161;1079,218;1147,101
117:0,012;316,048;341,114;366,161;416,070;417,094;424,055;548,162;572,183;603,031;645,056;861,203;906,066;914,050;1030,262;1069,106
118:0,012;311,041;366,068;507,035;645,056;837,209;843,143;861,203;1004,190;1030,254;1093,044;1196,137
119:0,012;424,055;546,271;818,038;935,262
120:0,012;311,041;321,002;328,041;383,065;413,082;693,073;718,116;781,212;914,050;991,078;1111,174;1168,079
121:0,013;453,052;535,074;559,064;688,261;729,050;731,067;1012,200
122:0,013;337,062;350,269;523,067;589,195;606,229;637,044;683,233;1041,094
123:0,013;246,110;328,043;350,269;398,077;463,055;479,096;481,036;531,269;535,074;540,068;560,101;578,134;579,036;656,226;687,030;719,179;728,264;956,121
124:0,013;244,161;288,251;306,043;315,114;437,174;458,052;481,036;541,216;589,049;719,179;731,067;966,251
125:0,013;362,221;453,052;490,180;559,064;589,049;731,067;868,146;884,057;965,130;1070,259;1076,148;1090,091
126:0,013;341,150;438,073;439,120;481,036;523,067;559,064;589,049;687,030;710,225;726,256;731,067;935,203;1189,045
127:0,013;326,041;419,242;479,096;535,074;589,049;895,086;1135,213;1174,165
128:0,013;355,236;562,158;588,259;655,143;687,030;754,254;852,265;869,261;992,244;1196,275
129:0,013;246,110;362,221;453,052;481,036;582,080;688,261;770,039;798,063;812,223;1065,110;1090,136
130:0,013;315,114;340,181;368,156;439,120;523,067;535,204;669,183;711,065;727,233;971,218;1053,121;1138,048
131:0,014;54,214;71,010;94,251;269,002;323,231;422,114;461,187;693,073;779,158;790,165;920,038;1033,030;1066,055;1150,148
132:0,014;95,172;375,106;449,040;519,201;535,065;549,053;564,262;622,050;719,097;809,240;854,227;1067,152;1118,244
133:0,014;62,194;84,139;486,169;592,176;652,065;683,066;688,215;757,202
134:0,014;60,001;125,182;285,233;346,092;533,076;607,050;719,097;1033,030;1085,045
135:0,014;73,226;338,058;423,230;816,048
136:0,014;54,144;65,146;73,226;324,262;468,236;577,092;651,128;1087,101;1122,048
137:0,014;133,239;420,128;430,264;463,262;607,050;718,124;790,134;816,048;1106,266
138:0,014;86,011;201,161;362,065;380,176;475,175;557,058;559,253;607,050;725,148;1038,029;1113,246;1130,044
139:0,014;54,214;191,181;308,075;538,067;544,035;560,240;607,050;644,264;667,107;864,136;1059,029;1097,055;1176,153
140:0,014;94,251;466,219;514,092;695,082;792,042;816,048;1033,030;1113,246
141:0,015;242,170;274,013;321,175;520,222;731,067;733,241;852,189;916,175;1097,151
142:0,015;294,094;329,235;369,128;382,204;396,263;568,177;587,120;865,190;884,057;934,235
143:0,015;14,181;210,004;242,170;321,175;388,094;549,073;581,088;861,262;881,196;896,066;954,069;955,259
144:0,015;232,198;294,094;403,172;516,136;672,180;778,145;779,222;908,165;971,172;1179,154;1192,072
145:0,015;221,075;300,106;581,048;734,161;889,172
146:0,015;255,156;263,235;349,065;408,066;520,220;543,256;608,106;614,244;657,275;884,057;960,091;994,183;1046,249
147:0,015;349,065;403,275;410,080;575,065;734,204;812,174;1106,176
148:0,015;247,026;269,243;321,041;337,062;345,183;440,180;492,187;646,072;708,215;845,266;1029,069
149:0,015;337,062;349,065;370,028;438,121;661,222;786,064;884,057;928,154;1133,152
150:0,015;269,243;349,065;786,064;876,110;1150,151
151:0,016;219,263;474,201;477,106;535,074;579,036;609,240;619,256;969,250
152:0,016;68,048;143,043;219,263;345,143;401,068;568,169;744,231;760,271;795,066;1066,240
153:0,016;70,121;193,212;373,073;579,036;624,072;682,106;748,073;897,197;960,074
154:0,016;153,072;207,039;220,154;252,256;290,229;297,256;676,065;683,122;777,099;791,133;1011,038;1034,226;1129,078
155:0,016;153,072;231,140;540,144;589,143;621,110;664,225;715,073;811,256;938,086;976,265;1105,133
156:0,016;182,138;220,061;231,140;258,004;335,180;431,218;469,103;474,153;551,106;843,112;960,074
157:0,016;153,072;224,259;289,200;307,073;326,231;639,153;722,050;843,112;960,074
158:0,016;143,043;243,058;253,217;324,077;506,200;540,120;1055,227
159:0,016;143,043;182,138;205,010;252,256;370,028;377,230;430,200;626,068;680,066;914,106;1076,130;1082,200;1126,074
160:0,016;203,233;253,033;259,166;342,010;392,109;437,133;451,200;499,238;525,109;607,050;615,044;680,066;734,241;752,180;1086,072;1096,241
161:0,017;73,155;201,089;202,261;271,200;280,258;418,064;482,077;522,254;529,133;733,219;826,128;850,147;923,275;1178,168
162:0,017;150,139;176,212;178,044;201,089;291,048;334,044;350,166;403,016;478,065;495,068;738,242;838,103;857,027;901,219;961,197;1136,267;1186,047
163:0,017;263,244;330,069;448,245;495,068;626,240;908,197;1030,233;1077,240;1186,047
164:0,017;119,138;178,044;403,016;421,193;448,245;450,065;485,079;495,068;628,254;709,231;723,073;906,048;948,212;1121,175;1186,047
165:0,017;116,166;403,016;425,064;475,134;495,068;537,216;634,136
166:0,017;145,043;368,075;403,016;418,064;495,068;753,256;793,045;816,048;957,037;962,264;1181,202
167:0,017;131,155;166,198;170,043;357,010;403,016;422,213;523,067;610,257;834,124;929,265;1015,254;1071,225
168:0,017;119,138;178,044;204,182;429,118;727,045;838,103;885,264;1108,107;1186,047
169:0,017;116,166;178,044;356,140;385,181;403,016;418,064;464,254;477,065;566,053;585,079;636,039;717,257;1193,080
170:0,017;135,187;178,044;403,016;420,190;438,043;773,134;781,270;824,067;910,099;984,262;988,258;1019,076;1183,091
171:0,018;350,051;360,042;383,010;555,259;581,048;627,064;719,249;780,219;1025,027;1058,072
172:0,018;318,208;340,010;569,053;644,111;713,039;719,249;725,039;913,268;989,168;1194,200
173:0,018;315,051;339,155;340,010;615,044;666,266;686,001;739,070;760,167;797,176;853,106;997,268;1023,207;1124,131
174:0,018;165,143;232,026;340,010;555,110;559,140;565,065;615,044;627,064;628,271;686,001;747,066;1016,076;1058,072
175:0,018;337,183;349,010;542,200;686,001;747,066;827,222;828,066;841,029;975,027;1106,148;1134,264
176:0,018;162,128;209,073;320,200;340,010;360,042;365,193;581,048;615,044;680,066;686,001;763,261;859,121;918,050;1058,072
177:0,018;365,193;418,140;489,176;510,253;512,140;673,110;686,001;723,209;800,178;827,066;925,121;1051,266
178:0,018;340,010;556,257;686,001;820,039;969,250;972,130
179:0,018;314,159;340,010;360,042;410,067;444,238;581,048;627,064;635,053;638,044;686,001;747,066;828,099;850,219;867,168;875,037;985,027;1100,261
180:0,018;320,135;340,010;520,041;562,107;593,068;595,048;600,083;686,001;749,261;760,128;775,267;784,033;914,053;1040,259;1058,072
181:0,019;209,073;560,218;615,049;728,140;739,227;747,189;1137,050
182:0,019;209,073;508,084;612,266;677,027;959,181;1179,273
183:0,019;209,073;221,075;693,073;767,134;854,041;942,177;1040,148;1049,190
184:0,019;120,127;511,073;561,053;590,220;704,145;812,218;926,148
185:0,019;209,073;557,263;703,189;848,230;935,053;973,146
186:0,019;213,186;255,156;491,103;680,142;783,110;921,190;1138,044
187:0,019;221,075;703,189;716,172;820,127;854,041;959,181;1164,153;1172,275
188:0,019;139,037;143,271;156,019;223,075;754,258;854,041;895,067;903,102;910,121;944,220
189:0,019;263,084;520,041;547,084;633,147;677,027;771,146
190:0,019;279,089;315,073;403,016;478,075;622,140;626,115;1135,174
191:0,020;85,115;220,060;227,067;234,026;295,037;351,004;370,028;453,052;499,040;507,146;804,172;872,240;1071,050
192:0,020;64,012;66,201;227,067;272,156;331,239;463,180;487,154;532,251;556,041;585,121;654,218;691,063;800,235;898,088;908,037;1044,152
193:0,020;135,253;136,016;169,159;221,120;226,262;284,275;322,161;367,065;655,176;832,172;942,038;990,074;1029,251;1122,106;1178,050
194:0,020;64,117;187,121;227,067;435,145;770,213;1092,233
195:0,020;100,264;260,018;266,026;389,134;456,109;507,146;767,160;812,148;919,029;946,225;1089,050
196:0,020;74,253;252,033;320,253;344,275;370,028;493,107;683,122;771,263;779,147;1145,154
197:0,020;70,121;85,115;180,061;190,159;370,028;390,065;788,050;793,115
198:0,020;136,235;243,049;253,206;370,028;461,187;480,010;535,253;627,064;629,065;767,160;1028,137;1031,188;1132,200;1142,246;1189,044
199:0,020;110,158;136,235;145,194;172,055;200,186;227,067;243,058;277,259;528,044;578,255;599,063;854,041;940,033;945,257
200:0,020;64,117;333,251;364,169;536,065;563,236;762,088;954,050
