001:0,001;125,178;137,253;375,125;395,224;434,062;460,226;573,200;582,071;611,259;705,107;741,078;771,246
002:0,001;136,265;171,127;178,101;335,265;366,050;603,147;819,268;980,218
003:0,001;106,048;337,050;434,062;519,133;1035,085;1162,063
004:0,001;72,112;224,201;291,199;330,192;473,168;502,139;514,223;673,187;843,200;879,091;889,233;970,070;1123,183
005:0,001;70,095;106,048;226,125;795,173;804,078;1068,150;1177,192
006:0,001;68,017;106,048;135,008;145,072;199,269;300,253;337,082;568,112;915,249;988,131;1001,030;1127,131;1162,063
007:0,001;77,080;323,215;337,050;654,183;677,046;789,129;975,173;1195,085
008:0,001;105,143;106,048;337,050;418,133;512,219;561,179;685,212;785,182
009:0,001;150,143;179,141;434,062;535,201;602,099;610,226;631,223;697,173;907,030;1052,163
010:0,001;137,253;293,151;337,050;501,140;579,063;585,199;1078,119;1162,063
011:0,002;11,080;55,274;201,095;360,151;434,062;542,236;605,028;609,170;835,263;990,154
012:0,002;156,202;353,218;481,235;603,082;651,251;916,112
013:0,002;156,202;196,072;211,086;523,171;632,101;660,125;664,068;788,188;941,071
014:0,002;51,212;348,127;664,068;823,085;1024,179
015:0,002;148,065;170,225;590,156;671,033;782,211;896,264;931,028;1061,224
016:0,002;178,213;209,146;226,127;336,225;1183,131
017:0,002;218,135;262,260;270,219;314,086;352,031;361,246;365,169;374,246;393,235;496,224;529,030;628,235;682,080;823,163;835,086;860,077;881,211;898,092;941,071;981,202;982,130
018:0,002;101,212;118,247;244,053;248,198;297,229;329,169;346,030;353,218;623,192;815,209;1086,112
019:0,002;145,127;483,169;664,149;685,112;941,071;956,255;1007,163;1045,098;1070,130;1105,170
020:0,002;199,136;362,158;401,125;478,206;664,068;705,245;722,100;797,027;809,238;812,213;976,139;1193,065
021:0,003;48,249;177,274;261,048;335,163;372,215;418,028;609,270;720,136;996,178;1047,167;1049,133;1102,259;1198,139
022:0,003;73,167;288,260;420,209;700,115;751,129;928,170;1102,239
023:0,003;8,102;14,004;32,113;346,161;644,131;678,259;799,060;861,267;883,222;917,173;945,264;963,070;1098,233;1185,159
024:0,003;8,102;204,268;264,084;345,062;379,219;418,028;647,161;801,195;963,070;1028,173
025:0,003;33,019;71,247;82,084;258,040;319,187;408,136;521,098;827,107;903,187;1021,078
026:0,003;22,220;144,236;151,224;201,112;372,248;501,168;612,092;705,163;724,073;804,187;831,167;1008,131
027:0,003;22,220;188,075;245,183;355,098;384,154;418,028;609,188;799,060;891,105
028:0,003;121,086;175,243;227,187;310,113;424,161;963,070;1084,142
029:0,003;32,274;136,265;418,028;516,267;609,188;767,084;799,060;831,167;859,164;1168,233
030:0,003;218,215;361,141;401,164;931,178;958,166;1183,125
031:0,004;134,055;224,252;342,226;357,139;501,134;982,136;1076,178;1110,027
032:0,004;76,102;242,248;274,169;288,206;376,150;777,147;966,179;1066,237
033:0,004;162,223;199,222;856,101;895,263
034:0,004;155,053;201,031;225,190;414,222;510,238;640,267;838,261;852,087
035:0,004;75,135;134,055;314,138;631,088;734,113
036:0,004;192,085;294,096;749,192;873,107
037:0,004;139,187;155,053;202,203;208,018;230,085;239,260;543,257;614,201;640,067;826,028;856,087;896,169;943,113
038:0,004;225,190;314,138;370,113;869,100
039:0,004;132,052;134,055;155,053;157,150;188,195;377,053;466,138;535,097;575,067;623,131;778,106;913,100;1008,099;1068,088
040:0,004;134,055;182,144;191,017;211,240;736,270;785,134;1015,201;1056,253;1108,133;1115,172;1156,102;1184,182
041:0,005;123,209;206,249;333,212;406,167;585,087;589,084;654,064;740,155;931,172;944,095;1033,174;1053,050
042:0,005;18,095;294,160;366,030;610,113;679,147;699,187;773,088;1005,239;1012,251
043:0,005;123,209;168,268;185,219;405,171;418,256;669,200;724,243;791,200;822,149;983,169;993,172
044:0,005;94,260;202,202;255,074;391,134;514,260;519,182;634,039;657,256;687,174;1000,155;1172,063
045:0,005;98,009;108,198;206,238;223,260;247,238;541,129;583,182;1042,136;1139,078
046:0,005;116,095;175,074;206,238;493,150;610,249;634,039;696,218;704,106;858,161
047:0,005;18,095;47,006;150,105;202,140;397,159;492,053;494,125;525,256;634,039;679,174;695,064;931,172;996,030;1127,205
048:0,005;104,178;293,097;406,029;451,053;497,099;514,071;813,225;1158,125
049:0,005;145,224;150,105;216,179;218,265;260,092;266,131;393,206;455,195;495,107;638,182;654,064;785,209;956,235
050:0,005;98,151;116,224;270,154;290,235;294,191;316,151;397,097;555,273;654,064;728,125;883,088;899,077;1013,172;1056,164;1090,267;1117,130
051:0,006;95,002;131,222;220,224;247,272;419,194;483,201;731,099;811,073;983,268;1185,085
052:0,006;219,048;239,097;248,224;391,222;413,257;453,154;480,143;504,185;530,235;583,178;679,085;733,098;802,084;863,106;1117,270
053:0,006;153,141;337,124;353,248;358,135;397,262;626,129;687,182;755,249
054:0,006;157,131;486,218;542,103;662,219;815,253;816,183;935,099;1076,236;1116,218;1177,119
055:0,006;81,233;226,174;310,146;320,192;324,099;819,098
056:0,006;125,004;210,189;229,102;342,215;612,209;669,179;704,064;777,268;787,267;809,235;912,127;1155,227
057:0,006;81,233;258,102;610,087;770,173;784,215;974,262;1118,170
058:0,006;199,236;355,223;566,176;656,096;693,249;733,253;739,259;852,264;885,138;951,107;1115,147
059:0,006;183,272;287,053;293,074;486,202;490,133;614,159;756,134;757,256;1100,218;1112,268
060:0,006;118,174;398,255;1108,251
061:0,007;102,149;106,144;183,260;238,243;254,211;266,252;335,214;346,202;448,235;464,224;785,237;899,170;979,240
062:0,007;106,213;740,064;787,154;982,027;991,216;1089,098
063:0,007;5,103;106,213;178,158;224,252;261,233;693,064;752,107;783,131;936,202;965,050;1107,129
064:0,007;80,091;654,212;814,126;965,050;1047,213;1122,159;1168,050;1183,065
065:0,007;138,065;254,211;491,080;606,147;635,253;864,139;961,122;965,050
066:0,007;138,065;270,154;404,109;561,211;601,085;673,255;806,107;808,212
067:0,007;179,095;186,072;264,213;477,131;510,109;890,150;952,105
068:0,007;132,159;606,091;845,115;896,095;951,172;965,050
069:0,007;111,113;247,247;475,096;561,234;649,237;726,176;816,192;1074,122
070:0,007;178,158;357,171;551,135;621,168;693,101;771,073;896,095;941,071;1009,050;1039,216
071:0,008;170,226;484,213;552,203;590,253;653,262;952,226
072:0,008;181,143;339,194;389,214;448,050;603,235;827,173;994,213;1049,070;1056,109
073:0,008;254,191;300,085;320,167;363,256;406,029;431,031;494,131;513,050;628,236;989,030;1010,191;1079,176
074:0,008;138,065;218,198;234,106;342,190;406,029;413,051;432,156;662,255;667,264;979,227
075:0,008;241,111;323,136;406,029;432,168;499,089;676,033;838,176;1156,205;1184,238
076:0,008;170,226;241,139;431,051;468,235;478,071;565,187;669,170;902,130;971,158;1084,251;1092,209
077:0,008;115,256;303,236;830,030;916,267;1016,255;1054,182;1087,187
078:0,008;115,256;337,050;421,166;715,102;740,096;820,227;1155,091
079:0,008;140,043;193,135;307,169;1014,085;1052,187;1055,125;1119,102;1151,087
080:0,008;236,158;304,223;466,139;641,112;666,101;852,119;998,263;1148,148;1196,268
081:0,009;171,198;310,080;845,058;862,027;954,129;1062,192;1153,262
082:0,009;206,193;243,085;347,160;574,138;1031,091;1147,092;1187,050
083:0,009;256,264;412,078;416,098;638,136;737,179;836,235;845,058;852,239
084:0,009;151,018;171,178;426,264;653,082;728,166
085:0,009;130,219;141,215;163,129;487,176;902,089
086:0,009;150,140;236,080;250,160;275,249;852,239;998,088;1136,236
087:0,009;140,043;163,129;769,092;867,084;1025,077;1112,256
088:0,009;158,203;531,251;706,201;957,228;966,270;1107,236
089:0,009;146,106;230,236;295,178;640,102;802,089;845,058;950,201
090:0,009;71,247;140,043;202,246;248,233;845,058;857,177;1060,077
091:0,010;125,248;241,247;345,235;392,091;558,243;667,067;689,202;896,159;1016,249
092:0,010;108,269;291,062;406,138;460,084;518,140;543,238;972,161
093:0,010;185,265;189,209;291,062;370,115;618,067;626,086;702,133;816,099;953,078;1003,273;1098,115
094:0,010;181,255;186,031;311,098;497,050;516,253;625,202
095:0,010;210,177;492,203;584,067;664,149;835,102;862,234;909,218;1068,177;1078,247
096:0,010;108,009;115,255;194,219;263,146;400,185;467,113;571,097
097:0,010;115,255;163,045;239,160;340,050;400,185;1110,117
098:0,010;107,174;170,215;210,177;250,226;291,062;371,261;493,053;529,106;701,084
099:0,010;71,189;291,112;524,127;589,237;644,171;654,064;702,260;875,102
100:0,010;71,189;138,065;212,097;222,179;291,062;348,195;449,167;560,106;716,200;785,260;795,222;807,259;984,234;1019,250
101:0,011;186,031;545,168;674,127;793,027;886,073;931,164;988,188
102:0,011;111,082;232,053;375,202;559,073;855,130;1021,122;1183,065
103:0,011;12,144;112,121;139,074;363,031;534,131;632,112;638,226;652,078;734,169;879,125;1183,065
104:0,011;112,074;168,235;176,225;246,098;329,180;384,270;574,160;835,253;986,183;1120,086;1198,117
105:0,011;12,125;31,207;112,074;438,106;477,031;528,073;929,126
106:0,011;112,074;384,270;453,183;803,213;1043,159
107:0,011;112,121;140,150;156,248;158,072;168,203;186,031;528,073;728,238;797,174;1055,091;1060,222
108:0,011;142,195;186,031;246,098;283,031;528,073;718,067;734,261;762,264;824,133;1147,050;1173,100;1183,065
109:0,011;112,074;217,199;572,101;633,109;762,086;1010,147;1060,240;1067,201;1099,050;1199,129
110:0,011;112,151;274,187;528,073;897,147;913,139;1023,027;1068,172;1101,119
111:0,012;140,099;150,143;459,063;911,268;1103,200
112:0,012;162,191;195,169;256,177;353,268;404,063;484,164;757,178;900,125;925,142;1074,129;1089,078;1114,213
113:0,012;187,097;326,051;371,229;380,247;474,211;647,085;1006,027;1128,085;1190,138
114:0,012;155,228;210,229;404,063;650,273;1073,127;1115,237
115:0,012;195,169;326,051;518,211;524,226;585,195;600,073;633,126;784,028;1012,250
116:0,012;193,247;234,235;326,051;441,030;512,219;653,206;674,256;747,102;970,086;1089,185;1109,246
117:0,012;46,102;65,215;307,235;404,063;661,225;784,028;958,030;1010,138
118:0,012;166,045;216,124;239,160;243,153;333,249;366,192;408,227;556,248;756,096;803,121;912,099;924,185;1006,027;1038,086;1139,126
119:0,012;168,086;237,053;271,139;326,051;392,194;403,053;404,063;667,089;881,188;1170,225
120:0,012;158,235;228,228;283,124;460,256;523,260;784,028;854,117;986,215;1004,092;1117,027
121:0,013;158,268;166,201;260,246;293,209;575,028;593,127;822,073;844,149;858,147;892,177
122:0,013;172,159;365,177;429,187;619,179;663,166;879,178;985,264;1183,065;1187,225
123:0,013;202,161;249,047;346,030;371,071;401,195;494,050;604,243;609,211;637,187;692,054;704,036;724,243;784,160;840,067;868,218;958,273;978,121
124:0,013;166,201;219,191;245,018;249,047;338,096;346,030;371,071;396,176;562,050;664,068;720,119;787,154
125:0,013;20,224;123,198;133,243;351,074;374,078;641,178;834,067;879,228;948,199;1074,050;1078,255
126:0,013;150,140;182,139;237,101;249,047;338,194;478,257;568,089;593,082;602,222;605,084;704,036;771,073;858,127;939,147
127:0,013;121,086;145,136;249,047;346,030;389,082;475,261;704,036;748,240;1044,158;1086,115
128:0,013;202,161;368,253;371,071;420,086;497,192;539,158;1023,169
129:0,013;166,249;249,047;371,071;407,243;566,171;692,054;706,218;901,237;927,163
130:0,013;158,268;336,090;346,030;383,167;388,236;517,071;692,054;720,119;1080,209
131:0,014;13,261;82,072;191,018;258,040;319,209;390,226;422,084;444,038;546,192;576,185;710,027;745,147;768,115;966,095;1051,066;1072,240
132:0,014;82,072;97,191;287,167;429,183;444,038;508,063;545,234;571,160;629,230;674,138;883,255;937,238;1173,106;1196,166
133:0,014;90,161;135,212;251,136;258,040;263,055;307,121;388,085;598,270;778,027;784,028;999,077;1047,228;1170,133
134:0,014;82,072;241,111;307,121;588,200;661,099;727,213;807,028;960,237;1055,138;1188,122
135:0,014;174,153;272,090;310,107;444,038;483,246;689,192;704,036;710,027
136:0,014;13,261;82,072;169,223;204,099;263,055;290,268;444,038;501,253;582,115;743,086;754,091;1003,119;1067,213;1104,164
137:0,014;87,132;113,173;212,139;263,055;272,090;364,051;475,082;704,243;710,027;806,136;860,150
138:0,014;97,191;106,072;204,099;339,101;417,154;429,085;537,159;559,183;639,211;865,136;869,185;899,121
139:0,014;82,072;224,229;258,040;263,055;337,050;348,143;482,171;522,202;665,243;722,027;1018,088;1060,085;1124,127
140:0,014;111,173;216,107;679,176;710,027
141:0,015;142,195;310,272;460,178;516,267;750,115;791,073;869,247;1004,169
142:0,015;209,146;267,135;371,071;373,255;652,226
143:0,015;284,214;559,262;1159,253
144:0,015;175,103;464,071;509,226;523,178;536,136;639,268;765,224;1197,172
145:0,015;145,136;175,103;191,101;226,018;378,174;474,268;662,160;760,248;819,251;1051,066;1089,139
146:0,015;189,031;348,095;358,124;438,224;446,171;464,071;703,179;953,088;989,126;1023,176;1051,066
147:0,015;137,139;212,064;233,112;279,109;464,071;628,230;810,028;834,088;881,149;966,253
148:0,015;149,269;163,151;313,103;568,222;572,087;584,226;946,131;1118,178
149:0,015;82,084;598,218;842,159;1063,247;1067,264;1152,077
150:0,015;137,139;179,109;400,227;401,158;459,199;464,071;535,087;856,027;925,077;992,134;1051,066
151:0,016;5,184;146,048;271,082;326,140;447,166;643,173;705,246;777,213;799,060;809,222;1030,126;1126,092;1137,107;1171,148
152:0,016;57,109;146,048;189,075;376,262;416,080;429,246;444,038;489,212;655,091;671,033;732,219;742,222;790,101;897,200;972,149;979,200;1030,267;1043,142
153:0,016;57,109;234,124;337,097;391,051;452,080;461,136;619,099;629,237;949,117;1193,100
154:0,016;39,192;309,228;331,257;492,215;832,255;865,089
155:0,016;69,082;358,243;519,273;550,224;736,201;936,106;1020,191;1152,263
156:0,016;146,048;147,153;180,235;257,240;504,030;557,199;941,237;1105,228;1193,164
157:0,016;77,254;235,246;642,249;671,033;732,256
158:0,016;39,192;341,256;343,211;407,209;411,169;434,212;604,046;643,173;673,107;862,259
159:0,016;41,257;146,048;306,133;431,264;716,183
160:0,016;5,184;34,080;133,219;188,075;224,248;485,028;608,092;634,039;671,033;712,084;742,163;977,122;1025,215;1170,063
161:0,017;321,158;917,167
162:0,017;233,048;246,092;257,167;275,164;462,031;550,237;617,067;725,200
163:0,017;212,064;268,048;364,134;387,155;430,211;466,071;531,121;830,030;1148,207
164:0,017;298,223;347,227;393,261;472,102;687,230;761,240;965,264;1010,222
165:0,017;69,082;71,017;212,064;243,036;322,134;472,121;491,248;519,234;532,071;697,086;830,030;1107,268;1111,253;1157,273
166:0,017;146,048;212,064;243,036;284,161;285,101;566,240;684,131;984,238
167:0,017;243,036;265,061;275,164;397,256;428,174;434,101;591,179;619,227;806,115;823,100;898,261
168:0,017;265,061;318,053;486,106;524,222;539,046;559,134;586,112;609,260;683,067;898,261
169:0,017;212,064;246,092;328,203;485,249;599,125;618,133;701,233;956,150;1035,157;1122,191;1145,125;1153,207
170:0,017;212,064;243,036;322,134;336,031;387,155;627,218;686,215;716,174;783,078;830,030;1035,157;1162,063
171:0,018;376,150;440,097;466,192;677,046;690,268;902,238;913,027;916,142;989,050;1154,088
172:0,018;77,254;263,048;272,126;336,163;608,101;611,139;912,109;992,170;1113,201
173:0,018;286,201;535,046;655,100;677,046;692,240;750,155;756,136;804,125;877,215
174:0,018;329,180;378,096;437,078;471,270;535,046;627,163;817,212
175:0,018;294,171;377,071;416,199;434,112;584,159;842,109
176:0,018;272,126;594,135;631,234;1019,260
177:0,018;285,206;643,101;675,169;722,251;813,087;827,267
178:0,018;274,113;289,153;388,163;644,073;677,046;756,077;911,087;1141,267;1180,177
179:0,018;265,061;274,248;345,099;472,030;535,046;785,261;853,235;968,127;1066,084
180:0,018;244,103;292,154;349,264;426,154;503,071;528,115;535,046;654,139;778,230;784,270;830,260
181:0,019;52,059;216,179;568,202;595,126;919,115;1093,106
182:0,019;92,059;172,101;184,127;208,228;234,189;380,179;512,248;791,270;1045,148;1124,091
183:0,019;64,059;109,272;163,045;307,257;401,050;478,156;572,109;611,121;784,155;1008,070;1045,148;1158,172;1161,127
184:0,019;136,107;286,243;363,126;608,103;692,054;802,263;847,179;1014,115;1061,097
185:0,019;164,074;341,273;584,219;677,273;940,027;1021,129;1122,192;1181,188
186:0,019;54,006;109,272;188,075;437,268;637,134;670,234;861,246;1107,216
187:0,019;52,059;115,112;163,045;188,075;307,257;325,085;390,050;420,089;494,078;788,224;1039,202
188:0,019;126,243;163,045;268,096;312,183;523,030;539,200;675,246;719,185;847,121;879,247;1125,255
189:0,019;52,059;163,045;204,229;216,193;259,097;287,227;463,030;519,182;563,071;656,092
190:0,019;52,059;188,075;383,135;420,089;528,261;836,187
191:0,020;65,215;132,052;207,053;226,125;359,212;441,030;605,100;652,201;688,150;868,068;936,098;959,178
192:0,020;31,141;132,052;146,167;214,240;237,228;346,053;481,214;572,067;586,222;588,192;615,170;618,080;682,089;796,067;839,228;1067,129;1073,235
193:0,020;94,260;140,043;144,236;207,053;265,061;277,227;299,095;343,273;486,028;515,227;517,139;572,067;585,195;963,070;1055,117;1091,167;1118,133
194:0,020;111,150;207,053;441,030;506,234;546,227;941,071;1023,155
195:0,020;31,207;105,091;309,053;572,067;619,088;826,238;882,136;936,192;1056,027
196:0,020;16,003;155,053;324,080;408,160;520,184;564,270;603,195;784,243;796,127;868,068;954,122;1000,091;1049,209;1078,100;1158,086
197:0,020;99,187;247,053;528,251;575,085;645,097;1027,027
198:0,020;73,011;220,209;308,256;384,136;441,030;456,106;555,234;556,131;616,100;868,068;927,091;965,112;1073,273
199:0,020;37,103;132,052;146,106;264,222;339,224;490,030;520,184;572,067;862,269;868,068;970,235;1057,270
200:0,020;127,135;207,053;537,135;572,067;846,236;1079,136
