001:0,001;324,178;386,047;419,073;449,051;468,010;478,045;551,061;560,026;570,046;571,269;625,259;652,052;783,150;900,261;966,044;981,150;1079,089;1102,047;1156,075
002:0,001;303,057;437,117;468,010;506,005;508,026;534,247;551,061;557,139;621,058;709,119;752,097;897,071;1096,126
003:0,001;324,008;352,028;382,139;386,047;456,121;468,010;478,045;508,026;693,128;709,172;1045,125;1102,047;1165,100
004:0,001;303,057;396,205;506,005;525,111;572,058;729,171;866,245;875,004;1017,063;1102,047;1185,191
005:0,001;303,057;379,151;386,047;449,051;468,010;508,026;572,058;734,206;775,004;783,150;938,048;1010,150
006:0,001;301,039;386,047;451,134;476,215;506,005;572,058;829,237;904,231;943,089
007:0,001;352,028;429,110;449,051;468,010;508,026;652,052;687,026;912,146;924,198;938,048;1165,100;1197,062
008:0,001;301,039;386,047;419,073;457,022;468,010;506,005;534,247;542,231;869,050;1064,049;1200,187
009:0,001;303,057;352,028;417,194;429,110;506,005;542,231;568,183;570,046;572,058;652,052;693,128;809,119;1102,047
010:0,001;301,039;368,086;419,073;462,129;468,010;506,005;533,217;570,046;603,026;709,172;717,057;821,198;1185,222
011:0,002;85,148;93,003;94,267;115,045;379,003;399,164;410,015;482,269;530,216;601,026;933,034;1010,029;1076,179
012:0,002;115,045;256,024;261,052;315,262;356,036;410,015;508,269;668,036;682,026;878,040;899,066;934,080;975,163
013:0,002;84,195;87,169;115,045;261,052;346,226;355,204;410,015;519,072;530,204;544,064;642,004;700,207;787,028;895,029;1177,237
014:0,002;94,267;115,045;366,038;386,161;415,275;445,150;511,078;622,184;679,003;693,026;713,040;737,155;776,026;787,028;901,096;907,056;939,222;963,248;1143,191
015:0,002;85,148;91,207;150,045;239,046;282,052;307,053;362,075;379,003;386,161;435,071;622,240;787,028;917,114;1170,163
016:0,002;184,170;346,097;362,075;379,003;402,124;410,015;422,123;430,063;489,069;672,149;821,065;910,029;1194,035
017:0,002;91,207;261,052;307,053;334,045;346,226;362,075;379,003;410,015;444,264;505,071;583,219;717,053;801,186;1102,047;1140,255
018:0,002;152,004;197,246;379,003;444,264;478,045;512,211;544,064;601,026;907,056;983,042;1012,114;1095,251;1158,199
019:0,002;151,010;161,147;307,053;324,045;362,075;375,054;379,003;402,124;456,149;493,145;717,053;733,231;739,072;830,065;907,056;933,034;1077,069
020:0,002;87,169;183,121;221,016;410,015;530,216;538,088;601,026;787,028;907,056;933,034;997,098;1058,261;1150,263;1195,218
021:0,003;158,019;204,119;496,004;709,089;852,063;855,191;1086,215;1164,213
022:0,003;141,054;527,205;535,028;558,071;701,067;769,043;952,086;1017,198;1026,145;1121,069;1164,213
023:0,003;141,054;142,203;193,054;668,070;672,260;782,043;899,119;979,044;1015,206
024:0,003;43,129;449,056;536,195;693,084;701,067;806,004;889,160;905,109;1110,271
025:0,003;142,203;446,040;506,005;632,213;639,119;701,067;806,153;824,004;852,142;909,203;1048,258
026:0,003;141,054;414,022;507,187;536,195;965,050
027:0,003;43,129;184,014;239,046;297,068;325,074;391,044;441,179;449,056;547,184;1159,029
028:0,003;125,014;141,054;271,045;288,127;336,054;753,035;772,078;790,097;1147,176
029:0,003;202,054;288,127;337,059;393,199;439,038;544,064;650,223;701,067;788,166;895,029
030:0,003;141,054;379,003;404,048;442,153;451,177;587,057;603,223;734,105;769,043;915,063;925,049;1065,270;1085,172
031:0,004;271,059;289,028;290,119;307,053;356,054;678,033;722,066;821,263;956,098;1010,031;1134,089
032:0,004;258,073;311,174;355,061;422,232;496,055;607,190;615,183;649,170;673,075;725,175;829,231;905,033;963,145;981,032;984,260;992,127;1139,275
033:0,004;258,073;346,174;396,256;467,088;497,183;556,038;689,049;713,148;922,033;988,098;994,035;1081,260
034:0,004;145,007;231,121;258,073;289,028;317,066;334,018;366,038;396,197;405,043;504,256;581,153;752,037;764,160;824,266;829,045;834,094;934,173;955,261;1025,222;1026,063
035:0,004;258,073;289,028;317,066;370,222;389,190;419,208;533,055;556,038;607,190;617,053;626,194;637,075;715,137;719,033;811,245;895,029;938,048;1021,035
036:0,004;271,059;337,108;355,061;391,260;405,043;496,055;561,183;566,211;671,248;910,142;994,035
037:0,004;289,028;311,174;317,066;364,215;391,260;496,055;556,038;649,170;716,195;956,266;994,035
038:0,004;289,028;294,219;337,108;496,055;596,204;600,109;797,260
039:0,004;258,073;289,028;315,053;355,061;405,043;471,124;479,045;515,172;525,132;678,033;846,263;867,262;884,198;907,125;994,035
040:0,004;271,059;317,066;344,057;370,222;405,043;419,208;467,212;556,038;609,084;678,033;773,155;902,148;1008,179;1170,144
041:0,005;396,032;410,015;458,074;552,031;559,090;644,215;652,003;655,222;726,184;747,259;757,045;901,044;1190,275;1192,051
042:0,005;229,228;444,028;552,069;569,039;720,050;821,065;864,203;969,173;977,044
043:0,005;261,052;333,135;430,028;458,074;561,108;821,065;901,044
044:0,005;355,019;430,028;459,004;828,072;838,218;1012,203;1031,225;1168,223
045:0,005;360,061;384,048;430,028;535,052;611,088;740,053;796,164;803,033;821,065;1004,176
046:0,005;356,063;430,028;557,161;561,263;631,269;806,229;901,044;1085,192;1126,145
047:0,005;356,063;396,032;458,074;561,108;794,045;1004,221;1179,161
048:0,005;356,063;396,032;405,142;411,215;458,074;592,130;645,148;748,098;795,218;885,237;1013,143;1093,185;1094,013;1130,242;1137,199;1175,261;1187,145
049:0,005;356,063;371,084;548,004;615,037;640,216;687,068;754,037;799,203;901,044;1052,115;1065,062;1085,118;1158,055;1180,183
050:0,005;277,074;371,084;409,038;430,028;559,090;941,120;968,042;1004,221
051:0,006;236,020;240,050;358,014;426,040;452,011;457,009;459,004;988,063
052:0,006;282,036;309,033;358,014;455,211;457,009;502,072;619,068;702,075;712,124;737,040;794,259
053:0,006;329,212;445,031;459,004;988,063;1043,251;1055,173;1149,051
054:0,006;291,272;355,099;358,014;457,009;459,004;979,131;1004,037;1035,062;1040,081;1137,202;1149,051
055:0,006;322,189;358,014;384,048;444,064;457,009;459,004;988,063
056:0,006;309,033;418,054;538,242;595,050;652,003;760,045;819,212;933,263;1149,051
057:0,006;335,019;345,119;378,238;384,048;421,164;431,149;457,009;473,022;544,074;554,142;810,148;845,140;853,066;883,143;969,179;981,164;999,048;1004,109
058:0,006;271,037;303,194;309,033;329,212;379,178;384,048;438,199;457,009;459,004;994,263;1071,128
059:0,006;309,033;358,014;447,103;457,009;459,004;883,143;1048,036;1057,051;1079,143;1081,055;1162,097
060:0,006;322,189;358,014;441,143;502,072;587,145;830,166;874,108;988,063;1070,142
061:0,007;211,055;254,028;303,047;393,210;443,046;561,097;762,109;962,117;969,207;1055,013
062:0,007;211,055;303,047;342,256;405,152;615,037;627,124;952,042;1055,013;1096,039
063:0,007;164,258;211,055;254,028;303,047;334,018;408,129;587,234;663,173;835,194;877,125;1117,039;1140,055;1173,102
064:0,007;35,003;170,007;239,046;297,033;334,018;398,062;511,221;555,191;749,090;829,207;1025,140;1055,013
065:0,007;254,028;297,033;334,018;375,235;396,014;449,051;452,056;459,266;581,070;588,207;595,050;615,037;617,053;668,070;705,112;769,207;877,155;889,065;956,147;977,061;1055,013
066:0,007;226,185;297,033;334,018;369,266;449,056;516,033;596,050;660,173;764,229;836,136;977,061;1055,013
067:0,007;264,155;334,018;374,211;403,067;445,150;512,124;668,070;702,073;764,244;775,245;839,071;956,147;977,061;1055,013
068:0,007;254,028;286,244;293,129;334,018;378,081;516,033;555,191;606,050;613,068;644,162;780,071;977,061;1055,013
069:0,007;211,055;264,155;334,018;382,097;443,046;587,234;696,058;702,091;811,183;819,108;980,041;1080,013
070:0,007;157,010;164,258;226,185;297,033;303,047;356,028;369,266;449,046;516,033;553,270;615,037;633,263;668,070;702,244;821,045;848,184;988,081;1055,013
071:0,008;352,095;454,030;489,007;498,061;525,132;556,084;822,032;963,170
072:0,008;333,135;337,059;391,187;514,072;528,140;567,036;618,155;702,191;720,217;803,212;811,039;818,073;881,234;1068,065
073:0,008;366,177;590,223;619,049;787,118;826,049;873,026;893,082;907,056;926,090;1032,062;1114,037
074:0,008;383,067;531,188;619,049;1082,186;1131,118;1140,013
075:0,008;337,059;394,217;500,119;599,259;619,049;657,268;694,035;712,084;811,039;848,105;986,173;1147,263
076:0,008;337,059;383,067;525,055;595,050;657,268;676,204;736,098;822,032;1026,098
077:0,008;342,177;383,067;495,004;498,061;521,211;567,036;595,121;627,044;709,118;811,166;822,032;1067,029
078:0,008;64,235;394,217;531,188;538,205;567,036;595,050;673,232;822,032;844,038;962,202;1068,065
079:0,008;352,095;383,067;498,061;520,184;595,050;619,049;1054,042;1068,065
080:0,008;383,067;391,187;419,256;425,095;439,015;455,220;486,067;578,109;606,068;612,152;652,052;685,049;694,026;708,045;773,183;811,039;818,155;862,140;1068,065
081:0,009;152,037;161,033;256,024;277,074;352,075;356,046;362,075;444,064;462,246;473,086;496,052;555,124;585,232;635,078;639,036;752,121;806,191;941,034;987,244;1084,261
082:0,009;150,018;161,033;256,024;283,256;326,011;479,139;520,004;833,028;889,080;1002,185
083:0,009;234,001;256,024;277,074;380,255;502,174;587,081;845,126;1189,237
084:0,009;165,016;256,024;268,078;299,132;444,064;488,098;552,109;562,004;754,145;868,260;918,128;943,234
085:0,009;187,007;244,078;277,074;356,046;369,131;394,129;404,011;463,074;553,078;939,222
086:0,009;161,033;256,024;280,097;283,256;331,204;352,075;356,046;401,212;493,056;502,174;545,062;665,207;679,105;725,050;815,040;823,033
087:0,009;152,037;177,197;256,024;299,132;352,075;356,046;392,184;488,098;494,043;496,052;585,232;614,058;692,040;763,037;843,245;861,066;876,134;1136,128
088:0,009;161,033;244,078;256,024;280,097;352,075;360,034;386,132;413,014;427,019;521,063;556,259;823,033;1106,044;1167,258
089:0,009;147,209;152,037;161,033;258,005;352,075;354,172;355,061;358,014;419,073;444,064;476,076;840,173;1006,260;1024,037;1144,127
090:0,009;200,015;218,033;259,019;378,238;380,255;392,184;496,052;568,147;587,212;744,076;823,033;1191,081
091:0,010;441,065;466,263;643,076;708,045;917,043;938,112;1086,013;1091,075;1114,081;1190,150
092:0,010;400,022;437,164;442,194;452,179;460,117;570,046;582,217;625,036;744,175;849,240;852,063;875,270;1031,053;1103,044
093:0,010;419,172;436,187;498,153;528,274;558,194;594,255;635,231;708,045;907,056;944,151;1085,156;1156,075
094:0,010;422,123;441,065;463,256;615,248;816,055;841,051;869,270;940,105;1011,184;1101,151
095:0,010;379,003;435,177;441,065;450,043;638,200;770,033;920,036;1062,029;1091,075;1109,223;1164,080
096:0,010;395,179;501,162;625,036;816,055;1156,075
097:0,010;436,220;456,205;551,061;559,248;625,036;681,257;761,124;816,055;931,097;983,196;1109,223;1156,075
098:0,010;468,036;498,043;523,097;533,063;687,088;708,045;849,240;920,036;1073,263;1091,075;1102,047;1116,042
099:0,010;405,043;528,274;616,194;625,036;677,097;729,171;752,037;851,123;869,270;870,098;878,055;1107,120
100:0,010;229,228;309,207;445,011;501,162;595,121;816,055;1084,163;1113,186
101:0,011;485,042;520,031;671,245;706,223;720,050;877,032;1085,031
102:0,011;415,250;485,042;530,222;563,075;583,223;598,031;1116,049;1128,031
103:0,011;334,192;500,064;524,260;803,073;858,261;928,094;972,218
104:0,011;496,078;500,064;510,192;520,031
105:0,011;355,064;415,250;485,042;506,098;636,053;671,245;803,073;822,032;992,048
106:0,011;472,218;520,031;983,036;1003,258;1158,035
107:0,011;449,056;485,042;500,064;607,013;626,232;749,031;1116,049;1164,127;1190,186
108:0,011;473,004;486,043;520,031;1031,041;1084,231;1145,073
109:0,011;500,064;520,031;563,068;664,031;717,053;720,050;822,032;870,186;930,072;934,031
110:0,011;178,073;192,207;332,232;472,218;584,174;676,162;712,240;793,056;803,073;891,248;950,037;977,069;983,128;1116,049;1168,156
111:0,012;209,129;237,050;309,033;356,063;702,073;773,200;833,134;925,037;980,194;1094,035;1131,185
112:0,012;178,073;237,050;333,183;468,074;510,217;517,043;660,259;662,194;880,173;925,037;938,048;997,086;1106,202;1123,184
113:0,012;178,073;212,130;411,063;703,211;824,126;838,045;858,171;925,037
114:0,012;141,054;211,039;268,134;779,174;928,040;971,041;1011,145;1019,156
115:0,012;178,073;283,121;441,065;442,153;562,075;846,244;918,064;1043,251
116:0,012;195,125;211,039;283,121;404,145;562,075;718,153;825,248;880,117;898,091;917,231;918,160;919,136;1062,042;1082,041;1115,098
117:0,012;193,120;227,197;411,063;583,219;702,073;779,174;825,136;831,004;986,029;1058,248;1198,215
118:0,012;188,169;211,039;268,134;333,183;528,218;800,040;811,039;831,262;884,145;1151,042;1159,215
119:0,012;181,113;237,050;307,053;346,016;411,063;501,134;843,174;874,045;925,037;980,194;1120,033
120:0,012;178,073;193,120;211,039;237,050;352,028;404,145;411,063;562,075;702,073;761,218;769,212
121:0,013;282,036;288,179;370,038;400,022;506,155;551,061;592,174;602,071;717,183;923,081;944,156;949,096;1123,080;1140,091
122:0,013;170,066;256,081;397,203;400,022;496,052;569,039;648,071;660,044;758,274;837,055;880,131;990,202;1164,051;1194,219
123:0,013;271,037;282,036;361,149;400,022;515,068;832,262;849,043;963,076;1039,156;1067,055;1191,223
124:0,013;271,037;282,036;314,273;326,235;368,174;400,022;500,064;515,068;733,261;856,145;934,134;1078,062
125:0,013;256,081;368,086;484,081;612,054;705,166;727,053;746,136;803,073;872,091;1116,049;1169,219
126:0,013;271,037;328,204;400,022;502,072;567,004;569,039;578,044;727,053;733,261;897,183;1014,033;1181,081
127:0,013;212,130;282,036;374,162;461,260;578,044;718,255;831,066;837,055;995,212;1080,069;1141,033
128:0,013;288,179;314,273;400,022;449,056;523,259;569,039;578,044;705,166;727,053;792,072;795,066;827,096;1063,172;1128,069;1146,231
129:0,013;281,191;374,162;400,022;515,068;727,053;746,136;769,066;862,090;888,240;889,049;920,091;1084,143;1163,255;1194,261
130:0,013;271,037;294,031;330,179;400,022;515,068;569,039;599,238;1022,080;1088,044;1128,199;1154,248
131:0,014;152,121;259,068;318,194;717,057;946,170;1184,225
132:0,014;286,244;301,011;454,030;487,056;489,069;523,266;991,076;1011,148;1032,062
133:0,014;298,099;366,038;390,275;454,030;523,097;617,044;634,036;720,057;909,120;1189,231
134:0,014;275,190;332,036;350,034;355,111;414,027;450,019;476,204;480,128;489,069;731,156;1032,062
135:0,014;259,068;334,192;402,031;437,155;699,204;717,057;918,064;1092,055;1148,031;1154,182
136:0,014;275,190;284,016;410,015;479,125;504,074;506,005;516,033;546,063;734,217;803,244;858,255;918,064;1032,062;1052,206
137:0,014;152,121;158,233;259,068;391,131;414,027;480,128;489,069;672,244;689,156;787,126;1071,052;1082,183
138:0,014;282,091;298,099;300,010;332,036;443,046;454,030;489,007;560,094;578,044;674,117;739,172;808,112;918,064;981,048;1032,062
139:0,014;282,091;332,036;414,027;437,155;506,208;601,026;605,211;701,153;717,057;1003,119;1050,179;1059,163;1071,052;1111,161
140:0,014;259,068;332,036;414,027;454,030;489,069;496,078;518,069;689,156;720,128;1032,062;1071,052;1088,196;1182,212;1197,031
141:0,015;355,064;384,125;426,040;489,007;562,075;652,003;739,161;788,240;789,171;832,142;841,051;844,038;890,183;895,029;898,211;950,037;1036,148;1081,037;1185,070
142:0,015;489,007;593,117;652,003;719,075;723,048;770,259;773,056;837,125;892,057;933,034;953,064;1051,198;1185,070
143:0,015;301,039;361,062;489,007;577,153;652,003;773,056;823,033;825,096;852,063;953,055;1085,134
144:0,015;355,064;361,062;489,007;568,240;577,126;652,003;723,048;739,161;806,186;852,063;895,029;936,151;1162,134;1166,037
145:0,015;354,172;587,057;593,117;652,003;773,056;830,173;852,063;950,037;1113,050;1185,070
146:0,015;328,256;355,064;357,061;361,062;489,007;587,057;652,003;742,162;841,051;872,244;1159,223;1185,070
147:0,015;303,057;361,062;489,007;586,183;587,057;652,003;756,194;809,117;827,260;828,198;837,125;841,051;844,038;852,063
148:0,015;361,062;426,040;489,007;502,072;553,204;568,240;652,003;717,053;723,048;755,031;764,229;773,056;893,057;912,071;1122,231;1181,251
149:0,015;383,038;426,040;489,007;587,057;652,003;723,048;820,078;844,038;852,063;950,037
150:0,015;381,019;426,040;515,109;587,057;708,112;883,266;895,029;912,050;950,037;1018,215;1039,097
151:0,016;439,038;543,207;627,072;952,042;1015,039;1047,102;1173,033
152:0,016;226,004;271,059;327,148;436,220;439,038;464,192;597,076;627,072;966,185;1033,041
153:0,016;433,049;544,213;641,072;957,179;1031,042;1186,221
154:0,016;428,204;682,140;952,042
155:0,016;443,255;627,072;792,026;911,043;1015,039;1031,042
156:0,016;532,071;544,064;653,072;801,136;908,031;1031,042
157:0,016;254,028;268,050;362,172;405,054;426,192;431,011;437,204;439,038;544,213;619,049;1111,063;1161,029;1167,086
158:0,016;433,049;528,140;758,274;814,232;823,072;952,042
159:0,016;301,050;478,142;559,119;627,072;917,114;956,186;1015,039;1058,271;1144,192
160:0,016;433,049;558,192;582,248;602,130;769,043;1009,105;1015,039;1051,044
161:0,017;180,235;287,130;412,142;527,028;533,023;607,013;685,244;719,075;855,229;883,148;895,164;966,050;978,080
162:0,017;200,018;276,246;478,045;516,023;607,013;667,091;824,211;999,053;1117,069;1141,160
163:0,017;239,046;294,219;498,061;630,160;752,037;862,225
164:0,017;170,066;206,031;459,004;516,023;582,257;607,013;636,107;694,117;999,053;1185,094
165:0,017;170,066;206,031;516,023;607,013;735,191;833,073;862,117;869,050;883,225;999,053;1088,033;1138,160;1149,055
166:0,017;152,037;170,066;181,113;206,031;572,069;582,257;607,013;636,069;639,232;658,126;679,211;776,037;853,163;869,050
167:0,017;244,205;428,210;516,023;670,036;684,212;779,211;851,228;862,225;869,050;1159,202
168:0,017;124,018;206,031;516,023;543,207;567,036;584,054;607,013;719,075;862,134;866,236;869,050;1157,133
169:0,017;180,169;206,031;317,066;318,015;342,050;405,152;462,210;516,023;607,013;630,160;671,207;719,075;851,228;869,050
170:0,017;237,031;244,205;341,031;516,023;589,038;599,238;853,163;999,053;1139,275;1185,094
171:0,018;298,069;328,043;343,044;366,038;443,086;468,036;543,126;792,057;917,171;925,244;937,069;1047,102;1071,052;1126,073
172:0,018;257,045;328,043;343,044;468,010;503,063;545,068;556,174;573,031;612,062;617,053;722,257;796,164;894,160;937,069;1126,073;1186,050
173:0,018;298,069;331,072;377,111;652,040;969,041;981,033;1091,176;1096,039;1126,073
174:0,018;299,112;303,047;328,043;331,072;343,044;433,049;508,026;592,147;652,040;938,048;956,270;969,071;1096,039;1188,188
175:0,018;303,194;331,072;343,044;440,081;452,040;540,147;652,040;752,037;850,057;944,127;1151,050
176:0,018;50,003;108,233;257,045;343,044;399,164;457,009;484,063;549,222;769,043;944,069;1033,089;1042,071;1188,188
177:0,018;257,045;331,072;389,190;417,124;525,054;617,053;652,040;678,033;848,049;1127,234
178:0,018;298,069;344,149;436,027;516,023;628,148;652,040;937,069;1100,183;1167,270
179:0,018;285,097;298,069;337,134;366,038;468,036;540,212;610,119;841,065;865,236;889,263;912,146;937,069;1126,073;1160,065;1196,086
180:0,018;257,045;298,069;328,043;365,194;366,038;468,036;531,187;540,147;551,149;597,256;617,053;698,266;791,040;937,069;1126,073
181:0,019;488,109;543,050;549,255;550,070;654,035;764,071;809,049;914,098;955,183;1097,039
182:0,019;504,076;510,143;534,023;545,062;660,183;764,071;1088,144
183:0,019;543,050;545,062;666,234;764,071;955,156;984,064;1035,164
184:0,019;358,014;440,119;522,221;550,070;654,035;810,080;817,109;883,004;886,164
185:0,019;396,032;408,256;419,180;545,062;550,070;659,148;671,063;676,105;911,207;917,248;1048,148;1087,096
186:0,019;454,030;524,004;541,148;644,174;654,035;789,136;791,089;969,041;1116,049;1143,259
187:0,019;352,075;419,180;543,050;548,149;812,098;969,041;1125,109
188:0,019;50,004;81,246;212,203;220,019;550,070;687,049;811,131;910,200;930,259;1096,039
189:0,019;542,183;696,217;702,234;720,050;731,234;761,078;764,071;918,055;989,270
190:0,019;510,143;543,050;545,062;654,035;777,225;803,040;811,131;821,071;969,041;1143,063
191:0,020;305,262;385,088;643,058;680,004;875,197;876,066;1018,215;1087,055;1098,192
192:0,020;350,034;361,062;517,217;730,255;783,160;827,255;868,066;889,172;1071,065;1080,118;1095,114
193:0,020;339,139;479,062;508,084;577,216;706,080;722,066;927,029;990,140;1021,261;1068,053;1097,091
194:0,020;325,232;391,097;414,139;644,200;994,148;1045,218;1148,143
195:0,020;271,059;310,215;350,034;385,088;435,071;652,081;1020,112;1091,075;1098,041;1118,029;1163,102
196:0,020;291,272;350,034;383,142;443,046;547,054;643,078;722,066;941,196;1069,065;1149,051
197:0,020;302,039;350,034;386,010;435,071;633,098;745,050;760,004;1017,076;1057,051;1068,191;1180,143
198:0,020;310,215;577,063;706,080;920,036;1057,051;1078,042;1141,159
199:0,020;306,211;518,215;664,263;697,142
200:0,020;306,211;328,043;364,014;435,071;722,066;920,036;1057,051;1091,075;1095,029
