001:0,001;176,035;381,054;427,030;444,091;594,119;752,040;766,011;877,230;891,029;1200,227
002:0,001;225,193;520,062;530,059;581,005;589,087;678,053;711,022;766,011;839,106;856,074;861,064;912,226;933,223;969,218;992,193;1082,258
003:0,001;225,193;232,050;431,031;484,067;678,053;766,011;856,074;891,029;993,064
004:0,001;202,012;232,050;443,031;453,155;456,070;543,084;695,037;726,031;729,065;738,251;742,074;937,029;993,064;1031,029
005:0,001;176,035;421,030;431,031;473,093;487,067;715,215;780,031;808,218;993,064;1199,073
006:0,001;176,035;476,132;516,154;553,119;612,251;640,049;652,169;752,040;766,011;821,226;891,029
007:0,001;159,044;176,035;421,030;473,157;536,044;587,070;612,237;652,169;668,067;750,249;891,029;1044,064;1183,037;1200,227
008:0,001;176,035;422,030;468,102;626,151;766,011;794,247;827,226;937,128;962,003;1072,160;1174,040
009:0,001;176,035;178,089;212,120;232,050;421,030;430,218;448,157;484,067;620,050;678,053;730,219;752,040;766,011;802,193;993,064
010:0,001;176,035;232,050;382,122;421,030;431,031;467,154;484,067;556,058;618,111;678,053;754,030;766,011;810,115;856,074;861,045;891,029;1029,059;1032,160
011:0,002;178,033;188,012;327,084;427,047;450,050;461,049;469,068;482,123;496,245;516,074;542,184;573,049;729,065;894,008
012:0,002;182,159;188,012;282,031;380,045;450,050;461,049;469,186;495,208;513,049;605,157;639,064;729,065;899,091;971,188
013:0,002;186,255;188,012;282,031;345,070;353,064;461,049;488,127;544,210;566,099;729,065;894,008
014:0,002;127,051;170,115;177,060;197,242;314,228;416,072;437,219;694,053;894,008;939,213;1114,187
015:0,002;177,060;188,012;416,072;450,050;513,049;703,153;729,065;813,057;878,198;894,008
016:0,002;188,012;291,117;303,046;353,064;450,050;477,228;494,239;513,049;639,064;939,213;1057,121;1185,051
017:0,002;177,060;223,082;282,031;353,064;467,050;468,164;513,049;696,215;839,106;873,262;894,008
018:0,002;188,012;282,031;353,064;450,050;482,123;638,211;849,261;894,008
019:0,002;170,115;188,012;297,003;300,160;303,046;388,220;696,064;894,008
020:0,002;159,179;177,060;188,012;303,046;404,035;416,072;446,073;461,049;468,164;580,062;604,196;625,031;639,064;894,008
021:0,003;576,006;606,181;642,052;647,243;655,063;707,228;713,057;865,199;923,008;1146,057;1156,110;1163,033
022:0,003;572,117;576,006;637,062;642,052;681,240;686,243;713,057;910,127;946,040;1069,068;1093,131;1103,040
023:0,003;653,113;772,064;788,230;871,084;914,200;918,049;1060,055;1095,036;1161,055
024:0,003;503,130;576,006;629,031;637,212;642,052;649,233;713,057;855,053;899,129;901,073;933,228;959,053;968,055
025:0,003;572,231;576,006;663,131;713,057;860,269;918,049;1048,048;1051,157;1163,033
026:0,003;655,063;773,011;788,230;874,070;918,049;1148,244;1153,228;1159,155
027:0,003;576,006;642,052;647,243;849,040;855,072;874,070;923,053;1047,055;1163,033
028:0,003;574,226;590,128;696,037;720,185;759,238;848,040;1140,037;1156,110;1161,109;1174,053
029:0,003;453,221;499,043;503,130;551,221;576,006;605,188;616,212;655,063;720,263;761,091;874,070;899,129;918,049;1069,068;1087,211;1125,106
030:0,003;127,051;241,082;542,212;637,136;639,064;642,052;647,208;649,233;653,113;713,057;834,031;1070,048;1085,036;1157,076;1169,188
031:0,004;141,010;166,003;359,094;439,196;463,059;637,155;719,084;761,030;800,169;828,128;1036,029
032:0,004;99,221;142,035;148,261;522,077;668,067;687,066;805,056;838,218;945,109;1176,226
033:0,004;159,179;233,057;286,040;413,111;557,156;662,152;696,238;755,119;839,040;1188,051;1190,053
034:0,004;142,035;159,044;224,255;233,057;321,261;336,071;522,077;577,091;677,155;839,040;979,184;1071,179
035:0,004;223,012;230,171;248,073;262,011;294,257;469,264;489,047;508,059;626,083;642,091;752,211;763,112;765,175;779,121;839,040;932,132;949,091
036:0,004;152,142;210,007;250,242;382,227;404,034;498,221;687,066;839,040;1122,027;1127,064;1144,169
037:0,004;143,013;286,040;412,041;469,264;484,067;522,146;687,066;844,009;960,261;1067,228;1134,155;1154,050
038:0,004;133,088;142,035;159,044;213,129;233,057;317,096;767,199;918,049;932,132;1025,064;1191,129
039:0,004;99,089;192,016;213,129;228,182;286,040;314,111;380,036;483,079;486,067;755,268;823,098;979,207;1055,275;1129,157;1159,029;1183,050
040:0,004;148,261;168,044;242,089;286,040;482,117;675,108;687,066;794,223;804,056;811,249;868,128;904,073;982,028;1087,155
041:0,005;248,066;289,031;386,070;467,029;498,186;706,146;714,029;731,051;838,014;924,035;939,274;965,234;1007,085;1107,125
042:0,005;706,175;838,014;925,065;1059,201;1077,167
043:0,005;692,190;714,029;728,094;731,051;853,262;902,053;927,066;1063,184;1096,001;1128,108
044:0,005;714,029;722,112;731,051;838,014;902,053;1096,001;1173,082;1195,167
045:0,005;733,261;762,068;796,069;838,014;902,053;925,065;927,066;983,057
046:0,005;722,112;838,014;924,188;927,066;1059,201;1096,001;1107,203;1185,059
047:0,005;99,010;103,001;147,158;449,256;487,043;549,193;902,053
048:0,005;398,060;449,256;539,070;641,078;838,014;925,065;951,066;967,138;989,084;1044,186;1096,001;1109,053;1157,076
049:0,005;714,029;733,232;757,185;838,014;921,104;925,065;1024,237;1145,198
050:0,005;724,200;731,051;838,014;924,188;984,186;1096,001
051:0,006;184,192;248,066;277,006;336,061;346,152;438,158;444,065;493,061;517,063;609,209;726,200;821,061;839,261;848,028;1029,059;1096,001;1112,167;1186,084
052:0,006;422,109;497,066;514,238;594,046;603,238;657,196;710,209;783,066;794,096;796,061;848,028;1029,059
053:0,006;353,064;388,109;489,047;493,061;554,209;676,049;677,266;678,034;812,031;848,028;991,156;1142,025;1179,033
054:0,006;419,188;481,092;489,047;517,063;614,079;661,128;664,007;695,238;799,027;879,252;1077,027;1142,025;1176,261;1193,099
055:0,006;421,208;516,039;517,063;619,007;631,123;848,028;1077,027;1081,059;1142,025
056:0,006;421,208;493,061;534,184;609,051;669,031;848,028;911,274;965,040;1049,268;1142,025;1188,112
057:0,006;444,016;525,188;678,034;713,067;720,169;902,028;937,188;951,067;1029,059
058:0,006;419,188;436,092;489,047;495,196;698,074;737,209;761,022;790,037;919,008;951,067;1029,059
059:0,006;142,035;184,192;185,120;286,040;373,080;438,187;493,061;537,102;590,031;615,206;678,034;758,061;884,169;1137,248
060:0,006;431,029;601,157;609,084;630,188;678,034;754,062;814,031;989,115;1077,027;1096,053;1142,025;1185,033
061:0,007;799,027;951,236;1058,070;1188,008;1189,161
062:0,007;497,066;523,119;533,036;543,079;587,077;710,164;838,014;879,055;914,035;997,087
063:0,007;794,063;841,186;845,036;912,055;1124,247;1165,067;1194,032
064:0,007;794,063;830,150;868,014;874,045;879,055;1058,070;1096,001;1122,027;1189,268
065:0,007;790,258;799,027;879,055;903,182;914,035;994,037;1022,003;1189,161
066:0,007;782,141;927,066;1029,059;1060,055;1073,003;1165,067;1194,032
067:0,007;799,027;929,104;1058,070;1142,025;1165,067
068:0,007;416,072;480,223;794,063;859,085;933,209;1122,027;1189,268
069:0,007;788,099;799,027;879,055;897,207;910,187;914,035;970,093;994,078;997,093;1122,027;1194,032
070:0,007;792,150;859,085;947,053;990,055;1194,032
071:0,008;315,069;468,212;592,020;689,218;834,009;1052,253
072:0,008;357,263;363,034;564,253;592,020;673,022;728,150;812,009;989,179;1007,121;1185,051
073:0,008;315,069;347,042;468,212;515,265;592,020;681,240;685,220;770,026;811,200;920,090;1041,100;1069,068;1083,036;1185,051
074:0,008;317,096;320,016;357,263;363,034;431,031;463,111;504,218;592,020;722,042;765,121;948,103;1069,068;1099,129
075:0,008;142,033;266,016;278,056;332,069;546,042;787,136;881,121;1026,184;1058,070;1127,036
076:0,008;343,029;444,034;507,157;592,020;629,033;632,102;685,123;764,209;882,065;1025,028;1052,253;1185,051
077:0,008;315,069;541,253;592,020;738,036;877,078;1099,063;1101,070;1174,029
078:0,008;315,069;521,049;546,265;592,020;692,154;770,026;795,090;1046,234;1083,036;1199,052
079:0,008;353,016;363,034;516,067;592,020;707,246;732,223;769,123;770,026;795,090;910,193;974,231;1083,036;1159,034;1185,051
080:0,008;350,125;363,034;424,080;442,239;562,111;576,006;591,190;900,231;1128,037
081:0,009;210,066;222,073;360,154;389,092;462,148;544,228;653,206;676,087;804,258;812,009;859,270;900,251;1010,037;1014,078;1128,261;1135,117;1154,050
082:0,009;294,235;360,154;521,070;759,138;935,055;970,145
083:0,009;222,073;391,146;573,068;702,091;763,098;797,258;858,187;867,026;1069,236;1122,145;1154,050;1173,082
084:0,009;210,066;236,070;414,196;577,072;585,231;593,070;671,069;806,238;828,200;855,072;867,026;1151,053
085:0,009;102,138;222,073;287,164;305,251;573,068;671,069;852,240;867,026;997,258;1077,027;1183,050
086:0,009;242,079;341,070;573,068;671,069;879,211;903,182
087:0,009;204,099;210,066;236,070;451,039;553,251;1096,231;1115,129;1154,050
088:0,009;184,074;210,066;222,073;381,034;451,039;573,068;710,187;1190,028
089:0,009;186,186;189,028;210,066;236,070;655,072;692,234;838,093;855,072;928,009;1039,049;1125,057;1182,008
090:0,009;102,138;125,005;189,138;204,099;214,008;236,070;427,047;454,122;455,029;477,042;496,029;553,209;579,108;671,069;745,200;758,125;760,031;867,026;960,136;1165,067
091:0,010;191,191;236,005;246,078;283,074;295,055;337,145;394,125;914,035;971,156;1048,043
092:0,010;167,219;179,101;248,066;337,221;480,069;550,029;570,219;592,067;618,020;717,248;777,200;789,030;874,070;942,148;1134,034
093:0,010;191,049;280,028;317,074;337,115;345,071;384,159;486,043;1112,003;1117,085;1154,050
094:0,010;191,049;295,055;337,145;486,043;996,234;1048,122;1119,193
095:0,010;191,049;248,066;372,211;425,091;461,034;463,230;499,003;568,122;576,006;611,148;829,125;1014,193
096:0,010;191,191;289,056;347,016;348,115;486,043;781,156;951,117;1134,034
097:0,010;179,101;191,049;278,056;295,055;337,115;405,219;465,188;574,043;1134,034
098:0,010;213,231;222,125;278,056;337,221;372,211;586,125;684,083;723,053;757,086;784,112;791,108;823,043;1200,115
099:0,010;186,171;191,049;248,066;327,159;486,043;1051,117
100:0,010;144,074;167,219;188,261;194,192;278,056;295,055;313,024;443,230;558,072;917,232;932,156;990,132;1166,037
101:0,011;313,024;437,054;453,152;519,057;537,087;647,228;1002,077;1169,064;1184,183;1199,073
102:0,011;336,245;431,192;452,082;467,055;496,093;826,069;830,120;939,085;1126,231;1130,026;1190,028
103:0,011;313,024;437,054;467,055;495,067;515,265;525,204;1060,026;1171,163;1175,217;1199,073
104:0,011;305,142;313,024;437,054;758,061;926,100;999,104
105:0,011;305,142;313,024;452,079;507,152;609,062;615,206;628,237;811,061;971,003;1147,132;1190,028;1199,073
106:0,011;313,024;437,054;534,044;598,262;650,119;838,043;880,040;897,207;976,073;981,117;1046,169;1190,028
107:0,011;182,159;314,099;329,045;431,016;453,152;472,219;534,044;612,067;740,263;756,091;758,061;957,202;1072,026;1199,073
108:0,011;232,050;233,057;313,024;437,054;782,074;789,065;883,014;915,209;963,029;1038,071;1064,057;1154,192
109:0,011;313,024;534,044;601,262;717,228;776,204;807,156;874,045;894,100;1108,026
110:0,011;333,052;463,059;535,210;547,239;603,042;758,061;891,029;904,073;909,135;918,198
111:0,012;109,052;463,059;677,164;791,223;951,057;956,009;1006,226;1015,040;1199,082
112:0,012;123,125;127,051;258,073;415,062;901,073;967,237;1083,036;1125,053;1170,067;1199,052
113:0,012;109,052;415,062;416,072;456,148;463,059;549,127;645,193;670,041;794,251;818,223;901,073;951,067;1040,233;1127,236
114:0,012;102,055;161,197;172,006;415,062;855,072;922,035;994,120;1032,053;1142,025;1199,052
115:0,012;100,132;102,055;127,051;181,219;415,062;779,155;917,009;1097,211
116:0,012;101,265;109,052;188,186;343,069;388,155;643,084;843,204;1185,223
117:0,012;109,052;415,062;430,153;579,062;834,199;836,238;901,073;992,265;1192,053
118:0,012;102,055;130,120;199,228;640,049;670,041;742,103;790,072;813,195;911,138;1154,242
119:0,012;100,132;102,055;109,052;430,153;536,062;600,005;670,041;755,131;796,099;904,250;1069,136
120:0,012;109,052;123,125;415,062;904,250;1103,036;1199,052
121:0,013;131,028;330,227;438,228;451,039;701,077;826,084;975,066;1070,250
122:0,013;248,066;315,223;358,065;451,039;579,108;796,268;886,056;1043,148;1099,270;1139,251;1164,261
123:0,013;131,028;325,094;424,157;451,039;541,256;544,067;545,043;611,186;649,152;949,048
124:0,013;270,241;292,171;358,065;496,204;771,082;842,228;869,027;893,133;921,104;934,155;1048,048;1049,096;1072,162;1106,055
125:0,013;131,028;358,065;505,206;514,148;624,079;934,187;1066,120;1099,079
126:0,013;159,044;204,089;342,187;358,065;451,039;630,033;641,074;738,135;754,064;912,099;937,104;945,049;1048,048
127:0,013;26,007;131,028;315,223;566,211;726,083;835,222;858,136;1017,258;1084,247;1124,148
128:0,013;256,147;270,241;278,056;342,187;460,211;552,087;563,074;573,223;644,020;713,237;785,148;829,211;892,157;932,136;954,232;1048,048
129:0,013;256,147;317,063;333,205;358,065;534,127;848,028;893,133;969,026;1072,162;1114,084;1168,258
130:0,013;251,192;442,070;592,050;629,232;987,128;1048,048
131:0,014;210,066;255,015;266,126;281,005;286,063;336,061;377,106;412,041;465,062;515,111;596,093;644,085;804,056;855,053
132:0,014;186,063;333,073;377,106;379,182;427,047;481,244;492,050;804,056;1082,275
133:0,014;247,230;444,068;590,207;677,050;804,056;1054,026;1076,167;1085,226;1092,099
134:0,014;38,001;51,182;230,171;317,052;374,110;427,047;444,068;492,050;766,011;836,268;1036,232;1050,217
135:0,014;186,063;330,037;467,075;504,238;522,050;820,062;855,053;901,100;906,078;984,091;1129,122
136:0,014;186,063;386,192;407,054;427,047;444,068;494,190;592,082;602,111;659,231;723,220;952,186;1031,103;1051,125;1076,084;1190,043;1199,253
137:0,014;239,117;323,045;330,037;412,041;433,257;444,068;482,156;605,091;608,219;609,051;643,199;799,087;804,056;918,049;924,231;972,268;1067,003
138:0,014;247,230;378,016;436,079;467,075;481,057;483,029;554,050;640,146;706,067;747,082;755,268;790,127;804,056;1154,192;1159,008
139:0,014;186,063;330,037;379,182;412,041;454,050;610,085;706,175;725,053;743,231;754,050;813,103;1010,028;1050,217;1164,034
140:0,014;9,018;54,142;186,063;352,246;412,041;444,068;492,050;609,051;626,151;708,054;728,067;768,126;794,063;855,053;887,077;954,035;974,207;1158,029;1162,008;1174,275
141:0,015;336,061;378,091;431,125;502,060;572,234;988,154;1199,040
142:0,015;336,061;396,074;398,060;575,042;590,238;615,042;790,045;799,027;855,072;895,028;1029,122
143:0,015;331,054;437,186;610,058;612,031;754,030;901,236
144:0,015;317,007;331,054;336,061;447,031;473,098;524,059;550,123;556,058;634,146;637,148;740,193;754,030;937,186;962,093;1045,233
145:0,015;348,082;363,034;398,060;556,058;637,136;655,063;723,243;739,096;810,115;957,040;992,188;1103,213;1117,043
146:0,015;331,054;864,198;1128,104
147:0,015;378,091;398,060;556,058;655,251;725,022;795,063;861,045;897,061;939,247;946,073;990,270
148:0,015;354,242;398,060;536,054;683,127;700,131;788,128;790,045;823,051;850,163;861,045;885,037;917,026;1136,233;1164,250
149:0,015;342,054;754,030;938,182;1012,270;1096,204
150:0,015;152,078;294,235;331,054;398,060;543,079;620,020;645,156;790,045;846,269;861,045;894,202;1157,064
151:0,016;467,075;481,057;587,074;613,154;631,152;641,068;655,063;658,233;790,102;850,135;887,115;961,258;1008,071
152:0,016;51,182;226,239;330,037;375,016;522,062;609,036;618,083;842,231;860,150;962,057;1019,096;1116,245
153:0,016;481,057;492,255;565,046;696,215;713,042;758,068;791,041;869,222;949,048;1142,025;1183,206
154:0,016;328,031;395,098;964,056;993,048;1038,049;1116,245
155:0,016;481,057;565,046;791,041;823,093;958,115;1008,071;1034,028;1122,223;1160,087
156:0,016;161,197;218,006;230,016;468,102;481,057;565,046;752,040;758,068;789,222;791,041;865,082;871,269;885,055;949,048;1008,071
157:0,016;369,064;405,119;558,072;565,046;608,098;623,154;735,069;890,157;923,261;934,028;1008,071
158:0,016;260,175;272,120;331,054;350,016;481,057;565,046;613,154;616,068;701,153;758,068;800,099;1055,053;1122,223;1174,108;1200,048
159:0,016;492,255;517,063;611,117;685,046;789,222;879,055;949,048;1008,071
160:0,016;511,220;565,046;758,068;791,041;850,135;921,117;951,067;981,247;999,084;1094,057
161:0,017;170,080;231,045;404,073;563,059;579,031;609,051;728,086;767,091;812,009;1010,112;1120,182
162:0,017;173,244;199,255;209,164;231,045;404,073;572,231;923,156;931,084;993,048;998,067;1010,112;1110,008;1186,037;1200,050
163:0,017;171,205;242,079;336,040;348,157;404,073;571,271;579,031;787,136;812,009;994,037
164:0,017;138,228;231,045;428,069;579,031;818,258;963,077;994,037
165:0,017;173,244;231,045;336,071;373,087;433,218;543,099;558,072;818,270;994,037
166:0,017;260,175;336,071;389,092;404,073;558,072;832,204;838,027;842,061;867,093;970,008;1172,086
167:0,017;209,164;311,016;336,071;391,036;404,073;558,072;639,064;812,009;994,037;1134,034;1194,120
168:0,017;165,245;558,072;571,271;579,031;812,009;1006,226
169:0,017;169,027;234,261;303,046;373,087;491,157;493,256;562,164;673,022;812,009;1046,275;1058,209;1104,059
170:0,017;163,001;165,245;268,159;336,071;348,157;435,087;540,117;558,072;812,009;968,040;973,055;1029,251
171:0,018;259,084;467,075;503,007;646,062;673,022;782,141;855,058;959,237;1013,109;1131,087;1158,053
172:0,018;318,029;347,042;616,082;695,128;855,058;951,057;1145,138;1173,251
173:0,018;318,029;597,234;620,261;673,022;788,180;829,209;918,222;928,120;951,057
174:0,018;332,128;523,057;593,063;625,050;642,082;838,127;995,079;1049,057
175:0,018;333,205;347,042;551,029;589,079;590,239;602,042;630,098;673,022;770,026;790,045;855,058;989,179
176:0,018;332,128;629,033;671,262;707,036;818,065;856,074;871,137;888,058;1013,248;1062,265;1080,040
177:0,018;318,029;467,055;469,070;470,115;482,156;504,007;534,044;582,261;673,022;817,077;1101,106;1175,112;1184,076;1194,261
178:0,018;314,111;317,016;347,042;673,022;790,079
179:0,018;147,158;244,052;259,084;265,074;348,006;405,102;433,042;629,033;711,128;769,069;777,031;812,009;814,152;943,220;951,057;1013,248
180:0,018;318,029;629,033;673,022;728,117;843,077;855,058;951,057
181:0,019;116,013;253,101;258,036;939,243;988,106;1096,001;1099,063;1121,112
182:0,019;31,190;142,033;299,227;366,040;388,220;403,042;424,016;467,055;475,082;636,054;794,247
183:0,019;169,027;241,219;258,036;647,050;851,212;892,228;932,073;988,106;1121,093
184:0,019;83,013;261,126;299,227;321,089;323,096;347,159;372,036;797,037;891,274;914,120;920,055;994,120
185:0,019;131,003;142,033;264,251;349,111;457,261;472,148;497,066;518,036;937,125
186:0,019;31,190;169,027;242,005;258,036;956,067;959,066;1031,099;1099,063;1170,117
187:0,019;109,089;169,027;256,140;404,193;590,207;597,102;837,220;914,035;957,154
188:0,019;86,017;124,005;670,041;733,261;1169,223
189:0,019;105,007;142,033;258,036;444,068;511,132;519,096;582,164;618,219;760,232;894,155;1099,063;1107,132;1135,265
190:0,019;128,140;428,073;432,181;497,066;533,060;582,049;682,117;970,228;1163,033
191:0,020;114,122;473,074;848,091;934,003;1023,115;1043,043;1194,050
192:0,020;164,239;470,181;663,037;904,109;934,003
193:0,020;111,228;144,074;663,037;867,030;885,037;934,003;1164,233
194:0,020;144,074;611,051;685,102;705,034;724,187;735,074;824,061;934,003;1058,070;1138,237
195:0,020;111,242;212,099;575,152;654,262;663,037;934,003;1115,207;1171,145;1193,034;1195,071
196:0,020;125,082;232,050;431,138;584,111;605,042;739,211;742,103;913,058;934,003
197:0,020;109,052;129,016;431,138;528,069;541,253;546,049;560,063;663,037;934,003;1008,071
198:0,020;140,015;144,074;836,198;874,258;934,003;1168,053;1171,163
199:0,020;114,122;125,082;144,074;763,190;779,249;808,031;904,109;1002,053;1071,070;1151,242
200:0,020;163,255;299,257;304,158;354,074;687,043;958,067;1030,272
