001:0,001;185,005;295,011;303,209;368,048;421,213;544,054;593,072;707,134;709,074;846,050;950,275
002:0,001;206,183;212,053;401,181;404,040;544,054;588,070;640,030;742,230;758,214;803,043;1025,178
003:0,001;192,016;293,014;368,048;402,154;416,060;630,171;709,074;740,032;893,076;894,095;1152,142;1170,192
004:0,001;203,104;212,053;404,040;551,060;603,070;814,175;819,040;831,149;932,250;1193,076
005:0,001;184,061;207,181;212,053;291,042;416,060;588,070;716,181;728,014;795,186;824,129;1013,238;1052,206;1059,039
006:0,001;184,061;203,104;291,042;368,048;381,157;401,031;404,040;559,017;730,256;809,261;832,138;835,031;846,143;1044,062;1060,048;1137,264
007:0,001;184,061;246,005;365,023;453,040;504,044;513,082;544,054;548,069;573,195;588,070;709,074;795,186;810,143;836,032;876,264
008:0,001;212,053;402,154;543,020;616,082;634,175;883,050;946,178
009:0,001;184,061;207,181;291,042;421,213;498,215;588,070;860,044;951,214;1002,049;1060,048;1142,022;1181,215;1182,097
010:0,001;183,137;291,042;416,060;544,054;604,022;687,268;701,102;857,055;894,095;1013,260;1047,183;1060,074;1106,183;1166,229
011:0,002;320,009;358,092;512,038;579,033;664,020;688,044;700,250;708,119;933,035;981,124;995,162;1002,132;1029,068
012:0,002;319,215;579,033;633,030;637,094;648,022;664,020;736,153;842,050;866,039;933,099
013:0,002;329,142;537,118;663,059;664,020;727,072;757,181;776,134;785,046;933,035;981,161;1029,068;1147,271;1164,035;1174,237
014:0,002;293,047;351,176;512,038;573,151;578,046;579,033;716,080;735,057;740,027;772,273;812,047;856,211;933,035;965,220;981,124;1127,046;1182,182
015:0,002;293,047;349,108;445,063;456,125;532,131;594,109;648,187;664,020;721,112;735,057;856,211;862,037;882,214;1032,116;1062,071;1070,073;1127,046;1164,035
016:0,002;337,229;373,023;486,131;578,046;579,033;664,020;724,268;772,273;797,025;805,116;824,039;1001,146;1029,068;1127,046;1174,035
017:0,002;293,047;356,093;512,038;525,011;542,060;578,046;640,244;735,057;1053,068;1070,073
018:0,002;293,047;337,229;392,005;409,127;512,038;579,033;663,059;664,020;709,208;836,039;1139,196;1164,035
019:0,002;293,047;299,271;331,019;356,093;510,026;565,094;578,046;622,176;663,059;677,076;1164,035
020:0,002;312,216;446,086;566,008;592,215;610,029;664,020;728,144;733,268;735,057;1029,068;1163,022
021:0,003;371,055;443,023;466,168;506,006;525,011;605,142;756,138;761,260;869,050;896,107;990,117;1134,039
022:0,003;346,029;469,160;553,041;605,037;628,042;633,030;719,260;876,055;900,012;1030,214;1070,073
023:0,003;366,023;453,006;474,215;489,141;493,071;543,020;572,161;605,037;640,030;696,057;719,260;724,107;819,117;1050,071;1105,217;1156,046
024:0,003;165,052;196,003;346,029;450,094;493,071;605,037;628,042;674,275;757,069;801,039;1000,071;1053,223;1070,073
025:0,003;357,145;369,097;409,050;416,060;426,086;441,089;614,190;628,200;642,241;696,057;1070,073
026:0,003;346,029;371,055;465,189;471,208;472,041;574,018;584,067;605,037;692,045;723,072;771,264;801,039;1060,048;1090,191;1147,271;1155,180
027:0,003;67,043;165,052;218,210;357,145;439,146;493,071;689,214;696,057;853,119;981,239;1009,262;1163,238;1172,039
028:0,003;324,038;325,204;338,142;346,029;439,146;493,071;628,059;633,030;724,107;1016,226;1105,169;1199,158
029:0,003;346,029;413,128;461,038;478,220;502,071;604,022;686,115;800,119;801,039
030:0,003;369,097;371,055;413,128;505,152;607,033;619,131;628,042;638,246;801,039;1070,073
031:0,004;251,156;308,074;394,142;417,193;574,060;604,022;716,250;934,209;1063,182
032:0,004;258,196;363,042;409,050;451,031;475,074;604,022;749,118;948,088;1061,220
033:0,004;323,227;409,050;604,022;653,214;758,275;971,049;1010,209
034:0,004;130,010;178,014;251,156;343,203;470,029;475,074;630,268;732,253;1175,032
035:0,004;253,118;308,074;438,202;451,031;475,074;604,022;728,096;736,153;801,273;831,238;1149,221
036:0,004;269,203;308,074;384,086;451,031;475,074;548,069;561,050;604,022;706,131;746,214;826,102;992,264;1022,122;1077,107;1171,127
037:0,004;266,254;339,086;403,193;409,050;451,031;469,050;604,022;732,136;837,160;1104,031;1147,136;1173,039
038:0,004;223,048;253,118;271,191;812,047;833,175;879,158;1196,233
039:0,004;276,275;409,050;604,022;732,096;858,031;934,209;964,185;993,211;1101,088
040:0,004;258,196;269,203;435,052;451,031;578,053;586,172
041:0,005;404,040;553,109;559,017;639,181;797,025;801,039;832,115;842,241;1183,066
042:0,005;251,069;350,168;476,003;536,125;569,041;628,059;657,221;690,238;871,245;1170,099;1198,226
043:0,005;498,094;520,109;665,072;750,073;1126,065;1171,039;1183,066
044:0,005;450,080;576,017;679,112;726,070;753,149;783,115;1183,066
045:0,005;498,094;562,017;593,072;726,070;750,073;1183,066
046:0,005;435,274;593,072;750,073;1047,268
047:0,005;416,060;639,080;640,060;655,022;673,078;726,070;806,082;834,183
048:0,005;445,076;640,060;657,221;751,027;794,231;1014,037;1047,268;1127,046;1165,071;1169,153
049:0,005;225,033;324,003;385,173;407,109;529,071;601,062;628,059;690,098;750,073
050:0,005;443,274;554,026;593,072;628,059;640,060;726,070;864,026;866,246;876,138;921,149;931,259;1060,048;1192,261
051:0,006;577,245;590,036;651,158;670,045;750,235;822,035;847,041;968,253;1014,064;1068,127;1115,150
052:0,006;563,053;590,036;648,119;730,069;786,139;790,041;797,025;847,041;848,153;858,037
053:0,006;590,036;641,045;753,033;784,177;797,025;863,028;1001,037;1126,117;1173,209;1174,026;1175,245
054:0,006;314,057;406,082;448,212;519,112;577,245;641,045;763,051;790,041;795,235;797,025;849,214;858,037;999,107;1114,071
055:0,006;581,103;596,044;615,124;641,045;763,051;784,177;847,041;863,028;1022,039;1146,107
056:0,006;593,031;714,130;763,051;797,025;831,082;863,028;1004,173;1034,108;1126,116
057:0,006;590,036;620,156;671,196;676,115;720,044;750,235;753,033;763,051;790,041;797,025;816,228;886,079;948,064;1093,148
058:0,006;563,053;607,072;618,088;640,030;643,225;753,033;757,097;790,041;822,035;847,091;858,037;1004,173;1119,048
059:0,006;602,196;640,030;663,059;724,082;790,041;797,025;848,041;850,275;923,187
060:0,006;504,111;563,053;615,124;640,030;641,045;757,097;767,148;790,041;800,261;847,041;858,037
061:0,007;236,050;251,069;298,097;305,064;341,045;483,026;608,204;768,270;810,026;882,204;913,143;1000,071;1070,127;1095,221;1134,095
062:0,007;253,082;471,051;483,026;602,044;882,204;986,102;1003,062
063:0,007;251,069;305,064;341,045;449,032;572,061;1095,221
064:0,007;200,193;236,050;272,104;330,082;341,045;449,032;562,269;572,061;678,080;1003,062
065:0,007;236,050;265,003;305,064;369,008;433,081;483,026;544,060;557,071;783,097;853,061;969,052;981,239;993,137;1000,071
066:0,007;305,064;344,056;348,157;423,034;449,032;491,035;533,161;572,061;701,159;711,187;807,118;852,043;886,044;892,112;959,049;1049,091;1180,211
067:0,007;261,209;449,032;471,051;557,234;572,061;750,183;753,070;764,182;844,012;1038,031;1081,052;1155,077;1169,262
068:0,007;246,078;392,045;504,111;513,213;572,061;1000,071;1003,062
069:0,007;302,188;334,053;341,045;471,051;490,088;792,136;866,082;958,118;1060,074;1155,077
070:0,007;200,193;262,098;305,064;445,062;483,026;564,099;666,256;670,106;851,068;1012,064
071:0,008;657,149;686,042;753,265;783,251;800,026;972,022
072:0,008;628,200;630,151;859,033;972,022
073:0,008;622,038;724,117;859,033;972,022
074:0,008;84,108;351,005;449,090;490,008;686,042;735,027;839,212;891,055;899,096;909,071;930,122;1009,231;1072,154
075:0,008;686,042;800,026;972,022
076:0,008;476,003;481,190;725,076;733,241;753,265;811,129;814,026;859,033;936,264;972,022;1031,038;1107,062
077:0,008;84,108;213,008;496,121;545,193;558,191;620,038;778,073;859,033;932,116;972,022
078:0,008;496,121;572,251;637,118;800,026;895,122;974,049;994,076;1083,150;1107,226;1160,117
079:0,008;218,210;232,008;630,151;678,256;818,049;972,022
080:0,008;629,038;717,076;721,165;747,076;800,026;972,022
081:0,009;480,196;524,042;612,212;623,075;640,060;650,001;684,102;740,032;918,182;1052,068;1067,037;1068,048
082:0,009;401,031;484,051;525,011;533,241;640,137;650,001;654,060;731,054;798,151;951,073;1005,062;1091,129;1122,040;1188,174
083:0,009;491,115;524,042;533,241;650,001;663,130;763,068;765,051;767,266;790,041;886,213
084:0,009;472,065;491,115;650,001;668,138;959,049;1105,275
085:0,009;484,051;535,092;623,075;649,238;650,001;678,212;727,260;731,054;753,033;959,049;1151,142;1197,040
086:0,009;472,065;505,154;524,042;612,037;623,075;650,001;724,128;740,032;917,033;959,049;1122,040
087:0,009;236,050;273,153;291,033;298,009;401,031;448,050;471,145;472,065;484,051;524,042;606,138;712,079;731,054;869,245;881,153;905,028;964,244
088:0,009;472,065;513,119;623,075;654,060;655,173;679,051;684,026;720,044;738,173;758,251;804,040;846,247;861,136;1122,040
089:0,009;475,065;484,051;537,220;549,165;570,044;599,155;650,001;663,130;690,212;813,153
090:0,009;513,119;650,001;654,060;695,249;740,032;793,160;889,118;963,026;980,028;1018,258;1122,040
091:0,010;227,043;332,165;465,189;510,175;565,122;582,080;686,042;687,145;752,068;984,260
092:0,010;330,048;489,062;510,145;517,089;662,070;673,069;743,029;752,068;981,161
093:0,010;235,265;326,061;330,048;518,151;590,036;661,029;702,148;752,068;988,182;1129,037
094:0,010;236,230;245,010;284,173;326,061;352,216;567,129;752,068;1032,038;1131,192;1164,253
095:0,010;258,011;271,275;330,048;431,156;458,106;1002,012;1017,115;1098,191;1162,271
096:0,010;270,018;277,254;286,056;390,246;483,162;572,061;584,067;840,061;1034,264;1132,224;1148,040
097:0,010;227,043;264,252;312,094;326,061;386,214;390,246;458,162;641,061;657,241;851,055;895,151;1149,231
098:0,010;229,138;291,265;326,061;332,165;698,142;830,012;848,057;943,245
099:0,010;227,043;280,003;284,056;312,094;330,048;341,122;639,071;679,151;759,183;785,187;907,211;962,172;1048,106;1080,099;1131,192
100:0,010;229,138;326,061;341,122;494,144;563,029;616,026;745,079;960,088
101:0,011;328,221;375,104;382,199;476,003;511,194;559,017;681,229;696,057;729,225;752,088;933,035;960,066;1050,173;1125,261
102:0,011;315,070;475,082;476,003;512,176;559,017;667,055;733,160;795,212;889,044;946,065;1118,219
103:0,011;315,070;494,202;559,017;623,071;667,055;960,066;1029,151
104:0,011;321,162;474,144;476,003;499,071;532,096;556,160;788,247;791,055;870,052;932,057;1016,055
105:0,011;312,056;315,070;455,145;462,086;527,026;534,040;543,073;559,017;664,020;701,229;891,055;938,206;1012,185;1062,258
106:0,011;236,255;251,069;312,056;315,070;433,038;476,003;490,044;655,225;667,055
107:0,011;315,070;433,038;476,003;495,251;559,017;623,071;667,055;761,129;863,028;960,066;1016,055;1088,183;1099,055;1150,150
108:0,011;317,208;408,227;476,003;510,175;623,071;624,161;661,082;681,229;817,137;865,088;955,231;1004,219;1016,055
109:0,011;312,056;317,208;330,016;347,152;428,034;433,038;495,251;527,038;559,017;731,054;771,259;888,097
110:0,011;416,214;433,038;476,003;530,099;623,071;654,060;677,191;714,055;809,143;897,223
111:0,012;218,074;244,021;336,254;373,069;404,160;445,029;707,149;835,082;931,065
112:0,012;199,202;245,021;336,148;373,069;408,221;445,029;574,018;611,138;640,052;764,138;777,031;845,208;908,076;915,172;917,043;931,065
113:0,012;244,021;336,148;501,258;548,044;574,018;640,052;717,061;753,226;858,037;1151,124
114:0,012;183,137;244,021;392,070;431,258;574,018;599,062;640,052;720,044;916,106;931,065
115:0,012;209,116;244,021;328,141;544,054;574,018;600,211;711,117;720,044;1036,126;1049,065;1097,180;1138,238
116:0,012;204,003;210,204;244,021;371,081;444,092;548,122;562,161;629,017;711,117;780,264;931,065
117:0,012;153,188;199,202;218,074;247,193;304,178;321,162;398,033;445,029;707,134;786,099;1056,065;1140,153;1150,039;1167,151
118:0,012;56,011;153,188;218,074;276,005;328,141;369,033;445,029;726,144;734,044;813,214;884,028;920,172;959,039;975,037;1053,169;1096,223;1138,036
119:0,012;184,099;209,116;236,053;244,021;343,188;431,258;495,216;512,214;517,029;524,042;530,030;584,008;599,062;640,052;685,063;762,210;800,026;941,115;961,012;1050,049
120:0,012;165,052;189,192;244,021;404,160;574,018;605,208;959,241
121:0,013;217,192;225,033;317,234;327,030;574,047;707,079;838,261;1165,040
122:0,013;214,026;241,103;327,030;502,084;556,073;574,031;676,041;732,253;767,031;785,046;795,043;1033,122
123:0,013;214,026;240,053;327,030;482,035;546,094;596,256;714,063;785,046;859,261;1060,074;1127,031
124:0,013;296,125;495,157;552,073;601,094;646,275;651,241;656,082;676,041;688,171;756,042;932,177;1032,231
125:0,013;223,048;246,053;396,030;596,256;659,031;704,129;781,191;795,043;1058,219;1067,229
126:0,013;223,048;256,099;265,210;290,243;359,056;450,082;455,127;469,030;542,173;559,086;629,208;676,041;685,063;789,253;932,158;1101,052;1170,223;1188,091
127:0,013;223,048;254,034;289,193;397,034;448,159;574,031;685,063;707,079;710,168;795,043;851,187;959,036
128:0,013;225,033;312,056;429,006;492,208;574,031;685,063;772,151;785,046;795,043;1067,116;1196,238
129:0,013;225,033;241,103;249,004;327,030;555,074;574,031;676,041;754,119;795,043;932,177;1002,122;1030,031;1100,253;1139,048
130:0,013;64,006;214,026;225,033;349,214;617,022;641,159;685,063;766,102;822,035;877,238;988,043;1003,062
131:0,014;398,016;412,191;461,197;490,044;525,011;543,020;574,126;601,047;607,243;620,038;654,154;740,044;792,185;812,047;816,158;828,059;842,050;947,178;979,219;991,150;1082,071
132:0,014;190,113;365,023;470,227;525,011;573,144;620,054;658,204;770,059;801,039;812,047;817,046;879,233;1113,206
133:0,014;365,023;479,173;507,097;535,042;600,129;610,243;720,046;746,187;768,154;785,051;804,040;812,047;816,160;819,197;867,228;919,246;940,036
134:0,014;331,019;365,023;525,011;543,020;580,152;620,038;790,168;828,059;899,154;1148,055;1174,026;1185,226
135:0,014;395,158;416,041;500,044;585,226;720,046;731,054;741,044;770,059;804,040;828,059;943,116;1120,039;1174,026;1193,162
136:0,014;365,023;472,150;497,197;508,275;525,011;528,073;543,020;620,054;638,226;804,040;821,158;923,076;959,136;1051,038;1056,036
137:0,014;365,023;395,158;401,173;566,214;620,054;698,063;720,046;754,042;791,274;802,175;804,040;842,050;940,036
138:0,014;423,197;448,159;574,126;628,042;654,154;770,059;814,188;817,046;842,050;879,233;1174,026;1197,252
139:0,014;365,023;423,197;525,011;537,275;543,020;582,155;620,054;720,046;770,059;810,158;817,046;828,059;886,270;953,119
140:0,014;165,052;190,113;325,204;341,019;357,053;365,023;508,275;525,011;543,020;582,215;620,038;719,128;736,026;768,082;817,046;916,112;940,036
141:0,015;253,034;294,012;353,034;362,062;555,074;591,131;779,154;1024,028;1056,220;1174,031
142:0,015;209,062;219,061;273,146;306,138;353,034;404,040;458,096;528,073;563,053;684,052;747,031
143:0,015;235,206;265,035;294,012;330,048;362,062;458,096;555,074;657,131;685,088;747,031
144:0,015;216,198;219,061;273,153;353,034;497,137;534,156;562,008;603,220;625,072;686,196;688,044;695,266;709,074;864,129;975,012;1016,055;1024,028;1106,224
145:0,015;219,061;265,035;294,012;353,034;464,129;573,196;755,080;1032,036
146:0,015;219,061;265,035;326,269;353,034;371,055;395,117;438,202;528,073;555,074;610,142;633,212;655,165;663,262
147:0,015;165,165;209,062;230,108;243,241;253,034;265,035;294,012;376,062;528,073;639,181;644,052;690,152;747,031
148:0,015;165,165;209,062;219,061;235,206;253,034;294,012;353,034;362,062;555,074;690,152;728,014;742,192;769,044;914,132;1024,028;1060,260;1108,127
149:0,015;265,035;294,012;362,062;464,129;561,262;960,066;1147,125;1170,031
150:0,015;209,062;231,061;290,243;294,012;348,138;353,034;517,125;574,018;618,137;747,031;1147,125
151:0,016;407,041;493,137;633,030;635,164;650,069;728,014;738,197;749,176;789,047;847,091;1030,064;1109,032
152:0,016;407,041;558,145;728,014;730,069;789,047;804,075;868,057;894,180
153:0,016;418,041;522,075;546,216;730,069;789,047;845,064
154:0,016;218,074;261,053;265,086;284,016;407,041;593,072;624,230;635,131;649,115;681,173;728,014;752,270;910,229;1074,022;1109,032
155:0,016;411,190;467,176;789,047;804,075;894,180;1009,129;1109,032
156:0,016;368,048;373,069;537,262;650,069;728,014;764,274;804,075;897,223;961,187;985,160;1090,106
157:0,016;294,012;407,041;491,151;494,037;530,142;574,018;650,069;719,243;730,069;810,075;845,064
158:0,016;407,041;433,145;624,230;649,238;730,069;804,075;847,041;882,033;935,185;949,204;1109,032
159:0,016;411,190;588,070;675,069;728,014;761,246;845,064;988,067;1080,214;1109,032
160:0,016;214,026;236,255;290,016;407,041;601,071;619,017;650,069;728,014;796,172;830,012;845,064
161:0,017;308,074;326,181;372,212;437,063;471,051;494,076;662,033;693,084;712,214;743,029;772,137;790,117;818,049;878,229;918,052;979,039;1063,095;1118,185
162:0,017;361,125;401,031;482,062;548,069;582,209;599,062;735,027;830,012;1024,028;1044,126;1107,055
163:0,017;330,070;363,104;401,031;437,063;494,037;530,099;543,020;572,251;732,173;735,027;818,049;840,012;1031,038;1095,055;1100,162
164:0,017;343,106;410,118;620,162;676,020;691,219;735,027;743,029;793,122;799,183;818,049;830,012;1060,074;1071,037;1120,123
165:0,017;372,212;594,106;605,072;727,197;862,037;885,064;988,067;1031,038;1180,226;1184,220
166:0,017;324,109;422,106;435,052;437,063;536,008;537,275;773,074;830,012;988,067;1120,123
167:0,017;265,086;351,221;450,080;494,037;548,069;641,159;735,027;821,097;1031,038;1124,258;1181,040
168:0,017;338,230;344,243;364,204;409,009;412,145;432,208;435,052;482,095;494,037;607,168;687,045;695,266;776,069;814,129;818,049;830,012;1056,275;1073,219;1081,022;1175,142
169:0,017;251,146;343,106;376,016;403,220;435,052;466,152;548,069;590,209;599,062;653,244;711,159;735,027;814,074;830,012;1114,260
170:0,017;364,204;373,069;378,097;578,175;712,069;728,105;743,029;825,039;830,012;940,036;988,067;1041,037;1179,048
171:0,018;330,048;342,207;468,045;473,062;551,020;571,047;671,020;775,238;799,042;870,052
172:0,018;251,069;265,191;337,215;369,033;474,247;870,052
173:0,018;253,034;324,038;369,033;482,035;594,017;670,217;679,051;688,044;694,173;764,182;842,035;870,052
174:0,018;324,038;482,035;614,187;634,062;653,214;655,038;679,051;819,109;822,035;852,068;870,052;937,073;1022,071
175:0,018;324,038;399,144;406,157;482,035;571,047;679,051;700,250;906,026;909,071;985,162;1143,071
176:0,018;411,245;469,050;525,038;588,041;659,249;721,191;746,247;761,042;909,071
177:0,018;312,056;384,092;428,245;470,108;482,035;556,061;571,047;688,044;693,042;805,116;870,052
178:0,018;324,038;369,033;437,063;474,247;560,173;684,174;909,071;958,150;1136,076
179:0,018;342,207;469,050;666,190;679,251;778,059;870,052
180:0,018;359,009;362,062;383,108;469,050;470,108;482,035;584,060;614,187;672,247;679,051;742,172;746,032;858,042;920,206;1194,124
181:0,019;247,268;266,103;268,035;288,151;331,019;391,193;443,220;474,157;548,044;658,084;706,061;926,153;1079,055;1150,131
182:0,019;240,199;244,021;245,010;298,097;314,057;355,180;451,156;665,165;929,028;984,108
183:0,019;245,010;246,230;331,019;400,208;405,106;467,154;490,044;504,246;714,055;742,183;1025,250;1186,217
184:0,019;165,052;199,232;237,014;245,010;287,178;288,151;331,019;418,095;522,075;581,165;584,067;630,026;726,074;849,258;851,219;1130,217
185:0,019;245,010;258,199;287,178;331,019;374,089;476,246;522,075;556,061;598,268;669,274;672,129;679,137;1084,153;1134,219;1183,161
186:0,019;272,018;314,057;331,019;375,118;490,044;491,074;524,042;599,204;640,052;669,274;777,197;790,165;880,031;948,132;988,223;1012,119
187:0,019;245,010;298,096;314,057;331,019;370,016;423,144;443,152;478,040;491,151;521,094;522,075;556,061;790,055;849,258;969,057;1053,169
188:0,019;245,010;247,268;300,125;348,008;355,180;548,044;556,061;705,055;919,208;940,229;1024,091
189:0,019;235,265;274,008;317,230;362,227;379,055;490,044;531,141;548,044;603,112;667,187;739,042;917,234;924,033;972,026;1074,136
190:0,019;199,232;245,010;267,252;331,019;350,048;357,181;407,220;584,067;677,174;755,219;941,211;1142,233
191:0,020;67,043;216,198;276,056;299,067;333,056;502,084;685,063;701,172;712,274;758,063;764,244;1012,177;1023,107;1065,161;1129,064;1139,158
192:0,020;70,001;71,170;76,099;113,012;152,008;616,026;1048,049;1196,116
193:0,020;157,241;169,008;218,074;219,238;299,067;370,117;406,125;439,008;482,156;509,080;612,212;687,190;719,148;815,226;1193,219
194:0,020;67,043;157,241;227,043;259,254;276,056;287,199;461,082;656,099;889,241;945,213
195:0,020;67,043;77,098;276,056;433,045;492,112;685,118;719,026;783,061;785,046;789,027;868,100;968,064;1019,244
196:0,020;67,043;182,199;346,113;399,144;696,026;783,185
197:0,020;77,098;216,241;267,238;287,196;581,103;613,029;616,026;713,146;764,244;801,259;973,022
198:0,020;76,099;299,067;348,228;358,090;382,152;448,109;478,168;774,241;787,061;907,044;1064,148;1175,048
199:0,020;276,056;299,067;358,090;524,212;531,214;564,212;603,008;616,026;686,042;793,247;831,116;940,044;958,106;1122,211;1184,154
200:0,020;144,008;318,188;406,030;431,208;571,047;684,219;824,185;830,246;944,258;1057,253;1086,124;1162,122;1188,065
