001:0,001;49,275;112,001;229,275;246,166;248,041;294,123;324,238;411,071;466,098;525,089;611,186;804,210;811,159
002:0,001;229,275;345,251;352,123;657,252;942,129;950,047;993,163
003:0,001;136,062;248,173;584,177;736,098;1092,272;1194,123
004:0,001;279,238;392,200;403,173;548,036;565,173;623,238;656,172;706,160;850,227;1192,234
005:0,001;236,166;380,071;381,102;448,156;539,259;546,128;630,041;776,266;814,194;963,097;1117,070;1179,034;1195,140
006:0,001;149,271;175,100;244,031;316,168;343,116;349,032;411,160;584,072;676,128;919,260;1041,155;1163,265;1176,134
007:0,001;149,271;158,203;262,166;383,196;493,112;574,126;628,099;769,166;932,272;940,176;1036,236;1041,123
008:0,001;224,062;239,122;370,235;416,192;431,128;436,073;437,039;469,220;527,074;584,177;689,111;849,080;910,111;936,118;1035,086;1151,163
009:0,001;116,224;133,275;205,062;208,091;238,100;364,073;470,138;656,039;672,257;830,173;972,247;1152,130;1187,200
010:0,001;248,225;393,220;407,171;466,098;594,246;687,069;702,227;710,041;817,147;1059,057;1111,127
011:0,002;181,001;194,164;208,235;211,219;245,161;272,275;358,251;394,066;438,123;532,134;539,140;548,113;621,078;837,107;963,134;1004,118;1178,264
012:0,002;136,062;189,173;232,157;340,106;460,272;491,047;552,106;614,213;656,047;667,164;782,154;794,186;845,109
013:0,002;136,062;240,207;297,223;301,227;391,259;518,128;688,212;734,203;753,244;783,150;792,117;800,265;811,093;1002,135;1059,181
014:0,002;97,258;137,062;263,128;394,066;460,272;553,173;558,148;678,107;771,197;803,080;1015,170;1033,154;1066,106;1113,101;1193,250
015:0,002;140,106;235,129;464,258;490,220;594,191;627,072;765,217;975,089;1101,109;1114,176;1117,158
016:0,002;143,262;394,066;426,084;566,103;921,135;964,136;1053,082;1058,087
017:0,002;147,026;159,207;208,089;246,069;290,129;398,161;445,244;532,220;631,265;637,198;789,134;1070,070
018:0,002;21,251;125,250;136,062;180,071;284,043;366,127;418,206;573,161;720,168;912,068;1008,169;1096,195
019:0,002;157,015;189,173;216,178;394,258;451,129;468,125;490,187;548,215;587,264;594,061;702,117;765,217;791,079;844,104;967,238;1002,236;1020,258;1053,164;1100,179
020:0,002;34,187;136,062;240,055;285,184;394,066;441,102;449,074;525,099;697,171;923,265;1125,156
021:0,003;43,026;135,103;141,055;160,235;239,173;398,225;445,178;543,125;641,171;648,231;685,220;756,135;1002,220;1101,258
022:0,003;43,026;56,170;280,050;490,232;535,066;592,180;600,164;1196,088
023:0,003;47,087;76,055;273,211;430,047;463,135;589,134;622,072;743,171;825,217;833,071;860,034;978,163;1124,215
024:0,003;44,179;130,238;178,050;197,223;213,207;366,116;372,171;437,169;558,121;572,061;606,160;628,203;727,087;762,084;772,213;779,135;831,071;919,108;949,252;1066,147
025:0,003;77,268;153,164;183,196;374,050;457,150;478,169;639,143;798,055;812,107;831,071;918,260;969,034;1109,252;1154,126
026:0,003;43,026;160,250;178,050;284,172;583,237;752,226;816,158;831,071;945,119;986,130
027:0,003;43,026;132,249;140,258;159,223;164,087;178,050;441,126;546,072;727,258;731,067;733,143;798,055;833,268;879,062;1025,188
028:0,003;56,170;109,150;119,203;155,061;183,196;387,239;553,027;610,264;641,107;664,160;699,069;789,265;1081,089
029:0,003;35,063;45,216;71,244;146,213;178,050;475,232;484,172;616,112;640,246;656,222;697,234;759,159;917,047;965,194;977,237;1193,102
030:0,003;77,268;92,005;136,079;178,050;386,073;476,179;592,078;614,123;651,150;667,135;770,049;798,055;818,215;831,071;951,136;1036,076;1038,161;1054,101;1171,082
031:0,004;19,135;41,049;73,166;82,050;84,161;91,055;225,229;279,251;302,181;341,264;380,071;454,100;462,110;573,264;701,150;837,062;927,180;1016,213;1113,221;1140,093
032:0,004;43,026;72,219;170,129;184,055;393,128;465,055;499,078;776,129;932,221;952,220;1079,166
033:0,004;72,219;105,056;171,106;282,264;333,241;380,071;459,108;976,216;1126,169
034:0,004;117,170;135,251;175,219;196,207;229,248;418,071;493,112;505,135;676,069;691,137;837,062;903,179;1084,115;1089,088;1128,108;1174,263
035:0,004;59,185;90,161;169,056;200,268;255,213;310,138;453,032;458,196;465,055;515,191;559,199;605,148;691,257;735,221;971,164;983,057;1074,055;1086,088;1169,100
036:0,004;21,165;369,178;426,103;444,206;453,032;454,246;609,109;713,240;718,041;787,107;807,188;927,223;960,089;975,159;1107,038;1108,159
037:0,004;66,159;171,091;183,001;225,229;231,120;410,236;441,130;837,062;907,153;1046,203;1173,088
038:0,004;172,236;259,055;295,134;336,066;351,150;400,203;424,262;465,055;492,106;499,078;519,129;626,170;679,264;817,210;837,062;845,216;878,128;1045,062;1139,217;1180,034
039:0,004;53,224;62,067;124,055;249,239;380,071;441,130;453,032;463,126;465,055;471,262;515,259;533,268;773,122;983,057;1199,168
040:0,004;67,147;201,232;202,055;263,066;270,223;380,071;442,096;939,122;983,057;1067,218
041:0,005;270,107;296,178;339,168;529,125;539,036;639,262;704,191;763,264;933,092
042:0,005;207,108;236,210;477,265;554,270;563,272;573,061;579,244;613,205;652,051;671,058;767,191;914,137;961,129;1062,195;1088,062;1096,157;1100,166;1143,220
043:0,005;184,156;205,275;207,108;251,178;286,065;337,148;511,140;539,036;616,096;634,079;769,194;812,126;838,170;1143,197;1194,137
044:0,005;193,237;277,109;445,128;459,087;543,121;578,096;611,231;652,051;671,058;749,093;880,111;1020,238
045:0,005;164,071;188,087;251,164;286,065;295,206;388,079;426,157;544,165;656,268;735,156;1116,055;1127,244;1151,238
046:0,005;214,121;514,148;539,036;576,033;579,156;647,065;652,051;671,058;855,034;942,127;1104,062;1124,250
047:0,005;41,049;48,193;176,121;493,171;538,157;574,074;641,112;656,061;657,093;807,176;853,200;904,172;1046,212;1057,118;1091,154
048:0,005;186,240;193,156;329,231;337,148;353,164;565,027;657,236;733,153;760,155;889,244;1116,089;1138,238;1150,135
049:0,005;199,069;209,238;286,065;292,206;294,156;1109,263;1119,244;1124,097;1137,083
050:0,005;41,049;62,272;144,200;257,239;318,223;459,203;487,094;592,061;794,166;804,244
051:0,006;47,171;155,056;256,181;261,255;296,257;448,103;494,223;519,107;583,106;726,148;857,197;1115,098;1149,170
052:0,006;60,245;83,165;184,232;198,069;260,128;292,031;361,187;509,210;534,262;577,222;652,108;706,072;801,246;888,089;958,128;1001,188;1076,134
053:0,006;9,009;59,240;190,165;211,224;267,169;286,029;304,172;430,047;515,122;661,173;707,158;990,212;1040,097;1090,055;1148,086;1171,097
054:0,006;34,187;47,244;195,133;366,077;375,156;403,087;430,047;527,210;543,184;629,258;670,262;696,244;740,197;956,138
055:0,006;9,181;104,143;572,074;642,039;677,237;701,157;779,125;989,135;990,103;1010,117
056:0,006;32,077;65,153;267,032;351,108;356,032;430,047;515,183;520,262;643,257;691,148;1020,034
057:0,006;13,238;74,166;243,051;292,220;296,188;298,237;305,229;348,050;370,120;430,047;511,100;543,246;583,270;687,154;749,257;763,231;929,093;1136,212;1196,190
058:0,006;11,003;13,238;155,056;157,133;328,200;384,083;401,223;432,150;777,140;807,231;1021,181;1053,170
059:0,006;41,089;59,240;162,227;169,271;243,051;257,079;316,107;327,143;455,229;471,108;474,200;477,126;566,192;579,154;682,135;704,126;776,072;836,166;839,078;1093,212
060:0,006;21,251;41,089;155,056;158,214;253,225;324,164;355,076;482,200;543,168;568,104;594,257;630,047;704,098;716,122;791,223;813,078
061:0,007;46,067;81,050;100,203;163,121;164,071;225,220;278,043;426,150;437,134;603,223;652,266;655,089;679,231;701,121;793,036;916,068;923,216;958,034;1027,270;1074,038
062:0,007;46,067;77,015;137,197;278,043;353,067;431,033;537,210;570,229;596,047;686,166;752,108;841,227;843,138;941,215;1095,265;1156,140
063:0,007;30,016;48,165;81,050;116,083;305,076;353,067;424,111;606,224;615,089;815,068;954,146;1180,125
064:0,007;44,164;46,067;123,185;219,235;279,012;286,050;322,182;353,067;390,123;412,117;413,076;609,162;812,106;862,155;954,146;960,087;1074,038;1116,055;1118,143
065:0,007;42,210;108,002;115,091;135,055;156,184;353,067;424,111;676,067;695,104;793,036;862,071;957,247;974,178;991,109;1101,086;1141,154
066:0,007;62,087;153,223;263,108;278,043;431,033;603,223;718,069;793,036;800,098;884,216;1115,236;1118,143
067:0,007;60,122;81,050;105,056;187,213;225,220;369,259;375,089;415,117;431,033;584,221;723,165;804,150;888,107
068:0,007;44,012;156,184;278,043;444,270;546,157;671,215;694,231;781,213;793,036;838,126;895,129;923,068;993,169;1116,164
069:0,007;37,247;46,067;105,056;115,091;164,071;181,230;197,113;205,185;234,055;243,012;270,106;321,143;322,179;360,262;419,110;431,033;599,160;602,039;621,155;719,072;773,165;853,169;993,200;1074,038;1153,236;1167,146
070:0,007;38,092;69,001;71,106;103,026;105,056;133,133;164,071;223,214;280,120;370,207;489,146;525,033;584,221;793,036;835,135;916,213;1000,146;1074,038
071:0,008;89,241;288,135;302,108;447,079;463,066;539,036;552,266;590,041;609,080;823,172;888,129;895,047;964,146;980,161;984,263;1073,111;1125,237;1149,166
072:0,008;103,172;139,170;174,063;247,056;325,043;333,066;374,134;409,104;469,107;514,194;895,047;967,034;1187,125
073:0,008;73,178;109,055;217,215;327,225;463,066;571,198;715,112;872,188;895,047;907,152;1164,252
074:0,008;73,111;78,175;145,062;152,219;174,063;282,134;463,066;581,265;590,231;607,134;895,047;948,117;1083,154;1112,156
075:0,008;105,249;120,275;124,164;156,110;228,255;287,169;411,262;526,098;529,168;702,237;767,153;874,198;945,237;1115,203
076:0,008;6,181;136,055;146,164;151,187;174,063;205,120;232,169;434,050;449,220;479,148;553,100;574,039;675,258;695,160;788,178;832,223;907,209;1067,247;1108,083;1130,082
077:0,008;75,063;101,169;246,223;284,125;527,203;612,125;648,265;668,072;669,240;768,237;914,166;1074,161
078:0,008;98,143;102,178;243,236;391,032;426,213;463,066;552,266;579,168;802,179;1024,111;1113,270;1168,169
079:0,008;63,002;73,178;101,169;105,249;145,150;261,236;656,123;667,220;937,237;955,126;1087,200;1122,176
080:0,008;68,001;74,185;137,001;217,215;230,179;299,203;457,047;541,192;608,039;686,252;753,227;809,067;812,068;865,186;920,238;962,166;966,137
081:0,009;32,237;191,187;306,103;566,047;665,162;809,160;880,062;1006,085;1197,164
082:0,009;79,087;272,200;435,192;555,171;566,047;621,159;689,072;703,067;760,068;875,153;1009,154;1027,180;1111,087;1174,123;1188,098
083:0,009;32,237;156,262;193,230;199,222;471,033;475,074;512,238;572,206;602,061;614,188;621,159;791,236
084:0,009;75,121;132,181;152,031;164,138;227,203;393,270;443,213;483,197;672,213;761,067;816,169;849,153;881,068;930,138;1088,107;1118,260;1199,221
085:0,009;74,269;152,031;184,055;260,120;276,235;363,224;372,107;416,108;465,094;472,033;570,154;608,173;807,086;1033,057;1102,140;1188,035;1195,107
086:0,009;105,026;152,031;162,185;166,071;199,222;243,051;281,222;413,253;444,122;487,165;544,224;635,126;645,125;1113,123;1155,127
087:0,009;32,077;75,121;160,191;598,047;655,096;1010,198;1102,138;1124,118
088:0,009;61,224;105,161;299,241;350,257;462,229;566,047;641,134;777,086;813,068;937,084;979,221;994,057;998,155
089:0,009;68,235;194,062;214,171;238,219;243,051;260,123;282,235;430,162;458,157;513,112;537,236;772,226;842,178;991,270;1003,034;1008,134;1079,209
090:0,009;68,269;132,255;246,051;251,187;390,223;391,187;447,107;558,126
091:0,010;68,270;77,110;120,219;150,026;186,125;193,050;202,257;344,134;362,031;364,073;368,110;394,119;463,066;466,183;539,188;599,272;768,034;855,089;1071,182;1122,197
092:0,010;102,198;173,166;183,188;379,253;671,058;698,099;895,047;953,272;1008,106;1084,176;1101,097
093:0,010;70,187;244,031;366,089;649,076;776,240;803,106;1063,194;1193,171
094:0,010;55,241;92,248;195,062;202,250;244,031;397,104;400,196;456,073;496,087;583,162;618,074;623,268;652,051;666,119;747,072;760,237;943,171
095:0,010;108,047;136,026;244,031;259,012;316,238;320,083;397,071;434,222;471,134;478,066;563,224;596,117;666,106;784,034;937,127;1154,265
096:0,010;55,251;57,210;93,250;140,005;182,103;219,094;243,235;262,192;291,237;339,079;381,165;700,133;749,258;775,177;823,147
097:0,010;75,063;77,110;343,259;364,073;510,129;539,078;578,119;709,179;783,106;808,213;834,171;843,226;858,257;895,047;930,257;990,154;1085,150;1123,223
098:0,010;55,026;183,188;244,031;365,229;438,200;465,079;474,104;579,231;588,171;594,231;615,047;682,121;869,097;1014,161;1107,194;1149,188
099:0,010;76,113;449,239;613,192;690,128;716,087;726,089;768,034;853,181
100:0,010;55,241;76,113;107,248;149,244;244,031;286,065;364,073;397,104;557,253;682,121;694,061;763,238;911,097;948,062;1054,101;1093,158
101:0,011;55,223;155,192;539,039;612,086;647,065;657,252;669,086;709,135;753,178;914,182
102:0,011;102,144;173,012;239,156;242,076;246,066;375,087;402,178;446,138;489,143;612,086;803,055;902,173;988,164;1031,160;1196,055
103:0,011;49,275;96,241;192,181;238,227;277,079;344,066;414,258;527,144;591,178;773,034;872,079;1009,085;1189,117;1195,217
104:0,011;91,231;246,066;371,039;377,122;417,188;495,138;539,039;647,065;703,176;736,212;891,150;1085,082;1109,198;1176,035
105:0,011;72,245;103,275;146,147;164,089;374,184;508,106;512,231;553,178;635,067;649,137;758,041;803,034;878,176;1185,087
106:0,011;85,122;185,224;226,143;292,203;298,265;499,188;539,039;687,176;909,140;1148,264;1171,035;1199,195
107:0,011;64,153;139,103;159,012;187,219;215,125;242,224;246,066;471,178;484,162;510,253;541,074;548,215;607,103;857,140;1084,057;1171,035
108:0,011;92,094;209,161;242,213;246,066;282,134;283,093;312,066;357,032;465,055;521,144;594,140;604,171;629,076;637,104;655,234;663,084;730,067;736,165;743,177;751,133;758,188;784,153;843,158;963,186;1013,083;1167,107;1171,035
109:0,011;41,049;55,223;102,144;171,192;250,166;253,159;266,087;343,032;416,046;450,223;519,258;543,027;586,244;684,197;735,178;748,176;798,055;861,103;981,266
110:0,011;79,067;92,094;107,169;152,031;222,055;224,270;501,206;539,039;569,087;706,264;719,198;854,238;1110,231;1159,128
111:0,012;174,063;178,012;211,123;353,039;465,130;491,116;548,077;550,027;654,178;710,072;714,173;874,138;911,062;957,263;993,135;1090,057;1098,038;1160,151;1162,038
112:0,012;198,069;292,117;293,083;351,087;353,039;425,029;437,037;459,194;650,069;755,190;1162,038
113:0,012;134,129;290,214;329,162;416,107;457,109;571,108;634,039;650,069;756,072;834,272;1074,135
114:0,012;22,244;69,193;171,015;174,169;198,069;279,232;311,215;335,161;352,066;373,220;388,138;424,089;425,029;457,113;501,191;514,199;569,094;644,264;656,171;675,039;681,041;721,155;755,190;762,181;1001,172;1088,220;1112,135;1142,150;1162,038
115:0,012;287,199;305,043;336,253;407,239;441,117;456,084;744,236;962,062;1104,150;1162,038;1184,220
116:0,012;306,258;389,043;412,135;502,130;584,107;628,098;650,069;721,128;726,155;826,224;1180,203
117:0,012;287,199;358,179;394,168;431,122;437,037;521,180;596,135;666,039;710,067;721,153;775,212;908,270
118:0,012;387,160;404,043;410,120;425,029;543,170;607,191;650,069;762,181;799,104;838,118;920,126;928,258;990,137;1183,034
119:0,012;360,119;389,116;486,227;542,182;593,258;625,117;742,268;1110,220;1177,083;1188,055
120:0,012;187,236;198,069;284,197;308,207;340,125;427,188;437,037;482,146;521,180;559,077;605,098;771,272;930,160;1001,217;1086,231;1102,078;1159,180
121:0,013;36,186;167,150;174,062;183,076;278,057;317,197;343,213;439,224;557,041;701,231;758,200;924,047;991,045;999,062;1117,264
122:0,013;141,210;221,083;255,109;260,188;278,057;323,029;337,116;553,200;754,177;774,234;788,222;841,155;842,154;991,045;1003,079
123:0,013;68,203;106,251;162,171;279,087;472,229;597,104;608,027;614,234;645,169;666,067;778,078;804,177;838,217;857,223;1031,272;1196,083
124:0,013;68,203;91,047;111,186;176,164;269,117;270,125;278,057;280,161;384,128;392,039;398,227;401,238;494,182;530,072;613,143;614,234;789,049;845,216;890,155;897,047;1018,098;1189,130
125:0,013;88,001;232,012;253,117;403,157;409,039;439,171;543,027;580,103;593,215;775,188;861,270;991,045;1054,115;1173,101
126:0,013;36,186;91,047;152,103;274,264;543,027;609,227;635,191;983,057;1122,161;1148,218;1164,237
127:0,013;91,047;161,100;162,237;169,133;183,076;226,165;463,194;504,161;510,175;557,041;715,178;731,240;824,128;869,270;904,188;991,161;1022,062;1025,097;1028,129;1188,128;1190,098
128:0,013;184,093;190,127;273,268;287,094;557,041;716,119;776,215;919,200;956,103;1010,093
129:0,013;91,047;141,210;169,186;623,162;633,067;820,086;1022,203;1038,166;1088,079
130:0,013;73,089;108,223;145,181;274,089;296,106;301,188;338,183;404,206;442,227;463,236;497,066;543,027;557,041;768,034;780,258;908,152
131:0,014;28,002;69,015;77,235;136,121;202,262;294,206;412,106;430,089;521,125;606,122;612,104;633,111;719,222;776,268;808,164;963,108
132:0,014;5,244;35,002;76,175;125,002;131,198;158,015;162,061;258,171;306,110;525,259;565,061;740,223;780,084;930,103;936,212;1124,129
133:0,014;10,179;223,012;284,171;399,043;633,133;726,111;908,163;951,200
134:0,014;9,003;21,127;240,268;506,076;722,140;773,190;979,194;985,106;1004,247;1054,213;1061,057;1109,186
135:0,014;178,203;189,193;357,182;406,079;507,197;553,138;840,034;887,084;981,061;1013,128;1163,106
136:0,014;55,225;170,012;237,108;350,187;353,039;444,188;565,061;683,212;687,270;825,266;994,057;1142,178;1186,218
137:0,014;27,159;37,002;128,265;200,109;390,179;844,265;920,062;922,076;1090,236;1108,197;1142,178;1176,086
138:0,014;3,002;21,127;101,063;115,094;459,227;494,066;510,175;547,039;612,205;660,067;671,194;765,076;886,268;981,061;1043,236;1054,223;1100,169;1157,100
139:0,014;18,052;68,192;168,164;170,161;208,231;211,241;216,012;288,183;324,171;360,119;377,191;496,103;545,110;565,061;623,188;677,224;796,034;816,138;856,160;1135,180;1140,125;1171,035
140:0,014;33,125;68,192;134,015;220,157;447,179;455,264;515,162;567,109;842,062;978,082;979,263;981,061;1010,195;1155,086
141:0,015;93,088;232,265;271,127;425,029;433,096;571,169;618,129;843,108;913,161;992,107;1002,080
142:0,015;181,071;203,258;266,055;301,056;390,103;407,074;431,033;516,108;560,259;585,266;692,159;736,227;1141,080;1143,160;1175,182;1187,108;1190,128
143:0,015;116,255;178,265;407,074;636,220;665,039;670,138;809,076;1031,086;1062,055
144:0,015;182,079;272,237;297,040;321,162;537,161;894,034;1041,170;1046,234;1171,152
145:0,015;175,005;297,040;340,150;360,108;407,074;550,162;598,094;631,231;640,133;668,169;802,198;863,034;1062,055;1197,217
146:0,015;189,150;227,135;268,110;295,224;345,197;453,032;454,257;561,072;571,198;611,140;692,158;813,161;974,173;1004,148;1019,079;1061,236;1062,055
147:0,015;81,050;95,191;121,083;188,255;220,225;242,229;458,161;546,140;731,109;986,034;997,082;1031,266;1149,089
148:0,015;264,231;301,268;394,148;407,074;595,130;976,083;1009,107;1062,055
149:0,015;93,088;236,215;297,040;335,043;419,161;494,227;740,128;822,210;840,068;899,092
150:0,015;160,250;206,210;355,182;419,129;440,106;564,197;651,173;657,244;873,221;896,216;918,160;929,129;1019,155;1029,173
151:0,016;12,013;94,063;104,015;161,100;229,113;235,056;297,040;299,179;339,182;355,079;389,160;686,166;783,119;987,209;1034,231;1062,213
152:0,016;48,272;55,230;108,166;141,061;190,170;303,248;419,197;502,113;553,206;565,061;586,118;790,164;805,034;835,213;894,215
153:0,016;48,272;114,214;141,061;161,264;247,113;535,074;554,164;625,179;705,186;768,034;929,082;1161,260
154:0,016;40,055;85,248;95,191;226,050;235,056;363,211;394,184;580,098;616,122;771,089;840,062;855,097;905,106;978,223;988,213;1043,260;1150,182;1163,231
155:0,016;40,055;114,214;161,264;228,227;235,056;384,232;503,186;610,184;658,205;659,223;838,215;890,121;1008,166;1016,197;1080,263;1158,247
156:0,016;19,135;142,015;178,185;192,122;224,103;374,123;382,166;439,077;546,123;568,110;574,182;591,118;643,224;658,266;743,165;764,119;874,148;969,203;978,236;998,231
157:0,016;55,230;134,129;141,061;180,237;237,150;268,029;391,135;401,199;524,264;568,099;582,157;801,121;933,191;989,173;1127,268;1182,194
158:0,016;63,150;141,061;193,203;225,244;235,056;263,050;386,119;652,104;991,045;1028,123;1109,247
159:0,016;39,259;60,122;287,100;564,166;636,112;869,130;1139,190
160:0,016;39,259;40,055;122,135;235,056;309,199;493,029;502,122;514,166;538,272;825,089;870,172;973,102;1180,117;1183,195;1192,198
161:0,017;95,106;157,015;174,214;212,135;218,050;240,231;332,191;367,188;425,100;443,183;464,047;473,206;496,121;544,227;606,074;629,067;812,250;818,226;861,198
162:0,017;59,002;77,255;117,101;161,181;189,083;220,050;267,032;274,251;389,188;410,166;566,047;632,128;663,156;704,188;752,177;753,140;887,217;1098,057;1108,141;1143,213
163:0,017;97,227;245,191;308,251;321,089;360,214;388,151;629,067;670,191;701,258
164:0,017;59,270;221,069;226,173;243,135;303,262;343,032;367,170;520,074;667,165;733,264;753,117;939,264;950,186;1092,034
165:0,017;177,238;266,211;333,117;343,032;346,117;442,166;476,171;492,213;963,221
166:0,017;98,143;161,248;267,032;271,181;356,039;471,170;679,118;812,250;826,165;874,150;998,125;1184,265
167:0,017;117,101;159,001;266,211;267,032;297,122;343,032;388,151;613,246;629,067;929,194;1059,062;1105,141
168:0,017;97,227;149,224;184,223;191,225;252,066;329,232;380,186;491,150;605,220;677,122;709,215;800,181;818,264;959,163;984,268;1125,218;1126,236;1139,038;1145,055
169:0,017;35,063;78,270;258,232;466,074;586,104;638,080;783,067;868,117;980,062;1117,264;1145,088;1182,160
170:0,017;119,200;171,193;365,220;398,192;410,244;427,074;500,140;540,129;613,206;629,067;790,118;1001,083;1086,070;1103,255;1167,055
171:0,018;5,111;53,055;71,259;87,238;92,231;114,232;278,057;302,106;392,166;407,200;534,099;535,187;546,103;547,264;579,143;702,089;722,161;770,049;904,102
172:0,018;5,111;74,266;124,150;154,232;180,186;269,069;307,213;386,107;402,268;613,027;667,107;671,200;843,150;867,203;968,062;975,083;999,257;1009,070
173:0,018;100,055;108,268;211,093;296,056;333,133;437,087;438,029;527,232;647,065;659,197;770,049;802,203;1095,234;1103,176;1110,034;1195,237
174:0,018;63,067;67,224;198,166;233,191;244,237;268,029;392,109;555,258;723,076;758,220;799,087;804,168;904,102;968,121;1009,070;1160,151;1167,155;1189,146
175:0,018;66,216;69,171;207,236;239,244;268,029;299,170;364,073;416,182;481,210;499,079;586,087;949,257;1009,070;1089,217;1196,224
176:0,018;31,008;90,259;223,241;315,089;320,186;360,237;475,164;529,258;576,123;584,192;625,224
177:0,018;72,135;102,198;105,225;210,159;252,244;401,213;421,043;437,037;438,029;518,119;574,188;770,049;799,210;817,257;939,188;959,180;999,057;1050,172;1084,129;1119,070;1151,173
178:0,018;39,266;147,135;202,200;300,029;341,031;397,179;438,029;464,128;544,148;569,182;572,100;576,117;584,123;588,112;609,041;630,129;770,049;812,170;836,186;954,159;959,080;981,061;996,251;1009,070
179:0,018;122,089;126,178;184,172;268,029;378,161;414,066;436,168;450,236;463,187;485,237;577,047;587,061;589,113;631,150;646,215;655,155;724,072;786,137;973,096;1009,070
180:0,018;145,061;164,258;170,219;184,093;274,164;342,156;363,170;438,029;564,222;793,099;891,166;905,212;982,098;996,251;1005,223
181:0,019;17,250;39,052;43,087;52,232;112,258;407,102;414,238;760,068;1002,266;1026,179;1198,035
182:0,019;35,063;47,015;59,164;99,026;134,109;249,172;292,192;337,214;358,164;464,074;508,270;511,072;657,246;783,157;1117,217;1122,097;1123,234
183:0,019;15,250;112,002;132,089;195,012;212,265;223,138;372,116;376,227;452,117;623,027;669,212;763,252;1105,126;1126,250;1188,176
184:0,019;31,172;98,063;171,056;221,134;245,264;275,244;528,079;534,200;651,137;680,171;689,058;752,226;760,068;812,170;1008,098;1011,108;1115,268
185:0,019;35,063;121,133;144,231;193,012;275,265;288,183;511,072;541,117;573,199;603,203;760,068;904,209;929,034;1096,100;1121,109
186:0,019;31,172;229,259;299,117;318,031;395,073;460,117;511,072;568,210;571,232;626,169;981,158;1101,252
187:0,019;52,232;92,050;109,230;125,026;143,213;286,259;504,265;654,186;694,246;857,157;1083,270;1104,100;1169,244
188:0,019;155,056;173,107;374,210;526,270;862,171;1186,270
189:0,019;35,063;53,011;57,259;277,127;340,188;355,123;362,050;476,213;613,166;631,106;661,227;668,125;739,133;760,068;822,122;902,098;950,062;979,247;995,158;1077,218;1113,115
190:0,019;114,026;173,107;262,270;363,207;511,072;778,257;786,068;873,062;901,182;995,057;1029,190;1112,188;1147,080
191:0,020;11,109;161,197;405,046;456,246;526,184;541,171;716,177;804,221;816,117;854,179;901,134;938,234;1087,134;1155,161
192:0,020;18,052;56,063;128,265;176,271;248,041;267,268;268,227;366,150;430,203;578,107;867,071;965,197;1002,180
193:0,020;14,164;128,070;137,091;248,041;276,214;379,224;538,257;663,093;742,084;883,119;932,034;938,234;1040,186
194:0,020;18,052;74,079;148,055;162,143;194,178;208,248;224,055;249,224;424,237;642,061;865,163;876,068;940,071;979,166;1002,150;1100,106
195:0,020;11,109;23,013;56,063;128,070;134,125;331,239;405,046;422,182;559,112;631,160;662,238;797,154;951,111;1063,231;1079,128;1154,138
196:0,020;10,005;22,159;268,257;272,076;302,128;353,039;389,135;417,169;452,231;485,257;537,182;541,079;979,260;1107,255;1168,097;1170,266
197:0,020;40,055;128,070;182,257;248,041;279,077;361,122;582,027;669,240;712,172;865,163;967,188;1012,270;1014,221;1091,034;1143,263;1190,115
198:0,020;24,007;26,156;56,063;57,017;103,055;106,232;138,269;148,172;158,153;314,237;405,046;452,231;590,079;595,172;805,220;986,194;1070,258;1101,117;1131,106;1154,070
199:0,020;14,164;42,135;53,052;67,147;113,063;147,179;309,077;573,074;688,158;705,266;979,198;1006,263;1108,146;1166,078
200:0,020;18,052;56,063;110,002;120,063;167,079;257,138;291,076;405,046;478,087;486,178;574,206;626,154;837,087;1056,209
