001:0,001;695,142;743,069;750,031;785,217;815,044;850,153;917,006;923,072;934,184;1062,273;1076,036;1116,052;1133,058;1155,112
002:0,001;646,269;870,177;872,140;885,032;896,043;925,251;1011,067;1129,176;1154,039
003:0,001;634,040;758,075;1008,090;1011,067;1025,235;1027,039;1032,046;1060,205;1200,186
004:0,001;575,210;634,040;758,075;787,072;854,043;937,110;951,047;982,210;999,060;1011,067;1087,062;1111,205
005:0,001;231,047;234,206;253,001;508,064;530,183;609,206;662,055;730,069;812,005;893,186;1136,235
006:0,001;649,069;675,071;758,075;990,079;1130,159;1133,153
007:0,001;650,082;795,215;988,105;1029,232;1087,077;1174,219
008:0,001;676,152;698,060;699,195;742,031;758,075;810,005;903,075;977,112;1031,263;1034,186;1055,051;1197,033
009:0,001;634,040;783,074;794,215;942,169
010:0,001;634,040;801,210;934,184;950,058;968,080;977,112;1094,268
011:0,002;312,010;323,119;333,221;336,271;374,047;563,043;567,257;666,117;731,186;802,180;804,099;836,031;951,047
012:0,002;374,047;497,273;540,039;563,043;619,232;631,096;729,045;754,064;770,055;777,099;780,040;832,219;896,031;903,188;957,215;962,039;969,035;1017,046;1164,226;1197,151
013:0,002;304,037;320,248;374,047;545,004;563,043;570,149;811,111;898,031;947,252;951,047;1131,100
014:0,002;312,010;365,067;374,047;598,232;729,045;836,149;885,268;1011,067;1076,235;1083,271;1151,055
015:0,002;281,016;312,010;342,125;374,047;505,130;547,158;563,043;606,039;631,204;654,044;660,252;706,210;786,090;873,157;926,064;945,065;951,047;1141,066;1158,159;1195,272
016:0,002;95,253;257,264;424,047;565,099;713,060;737,062;786,056;834,079;857,031;997,047;1151,055;1180,270
017:0,002;242,001;244,005;264,223;270,204;294,027;313,075;369,259;428,190;437,149;457,075;674,040;675,151;828,038;857,051;877,202;1103,112;1153,053;1155,196
018:0,002;312,010;323,143;360,069;380,046;391,177;454,027;481,054;498,152;553,197;695,131;696,130;716,210;926,064;938,048;945,065;963,089;1151,055
019:0,002;320,248;369,003;419,086;514,027;531,149;551,079;675,073;724,142;742,031;748,016;864,056;926,064;1051,272;1121,241;1168,116
020:0,002;336,271;403,230;461,047;559,014;631,096;634,027;638,083;729,045;900,232;945,065;957,219;1165,058
021:0,003;298,243;316,065;336,252;371,062;506,046;619,032;731,064;776,038;807,167;886,038;931,027;1001,120;1063,229;1159,137;1170,266;1187,124
022:0,003;283,067;329,045;414,017;572,057;619,032;681,060;725,029;760,202;775,036;776,038;1042,133;1109,066;1151,193;1197,233
023:0,003;260,036;281,016;316,065;326,247;329,045;427,030;450,210;498,001;517,187;523,062;578,267;581,180;619,032;655,107;696,072;753,173;827,047;925,038;953,167;956,038;965,186;974,028;1059,124;1085,157;1113,036;1148,058
024:0,003;273,074;317,257;329,045;414,017;449,039;535,036;609,129;624,180;645,119;648,028;704,148;731,064;776,038;1035,060;1165,239;1169,039
025:0,003;248,037;252,007;266,047;267,076;318,075;373,090;414,017;561,059;586,203;681,060;776,038;1050,250;1112,149;1117,207;1181,044
026:0,003;281,016;316,065;398,252;403,151;414,017;587,214;613,251;628,140;666,112;699,060;725,166;790,026;860,266;907,179;922,223;937,048;995,038;1063,229;1075,135;1084,218;1198,056
027:0,003;266,047;281,016;326,247;329,045;427,030;516,151;523,079;567,055;573,217;574,129;583,045;608,233;641,220;663,232;675,140;681,060;731,064;781,138;1013,251;1057,039;1059,124;1062,062;1179,116
028:0,003;266,047;281,016;316,065;317,257;409,106;414,017;594,045;646,168;652,090;673,125;687,129;693,045;712,057;765,090;790,026;827,047;921,046;931,027;1109,066;1171,233;1178,058;1181,044
029:0,003;285,067;339,030;368,259;411,074;414,017;581,180;681,060;776,038;916,048;942,032;960,043;976,048;1034,062;1109,066;1171,035;1181,044
030:0,003;135,051;141,253;166,005;247,169;266,047;281,016;322,236;329,045;414,017;673,125;720,214;785,073;790,026;822,043;827,047;920,060;931,027;1056,120;1115,110;1141,138
031:0,004;116,140;131,047;157,149;197,215;345,049;414,017;535,051;541,220;550,073;565,183;656,200;685,072;712,200;761,099;773,031;860,082;873,058;897,037;944,135;963,036;1003,153;1095,036;1140,271
032:0,004;100,056;248,037;340,008;351,018;375,268;393,223;454,240;539,178;546,137;649,032;746,253;776,062;848,133;966,167;1012,248
033:0,004;100,056;248,037;340,008;356,253;365,056;436,030;471,262;572,057;621,100;766,056;779,120;912,266;965,058;1140,006;1163,225
034:0,004;107,259;179,149;305,156;314,240;340,008;345,049;368,035;472,139;626,271;685,200;777,232;792,089;800,185;802,214;873,059;959,039;1025,085
035:0,004;107,259;189,001;197,215;248,037;340,008;370,088;406,221;412,140;530,201;533,017;591,027;685,072;1062,054;1117,269
036:0,004;100,056;147,047;194,241;340,008;353,223;493,039;501,087;519,120;552,017;577,148;580,137;622,101;648,028;716,219;746,069;773,153;871,182;950,045;1009,121;1082,137;1098,046
037:0,004;100,056;248,037;345,049;449,106;459,027;512,119;526,001;554,206;566,139;573,026;632,031;649,071;736,040;835,047;882,073;909,077;929,120;1021,067;1114,181
038:0,004;131,001;132,260;248,037;253,215;328,044;340,008;356,253;357,254;375,217;435,190;576,206;605,055;612,149;704,072;730,138;861,072;922,032;947,038;1026,088;1053,099;1062,269;1128,058;1169,077
039:0,004;121,275;230,205;278,138;300,069;311,098;331,058;340,008;345,049;397,037;420,172;512,031;685,072;1026,088;1155,059;1167,033;1181,035
040:0,004;136,130;248,037;387,253;423,138;462,159;653,071;817,186;826,269;934,130;958,269;1080,270;1089,067;1098,062;1187,226
041:0,005;523,036;591,085;596,001;624,107;626,087;711,036;789,063;836,031;855,105;885,059;890,108;919,032;926,038;933,133;1076,036;1116,052
042:0,005;361,063;426,272;462,149;495,198;510,106;523,154;532,221;808,111;832,251;875,269;904,112;964,060;1084,124;1092,196;1103,179;1145,149
043:0,005;497,044;759,041;865,271;927,210;1006,039;1116,052;1161,056
044:0,005;379,054;497,044;506,027;522,106;545,044;712,234;762,074;812,143;926,071;947,051;996,232;1038,090;1086,241;1116,052;1161,056
045:0,005;508,064;572,074;682,108;689,040;697,203;707,036;794,271;879,251;944,188;984,244;1005,268;1116,052;1147,110;1162,149
046:0,005;415,029;494,140;508,064;586,069;605,169;613,139;712,087;730,217;783,241;820,036;823,043;832,251;919,180;920,060;1011,270;1077,060;1090,179;1161,056
047:0,005;500,079;508,064;571,107;611,104;632,090;649,039;682,108;717,149;731,036;920,060;1076,036;1158,192;1171,079;1197,058;1198,089
048:0,005;555,190;585,233;598,214;662,071;710,045;850,110;867,169;972,142;991,099;1161,056
049:0,005;497,044;730,217;818,036;834,223;884,056;920,060;952,036;1011,270;1191,264
050:0,005;508,064;574,039;584,014;585,218;595,040;605,169;658,152;663,271;864,180;889,072;904,112;920,060;1038,153;1076,036;1116,052;1140,051
051:0,006;215,001;230,099;272,006;290,079;335,258;393,129;494,005;498,054;597,087;665,069;764,105;819,129;1000,253;1122,270;1158,052
052:0,006;171,019;235,068;259,007;270,241;285,035;351,001;356,254;562,026;630,082;638,147;658,041;843,247;1101,216;1130,033
053:0,006;286,016;317,069;468,240;507,177;595,040;630,082;658,041;813,083;951,072;993,122
054:0,006;298,077;305,079;331,058;374,129;878,046;925,130;1025,035;1070,239;1114,130;1198,232
055:0,006;116,140;241,190;285,067;331,058;332,125;345,161;397,037;446,251;487,172;631,130;674,147;827,167;992,046;1101,044;1109,066;1146,035;1181,044
056:0,006;329,112;361,027;371,183;389,257;442,030;445,201;562,026;592,029;595,040;607,057;651,028;730,120;770,036;843,247;851,100;954,129;992,047;1031,046;1093,232;1131,059;1150,069;1179,180
057:0,006;285,035;290,079;298,077;383,221;389,043;442,221;462,258;545,004;548,073;581,190;592,029;638,147;778,100;785,242;878,046;884,048;928,248;958,126;997,116;1178,233;1188,241
058:0,006;313,239;348,130;502,054;602,085;658,041;762,075;788,223;803,089;967,058;979,157;1024,069;1072,205;1111,051;1118,085;1159,035
059:0,006;285,035;331,058;358,130;420,106;444,018;457,029;513,210;592,029;595,040;619,092;622,074;658,041;772,241;779,074;1065,120
060:0,006;285,035;341,169;446,251;451,262;466,138;542,143;562,026;631,218;662,063;692,204;855,074;878,046;1050,266;1075,082;1109,066;1156,120;1162,126;1168,110
061:0,007;349,088;415,029;483,139;527,151;576,259;656,055;669,220;703,180;740,037;963,006;983,184;1195,192
062:0,007;361,063;415,029;433,217;460,055;654,032;740,037;800,139;822,043;1082,193;1096,226;1177,089;1190,223;1195,059
063:0,007;215,044;270,233;327,077;362,167;372,051;382,252;389,143;454,037;471,172;478,259;506,069;529,104;609,256;661,233;740,037;910,186;956,047;1030,268;1054,235;1073,047;1110,046;1151,105
064:0,007;332,026;361,063;434,158;521,069;550,200;651,148;658,126;662,055;805,044;822,043;928,031;962,163;976,027;1064,088;1137,049;1138,062;1161,192
065:0,007;332,026;373,090;460,055;632,031;656,055;760,005;816,269;822,043;920,137;1004,273
066:0,007;332,026;366,202;434,017;456,154;610,031;667,055;748,100;1001,150;1007,035;1177,272;1186,236
067:0,007;332,026;397,069;421,259;460,055;628,119;658,264;682,057;740,037;910,263;1025,235;1094,184;1120,239;1151,112;1161,056;1191,135
068:0,007;316,065;332,026;361,063;415,029;460,055;610,271;656,055;709,005;827,239;830,185;884,048;939,039;950,111;1080,273;1155,052;1161,232;1176,046
069:0,007;363,018;369,005;523,092;560,069;620,239;858,099;1008,219;1077,059;1097,153;1122,075;1150,053;1157,058
070:0,007;63,054;119,194;298,005;301,075;357,268;370,051;407,275;411,157;460,055;617,071;656,210;716,079;790,026;833,005;843,082;856,043;970,100;991,047;1022,050;1084,075;1172,085
071:0,008;101,035;120,047;210,275;382,056;397,068;522,046;528,143;531,106;592,029;600,042;650,074;661,041;668,005;870,006;1109,080;1139,053
072:0,008;138,074;174,035;185,038;215,044;235,038;266,034;303,075;307,147;340,140;357,018;360,160;397,068;489,001;600,042;619,032;668,005;793,234;808,105;837,072;1021,058;1041,136;1084,235;1146,006
073:0,008;141,131;154,123;176,056;223,035;397,068;416,037;474,178;496,149;591,256;604,159;640,092;668,005;918,244;933,087;980,006;1000,014;1068,099;1126,138;1163,059
074:0,008;105,016;167,060;174,035;235,038;297,002;337,132;378,049;397,068;508,257;668,005;926,064;950,045;962,077;1000,014;1027,054;1098,193;1105,135;1173,273
075:0,008;120,047;174,035;287,161;361,218;364,035;374,046;397,068;516,203;604,104;732,041;831,234;850,038;926,071;927,218;934,236;1000,014;1087,069;1155,059;1184,133
076:0,008;101,035;113,260;174,035;266,034;345,197;411,170;484,264;603,014;631,204;668,005;843,116;1000,014;1071,006;1132,033;1139,053
077:0,008;101,035;120,047;156,007;185,038;215,044;235,038;266,034;314,019;319,217;414,043;507,101;611,154;621,140;623,014;668,005;1000,014;1041,136;1094,263;1097,054;1164,122
078:0,008;101,035;120,047;185,038;215,044;266,034;347,147;397,068;427,005;500,079;550,273;579,152;640,045;668,005;920,150;1000,014;1083,006;1138,176
079:0,008;167,201;174,035;185,038;271,001;600,042;660,085;829,223;831,037;832,028;843,116;954,253;1010,188;1058,186;1106,075;1117,047;1131,080;1143,035
080:0,008;113,260;120,047;174,035;215,044;252,185;253,130;261,018;266,034;319,217;343,167;364,158;375,160;388,271;515,230;545,101;557,198;600,042;629,129;668,005;918,244;953,138;983,090;1000,014;1061,179;1096,133;1139,053
081:0,009;221,145;246,054;287,194;336,073;352,178;375,049;397,240;402,063;445,075;465,111;539,047;550,045;555,112;559,014;663,259;700,125;763,062;764,182;804,037;805,044;870,006
082:0,009;246,054;326,007;336,073;360,060;518,017;544,073;559,014;635,169;718,157;758,133;773,129;786,036;827,218;854,232;984,223;1111,049
083:0,009;274,091;355,156;388,262;445,075;544,073;723,186;739,120;805,044;916,043;980,080;1065,180;1130,059;1144,111
084:0,009;221,006;234,003;284,151;360,060;445,075;457,039;567,120;573,177;596,168;629,073;663,083;715,032;724,105;805,044;870,006;1098,035;1116,052;1190,049
085:0,009;247,275;256,039;299,019;313,178;472,177;528,044;532,111;544,073;559,014;650,218;738,107;770,119;781,088;813,223;825,087;979,188;1061,059;1083,241
086:0,009;65,137;203,020;239,118;246,054;336,073;360,060;445,075;549,054;552,073;659,134;697,169;868,080;870,006;1141,120;1143,202
087:0,009;194,255;345,049;450,201;453,232;461,168;464,018;465,111;481,158;505,119;506,027;509,251;515,035;544,073;711,130;720,083;775,075;787,203;865,234;870,006
088:0,009;248,088;315,177;506,027;542,240;554,106;559,014;642,104;685,036;786,269;805,044;870,006
089:0,009;221,145;246,054;274,091;379,054;506,027;559,014;667,210;685,036;802,166;832,203;846,182;870,006
090:0,009;220,001;360,060;445,075;517,120;533,187;559,014;685,036;760,166;821,073;829,040;865,044;885,037;951,215;953,006
091:0,010;145,169;150,140;158,190;223,068;300,034;352,190;430,030;449,039;506,027;535,051;603,179;795,126;945,051;1003,236
092:0,010;143,056;264,142;266,019;291,018;512,134;585,063;667,082;683,120;685,036;758,045;789,202;809,177;868,031;886,037;976,271;1110,235;1135,047;1151,055
093:0,010;163,124;174,030;180,199;209,241;223,068;251,151;264,268;269,076;276,194;277,018;535,051;585,063;668,252;672,057;716,089;733,185;792,133;827,073;869,058;887,149;951,060;1093,153
094:0,010;127,088;203,185;223,019;346,239;407,062;595,134;616,044;649,239;682,057;717,243;745,064;751,253;837,111;875,150;976,268;992,100;996,039;1070,105;1140,151;1192,058
095:0,010;148,056;159,268;244,019;310,129;382,240;449,039;585,063;724,218;776,038;803,202;1054,112;1078,151;1145,054
096:0,010;95,019;348,096;475,190;542,256;562,039;597,044;601,148;696,233;708,056;939,271;964,060;1129,035;1134,264;1165,053;1177,055
097:0,010;94,130;151,002;217,136;223,068;271,034;332,067;442,062;512,134;521,039;535,051;733,083;752,081;778,069;844,239;1015,121;1031,089;1033,269;1053,105;1100,051;1129,058;1172,235;1175,051
098:0,010;167,201;449,039;615,073;649,120;681,218;712,056;929,189;950,135;1053,151;1062,089
099:0,010;134,002;198,268;209,173;223,068;293,151;322,007;366,218;447,062;507,057;574,087;585,063;701,232;773,087;808,041;875,150;891,139;898,179;962,060;981,069;1058,059;1108,122;1157,055
100:0,010;80,012;105,019;317,005;388,047;458,259;524,134;655,045;668,137;919,077;960,043;1028,130;1114,116;1167,087;1181,033
101:0,011;164,140;180,201;181,036;270,233;277,223;329,112;576,073;659,214;735,005;909,269;979,150;1051,272;1162,218
102:0,011;50,265;96,019;99,194;184,041;203,020;259,002;358,069;372,051;418,173;490,005;498,063;601,050;637,073;692,032;726,062;853,126;993,047;1032,163;1062,263;1163,181;1196,087
103:0,011;143,217;148,097;181,036;299,138;375,077;412,046;460,197;466,018;498,063;545,004;564,026;573,168;588,101;650,227;664,073;672,057;838,083;880,090;902,236;929,111;1050,060;1062,263;1088,219;1117,066;1155,049;1161,084
104:0,011;135,051;154,007;186,093;258,038;300,233;426,103;453,119;498,063;726,062;838,087;902,119;931,027;1000,236;1002,122;1072,159;1084,079;1171,033
105:0,011;106,068;135,051;146,097;173,056;181,036;305,178;312,010;339,106;409,069;498,063;572,057;632,001;717,072;795,223;910,074;929,111;944,189;1036,058;1042,150;1047,051
106:0,011;135,051;181,036;202,119;225,223;342,143;726,062;836,105;909,056;912,006;959,225;1089,229;1164,035
107:0,011;116,052;166,173;174,030;200,262;517,168;689,090;726,062;777,005;785,072;794,243;806,044;826,056;848,232;890,182;928,060;937,218;964,069;1037,218;1126,263;1147,272
108:0,011;181,036;399,060;481,227;572,057;628,032;764,075;842,204;877,058;1055,253;1139,053;1199,269
109:0,011;174,030;197,271;200,262;338,147;418,173;440,096;498,063;601,050;638,139;647,107;664,073;699,143;909,035;1046,077;1069,151;1118,209
110:0,011;174,030;202,119;447,001;464,156;471,090;776,038;848,056;876,031;933,043;1001,167;1183,107
111:0,012;183,035;203,020;229,226;248,075;288,267;331,019;367,257;381,026;382,048;491,149;502,039;508,217;661,173;729,133;756,073;832,028;1015,181;1036,089;1052,046
112:0,012;185,019;203,020;246,128;248,075;381,026;382,048;408,074;436,217;556,152;572,074;577,107;652,151;655,203;832,028;901,223;954,069;1154,039
113:0,012;203,020;288,267;312,010;378,018;382,048;466,068;473,054;498,221;522,158;571,001;611,183;777,075;939,039;1112,049;1133,271;1137,250
114:0,012;229,138;248,075;381,026;407,054;423,272;497,044;533,001;559,014;617,071;637,201;685,029;749,203;756,073;884,048;921,046
115:0,012;184,041;203,020;246,128;420,005;430,048;470,120;490,272;532,152;579,069;586,197;626,157;683,039;766,125;832,028;868,080;954,069;1165,154
116:0,012;184,041;298,070;325,036;381,026;430,148;651,134;707,129;748,016;756,073;841,252;954,069;1018,181;1154,039
117:0,012;184,041;203,020;248,075;315,010;325,036;408,074;447,047;455,190;474,251;576,054;709,032;751,153;773,218;819,073;921,046;1056,087
118:0,012;174,264;184,041;193,169;203,020;246,138;292,192;325,036;339,106;350,240;363,138;751,037;862,239;906,180;954,069;1165,145
119:0,012;203,035;248,075;387,221;532,045;552,027;600,092;603,063;661,173;809,075;884,048;932,043;1008,151;1054,232
120:0,012;183,220;184,041;229,226;325,036;381,026;382,048;494,054;637,201;667,041;756,073;854,047;880,073;893,177;921,046;1072,059
121:0,013;48,142;80,070;119,044;129,226;163,019;186,123;190,264;369,003;371,062;509,178;532,039;685,029;859,140;1022,050;1072,058
122:0,013;98,130;120,039;285,027;369,003;371,062;461,018;489,017;526,057;533,165;560,068;580,100;635,074;732,241;821,195;955,189;1136,124;1161,049
123:0,013;50,265;116,052;120,039;190,217;236,253;256,085;260,037;285,027;369,003;387,157;429,218;587,165;685,029;699,195;736,157;926,083;986,089;1022,050;1046,189;1066,248;1088,006
124:0,013;65,137;106,068;116,052;219,130;285,027;401,112;423,029;508,064;590,232;601,227;631,168;632,151;647,185;715,074;737,105;752,169;853,074;901,236;931,189;941,244;1009,062;1128,236;1172,233
125:0,013;63,054;116,052;119,044;120,039;280,130;285,027;379,054;647,185;871,047;968,179;1085,266;1133,046;1199,025
126:0,013;57,001;63,054;80,070;126,123;222,044;255,190;369,003;378,223;384,060;409,137;538,112;542,027;580,100;620,264;666,214;696,028;765,041;796,079;1002,014;1009,062;1072,058;1135,049;1173,268
127:0,013;48,196;63,054;92,145;106,068;163,258;369,003;379,054;409,137;549,119;618,074;648,259;732,241;754,186;769,089;917,271;985,251;1056,051;1067,111
128:0,013;47,003;60,002;80,070;106,068;119,044;120,039;288,190;312,129;371,062;533,165;657,044;665,117;685,029;731,269;754,114;791,149;862,204;881,079;937,248;1009,062;1193,033
129:0,013;67,008;116,052;119,044;120,039;285,027;369,003;390,054;515,256;686,069;844,005;910,028;1055,151;1072,058;1073,135;1197,079
130:0,013;107,017;120,039;330,223;369,003;403,063;420,168;554,099;573,131;640,218;646,073;687,151;751,153;765,252;893,266;996,140;1009,062;1060,069;1072,058;1138,133;1165,054
131:0,014;174,264;209,067;339,183;365,056;382,043;483,035;507,057;537,234;952,036;1016,271;1038,135;1073,149;1108,154;1185,169
132:0,014;166,085;291,156;351,019;365,056;382,043;415,029;435,043;469,206;483,035;553,074;832,088;874,082;989,226;1045,236;1050,110
133:0,014;121,275;209,067;373,106;507,057;553,074;668,126;789,218;1023,067;1111,049
134:0,014;158,190;248,140;483,035;559,171;647,053;663,045;781,253;993,157;1078,184;1092,261;1116,126;1161,079
135:0,014;166,200;209,067;264,142;281,169;282,275;365,056;390,178;412,074;457,048;507,057;524,017;601,143;660,131;702,074;838,242;878,046;903,138;952,036;1012,048;1053,261;1111,049
136:0,014;150,205;215,268;334,218;335,045;339,183;385,035;453,068;483,035;553,074;922,209;980,028;990,269;1013,014;1061,121;1062,060;1065,047;1160,161;1189,053
137:0,014;137,223;209,067;365,056;386,035;469,206;547,148;553,074;929,048;1021,082;1068,039;1111,049
138:0,014;203,002;297,226;325,198;382,043;537,234;639,239;642,234;671,074;952,036;991,169;998,100;1113,193
139:0,014;176,200;209,067;382,043;483,035;559,171;576,045;715,252;793,147;826,166;869,074;967,273;1039,100;1196,151;1197,053
140:0,014;235,192;450,086;507,057;523,259;597,059;625,126;837,073;904,263;988,266;1175,077
141:0,015;166,074;183,226;194,038;222,260;229,152;244,005;247,241;261,074;328,044;364,035;440,187;478,075;559,133;744,243;789,063;845,082;857,051;871,059;888,036;922,090;1144,159;1195,084;1196,039
142:0,015;167,060;217,035;274,226;287,233;292,034;308,255;317,010;328,103;420,043;433,178;560,068;621,138;692,071;748,089;782,204;789,063;797,119;917,048;1048,075;1145,046;1199,025
143:0,015;167,060;211,182;223,070;364,035;440,187;508,057;535,233;550,227;617,071;668,028;711,133;725,005;741,114;789,063;871,059;894,130;926,071;939,039;1000,014;1022,050;1043,157;1048,075;1199,025
144:0,015;80,085;88,004;113,010;223,070;328,044;340,008;361,170;443,030;464,170;508,069;656,180;857,051;879,047;926,071;939,039;1117,207;1118,035;1122,226;1129,082;1197,167;1199,025
145:0,015;167,217;177,152;223,070;231,093;261,074;312,010;329,130;354,080;361,170;386,138;400,018;427,030;432,062;443,154;483,095;560,068;725,089;765,133;789,063;851,119;883,059;888,036;903,028;969,218;1064,067;1095,216;1131,105
146:0,015;177,152;261,074;305,178;328,044;354,080;364,035;443,018;471,095;513,129;521,036;595,057;607,177;693,061;782,219;939,039;967,248;1048,075;1199,025
147:0,015;167,060;193,169;214,003;244,001;277,177;313,167;318,147;333,058;336,073;442,271;477,029;486,187;542,017;560,068;628,214;647,152;657,027;725,219;826,049;828,182;878,075;888,036;895,037;950,045;970,027;1093,126;1199,025
148:0,015;166,200;167,006;200,156;299,177;334,192;401,119;644,069;673,079;754,133;759,243;822,043;871,059;901,074;931,153;1012,266;1048,075;1153,266;1161,049;1172,138;1199,025
149:0,015;80,085;167,217;196,199;223,070;300,069;525,099;560,068;617,071;655,069;657,059;658,041;690,142;709,233;759,219;764,232;850,037;857,051;905,105;1065,157;1162,184
150:0,015;211,182;223,070;312,010;329,130;338,156;532,240;560,068;589,151;595,133;617,071;741,114;745,062;769,200;774,005;780,186;888,036;894,130;924,188;933,219;996,028;1072,159;1146,133;1192,084;1195,223
151:0,016;184,193;218,264;222,003;231,047;311,158;319,214;332,178;347,158;452,027;497,044;519,271;625,137;669,119;699,131;703,104;742,031;915,051;1158,062;1163,225
152:0,016;194,255;207,169;289,018;306,145;323,030;389,201;414,088;424,232;506,036;562,026;602,154;665,206;672,057;744,069;761,177;939,051;1065,006
153:0,016;74,010;129,185;195,201;280,119;319,018;323,030;380,046;431,149;465,062;550,157;672,057;677,110;806,037;850,142;1005,035;1096,075
154:0,016;180,241;197,007;248,058;371,232;452,027;471,083;506,036;531,044;548,092;648,154;672,042;693,111;809,072;846,056;963,239;1126,051
155:0,016;129,185;323,030;374,046;459,143;470,232;506,036;570,026;690,200;706,055;909,234;936,051;1101,044;1128,207;1149,264
156:0,016;198,041;222,236;244,218;248,058;317,268;355,034;374,046;452,027;506,036;538,264;544,233;672,042;684,079;697,179;727,055;929,031;944,080;1005,014;1043,169;1101,044;1147,053;1194,154
157:0,016;166,173;231,047;244,218;328,151;374,046;452,027;471,083;504,062;537,051;549,264;656,151;672,057;693,111;802,188;915,051;1015,038;1063,035;1167,271
158:0,016;72,204;146,005;184,193;355,034;390,119;399,198;472,068;476,087;616,152;742,031;850,142;910,031;933,043;950,045;958,036;959,110;1093,036
159:0,016;223,067;248,058;311,158;355,034;374,046;388,159;532,254;538,206;672,042;677,110;713,040;742,031;885,046;906,074;915,051;1048,039;1101,044;1144,053;1160,202
160:0,016;178,018;231,047;248,058;323,030;388,159;408,074;455,157;615,069;738,055;780,031;793,195;886,072;915,051;952,120;984,138;1121,167
161:0,017;113,074;194,214;300,069;601,050;611,026;645,140;701,117;754,055;835,032;841,221;887,186;905,075;959,225;965,051;990,149;1161,006;1184,054
162:0,017;196,227;227,006;298,243;370,051;432,257;540,044;684,119;755,079;826,049;835,032;942,038;993,180;1008,014;1065,193;1144,047;1149,088
163:0,017;50,011;52,020;71,226;215,149;254,002;320,198;437,157;447,090;514,057;527,075;552,035;601,050;686,143;692,252;751,040;753,041;755,036;826,049;832,028;835,032;979,163;1019,215;1163,059
164:0,017;118,157;126,056;163,019;173,258;244,268;260,002;320,221;385,069;656,055;673,157;714,139;797,082;808,090;826,049;840,202;865,082;920,074;959,043;989,226;1101,248
165:0,017;113,074;139,177;294,132;300,069;355,252;486,271;587,230;606,171;623,227;685,072;724,271;755,137;892,250
166:0,017;113,074;234,036;246,005;255,140;286,185;300,069;337,018;341,218;388,005;427,030;462,047;487,206;492,106;521,158;540,203;561,220;684,139;883,153;990,133;1017,247;1026,153;1029,069;1105,154;1136,239
167:0,017;113,074;186,253;204,006;294,132;338,221;370,051;392,103;502,035;503,220;626,200;678,100;738,242;815,173;835,032;954,232;1021,027;1119,236;1122,268;1134,120;1140,099;1161,056;1163,088
168:0,017;139,177;273,036;280,261;300,069;779,083;835,032;954,180;963,244;970,039;981,215;1045,196;1083,112;1112,062;1121,149;1133,218;1140,075
169:0,017;126,204;300,069;346,257;364,160;370,051;392,253;478,230;632,217;663,069;737,045;746,143;786,055;883,046;906,209;965,083;967,133;976,163;1058,149;1065,193;1075,215
170:0,017;181,214;324,190;337,268;397,005;439,227;524,095;531,251;548,129;561,159;565,151;614,172;630,027;645,079;661,169;692,087;835,032;966,036;1027,048;1043,167;1116,223;1128,218;1132,054;1154,039
171:0,018;281,016;304,230;482,157;540,259;542,027;681,269;718,119;831,090;949,140;979,184;982,048;1032,225;1061,173
172:0,018;509,142;512,031;527,172;542,027;647,053;685,029;700,138;726,125;825,180;909,035;1177,051
173:0,018;431,139;477,223;512,031;615,026;647,053;667,166;749,082;822,100;850,056;869,058;900,137;1080,035;1165,058;1181,107
174:0,018;512,031;651,063;693,061;767,157;869,058;1005,137;1168,151
175:0,018;512,031;574,027;621,210;667,166;693,061;781,088;884,048;1061,173;1199,025
176:0,018;542,027;557,251;628,134;647,053;648,028;678,197;682,005;712,204;774,085;779,040;845,047;877,250;890,058;1047,085;1099,159;1109,186
177:0,018;355,034;466,005;488,130;708,069;826,075;909,035;1006,077;1043,059;1080,069;1113,036;1167,252
178:0,018;261,074;301,230;389,218;408,074;466,254;506,264;512,031;676,252;689,005;693,061;731,064;789,100;799,182;843,139;909,035;970,266;978,035;1122,202;1159,054
179:0,018;472,218;544,262;557,064;561,104;597,099;648,028;656,119;670,107;773,214;846,037;869,058;1039,062;1145,186;1186,112
180:0,018;502,104;542,001;551,221;578,133;581,171;589,217;594,210;603,059;657,028;663,039;693,061;824,055;827,047;840,055;847,151;881,253;952,223
181:0,019;382,198;397,037;506,046;540,227;542,075;545,004;561,059;562,027;592,068;598,131;682,060;708,056;727,242;748,016;768,110;941,079;968,179;1027,054;1038,059
182:0,019;411,104;450,169;506,046;544,129;545,004;561,059;679,081;708,056;846,047;912,142;930,236;1027,054
183:0,019;315,007;441,169;506,046;507,101;521,197;555,131;584,068;631,027;667,168;708,056;719,057;721,099;945,065;1025,085;1027,054
184:0,019;118,157;181,036;236,007;368,172;460,264;470,198;559,178;561,059;679,081;816,120;941,077;1145,054
185:0,019;119,044;178,175;182,140;253,003;268,019;369,157;404,192;449,037;484,258;543,055;545,004;559,154;589,221;591,130;598,151;680,148;729,045;849,166;870,006;1073,062;1088,124
186:0,019;383,043;397,037;479,197;545,004;555,131;561,059;653,032;669,266;704,152;716,029;731,173;748,016;761,083;780,133;864,268;868,038;893,196
187:0,019;373,151;500,045;543,085;561,059;708,056;876,031;888,036;939,035;1005,116;1027,054
188:0,019;417,190;421,005;434,017;507,272;518,090;562,027;717,110;745,056;748,016;761,073;896,150;903,252;918,032;985,036;1011,051;1018,263;1038,094
189:0,019;397,037;432,240;455,198;457,151;545,004;555,085;614,039;704,099;748,016;762,188;794,037;889,140;944,151;964,058;1038,094;1042,035;1064,006;1167,252
190:0,019;368,172;369,157;378,202;445,037;506,046;561,059;640,085;748,016;779,177;799,062;864,268;921,252;942,110;1032,236;1043,271;1076,094
191:0,020;242,103;323,088;362,104;383,048;518,273;565,159;586,112;607,203;649,096;721,239;751,151;1017,035;1050,087;1144,266;1149,219
192:0,020;138,056;170,006;235,038;239,190;240,056;257,149;268,103;390,197;500,045;727,188;875,149;928,082
193:0,020;152,167;159,223;233,006;264,058;271,067;289,070;351,119;379,069;381,056;431,139;439,197;451,210;567,112;700,029;742,072;804,040;850,186;871,059;888,108;921,180;1183,059
194:0,020;95,253;124,006;242,103;259,001;262,128;419,239;500,045;602,217;616,221;887,174;903,028;938,149;1028,209;1193,051
195:0,020;80,070;104,011;154,012;160,006;216,167;287,218;345,132;379,275;461,173;500,045;543,257;547,051;639,063;690,202;780,040;887,174;888,169;903,028;977,060;1038,059
196:0,020;147,088;338,073;362,104;513,140;636,040;814,202;836,179;879,250;952,184;974,223;976,046;986,250;1038,059;1050,138;1130,033
197:0,020;150,205;258,258;334,037;387,258;478,062;488,093;496,173;537,120;738,179;903,028;1038,059;1130,033
198:0,020;155,003;281,016;374,056;412,264;505,047;518,044;596,039;727,188;758,072;903,028;964,069;1005,130
199:0,020;152,167;357,067;369,233;379,172;382,048;500,045;580,039;690,202;748,016;835,055;863,218;888,133;921,072;968,209;1107,035;1142,059
200:0,020;127,088;139,137;163,015;189,204;226,001;238,007;249,240;395,239;500,045;701,157;731,064;801,204;837,028;860,266;873,247;1008,080;1130,033
