001:0,001;88,165;211,246;239,139;271,068;314,001;346,102;355,026;361,266;476,268;499,264;639,033;649,075;793,056;893,047;989,090;991,067;997,053
002:0,001;91,262;107,100;247,214;251,043;292,268;299,226;301,086;352,268;395,222;423,054;428,114;446,054;478,179;498,161;561,059;649,075;670,028;688,055;689,134;718,218;729,260;946,067;952,161;960,256;997,053;1136,027;1174,192
003:0,001;107,100;147,207;276,111;372,237;551,059;655,245;907,056;1031,034;1117,148;1136,027;1173,045
004:0,001;41,177;240,105;251,043;260,238;336,101;482,180;504,112;508,146;513,045;550,190;649,075;720,260;742,184;765,054;831,183;851,200;858,095;868,077;884,056;1100,170;1112,045;1117,148;1136,027;1141,069;1198,219
005:0,001;105,014;136,168;190,064;238,268;536,041;568,109;613,142;639,033;648,124;670,026;698,261;708,038;722,041;732,056;1003,059;1004,102;1025,214;1136,027
006:0,001;88,009;91,165;142,002;156,016;178,105;304,002;315,135;340,002;383,196;423,041;475,085;536,041;561,158;639,033;669,028;711,205;1140,102;1151,069;1180,053
007:0,001;33,016;41,177;136,168;142,245;155,207;191,055;224,193;431,002;549,158;589,177;610,092;639,033;645,217;725,111;805,103;870,163;889,239;1110,087;1184,045
008:0,001;126,020;161,244;296,068;320,145;397,054;430,242;431,103;433,114;563,232;647,029;659,229;673,197;676,029;683,043;774,181;776,065;787,249;804,109;864,174;1015,239;1080,069;1181,193
009:0,001;97,207;154,185;264,226;282,255;361,096;397,054;398,252;515,068;536,041;551,059;649,075;655,245;952,263;973,226;1082,067
010:0,001;120,005;253,223;281,270;294,082;323,264;397,054;466,197;536,041;601,269;629,055;738,112;830,218;837,089;900,113;997,053
011:0,002;561,243;662,028;786,229;858,026;940,156;999,103;1001,113;1187,134;1189,063
012:0,002;102,222;123,056;184,129;288,103;482,228;490,262;560,057;565,086;626,167;697,228;698,057;779,134;791,042;807,148;878,110;1139,184;1177,069;1187,263;1190,069;1200,063
013:0,002;560,057;561,243;693,137;1006,270;1018,042;1036,189
014:0,002;560,057;578,052;616,110;662,028;708,261;851,237;1177,031;1194,076
015:0,002;637,222;698,261;734,237;969,056;988,267;1034,243;1180,189;1189,063
016:0,002;622,038;723,095;750,232;783,226;911,214;1097,145;1098,105;1105,067;1179,076
017:0,002;423,228;552,180;637,222;826,226;943,047;1033,237;1089,212;1097,067
018:0,002;260,145;342,164;453,119;467,153;624,085;639,056;664,029;703,243;1120,162;1153,246;1189,063
019:0,002;436,140;444,191;485,002;560,057;596,044;616,110;880,109;934,226;964,096;1107,066;1163,184;1194,189
020:0,002;565,086;572,162;662,028;794,102;809,130;819,066;1040,179;1103,140
021:0,003;155,222;198,059;206,227;262,054;322,118;378,002;395,046;478,203;542,138;583,211;598,070;636,109;772,140;827,214;995,238;1063,043
022:0,003;136,002;160,105;198,059;315,256;348,225;395,046;496,054;500,051;515,145;534,202;641,092;664,124;735,252;750,143;848,092;939,085;993,162;1009,259;1067,076;1119,141
023:0,003;125,043;190,064;208,073;246,092;257,227;262,054;583,211;612,235;726,237;733,130;860,148;873,191;909,033;923,066;999,130;1034,174;1063,043;1145,162;1186,154
024:0,003;125,043;262,054;313,035;353,181;373,048;453,080;455,271;598,070;656,217;662,026;710,119;842,077;849,124;931,243;947,036;964,135;1043,236;1071,200;1113,214;1126,048;1171,190
025:0,003;88,200;113,222;174,139;198,059;313,035;314,038;356,094;373,048;489,051;514,068;655,256;714,055;730,253;792,179;828,089;943,042;953,067;1035,076;1188,115
026:0,003;122,044;125,043;401,272;427,191;460,041;489,051;583,202;598,070;636,225;795,135;811,035;845,112;870,238;1063,043
027:0,003;139,066;145,177;150,254;190,064;198,059;286,038;301,142;303,061;305,111;332,043;353,081;404,122;408,242;435,092;455,255;525,065;583,140;598,147;667,052;699,090;709,057;710,054;714,130;722,103;828,238;976,234;986,239;992,115;1063,043;1132,194
028:0,003;147,205;198,059;313,035;351,111;395,046;622,089;671,252;714,041;777,077;778,043;846,042;906,256;922,103;1054,031;1107,069
029:0,003;125,043;398,268;474,255;589,252;688,103;789,034;885,150;984,114
030:0,003;80,254;190,064;237,255;262,102;288,075;370,002;444,217;454,227;476,046;489,051;612,235;742,054;751,041;848,092;878,034;939,042;1036,189;1085,043
031:0,004;77,105;158,056;186,258;192,250;204,043;238,260;242,018;280,270;389,039;399,037;456,064;541,029;566,027;581,038;585,184;683,136;740,041;747,217;793,180;867,197;895,243;911,096;922,033;1097,070;1199,071
032:0,004;180,108;237,073;399,037;456,064;504,142;597,038;599,171;630,086;659,170;759,252;793,253;920,249;950,113;1072,259
033:0,004;153,100;155,073;431,271;538,142;656,237;763,183;872,177;1010,068;1016,267;1033,226
034:0,004;146,180;211,102;234,073;437,264;568,087;769,034;810,163;901,033;955,179;968,259
035:0,004;119,126;162,073;214,242;253,074;385,112;388,043;448,189;472,198;548,078;556,234;838,217;1075,033;1085,184;1126,250;1157,144
036:0,004;192,180;229,242;417,193;430,089;440,163;456,064;585,184;787,138;831,253;866,177;949,211;1083,048;1088,071;1114,033;1190,071
037:0,004;55,040;61,004;162,275;201,273;206,054;212,177;238,260;297,270;437,037;500,228;592,111;680,077;712,043;796,235;877,181;970,069;1028,067;1065,261;1129,053;1136,140;1161,222;1196,063
038:0,004;76,056;89,250;146,180;155,073;374,148;503,137;605,093;721,175;867,253;950,033;1173,043
039:0,004;186,258;264,072;274,037;282,002;324,073;423,228;430,119;447,176;519,232;794,043;863,042;880,156;922,217
040:0,004;144,061;155,073;399,037;456,064;479,050;481,179;530,148;636,205;675,175;705,142;774,163;809,136;937,200;956,124;1039,045
041:0,005;264,072;267,154;270,075;298,246;310,056;313,035;352,222;445,045;510,029;602,181;659,030;787,128;944,261;1172,161
042:0,005;280,027;310,056;319,101;336,026;356,148;392,051;413,034;473,200;659,030;713,114;872,167;878,069;1007,077;1054,031
043:0,005;280,027;299,191;413,034;433,002;434,101;489,051;574,119;599,087;642,112;648,029;659,030;742,065;779,162;873,252;884,027;951,268;1149,197;1157,059
044:0,005;264,072;280,027;305,150;310,056;336,026;358,219;372,255;380,083;396,227;441,103;588,052;727,028;774,093;879,111;884,027;898,047;946,259;999,184;1071,192;1084,113
045:0,005;255,075;259,188;266,075;310,056;435,232;535,081;555,029;606,200;817,213;835,090;913,089;983,042;1043,069
046:0,005;267,146;305,150;399,246;537,180;539,096;557,197;655,093;672,057;694,053;709,158;767,253;825,042;916,067;1054,031;1064,192
047:0,005;121,045;199,103;368,008;413,034;507,128;510,029;700,180;790,235;834,167;883,034;884,027;929,119;1054,031
048:0,005;114,185;121,045;264,072;299,191;336,026;367,145;384,078;413,034;513,099;629,221;659,030;804,145;813,069;862,159;884,027;897,110;916,067;1035,076;1066,043;1071,156;1113,153
049:0,005;121,045;215,225;217,102;264,072;280,027;305,244;358,219;510,029;702,103;716,182;724,162;772,248;800,042;885,150;890,252;1004,070;1008,212
050:0,005;121,045;188,163;280,027;297,188;340,170;387,177;407,138;470,159;536,029;670,226;677,188;719,226;802,267;903,197;955,253;1054,031
051:0,006;13,201;78,003;99,250;207,072;317,083;355,164;368,051;387,087;398,188;459,146;537,246;543,051;601,029;696,238;711,222;718,110;852,066;899,167;906,077;910,034;1007,053;1011,225;1026,156;1031,145
052:0,006;13,201;27,030;40,240;207,072;229,096;254,185;338,008;496,068;518,252;584,038;607,099;629,060;661,183;830,026;949,090;1158,104;1185,181;1194,135
053:0,006;15,250;54,073;111,082;132,227;171,009;207,072;256,153;323,013;368,051;454,068;487,272;508,068;675,096;738,156;830,026;938,069;1001,066;1020,156;1022,197;1031,034;1198,069
054:0,006;24,019;54,073;93,156;199,059;216,075;271,008;563,039;655,034;799,190;802,078;811,069;929,253;1031,034;1083,112;1187,217
055:0,006;62,089;141,273;183,205;276,074;334,200;361,008;368,051;385,112;418,087;523,068;586,128;740,221;926,225;937,234;966,130;995,095;1031,034;1061,271;1109,046;1110,145;1120,087
056:0,006;34,020;200,242;217,244;230,033;239,002;258,250;291,013;347,129;368,051;459,146;483,170;497,219;572,109;580,130;702,183;709,264;723,055;730,190;767,124;796,217;868,026;906,063;933,197;1031,034;1079,070;1136,101;1139,133
057:0,006;15,250;54,073;103,182;127,222;138,177;144,105;152,272;200,242;207,072;220,088;257,005;262,074;340,008;428,189;481,059;497,161;518,146;634,043;862,159;885,034;999,222
058:0,006;62,089;76,008;127,241;147,043;195,181;342,262;352,008;551,059;568,264;662,026;682,043;809,090;830,026;928,036;957,245;975,070;1031,079;1123,211
059:0,006;143,165;169,028;170,135;328,244;358,170;508,252;552,059;690,043;717,090;921,267;1014,089;1037,114;1199,161
060:0,006;115,004;119,008;121,045;146,081;165,043;186,217;194,075;195,181;335,213;368,051;437,252;496,068;524,203;529,119;632,158;662,026;703,191;750,136;789,237;838,156;845,114;847,218;878,145;934,124;941,167;1001,263;1049,066;1058,136;1071,202;1080,070;1132,112;1144,071
061:0,007;161,016;170,223;256,153;269,268;288,121;315,002;399,080;685,056;765,218;825,065;827,130;848,228;880,092;967,077;979,029;982,244;1028,070;1095,211;1110,225
062:0,007;75,027;123,214;146,190;153,028;198,222;199,217;212,008;399,037;452,008;657,054;767,268;1001,103;1015,068;1165,045;1167,166
063:0,007;123,214;135,066;175,047;237,143;274,002;287,185;299,217;306,013;338,181;366,232;448,041;485,068;509,002;550,183;587,077;733,253;756,235;787,184;879,069;889,111;900,033;903,219;917,150;1016,114;1019,080;1197,140
064:0,007;129,045;140,028;174,156;175,047;207,072;212,008;662,028;762,262;786,063;887,235;1028,225;1072,115
065:0,007;131,237;145,214;157,230;182,089;188,043;212,008;644,121;657,054;749,078;799,056;812,134;836,081
066:0,007;135,066;151,227;175,047;212,008;396,270;400,053;416,241;420,143;472,008;639,197;673,234;800,268;825,069;944,250;979,029;984,202;1001,214;1004,205
067:0,007;150,241;175,100;212,008;644,121;657,054;830,071;867,197;919,034;945,110;1039,140;1133,045
068:0,007;135,066;140,028;212,008;674,110;698,114;730,163;827,124;979,029;1081,104;1132,180
069:0,007;140,028;212,008;634,043;657,190;945,128;979,029;1014,237;1021,068;1025,128;1088,071;1129,136
070:0,007;135,066;140,243;153,244;156,183;175,047;212,008;485,202;539,080;657,054;749,090;796,225;829,135;855,143;892,184;988,119;1116,045;1177,080;1196,197
071:0,008;127,225;136,005;144,061;310,017;331,036;464,145;508,034;540,152;553,190;686,219;749,142;752,260;1139,043;1162,069;1167,027;1195,174
072:0,008;96,227;134,156;173,246;218,059;226,191;248,100;279,205;292,075;366,239;396,145;442,094;484,064;509,137;548,101;625,056;793,035;893,042;998,066;1121,045;1177,260
073:0,008;125,016;144,061;328,073;333,043;452,226;456,064;507,221;624,229;625,056;750,222;834,111;895,135;953,056;1036,234;1132,135;1188,215
074:0,008;136,037;154,262;310,017;321,039;324,002;329,129;331,036;398,138;401,255;470,177;544,146;662,026;685,093;998,109;1096,236
075:0,008;144,061;171,256;248,170;300,008;385,160;418,083;512,170;671,054;810,069;960,226;1026,067;1167,031
076:0,008;139,009;201,101;241,256;283,129;310,017;332,198;462,002;488,226;520,090;726,235;793,035;809,271;914,243;926,085;937,183
077:0,008;131,092;144,061;295,257;310,017;341,266;387,217;453,229;467,225;525,234;551,059;553,053;605,228;637,042;807,112;896,105;1027,153;1123,170
078:0,008;36,018;86,262;136,037;144,061;152,082;223,222;253,121;281,061;310,017;321,231;366,239;560,161;571,051;573,029;690,237;724,077;729,140;771,184;862,110;869,134;879,056;889,047;896,105;985,213;998,090;1087,256;1137,183;1171,080;1175,228;1184,045
079:0,008;127,225;331,036;437,162;547,052;732,271;793,035;881,063;1012,202;1028,103;1076,156;1154,213;1173,093;1189,237
080:0,008;6,020;70,216;144,061;206,227;241,055;252,250;310,017;355,039;400,083;499,170;524,177;538,089;613,246;625,056;886,183;1044,096;1067,141;1079,133;1103,263;1138,043
081:0,009;231,194;254,105;276,135;299,040;313,035;324,041;337,223;395,046;490,171;532,046;605,262;803,234;833,035;845,163;865,056;926,036;928,042;933,229;1005,161;1037,222;1149,236
082:0,009;117,237;480,047;569,052;571,077;575,059;587,109;667,136;683,049;717,262;749,219;900,033;1015,213;1178,184
083:0,009;204,053;253,202;349,143;367,036;386,050;480,047;552,112;555,068;647,038;658,120;722,217;816,150;858,183;894,175;900,033;933,078;958,235;1024,270;1130,093;1189,031
084:0,009;75,027;78,182;231,194;371,051;438,008;478,262;683,049;705,116;720,134;900,026;908,270;964,067;980,250;1075,067;1099,033;1176,162
085:0,009;200,094;268,262;423,034;431,167;478,140;563,039;571,077;679,112;789,054;837,137;840,252;1070,263;1156,219
086:0,009;199,142;249,013;405,241;448,114;704,041;801,267;807,054;817,206;822,200;900,033;1130,093;1171,271
087:0,009;224,165;240,081;251,013;253,202;261,142;481,059;488,143;737,056;762,205;858,103;934,109;994,261;1013,190;1147,256;1155,059
088:0,009;180,101;420,050;513,273;542,226;631,175;666,057;683,049;783,150;861,071;874,130
089:0,009;136,037;161,088;189,009;206,118;216,226;415,046;497,052;570,271;597,059;640,264;685,038;713,211;852,235;927,202;971,067;997,228;1036,130;1066,119
090:0,009;206,165;247,154;480,047;563,039;605,101;618,052;676,199;691,055;707,156;745,080;1099,179
091:0,010;91,005;154,226;168,193;197,108;329,153;420,034;739,114;814,078;919,219;1106,077
092:0,010;54,273;119,103;180,075;188,163;380,036;418,081;433,177;435,068;485,122;486,138;494,142;528,111;722,054;797,077;834,035;864,119;889,180;924,072;983,114;1008,180;1039,184;1045,271;1059,103;1144,136;1191,228
093:0,010;104,103;115,193;218,223;239,088;254,075;270,243;281,238;411,202;419,052;502,130;529,161;555,252;630,140;905,161;947,145;1005,067;1090,089;1124,243
094:0,010;105,030;154,226;233,055;242,188;435,068;558,099;575,052;577,034;635,271;661,200;696,145;786,066;793,088;877,175;884,027;907,066;913,234;1005,105;1127,069
095:0,010;80,156;113,009;120,005;143,201;189,183;202,089;370,119;566,255;589,103;593,052;596,136;635,271;935,081;1085,213;1142,181
096:0,010;74,003;88,193;149,081;338,217;403,086;415,167;555,179;631,068;655,179;857,056;869,085;947,068;951,162;1116,119;1118,191;1125,239
097:0,010;71,272;113,014;122,044;212,272;389,041;435,068;515,206;521,078;878,219;1064,085;1084,239
098:0,010;69,275;206,069;222,050;272,242;404,090;520,175;577,034;596,136;677,179;787,034;834,140;995,089;1024,067;1101,183;1134,053
099:0,010;51,014;69,275;110,273;149,005;304,013;395,046;398,051;435,068;510,029;577,034;611,137;736,056;970,179;1082,069;1129,096
100:0,010;71,009;171,237;277,264;284,108;301,246;383,163;519,167;616,183;643,055;657,034;804,145;991,140;1033,200;1167,067
101:0,011;9,030;122,044;176,016;180,238;233,039;408,203;420,052;489,096;663,080;743,057;744,066;1157,144;1168,027
102:0,011;9,180;17,241;78,001;89,105;110,262;160,188;233,039;435,092;454,154;482,081;534,171;554,229;575,175;721,120;744,066;830,026;880,167;937,066;1180,225;1191,136
103:0,011;9,030;145,217;183,082;399,111;404,089;811,156;1006,229
104:0,011;9,030;128,119;233,039;378,159;489,064;544,188;727,211;766,202;775,066;903,063;994,066;1128,089
105:0,011;80,270;115,188;150,045;184,073;325,203;505,198;536,116;646,252;658,181;1185,194
106:0,011;9,030;110,119;382,198;421,196;472,229;710,062;744,066;794,041;888,153;1024,069;1071,031;1122,085
107:0,011;17,241;100,008;122,044;209,139;233,039;459,054;626,154;705,229;710,062;756,213;767,142;777,177;858,111;864,211;923,245;962,085
108:0,011;39,008;73,013;116,190;205,087;456,177;464,140;469,080;476,180;481,196;565,096;595,247;604,060;639,136;666,264;710,062;726,196;871,026;872,087;1117,077;1121,080;1165,069
109:0,011;9,146;97,142;218,205;281,050;303,264;320,159;425,050;516,051;527,068;633,112;641,130;656,182;744,066;929,072;1015,252;1147,234
110:0,011;50,159;93,273;99,012;115,188;254,119;336,026;386,050;409,145;417,002;489,093;536,197;607,130;628,042;718,087;744,066;1047,183;1086,270;1151,217;1183,200
111:0,012;155,073;185,243;238,051;250,035;312,180;328,193;385,121;441,086;458,183;507,002;548,053;560,008;617,060;666,057;798,095;832,042;847,137;863,261;866,202;901,183;904,047;980,244
112:0,012;160,250;172,075;202,005;206,069;235,258;238,051;266,087;378,142;397,054;548,053;554,038;588,090;666,057;791,214;908,162;937,175;1174,105
113:0,012;140,243;267,217;373,048;468,128;503,094;548,053;596,044;653,034;775,173;842,034;864,138;923,211
114:0,012;140,246;186,061;324,213;358,137;369,108;540,087;596,044;604,060;666,057;698,089;722,175;794,174;847,063;893,153;1087,190;1088,141;1165,076;1174,071
115:0,012;181,088;228,013;238,051;283,244;306,002;416,252;424,054;468,128;596,044;604,060;653,034;671,088;689,034;810,124;818,190;895,042;950,177;975,095;1153,071
116:0,012;147,214;176,061;297,086;332,142;360,154;373,048;464,272;492,226;783,150;802,138;912,249;1140,154;1152,252
117:0,012;140,238;181,200;189,226;206,069;238,051;273,170;335,039;355,082;379,131;399,002;405,054;548,053;604,060;645,217;653,034;655,229;659,256;667,197;691,030;758,135;772,043;885,077;893,161;903,063;1074,174;1120,219;1141,270;1153,071
118:0,012;140,238;177,190;224,146;259,061;432,048;482,142;487,101;518,087;554,085;601,163;674,176;679,221;694,085;699,080;1017,045;1041,268;1130,212
119:0,012;142,135;227,005;352,120;653,034;666,057;775,173;856,071;877,081;929,072;944,250;1013,181;1137,067
120:0,012;140,246;165,225;185,262;206,069;238,051;244,050;306,232;352,120;565,161;604,060;639,114;673,028;689,213;694,128;871,137;1025,089;1099,161;1147,260;1174,141
121:0,013;356,141;372,163;396,048;419,052;542,176;689,202;915,115;975,090;983,036;1023,104
122:0,013;359,188;397,103;419,052;498,093;516,268;670,175;672,247;704,055;784,145;794,102;809,243;890,085;903,202;934,228;980,197;1017,140;1098,130
123:0,013;422,094;541,255;543,052;544,196;566,008;605,181;658,176;668,057;715,256;881,239;975,103;983,036;992,068;1006,136;1122,053;1188,067
124:0,013;286,040;314,001;350,091;356,141;412,053;433,153;629,055;932,271;1038,137
125:0,013;407,140;455,176;469,068;500,221;752,095;989,177;1022,069;1026,133;1066,135;1128,202;1130,110;1142,124
126:0,013;399,266;419,052;610,197;629,055;703,182;705,184;709,042;740,145;777,041;833,136;962,161;974,173;1019,070;1020,104;1044,135;1199,103
127:0,013;442,202;478,138;561,111;565,170;579,051;598,070;673,053;674,028;761,202;765,054;798,065;881,093;1012,212;1056,053;1118,175
128:0,013;115,004;169,005;179,256;205,147;304,167;370,153;464,052;541,271;543,052;629,055;836,067;871,112;872,205;993,225;1007,109;1066,215
129:0,013;459,099;508,064;677,134;775,135;794,249;916,067;983,036;1016,134;1189,175
130:0,013;289,038;304,167;397,050;407,140;408,142;498,046;529,045;563,052;699,225;894,170;916,036;973,175;1085,192;1130,134;1151,112
131:0,014;130,217;143,055;284,231;309,200;466,197;507,072;541,202;568,111;592,247;704,041;816,081;849,239;881,095;943,271;948,184;1028,053;1045,234
132:0,014;156,182;224,118;238,082;264,040;323,232;384,002;436,196;504,268;507,072;520,038;641,043;704,041;807,069;817,211;943,202
133:0,014;143,055;309,252;390,253;401,141;417,264;434,034;435,008;511,138;520,038;698,167;830,067;906,088;1051,066;1136,197;1191,261
134:0,014;130,043;150,020;197,191;230,217;236,005;259,168;264,040;284,207;309,252;401,036;452,180;520,038;534,090;560,053;567,171;599,154;624,078;649,142;711,054;837,102;986,124;1086,250
135:0,014;131,045;143,055;208,002;259,168;264,040;371,073;376,050;469,137;507,072;520,038;739,182;743,096;991,260
136:0,014;153,177;180,273;196,009;233,111;281,260;331,036;376,050;447,162;494,159;505,101;507,072;534,088;640,055;687,238;829,267;830,067;880,200;1067,031;1164,209;1168,102
137:0,014;154,200;320,175;543,052;557,170;558,273;611,145;737,034;768,135;781,109;916,069;967,245;1057,228;1166,250;1197,193
138:0,014;148,230;176,055;233,111;249,262;261,272;271,092;306,129;386,050;472,176;507,072;592,247;593,170;656,103;677,202;681,030;704,041;830,067;837,102;1094,246;1136,027
139:0,014;114,240;143,055;227,160;264,040;320,175;507,072;520,038;712,041;733,096;892,217;911,066;931,096;945,042;1063,256;1079,067;1091,153;1101,103
140:0,014;130,217;294,255;336,013;376,050;393,232;423,036;439,002;450,234;520,038;604,008;631,120;664,052;678,167;763,170;830,067;929,190;1082,096;1140,119;1172,256
141:0,015;169,145;250,035;256,050;278,041;404,236;453,234;668,183;683,049;798,069;914,047;938,135;1061,250;1100,079;1123,184;1154,263
142:0,015;161,088;168,229;278,041;388,122;467,087;513,045;585,138;712,111;738,116;800,035;942,225;1029,096;1035,102;1047,215;1058,180
143:0,015;81,038;103,103;250,035;277,272;278,041;513,045;578,138;798,069;868,179;1030,053;1064,069;1093,246;1094,252
144:0,015;183,097;211,222;215,118;311,129;321,074;330,083;413,157;463,002;470,045;481,059;513,045;570,167;668,120;685,109;798,069;816,249;901,228;1066,031;1117,179;1130,256
145:0,015;176,146;207,074;318,041;406,037;421,148;684,243;760,087;1087,033;1172,145
146:0,015;176,260;187,170;235,102;258,118;263,008;278,041;329,202;400,041;405,157;472,099;553,246;626,096;714,057;786,211;794,116;797,137;798,069;854,042;877,128;1086,202;1121,174;1126,215;1164,090
147:0,015;136,037;150,061;157,043;183,097;211,183;233,142;281,200;308,229;504,054;529,093;646,065;871,270;1065,102
148:0,015;177,002;187,170;272,118;337,086;401,170;481,059;515,237;648,163;742,170;790,262;830,181;860,179;925,234;932,047;996,198;1071,174;1182,119
149:0,015;174,139;278,041;527,116;782,180;996,198;1073,124
150:0,015;168,229;382,262;486,054;488,248;523,273;557,228;909,068;930,235;943,068;1034,141;1119,033;1146,174
151:0,016;178,214;242,018;302,040;308,108;409,252;414,048;445,045;494,187;619,059;644,087;714,191;790,063;855,042;858,034;885,063;1028,048;1194,246
152:0,016;54,073;84,241;198,059;207,002;211,238;242,018;257,008;291,272;297,040;301,038;362,176;444,081;495,210;510,203;517,064;625,131;628,042;639,068;646,065;830,071;862,068;997,053;1148,156
153:0,016;193,013;238,268;242,018;273,227;450,226;458,163;477,050;480,163;563,039;566,130;571,078;604,175;628,042;862,068;1028,048;1055,069;1057,077;1075,229;1185,205
154:0,016;183,241;212,008;306,159;376,050;437,188;638,171;671,065;809,248;878,229;966,270;1003,156;1028,048;1077,250;1079,161;1189,063
155:0,016;218,180;230,005;256,068;290,257;300,043;363,057;367,081;464,002;548,273;561,239;834,174;1028,048
156:0,016;185,185;188,273;240,089;242,018;267,008;277,264;317,268;351,036;377,141;398,239;505,130;599,112;628,042;830,071;834,112;844,213;862,068;1033,095;1152,249;1198,181
157:0,016;114,185;181,230;242,018;250,035;271,043;420,086;461,241;494,187;628,042;766,214;813,145;830,071;862,068;969,229;1028,048
158:0,016;197,075;220,196;242,018;266,101;273,227;385,167;425,217;432,051;445,227;468,194;514,046;534,225;546,002;570,177;604,171;702,256;790,213;900,063;1028,048
159:0,016;184,103;193,081;220,196;242,018;315,137;353,255;445,045;492,210;541,177;581,273;599,182;646,065;830,071;862,068;1028,048;1156,263;1175,183
160:0,016;185,222;353,039;359,203;392,086;437,154;445,045;480,047;543,200;578,219;852,026;856,114;862,068;947,170;1037,244;1199,104
161:0,017;52,190;117,042;163,009;209,262;213,029;307,180;375,137;497,085;632,177;674,171;689,177;870,069;924,072;947,180;1131,236;1133,261;1138,202
162:0,017;81,038;90,183;213,029;286,038;404,111;454,031;491,174;552,093;596,103;634,043;697,034;699,119;959,033;1017,045;1132,031
163:0,017;81,038;87,146;286,038;346,198;372,043;428,096;483,052;529,051;653,226;666,148;757,138;786,063;854,035;893,161;1095,124;1127,077;1195,069
164:0,017;81,038;103,254;125,044;172,164;181,240;213,029;262,054;295,208;314,217;333,180;384,053;631,177;766,156;806,063;865,184;924,066;927,033
165:0,017;90,183;117,042;145,219;167,055;177,183;186,201;213,029;218,122;263,223;352,238;416,111;559,174;825,034;900,113;924,072;997,053;1096,071;1169,033;1195,101
166:0,017;117,042;202,087;236,225;269,102;324,137;434,050;491,174;793,035;825,034;906,115;1168,053
167:0,017;28,220;52,190;81,038;91,002;117,042;145,219;163,262;172,032;218,122;256,068;280,143;384,053;446,112;452,140;718,136;825,034;924,072;1012,236;1042,133
168:0,017;81,038;82,255;155,237;161,214;264,040;289,231;384,053;432,066;436,219;469,081;480,050;541,154;723,095;786,063;945,072;1017,045
169:0,017;93,020;112,002;117,042;148,244;213,029;263,089;270,143;336,272;482,111;506,162;694,268;793,041;825,034;924,072;949,089;1009,214;1017,045;1126,226
170:0,017;82,255;286,038;384,053;481,078;535,130;561,081;690,088;786,063;825,034;851,229;916,078;1012,236;1125,031
171:0,018;75,245;159,075;318,264;483,034;550,225;593,068;628,147;666,232;742,162;989,134;1104,081;1109,046;1120,154
172:0,018;86,056;105,050;207,074;350,131;421,122;490,171;597,225;670,053;741,248;771,158;970,069;1046,136;1051,067;1099,189;1166,261
173:0,018;140,028;206,061;207,074;279,256;368,200;525,065;589,147;619,109;625,056;675,128;691,148;824,175;970,069;1125,228;1138,081
174:0,018;105,050;237,096;356,185;370,183;642,158;957,243;1024,137;1052,225;1172,096
175:0,018;75,027;87,003;94,002;159,075;185,260;207,074;293,177;519,096;525,065;599,128;670,053;779,148;791,087;866,225;970,069;1120,154;1124,067;1125,153
176:0,018;75,027;105,050;309,170;342,188;347,041;350,131;357,191;428,266;547,163;637,085;670,053;717,077;720,034;742,261;984,249
177:0,018;75,245;135,050;299,185;368,143;917,173;999,245;1120,136;1139,237
178:0,018;105,050;159,075;207,074;237,075;265,243;315,246;596,086;710,062;738,089;832,267;973,271;1180,179
179:0,018;18,082;159,075;241,039;246,121;435,145;670,053;741,248;830,054;1143,228;1194,229;1198,087
180:0,018;86,007;87,142;153,056;156,201;159,075;293,177;362,223;366,043;372,041;525,065;595,137;686,078;721,085;730,124;835,196;846,063;996,145;1093,109;1132,194;1182,197
181:0,019;66,147;186,053;229,129;231,145;297,105;302,147;310,081;363,043;407,176;449,034;572,218;666,086;711,090;713,056;727,213;751,128;782,135;916,067;1003,059;1030,102;1033,191;1109,166;1120,145;1160,103;1187,162
182:0,019;109,241;126,013;153,102;211,043;306,208;322,102;396,196;402,119;410,225;506,266;547,268;758,042;923,036;947,136;1036,141;1062,069;1086,175;1112,105
183:0,019;65,012;105,050;158,101;170,032;186,053;212,207;217,055;277,089;427,241;486,188;523,225;563,039;566,225;632,229;641,103;653,085;777,190;790,181;791,085;860,156;867,261;943,140;966,200;996,077;1110,071;1155,059
184:0,019;55,040;69,200;170,032;202,193;306,225;446,045;456,064;566,027;572,218;879,268;932,109;1003,059;1026,085;1027,174;1045,105;1088,071;1197,080
185:0,019;42,159;55,040;66,147;71,056;170,032;186,053;213,029;232,055;256,068;329,237;358,094;436,198;494,103;689,213;801,256;1101,070;1124,076;1164,071
186:0,019;52,272;256,068;398,050;402,090;500,179;664,142;688,130;805,170;1195,101
187:0,019;71,056;158,101;186,053;306,153;354,057;386,164;391,112;421,078;480,167;517,081;662,026;698,079;702,053;732,077;1000,256;1003,059;1045,079;1088,071;1155,059;1183,043;1197,150
188:0,019;69,200;71,056;163,061;170,032;202,092;205,050;256,068;354,002;376,078;501,051;635,202;753,228;844,173;972,066;975,067;1155,059
189:0,019;55,040;71,056;258,096;510,101;566,027;577,034;671,124;681,181;745,085;808,262;830,163;835,170;863,200;866,135;886,213;1078,245;1155,059
190:0,019;55,040;96,147;210,059;279,072;354,002;439,108;566,027;579,052;593,182;668,056;697,252;864,130;959,191
191:0,020;199,054;210,053;289,163;314,001;374,111;412,219;432,222;498,046;600,092;687,136;694,171;702,228;725,222;730,088;832,066;855,130;869,047;909,088;1001,070;1116,200
192:0,020;202,094;215,175;220,094;274,037;303,251;310,017;350,226;451,031;460,222;498,046;539,088;717,196;721,088;725,238;801,191;865,042;1044,253;1109,046;1118,089
193:0,020;199,054;215,175;230,033;268,050;301,243;314,001;355,083;370,202;510,176;563,029;568,162;569,114;611,237;668,162;737,137;762,111;855,179;865,068;916,036;975,070;1109,046;1118,137;1200,048
194:0,020;202,092;314,001;390,253;432,066;437,137;451,031;518,112;722,239;869,047;916,036;933,167;975,070;1052,174;1071,166;1091,237;1135,191
195:0,020;199,054;238,160;303,251;314,001;370,183;420,112;536,239;643,247;646,065;692,049;726,214;777,167;869,047;895,134;975,070;1071,166
196:0,020;230,033;274,037;351,057;384,194;421,154;433,194;486,089;528,163;539,219;665,271;689,262;710,062;744,028;762,243;767,191;975,070;1031,085;1062,170;1091,067;1096,090
197:0,020;199,054;235,200;253,268;262,054;272,248;274,037;314,001;351,057;413,131;432,066;451,031;567,176;646,180;753,221;916,036;946,142;983,036;1003,215;1095,246
198:0,020;230,033;238,051;243,154;256,207;314,001;351,057;398,138;481,041;498,046;610,205;754,200;843,085;869,047;908,263;1076,217;1081,137;1088,217;1142,048
199:0,020;230,147;279,222;284,154;288,050;339,164;351,057;397,036;432,066;448,052;451,031;509,180;687,042;717,196;829,222;844,042;975,070;1104,219;1197,243
200:0,020;106,089;210,105;231,100;282,194;451,031;474,119;508,229;516,128;584,008;630,263;634,043;693,226;699,054;726,065;904,134;992,234;1018,162;1140,190
