001:0,001;61,067;73,115;106,191;143,041;359,062;361,213;367,039;379,176;784,029;811,181;834,208;961,073;994,208;1019,136
002:0,001;101,109;143,041;357,224;359,062;365,238;388,038;735,026;825,109;925,167;939,036;940,269;1065,147;1100,263;1174,167;1186,256;1189,236;1193,167
003:0,001;106,006;107,250;169,129;251,271;316,256;333,039;388,038;617,226;815,046;1013,076;1143,270
004:0,001;51,241;68,223;69,235;163,259;265,087;359,062;408,180;429,017;507,098;515,107;539,155;590,097;616,023;752,066;873,170;961,073;980,143;1077,249;1088,042
005:0,001;61,067;81,006;93,031;166,116;233,137;350,048;362,092;378,273;385,249;388,038;586,132;782,053;815,046;961,068;992,097;1092,155;1129,160;1143,117;1186,245;1188,259
006:0,001;73,115;110,005;115,010;143,041;325,046;336,229;433,049;504,194;551,036;556,209;825,109;854,132;899,131;949,140;953,266;961,073;998,131;1010,236;1042,140;1077,131;1126,182
007:0,001;51,241;61,067;93,031;106,191;131,109;214,042;223,041;301,094;305,197;323,002;388,038;772,053;828,208;878,132;1200,180
008:0,001;82,010;93,031;101,109;125,256;136,252;214,207;332,274;359,062;370,056;394,050;403,270;422,111;428,180;450,038;591,050;663,255;671,023;735,118;787,245;804,270;815,046;936,075;976,136;1116,170;1166,180;1190,223
009:0,001;69,235;206,184;395,237;574,122;649,023;815,046;971,209;1124,198
010:0,001;97,009;110,252;143,041;340,068;356,048;383,123;387,092;403,270;462,017;479,038;661,023;754,245;785,258;1125,232
011:0,002;294,071;295,197;386,017;452,071;466,178;494,047;607,163;775,090;830,137;842,052;844,182;896,033;989,132;1043,029;1102,237;1136,073
012:0,002;108,250;170,117;229,155;386,017;576,206;589,194;701,033;773,143;827,075;836,171;884,140;1042,165;1152,180
013:0,002;393,111;679,266;719,207;750,140;776,049;867,227;945,048;1031,190;1100,045;1123,197;1136,073
014:0,002;398,135;457,209;479,230;516,216;554,057;636,179;735,063;742,145;754,227;756,085;845,052;961,232;970,058;976,165;1034,273;1140,073;1173,203
015:0,002;31,106;121,002;386,017;532,117;616,023;632,114;645,030;677,056;710,194;769,056;818,171;834,069;893,186;896,033;975,248;1032,045;1074,207;1101,139;1131,029
016:0,002;357,163;395,042;441,248;447,017;505,096;514,210;554,057;645,030;723,042;776,049;817,140;870,075;897,082;971,036;1006,269;1034,058;1086,129;1132,071;1148,211;1177,232
017:0,002;386,017;544,225;775,190;818,171;904,049;912,160;948,109;984,208;1132,071
018:0,002;386,017;403,038;472,224;532,117;550,266;635,255;645,030;677,056;841,049;942,048;1086,233;1097,200;1136,073;1176,095
019:0,002;231,040;242,069;263,074;291,117;310,269;386,017;510,135;554,057;676,032;677,056;718,058;776,049;1074,109;1086,129;1152,190
020:0,002;129,024;206,131;271,018;277,107;291,212;317,127;355,066;386,017;550,266;661,275;682,187;746,090;776,049;842,107;853,244;860,052;897,082;923,137;958,048;1049,123;1132,071
021:0,003;32,015;149,271;154,229;168,269;220,002;296,146;323,116;396,238;441,186;478,009;666,249;674,052;896,033;1086,106;1112,035;1118,245;1174,170
022:0,003;149,271;192,106;243,199;345,229;414,259;478,009;593,129;596,119;674,052;914,033;999,146
023:0,003;93,031;104,131;411,273;486,094;564,047;638,042;665,137;711,078;779,098;837,231;986,161;1170,109
024:0,003;159,196;174,038;224,253;343,181;478,009;593,159;595,224;674,052;848,148;857,243;925,076;972,033;1039,045
025:0,003;159,196;171,067;185,090;194,068;286,107;380,070;478,009;593,129;709,225;712,056;762,270;840,235;858,129;864,107;945,266;1041,042;1105,029;1126,170;1143,208;1164,042;1166,235;1176,095
026:0,003;124,268;401,017;468,068;478,009;596,119;709,223;751,139;753,248;842,209;857,267;1086,161
027:0,003;175,271;233,274;240,273;424,193;478,009;608,096;654,264;674,052;848,148;986,049;1010,236;1053,118
028:0,003;154,094;225,002;391,213;433,226;439,050;478,009;674,052;966,200;1097,075;1106,029
029:0,003;154,229;242,030;290,110;450,035;478,009;728,060;867,075;891,160;993,098
030:0,003;144,009;156,234;233,269;299,066;386,017;446,068;478,009;597,057;615,223;743,115;752,066;792,135;896,033;925,076;1027,180;1100,181
031:0,004;7,048;40,050;82,228;97,121;181,014;231,117;243,063;431,059;471,186;484,127;491,258;507,137;566,231;893,055;956,169
032:0,004;135,106;181,014;217,066;229,230;302,246;387,163;475,037;505,096;647,251;652,042;718,131;769,036;835,055;910,198;977,122;1022,064;1147,123
033:0,004;54,142;82,228;134,178;181,014;223,074;297,176;534,220;629,023;746,231;825,131;835,055;929,231;1029,174;1134,147
034:0,004;68,006;203,027;243,063;478,049;571,096;607,131;678,093;742,190;755,107;835,055;1095,092
035:0,004;77,176;181,014;221,053;265,223;266,063;301,084;475,037;528,092;551,036;817,049;835,055;927,180;960,169;1040,075;1162,193
036:0,004;40,050;81,062;181,014;209,248;243,063;271,066;457,258;475,037;719,110;810,209;845,243;854,137;909,049;913,132;936,258;972,049;1022,064
037:0,004;112,228;123,129;198,055;223,074;271,066;355,042;361,066;507,218;526,032;532,269;606,061;743,155;754,106;863,116;880,112;943,161;983,138;1054,064;1126,203;1170,258
038:0,004;49,256;80,222;221,053;271,066;301,084;318,188;379,262;691,052;756,220;821,176;918,098;988,262;1023,033;1048,075;1116,236;1121,103
039:0,004;54,083;163,248;181,014;221,053;355,120;475,037;611,114;638,259;639,118;647,165;661,213;795,258;820,267;931,259;994,220;1017,262;1068,236;1111,137
040:0,004;40,050;80,222;181,014;223,074;260,053;320,002;349,224;605,244;621,262;629,146;698,115;953,084;1045,138;1073,116;1190,244
041:0,005;61,067;101,002;103,005;144,118;248,048;264,068;278,200;288,071;326,271;375,060;735,026;773,182;792,070;866,080;897,165;1085,020;1139,048;1151,042
042:0,005;211,069;248,048;268,262;375,060;827,137;1106,083;1127,147;1131,258;1192,145
043:0,005;223,243;254,212;277,243;397,017;412,032;427,070;543,028;563,009;573,181;574,218;594,072;607,060;832,115;938,233;1060,073;1085,020;1091,247;1155,080;1170,048;1189,076
044:0,005;223,243;267,122;288,071;329,156;359,034;373,176;375,060;453,222;638,023;657,157;1085,020;1161,247;1168,136;1197,190
045:0,005;217,094;231,040;248,048;439,262;517,143;526,059;594,072;670,078;673,048;734,190;773,207;790,060;857,155;1087,020;1142,204;1161,209;1188,252
046:0,005;216,090;300,243;311,041;326,273;333,042;453,222;512,092;523,229;594,072;615,268;702,207;710,075;735,026;763,093;773,182;993,074;999,045;1060,073;1085,020;1142,204
047:0,005;231,274;312,048;412,060;597,117;600,057;694,135;752,075;753,060;993,049;1052,029;1060,160;1125,135
048:0,005;229,155;248,048;446,060;569,094;646,057;657,157;659,155;675,060;860,070;900,136;975,076;1005,120;1015,103;1031,220;1070,138;1085,020;1111,109;1158,145;1177,153
049:0,005;181,014;186,088;231,040;237,107;246,069;260,146;288,071;344,273;375,060;483,107;496,127;575,237;603,047;607,060;674,209;735,026;765,060;840,222;846,090;944,222;960,036;1072,223;1077,143;1079,029;1085,020;1126,224;1196,258
050:0,005;232,042;402,228;477,163;594,072;615,268;670,078;701,132;725,079;770,258;778,266;829,190;1012,131;1060,073;1085,020;1147,273;1190,197
051:0,006;170,176;234,236;293,230;388,116;479,033;494,047;556,207;588,251;623,232;712,180;763,029;866,161;1077,055;1112,188;1131,035
052:0,006;203,127;221,030;352,159;393,044;432,232;818,270;1081,151;1108,035
053:0,006;200,228;221,030;289,205;350,063;358,238;462,116;542,044;596,150;646,038;707,163;774,085;847,055;1113,230
054:0,006;169,199;199,088;221,030;254,063;294,206;303,046;362,070;509,127;683,137;685,093;763,029;912,188;926,082;990,223;1042,237;1054,106;1082,103;1173,181
055:0,006;149,223;170,075;214,236;307,121;334,256;566,037;568,264;675,152;714,259;823,145;835,055;898,179;908,112;943,122;1093,177;1101,036;1108,035
056:0,006;170,075;294,206;310,184;430,229;494,047;563,178;602,256;637,057;685,119;775,131;1108,035
057:0,006;170,075;309,237;518,116;607,224;652,032;661,142;673,048;679,152;881,237;1108,035
058:0,006;170,075;300,236;358,238;365,274;479,033;549,249;654,093;680,178;754,207;762,075;763,029;812,170;870,069;931,161;939,049;949,267
059:0,006;227,150;234,075;309,237;381,219;474,225;479,033;545,146;624,042;640,213;726,227;766,145;843,055;848,107;931,182;1103,118;1108,035
060:0,006;156,036;164,165;213,176;246,053;311,220;479,033;551,274;556,037;567,249;605,178;763,029;812,170;947,055;973,258;976,048;1029,068;1096,106;1127,036;1128,144;1143,232;1151,267
061:0,007;29,155;115,057;275,178;352,016;398,107;479,253;600,032;662,080;942,048;981,075;1040,249
062:0,007;42,044;79,092;118,131;187,075;220,255;587,050;596,032;743,249;757,058;1012,237;1022,064;1044,259
063:0,007;27,020;42,044;69,064;109,225;153,220;169,057;220,255;682,111;722,268;745,026;753,081;785,262;798,070;866,108;905,182;925,176;950,232;986,055;1076,068;1138,123;1144,129;1162,193
064:0,007;59,002;69,064;91,121;132,141;136,121;352,016;372,209;444,163;446,092;496,116;512,009;574,215;589,259;625,103;646,259;676,103;881,079;910,104;942,048;959,118;1002,249;1051,144;1115,177;1170,048
065:0,007;26,068;42,044;77,154;161,024;221,090;353,116;381,085;419,059;518,079;714,074;753,081;890,116
066:0,007;46,179;95,236;164,018;188,176;202,223;212,053;241,267;352,016;373,044;425,249;522,193;535,068;587,270;588,219;671,145;685,139;732,258;787,235;833,118;1068,170;1091,245;1111,249
067:0,007;28,035;69,064;115,057;188,235;194,116;212,053;214,209;352,016;385,069;426,066;468,079;588,258;629,225;637,060;671,145;681,273;896,068;910,079;931,245;1054,249;1058,197;1109,118
068:0,007;35,259;42,044;106,116;185,024;260,018;314,065;352,016;359,034;411,059;437,253;509,219;538,028;595,079;654,032;693,038;710,106;744,232;943,080
069:0,007;35,259;46,179;106,116;113,002;115,057;231,274;232,068;267,053;270,228;314,065;352,016;370,144;521,009;547,012;632,093;667,157;677,165;685,110;718,058;748,213;994,198;1041,145;1117,270;1133,257
070:0,007;69,064;77,154;239,110;263,018;289,179;454,184;559,262;564,232;584,050;633,032;746,245;942,048;986,075;1043,029;1119,257;1154,035
071:0,008;305,107;325,210;454,092;547,012;587,103;599,127;641,028;643,064;675,030;728,075;730,106;797,139;897,140;944,155;1001,213
072:0,008;225,121;252,085;380,090;414,068;547,012;557,094;613,207;615,180;624,042;831,070;834,269;842,259;921,068;952,049;961,048;1076,103;1093,171;1099,104;1104,233;1145,169;1149,252;1180,263
073:0,008;110,122;115,057;212,223;214,116;343,212;405,060;454,071;499,032;543,090;583,207;720,176;993,074;1009,123;1157,078
074:0,008;215,194;390,155;534,047;625,165;787,208;810,245;836,249;993,074;1065,147
075:0,008;215,075;241,042;423,068;547,012;551,036;587,228;648,264;652,042;768,116;1049,262;1123,153
076:0,008;279,205;321,146;322,118;481,219;624,042;842,058;888,143;1013,174;1111,078
077:0,008;219,048;225,186;460,181;521,050;547,012;620,269;624,042;770,058;777,139;873,045;875,202;878,106;1050,132;1108,237;1131,104
078:0,008;245,252;247,075;276,066;467,059;547,012;578,226;592,228;697,194;719,038;742,108;905,049;924,146;960,104
079:0,008;122,248;246,270;261,209;547,012;565,140;600,061;851,237;911,207;1008,075;1100,036;1109,042
080:0,008;248,252;295,066;487,193;490,120;502,059;554,057;582,115;715,116;853,136;892,081;1003,138;1031,064;1115,232;1127,156;1154,042;1164,211
081:0,009;44,165;49,019;61,142;259,023;285,089;402,063;468,050;710,147;783,223;916,273;960,090;1053,075;1060,073;1101,175;1196,122
082:0,009;194,259;199,042;453,084;563,113;647,087;672,107;792,121;1038,118;1043,029;1054,217;1070,098;1162,233
083:0,009;172,226;181,229;319,230;327,235;483,104;608,110;654,228;673,048;710,075;792,121;968,049;1000,045;1054,217;1059,068;1068,273;1160,046;1196,045
084:0,009;21,003;88,106;139,006;171,085;241,018;271,066;287,159;322,002;325,210;345,236;350,179;502,274;537,032;614,249;618,209;620,142;673,048;733,056;785,078;789,269;1003,048;1024,233
085:0,009;171,067;184,061;185,087;652,050;657,207;670,269;732,155;799,058;841,207;942,167;1022,075;1060,170;1118,122
086:0,009;173,254;199,042;234,246;285,002;287,159;297,227;407,212;410,032;516,041;542,143;687,146;700,036;710,075;952,245;958,146;1109,182;1124,081
087:0,009;162,036;207,008;216,100;261,262;267,068;272,229;343,018;355,044;369,042;492,264;542,044;565,142;574,066;597,150;637,104;768,244;849,045;865,069;867,123;900,207;909,122;951,227;1046,029;1096,140;1152,170
088:0,009;156,006;171,085;195,117;199,042;392,114;429,120;542,044;574,066;615,230;703,180;791,273;1040,269;1089,144
089:0,009;207,215;347,066;416,063;536,119;563,009;574,066;596,032;608,110;726,213;733,207;895,262;952,198;1011,155;1013,248;1129,247;1132,155;1148,175
090:0,009;207,215;415,229;420,122;432,066;477,264;514,047;520,033;542,044;543,176;575,064;621,140;656,103;662,107;685,223;694,155;709,032;717,129;833,075;987,174;1025,075;1059,177;1086,076;1095,084;1157,182
091:0,010;148,072;217,066;237,046;377,215;499,178;624,270;639,116;763,029;834,181;1045,198;1064,200
092:0,010;149,018;156,036;206,132;237,046;243,063;295,046;313,063;524,243;684,118;711,098;743,267;795,180;801,123;862,200;1018,033;1022,064;1064,252
093:0,010;147,055;148,072;156,036;177,026;217,066;227,154;237,046;394,220;740,200;961,069;982,197
094:0,010;163,209;177,026;252,274;406,210;457,225;522,163;587,127;598,243;621,104;626,140;808,206;849,045;1009,225;1039,098;1069,145;1145,197;1155,109;1179,211
095:0,010;40,050;50,165;89,010;148,072;177,026;241,253;280,127;463,107;622,061;716,074;854,058;942,033;987,104;1030,145;1035,179;1043,143;1128,132;1138,181;1139,029
096:0,010;151,209;207,259;313,063;368,137;370,110;462,194;510,135;519,120;523,258;524,243;558,194;673,032;715,198;740,032;808,206;846,209;849,045;919,213;951,207;1023,145;1064,270;1102,020;1123,136;1159,156;1166,263;1197,058
097:0,010;148,072;163,259;173,008;177,026;229,137;236,074;239,042;283,118;308,178;385,042;425,063;521,226;530,237;607,060;707,270;744,223;961,069;970,145;1008,048;1028,254;1129,224
098:0,010;156,036;223,270;237,046;313,063;503,198;615,223;639,198;776,103;849,045;885,263;961,073;1001,259;1185,203
099:0,010;179,008;221,053;237,046;313,063;326,096;336,065;397,198;704,107;744,110;769,123;776,063;834,049;849,045
100:0,010;156,036;177,026;206,132;229,114;237,046;382,206;620,264;647,225;694,074;911,208;993,231;996,033;1047,055;1183,061
101:0,011;7,068;69,052;134,270;136,155;146,038;184,014;227,266;240,167;323,122;409,178;453,069;575,181;614,273;674,052;732,108;788,181;814,074;818,263;875,202;1006,036;1128,243;1139,247;1192,273;1197,058
102:0,011;6,121;7,068;65,008;122,241;155,030;167,140;211,069;254,243;293,094;551,036;737,270;790,104;984,202;1010,227
103:0,011;7,068;103,009;135,064;166,118;272,232;331,230;504,179;522,181;538,132;566,036;867,220;990,135;1017,139;1113,131
104:0,011;15,234;129,024;181,171;213,220;365,207;381,039;398,248;446,140;468,017;529,068;596,270;616,060;622,222;694,129;864,068;1074,220;1185,143
105:0,011;6,121;36,008;146,038;192,273;283,048;295,227;336,207;341,155;509,053;527,262;551,036;702,033;710,075;725,042;813,155;856,237;864,068;1157,203;1181,109;1187,208
106:0,011;31,106;52,013;69,052;120,089;197,267;205,140;211,127;283,048;288,071;331,207;383,181;453,194;457,132;675,266;677,056;787,181;801,075;847,262;925,139;1091,068;1118,223;1121,262;1138,200;1198,084
107:0,011;7,048;69,052;122,241;211,069;252,193;283,048;339,096;372,094;484,084;554,036;826,107;846,263;923,152;1123,180;1162,131;1172,084
108:0,011;7,048;65,223;146,038;199,042;278,193;392,044;456,232;494,273;739,243;841,058;864,068;1081,227;1197,058
109:0,011;7,068;64,258;137,064;146,038;211,069;250,213;350,090;497,131;533,112;900,033;934,046;1005,258;1073,225;1098,097;1104,092;1189,076;1197,058
110:0,011;38,008;120,089;173,229;179,141;186,236;224,074;273,207;279,178;283,048;340,232;439,143;773,200;855,074;883,179;884,194;891,135;903,123;1000,145;1024,155;1047,248
111:0,012;83,178;111,204;128,032;196,080;219,048;241,270;244,176;249,041;318,248;327,197;400,122;522,234;548,215;570,057;604,273;613,264;616,023;713,165;832,227;854,165;885,104;907,256
112:0,012;77,062;145,167;234,085;334,107;460,135;494,047;540,250;695,032;862,058;937,171;1090,020;1121,036
113:0,012;7,048;95,275;113,032;156,254;198,031;224,253;231,083;233,068;320,199;356,042;441,270;650,023;752,066;799,127;802,226;984,121
114:0,012;71,212;248,176;364,085;395,137;528,179;616,023;747,056;752,066;800,052;876,135;881,256;1137,109;1144,073;1174,131
115:0,012;113,032;213,271;217,066;219,048;256,068;278,094;298,259;498,033;526,194;586,244;598,135;625,084;751,222;787,052;827,074;871,058;873,098;1020,120
116:0,012;71,263;113,032;162,268;198,031;251,200;476,233;556,084;602,209;616,023;759,192;788,029;849,181;975,033;993,074;1015,150
117:0,012;94,275;113,032;155,030;163,212;200,083;219,048;232,074;315,018;316,219;495,183;540,250;616,023;773,256;792,070;896,226
118:0,012;77,062;123,032;155,030;156,036;183,225;196,080;250,268;403,163;427,090;596,111;723,103;759,192;784,140;885,167;960,180;1151,220
119:0,012;77,062;113,032;198,031;223,074;316,219;342,137;502,233;616,023;881,256;896,122;919,223;981,145;983,197;1025,226;1033,080;1075,029;1169,045
120:0,012;71,212;134,223;232,042;254,232;370,092;453,238;461,070;522,234;545,107;654,180;710,269;815,070;885,167;917,103;1015,150
121:0,013;190,002;205,241;212,053;222,271;262,233;286,223;366,120;411,193;534,222;593,061;616,034;629,094;644,262;778,268;881,155;924,263;1045,045;1180,127
122:0,013;171,067;214,171;222,264;242,122;367,114;441,275;570,036;593,061;640,023;758,075;792,070;842,272
123:0,013;194,068;547,012;561,122;718,056;745,198;830,074;935,135;959,180;997,188;1138,272
124:0,013;114,002;166,194;190,038;194,068;216,188;292,233;332,249;552,050;727,270;733,131;803,182;843,029;845,245;866,222;889,165;895,266;908,080;949,067;1000,120;1054,179;1113,143
125:0,013;46,012;84,003;86,236;112,225;194,068;248,065;250,213;286,068;496,225;591,135;593,061;616,034;675,038;679,079;767,243;1013,176;1047,225
126:0,013;117,117;162,273;184,061;216,188;384,127;503,097;518,037;628,244;694,042;764,078;792,070;811,098;897,045;975,082;1129,151
127:0,013;176,171;221,030;227,207;273,235;280,068;465,230;467,229;574,137;669,032;677,063;792,070;810,195;842,272;949,067;960,137;972,033;1060,156;1100,029;1154,135;1176,098
128:0,013;166,194;178,220;250,233;491,270;587,232;593,061;723,042;793,122;869,151;949,067;965,223
129:0,013;172,226;413,068;503,097;565,137;616,034;635,042;675,038;740,200;766,122;784,132;816,104;860,046;949,075;993,068;1004,075;1139,179
130:0,013;184,061;194,068;250,233;259,068;542,231;702,032;810,195;852,045;900,152;935,135;1048,236
131:0,014;21,003;38,048;87,002;342,271;372,205;376,034;391,059;434,264;463,226;513,064;655,256;784,198;949,132;975,137
132:0,014;44,165;199,230;213,087;248,065;277,249;362,070;399,059;512,041;560,098;808,220;911,179;1030,198;1131,188;1165,067
133:0,014;23,019;43,129;136,013;185,089;391,059;442,144;459,258;512,041;613,097;616,198;638,064;666,226;772,053;797,194;864,069;875,046;947,262;1005,045;1043,084;1110,247;1120,258;1140,198;1165,067
134:0,014;84,010;124,008;145,246;355,044;360,246;391,275;440,070;488,215;512,041;575,036;586,251;692,090;772,053;792,079;804,036;852,060;875,225;887,068;1008,097;1113,045
135:0,014;19,035;63,097;174,256;211,024;248,065;311,236;329,248;415,017;449,230;462,206;553,060;587,103;706,262;838,049;961,208;967,140;1122,139
136:0,014;19,035;94,083;248,065;256,146;305,206;391,059;437,266;467,163;512,041;551,131;620,032;626,209;668,063;784,049;932,045;1131,225
137:0,014;19,035;56,248;150,167;166,006;169,199;171,067;200,114;277,249;313,243;410,184;415,038;479,179
138:0,014;19,035;124,268;157,270;296,023;323,159;348,156;390,249;391,059;597,275;645,213;656,163;698,157;736,266;766,180;956,213;1150,042;1162,273
139:0,014;56,248;88,234;314,179;339,121;362,070;434,264;485,059;549,259;772,053;783,259;849,198;882,049;1066,167;1165,067
140:0,014;89,256;275,269;362,070;391,275;464,049;507,098;649,199;656,218;699,074;731,085;767,066;783,058;1093,153;1165,067
141:0,015;140,055;251,135;365,259;378,047;384,107;392,232;425,142;565,038;645,220;713,036;718,222;732,052;751,223;763,143;863,103;1039,167;1041,042;1108,262;1119,174
142:0,015;132,220;203,027;226,081;232,089;282,119;299,037;449,216;545,273;578,226;640,227;662,251;701,033;776,075;877,188;887,171;1036,058;1061,230;1100,045;1131,046
143:0,015;113,236;203,027;209,167;299,037;348,210;350,068;378,047;418,049;537,047;578,262;593,183;688,074;790,165;967,272;1008,082;1163,045
144:0,015;119,002;140,055;252,262;301,155;333,039;425,184;527,258;582,028;656,032;688,074;726,132;877,188;899,148;1022,055;1097,272;1118,254;1131,046
145:0,015;80,006;112,270;116,230;237,212;418,049;466,070;491,183;629,135;688,074;909,033;939,109;943,055;1025,208;1063,263;1081,177
146:0,015;124,228;299,037;333,039;542,231;551,047;553,227;749,209;798,107;817,208;830,232;953,160;1131,046
147:0,015;29,155;102,002;109,013;245,068;246,106;259,229;264,023;280,111;299,037;314,065;357,163;378,047;418,049;521,269;567,256;616,129;687,269;701,033;787,235;870,244;948,170;955,152;1041,042;1142,139;1165,029
148:0,015;115,005;132,220;140,055;224,168;236,106;279,042;280,119;323,018;332,223;333,039;451,225;463,274;561,152;580,032;584,028;589,115;688,074;776,104;787,225;814,180;885,109;1008,058;1027,113
149:0,015;116,230;190,094;203,027;249,042;280,111;345,018;352,016;379,142;418,049;496,144;505,032;521,096;533,064;607,163;631,258;730,075;776,233;848,058;852,081;1027,113;1041,042
150:0,015;140,055;226,081;232,096;378,047;379,142;619,179;620,061;652,050;675,227;701,033;766,058;1020,257;1131,046
151:0,016;58,002;109,003;135,064;155,030;271,193;275,271;340,044;513,147;543,037;565,135;601,229;675,116;700,036;732,151;742,074;842,179;883,069;895,068;956,188;976,058;1134,140;1146,244
152:0,016;106,155;145,228;166,167;191,199;315,135;340,044;451,147;485,181;723,233;731,080;857,209;961,069;1000,231;1026,068;1081,171;1112,084;1187,046
153:0,016;68,256;95,013;147,109;190,141;204,186;396,123;411,186;437,266;438,087;632,243;667,023;773,157;913,194;1057,181;1115,156
154:0,016;58,269;245,116;287,220;294,253;436,085;452,071;499,146;531,118;757,155;877,122;891,139;1010,058;1052,176;1054,084;1066,157;1077,073;1172,156;1189,061
155:0,016;135,064;171,133;202,142;312,037;436,273;538,028;682,221;684,268;875,075;887,103;893,202;975,181;1098,076;1142,236;1159,046
156:0,016;8,141;116,005;117,117;184,061;193,267;340,044;381,068;399,085;449,216;452,071;470,070;538,028;700,038;732,151;1054,121;1173,247
157:0,016;60,048;79,269;135,064;229,168;236,024;306,159;363,253;408,274;452,071;538,028;737,267;848,270;1061,226
158:0,016;8,141;247,117;255,074;265,046;300,270;302,167;344,044;424,032;526,230;596,142;632,028;654,064;724,248;781,110;810,106;840,143;959,151
159:0,016;75,008;79,131;106,178;192,226;528,249;543,037;580,229;665,064;723,233;775,194;1075,120
160:0,016;58,269;69,052;156,184;247,100;267,266;313,090;340,044;389,135;478,095;522,253;616,023;646,249;734,075;751,151;765,190;1190,246
161:0,017;150,155;157,248;158,252;288,213;432,233;450,035;499,199;732,122;759,227;975,232;1014,058;1127,175;1134,131;1142,256;1183,061
162:0,017;150,141;174,097;184,194;329,205;393,050;475,037;546,113;602,262;615,135;870,152;917,049;990,258;997,074;1044,197;1054,055;1145,243
163:0,017;139,240;210,235;270,264;383,044;389,198;393,050;566,057;577,244;1183,061
164:0,017;128,002;139,240;313,063;314,114;368,034;393,050;722,075;998,049;1059,122;1183,061
165:0,017;134,191;152,064;198,235;460,253;469,235;499,199;621,032;627,179;633,023;740,179;823,058;1020,257;1047,244;1079,118;1098,230;1132,248;1144,174
166:0,017;173,142;186,055;257,135;306,041;309,048;393,050;432,049;444,059;466,147;539,119;568,057;672,140;739,084;796,227;830,220;844,269;931,075;938,033;950,244;1022,243;1062,055;1086,165
167:0,017;128,273;158,008;175,055;195,186;209,267;228,223;292,193;417,227;632,180;699,145;723,060;771,056;862,131;888,075;1022,176;1063,156;1122,145;1158,165;1184,139
168:0,017;179,008;203,268;220,246;225,129;233,053;285,002;287,131;349,267;353,215;355,262;413,131;450,035;496,064;602,180;648,127;718,058;755,075;820,081;835,258;930,220;1110,171;1114,045;1126,243
169:0,017;143,122;261,114;326,234;349,119;394,194;434,050;663,118;678,255;685,132;700,143;755,060;774,151;856,233;934,036;1039,090;1049,152;1132,071;1141,237
170:0,017;128,273;198,085;227,150;234,100;240,230;242,223;247,046;266,100;319,002;377,159;405,198;450,035;561,152;677,063;839,266;891,055;990,167;1156,132
171:0,018;377,140;402,032;460,072;482,200;505,140;561,219;576,066;597,155;632,256;771,233;1009,084;1029,076;1081,042;1111,048
172:0,018;362,135;394,224;443,032;635,161;710,075;759,115;808,069;850,195;881,226;892,188;1111,048
173:0,018;362,206;372,087;374,227;460,072;468,079;487,118;624,057;685,139;795,074;959,176;1015,207;1107,045;1111,048
174:0,018;377,140;435,111;507,230;668,063;808,069;901,036;1000,254;1019,135;1103,190;1111,048
175:0,018;48,048;128,096;262,018;366,143;441,118;511,194;517,155;655,183;683,145;808,069;901,036;1110,078;1138,083
176:0,018;366,143;402,032;453,116;460,072;478,104;496,227;543,050;574,066;635,161;851,248;991,068;1110,084;1111,048
177:0,018;128,096;148,106;209,154;215,117;318,248;355,084;408,140;588,255;628,107;672,131;711,243;754,161;901,036;972,222;1195,270
178:0,018;402,032;616,034;723,194;794,248;964,209;1169,188
179:0,018;393,060;402,032;668,063;693,056;788,075;795,060;932,222
180:0,018;380,070;460,072;473,218;778,079;787,119;793,207;808,069;901,036;1000,254;1111,029;1163,248
181:0,019;79,002;110,122;222,018;237,023;362,056;464,266;469,064;718,058;724,085;735,074;777,208;822,029;932,049;994,036;1138,244;1141,042;1161,265
182:0,019;80,013;99,097;156,244;237,023;362,056;385,069;477,063;498,089;509,053;547,028;668,063;679,122;907,103;916,157;973,245
183:0,019;74,020;83,258;103,018;208,207;226,133;237,023;385,069;469,064;680,187;757,058;776,118;909,209;968,036;1148,143;1182,127
184:0,019;110,142;113,010;129,057;146,095;147,009;156,244;237,023;385,069;457,112;659,258;760,084;948,055;975,243;1061,120;1072,155;1161,265
185:0,019;95,133;169,008;237,023;383,060;386,068;443,059;469,064;509,053;592,152;650,269;673,048;695,123;757,058;808,079;850,226;863,259;1002,182;1151,145
186:0,019;64,129;118,057;154,096;227,266;271,142;311,206;352,002;391,230;425,253;454,210;489,220;509,053;544,111;563,050;632,155;740,273;741,225;915,049;1001,109;1134,237
187:0,019;75,006;101,165;130,176;166,018;179,110;362,056;385,069;469,064;479,033;533,215;589,176;682,098;703,123;1045,167;1048,273;1058,135;1149,188
188:0,019;59,264;179,110;237,023;362,056;375,060;457,112;465,256;469,064;687,230;705,131;720,147;786,042;790,108;855,220;864,068;977,273;1025,033;1135,117;1186,165
189:0,019;59,264;194,209;237,023;365,131;469,275;683,061;695,078;730,036;814,262;855,106;1090,252;1127,146;1157,048
190:0,019;95,133;237,023;352,016;362,056;401,017;489,210;522,135;587,090;733,078;757,058;830,136;982,068;1022,081;1114,220;1141,230
191:0,020;129,024;319,066;337,259;359,034;458,060;487,209;599,038;701,112;767,079;925,225;1069,208;1196,128
192:0,020;100,204;129,024;280,100;323,094;364,178;539,104;815,070;849,045;994,227;1005,157;1059,045;1062,257;1091,267;1130,036;1159,144;1186,209
193:0,020;129,024;265,270;344,194;483,009;512,258;643,222;892,180;922,075;1043,029
194:0,020;95,098;123,270;215,240;295,234;359,034;414,226;422,228;466,035;480,256;596,084;700,032;725,220;784,029;810,084;968,080;1014,144;1042,113;1170,146
195:0,020;95,098;129,024;267,118;440,069;468,216;500,146;645,030;764,269;780,090;966,263;1157,167
196:0,020;97,162;198,031;205,041;210,165;212,053;226,228;260,137;313,200;509,047;626,137;646,146;676,243;723,218;808,069;906,225;1001,144;1079,252;1087,270;1183,067
197:0,020;7,068;16,270;129,024;318,119;394,050;442,132;518,111;537,097;603,032;704,033;714,119;803,213;813,249;814,225;853,045;1046,081
198:0,020;96,223;129,024;285,018;335,123;406,233;418,095;470,112;495,259;583,275;590,269;653,181;700,249;1034,104;1093,068;1101,083;1172,123
199:0,020;177,083;189,264;314,065;342,181;365,044;418,095;553,116;651,250;723,152;860,049;883,075;1001,144;1002,036;1136,073;1196,128
200:0,020;69,052;77,062;97,162;211,256;460,131;603,218;645,266;947,049;949,067;982,138;997,048;1067,194;1085,020;1183,246
