001:0,001;237,266;300,042;424,061;583,035;614,129;619,067;646,045;668,062;783,036;827,101;864,222;921,169;978,257;1099,044;1167,216
002:0,001;227,066;268,132;314,022;394,090;407,058;427,108;622,153;676,002;714,139;812,078;943,158;1103,137;1113,115
003:0,001;108,210;227,066;258,275;300,042;411,253;479,174;701,057;706,179;726,186;923,177;1097,079;1106,082
004:0,001;274,273;300,042;338,029;400,151;414,007;429,127;431,061;556,046;731,082;733,153;740,184;852,083;966,043;1033,071;1136,155;1154,064
005:0,001;227,066;249,050;370,182;385,110;393,057;418,139;424,087;448,076;487,056;494,150;568,179;585,108;668,062;705,068;736,185;794,005;856,090;862,064;866,208;1099,124;1151,170;1196,146
006:0,001;108,210;240,070;252,112;282,035;315,203;357,066;385,110;400,151;455,053;555,103;671,019;672,046;676,173;705,068;801,005;871,177
007:0,001;238,216;300,018;310,117;542,067;552,275;602,137;617,269;654,258;666,026;670,054;672,046;705,068;738,172;926,020;929,164;983,029;990,071;1047,115;1085,153;1123,208;1157,184
008:0,001;227,066;240,070;258,275;274,273;300,042;386,108;424,061;438,219;542,040;588,275;630,153;666,070;668,062;719,018;868,082;900,257;918,109;1034,061;1113,108;1123,070;1131,224
009:0,001;240,070;300,042;424,061;635,101;668,062;672,046;738,172;872,109;889,078;1089,263;1142,173;1155,223;1197,177
010:0,001;237,195;248,058;277,013;288,161;315,203;546,174;668,062;833,241;957,110;1154,237;1172,073
011:0,002;76,009;123,030;311,187;314,117;336,198;358,066;362,250;396,046;428,182;499,211;580,024;597,214;636,107;682,188;689,071;1051,164;1063,153;1191,172
012:0,002;46,072;98,030;142,039;176,231;315,005;396,046;436,101;512,273;558,048;583,134;620,070;825,029;895,205;933,221;952,241;990,060;996,027;1098,222;1112,027;1192,043
013:0,002;93,223;357,108;366,031;418,200;505,091;555,041;569,217;604,054;662,065;689,071;946,206
014:0,002;68,009;226,011;235,005;425,154;442,272;461,116;488,070;583,134;689,071;1044,154
015:0,002;46,072;118,223;233,058;242,222;267,005;396,046;426,034;431,127;488,070;645,034;669,065;711,070;745,071;960,064;980,229;1105,038;1132,043;1164,164
016:0,002;98,030;242,222;265,018;290,069;333,121;339,055;347,163;390,031;410,090;455,225;488,070;783,071;905,246;1015,034;1035,078;1112,051;1119,071;1176,261
017:0,002;46,072;89,012;93,223;98,030;414,163;488,070;775,200;815,065;819,124;1082,142;1114,171
018:0,002;66,008;246,005;413,275;424,263;599,070;679,103;682,179;749,193;767,075;805,057;842,154;923,067;976,171;1112,051;1165,112;1186,050
019:0,002;73,015;105,009;114,030;178,019;228,110;231,007;274,020;305,108;385,139;413,228;488,070;615,117;623,051;633,207;689,071;752,070;771,071;1108,177;1112,051;1143,254
020:0,002;69,007;72,132;228,110;257,250;391,069;586,263;689,071;700,101;705,019;709,133;770,117;835,065;908,040;913,246;965,127;1125,257
021:0,003;358,143;405,212;445,231;448,148;459,051;562,035;580,060;595,033;678,213;876,257;1007,072;1049,052;1132,114;1192,164;1193,140
022:0,003;332,028;342,225;360,275;492,051;589,153;622,033;636,275;647,164;650,197;811,057;1035,142;1054,124;1163,108
023:0,003;352,195;359,029;376,211;402,264;407,030;459,051;562,035;595,033;598,046;659,053;678,213;680,121;703,104;726,038;776,154;837,228;914,065;942,061;1030,216;1054,213
024:0,003;298,075;319,175;366,116;447,251;472,175;557,185;604,080;617,236;659,053;694,196;726,038;836,154;1046,043;1092,072;1102,191;1119,222
025:0,003;95,216;256,035;330,145;362,208;375,060;402,264;562,035;595,033;709,205;738,253;819,186;853,067;901,081;946,186;1139,044;1167,173
026:0,003;359,263;497,145;515,264;590,180;595,033;669,180;676,002;717,110;726,038;809,208;867,071;898,034;905,232;963,075;1024,076;1034,158;1095,068
027:0,003;298,075;387,164;407,030;424,116;543,273;553,164;622,046;650,197;709,205;795,029;863,040;896,147;1016,224;1105,186;1141,059;1157,050;1190,029
028:0,003;278,075;280,272;298,075;455,091;475,005;552,213;576,177;588,233;644,101;659,053;686,019;703,254;726,038;784,067;1178,150
029:0,003;337,132;344,032;382,154;422,161;459,051;578,264;768,043;837,228;844,081;900,110;922,065;967,238;1022,222;1044,040;1053,044
030:0,003;95,216;173,003;344,032;361,112;407,030;459,051;497,048;560,133;612,263;617,184;742,147;745,057;782,068;784,067;928,221;942,072;1102,142;1172,029
031:0,004;55,181;123,081;269,037;277,013;279,098;281,027;346,017;475,005;489,033;568,045;801,082;816,031;836,169;888,110;895,237;921,228;964,124;966,071;1135,099
032:0,004;55,181;116,056;240,070;241,045;269,037;281,027;344,032;346,017;605,182;685,017;752,231;763,029
033:0,004;138,191;168,248;209,017;223,184;269,037;294,109;299,051;346,017;475,005;483,036;487,056;568,045;666,118;692,136;892,057;933,108;935,077;943,034;989,038;1030,246;1085,029
034:0,004;116,056;238,030;269,037;344,182;346,017;487,253;550,164;568,045;685,017;734,168;760,062;763,029;1161,223;1188,207
035:0,004;168,248;332,028;348,241;351,017;407,030;446,069;475,005;481,182;568,045;719,018;883,232;940,067;1055,259
036:0,004;129,077;217,045;289,218;346,017;440,151;475,005;491,053;492,225;546,054;547,044;564,264;568,028;571,056;683,174;719,018;919,240;935,029
037:0,004;138,191;156,098;346,017;486,145;487,056;671,101;678,002;685,017;712,041;719,018;763,029;825,165;849,067;1198,228
038:0,004;123,081;170,028;275,121;332,028;344,032;346,017;347,139;475,005;612,104;633,214;679,275;685,017;719,018;784,067;1116,084;1195,061
039:0,004;116,056;217,045;308,275;332,028;346,017;348,174;382,154;392,057;393,225;442,047;443,196;475,005;487,056;681,202;685,017;719,018;823,241;838,133;863,263;899,151;919,240;932,033;945,116;974,067;1002,242;1011,035;1039,072;1053,110;1080,092;1092,067
040:0,004;129,015;153,003;192,147;217,045;281,027;325,112;344,032;346,017;470,112;550,203;568,028;592,007;600,044;604,210;685,017;719,018;763,029;1003,216;1144,082;1177,029
041:0,005;397,041;453,033;572,150;586,054;623,035;705,068;719,043;787,188;836,165;886,217;888,057;894,073;958,038;1025,186;1097,050
042:0,005;225,184;351,182;453,033;561,148;572,158;598,104;663,072;709,153;717,069;767,075;797,255;807,264;825,148;889,039
043:0,005;366,031;453,033;463,198;579,185;733,032;791,038;810,205;826,043;861,091;867,062;869,187;958,038;1022,027
044:0,005;247,173;279,133;341,022;351,152;393,172;399,149;401,175;533,253;593,103;631,034;676,253;698,046;719,217;722,253;797,038;832,082;867,062;869,158;891,039;971,061;1017,207;1039,092;1128,067;1134,127
045:0,005;298,075;303,228;407,031;463,198;551,046;557,198;699,052;710,090;759,184;956,064;958,038;1038,111;1097,050
046:0,005;419,058;441,254;453,087;482,203;505,043;571,007;675,035;717,041;767,075;772,154;784,089;791,038;867,062;874,165;915,076;1137,127;1150,027;1152,021
047:0,005;185,011;247,173;366,031;505,043;549,041;566,061;568,028;572,213;599,198;603,055;640,026;710,043;786,032;791,038;867,062;886,229;889,039;1077,040;1097,050
048:0,005;342,081;381,175;404,166;418,251;453,033;505,043;554,077;612,196;623,035;726,038;762,074;833,116;858,184;1097,050;1162,222;1176,209
049:0,005;303,112;366,031;466,253;495,148;505,043;563,029;598,104;610,214;623,035;713,047;774,074;793,210;889,039;1111,224;1150,072
050:0,005;392,087;395,231;453,033;554,077;767,075;795,077;867,062;869,187;888,208;901,172;905,208;918,048;974,140;1035,061;1097,050
051:0,006;227,102;238,050;248,057;272,143;351,034;668,036;754,197;775,032;778,065;985,228;1055,117
052:0,006;153,147;180,001;238,050;248,057;268,182;272,020;351,034;659,184;668,036;765,093;770,139;806,068;826,032;900,092;987,052;1051,071;1068,068;1141,074;1156,188;1196,165
053:0,006;164,030;238,050;248,057;287,022;349,073;351,034;390,121;435,150;438,078;472,200;494,116;608,217;623,275;668,036;700,264;806,068;827,043;842,147;867,169;952,153;1068,068
054:0,006;160,011;248,057;255,149;431,052;506,026;568,090;596,179;627,091;644,177;668,036;727,074;771,069;778,065;938,222;944,048;968,077;1009,228;1141,074
055:0,006;198,019;228,054;298,095;412,117;415,172;500,034;659,263;848,112;1160,067;1195,061
056:0,006;206,030;307,166;351,034;562,035;585,034;693,127;774,069;806,068;824,264;871,145;891,172;897,153;942,073;1012,084;1068,068;1148,111;1164,205
057:0,006;145,108;238,050;264,272;291,180;302,190;480,052;497,112;557,137;774,070;776,077;788,205;862,255;869,061;881,215;883,060;1026,146;1054,061;1115,171;1141,074
058:0,006;143,268;227,102;238,050;312,076;348,026;367,007;537,179;668,036;765,093;778,065;847,060;1056,064;1058,263;1068,068;1166,248;1177,116
059:0,006;147,079;228,054;268,182;272,208;351,034;580,206;668,026;673,253;676,107;678,040;692,036;778,065;806,068;808,032;818,111;820,210;834,264
060:0,006;199,003;228,054;248,057;319,254;1004,067
061:0,007;214,027;249,030;267,028;314,181;411,037;471,127;473,065;506,026;527,220;538,024;619,067;671,217;702,131;722,066;882,171;1002,035;1046,076;1052,108;1181,084
062:0,007;471,073;474,127;479,065;487,056;603,055;619,067;626,050;661,033;672,046;704,154;743,179;788,217;879,101;953,191;961,078;970,259;989,146;1011,229;1054,090;1094,044;1114,104;1135,077;1146,153;1149,146;1152,021
063:0,007;445,148;538,024;608,066;633,116;645,154;658,035;677,231;681,107;685,017;686,153;868,116;869,213;904,140;919,213;975,238;991,242;996,213;1042,182;1083,029;1102,254;1106,027;1119,034;1152,021
064:0,007;487,146;506,026;557,165;564,214;603,055;626,050;661,255;676,153;689,081;722,066;904,140;964,172;1048,109;1068,076;1083,038;1164,150
065:0,007;411,037;458,062;538,024;603,055;650,175;703,214;722,066;769,070;776,074;889,090;916,073;937,112;946,040;1083,038;1145,108;1152,021
066:0,007;435,152;473,065;529,134;538,024;647,173;671,118;689,071;722,066;892,229;936,205;985,105;1083,038;1120,209;1152,021
067:0,007;455,203;471,148;473,065;527,220;538,024;608,066;637,052;698,170;711,219;745,153;840,210;926,116;1002,035;1043,140;1152,021
068:0,007;411,037;538,024;561,029;578,044;683,214;694,062;756,041;791,038;882,171;968,040;1183,027
069:0,007;320,068;367,248;408,066;433,150;452,045;506,026;538,024;608,066;626,050;676,083;933,187;965,084;1002,035;1051,045;1059,269;1083,038;1152,021
070:0,007;422,011;494,062;538,024;626,050;677,177;703,040;710,181;722,066;881,213;1003,207;1086,105;1152,021
071:0,008;318,043;350,041;461,274;472,082;569,117;827,071;851,109;858,061;967,070;1014,092;1028,067;1076,068;1135,259;1161,151
072:0,008;153,147;307,095;340,251;439,045;518,165;602,258;631,229;851,109;981,061;1097,146;1113,254
073:0,008;359,175;388,015;442,150;505,038;513,256;568,026;571,184;626,070;674,186;717,030;783,036;919,185;939,035;967,070;972,044;1013,045;1025,072;1059,154;1154,205
074:0,008;340,251;349,026;350,041;388,015;451,171;452,075;513,256;580,129;666,275;754,133;832,254;843,104;872,228;894,246;907,126;976,167;1024,238
075:0,008;350,041;388,015;440,069;452,075;485,164;551,034;595,026;602,258;685,017;733,047;827,108;858,061;986,133;988,109;996,116
076:0,008;350,041;452,075;580,129;596,033;630,269;685,017;753,127;976,078;1014,257;1017,238
077:0,008;318,043;350,041;503,137;568,177;642,234;660,044;736,108;783,036;854,237;1103,050;1151,274
078:0,008;318,043;366,084;374,035;388,015;475,005;476,180;550,158;749,110;764,041;783,036;858,061;938,257;967,070;997,110;1041,264;1151,274
079:0,008;238,050;311,254;318,043;378,145;388,015;466,146;482,049;487,042;555,253;595,029;631,229;818,104;839,207;858,061;1106,110;1193,171;1196,206
080:0,008;370,223;380,221;388,015;472,082;701,188;785,127;851,205;872,061;967,070;999,224;1124,090;1158,153
081:0,009;258,071;337,236;362,068;371,135;514,184;534,275;552,117;557,214;573,043;1053,034;1107,071;1126,142;1135,151;1140,070;1179,248
082:0,009;248,055;382,163;476,078;663,101;744,062;878,217;890,165;968,090;1040,045;1072,146;1093,208;1178,231
083:0,009;128,001;148,028;206,208;209,104;258,071;301,116;388,015;426,036;573,043
084:0,009;217,045;251,075;258,071;315,272;561,046;657,065;770,126;1200,111
085:0,009;109,202;159,132;168,015;256,149;264,234;310,007;371,135;433,034;461,170;462,117;570,082;584,026;608,066;654,090;657,065;769,223;772,173;1069,228;1076,205;1108,043
086:0,009;244,098;251,075;258,071;302,102;311,101;360,231;426,036;566,206;591,043;701,186;747,207;803,264;822,145;1040,207;1180,259
087:0,009;254,198;301,116;337,236;369,188;526,261;573,043;657,065;998,109
088:0,009;248,261;251,075;287,009;340,043;364,075;375,007;426,036;537,179;564,269;581,121;653,103;683,062;698,040;699,017;702,272;734,168;968,073;978,029;1080,188;1091,207;1155,224;1166,072
089:0,009;109,202;188,015;374,029;463,045;467,275;519,151;531,154;555,211;562,035;598,043;1195,061
090:0,009;264,234;310,081;328,068;368,236;426,036;571,029;573,043;657,065;684,133;693,062;752,220;755,089;769,223;901,158;1013,127;1048,111;1062,115
091:0,010;148,028;271,231;373,051;403,067;429,034;468,150;476,038;579,060;713,047;763,164;877,185;891,067;989,207;1012,171;1115,092;1120,077;1126,046;1198,021
092:0,010;148,028;166,202;171,012;284,228;336,147;346,057;359,078;424,053;499,038;599,164;701,207;722,147;725,112;877,065;931,165;1130,082;1141,046;1164,263;1166,077
093:0,010;191,143;387,164;476,038;580,040;764,202;765,177;794,151;1121,029;1159,027
094:0,010;155,104;182,020;220,101;224,196;286,003;366,174;393,154;504,272;600,056;640,180;662,234;676,002;752,208;816,164;924,254;1088,061;1159,067
095:0,010;147,098;231,012;264,211;367,166;424,053;476,038;542,040;619,067;627,033;718,088;785,029;818,068;847,020;852,168;955,237;1002,029;1014,114;1125,109;1169,068;1194,133
096:0,010;158,117;169,211;228,054;275,093;373,051;421,083;566,236;652,044;705,059;717,147;927,061;1098,043
097:0,010;169,211;275,093;373,051;414,200;425,083;542,040;608,066;618,175;640,180;675,217;778,104;795,202;918,263;1027,137;1074,064
098:0,010;148,028;287,218;326,222;386,031;391,087;485,051;642,131;690,275;705,129;728,185;933,154;978,173;1014,067;1016,034;1088,213;1123,071;1139,213;1200,127
099:0,010;155,213;287,198;333,042;358,230;375,222;387,017;396,127;439,174;514,139;537,070;542,040;664,219;711,002;723,133;743,217;820,183;1089,078;1117,258
100:0,010;147,098;148,028;283,216;342,161;424,053;476,038;594,255;650,164;802,108;817,263;961,114
101:0,011;165,175;260,030;348,228;350,117;359,076;474,122;483,053;574,127;604,019;733,083;813,164;816,020;927,036;960,208;1071,111;1142,256;1181,207
102:0,011;166,112;188,013;251,181;287,009;288,181;326,026;364,158;391,112;492,135;584,103;590,219;620,134;703,030;734,193;749,074;816,020;940,242;1017,071;1022,205;1056,167
103:0,011;281,027;316,098;326,026;344,057;441,112;465,151;546,078;634,188;641,041;644,219;689,117;727,074;938,175;985,060;1019,099;1123,188;1159,228;1168,256
104:0,011;251,181;300,188;326,026;376,101;460,236;562,056;604,019;786,186;816,020;927,036;942,072;1111,229
105:0,011;259,172;324,188;344,057;474,122;498,127;604,019;734,252;816,020;942,229;982,137;1113,259;1132,126
106:0,011;165,175;339,218;344,057;498,127;562,061;604,019;734,041;807,069;843,216;894,073;913,186;948,072;1088,070;1091,259;1112,177;1158,154;1188,060
107:0,011;254,163;298,005;425,264;512,148;571,026;604,019;734,158;927,036;942,072;1028,237
108:0,011;254,193;280,020;299,172;309,173;326,026;349,073;402,090;458,091;544,135;571,061;604,019;816,020;940,242;967,146;1001,145;1022,168;1162,246
109:0,011;300,188;315,250;356,139;364,158;399,116;415,164;545,180;604,019;689,071;695,019;706,170;727,074;809,104;816,020;927,036;942,072;1001,079;1108,068;1122,191;1187,159
110:0,011;88,014;135,268;169,104;226,268;254,193;326,026;344,057;553,091;604,019;727,074;816,020;927,036;957,084;1084,099;1167,140
111:0,012;259,172;284,069;294,051;320,147;335,181;373,075;376,208;386,269;420,095;442,047;458,062;549,234;592,217;654,253;680,065;700,080;736,057;744,236;751,057;946,206;1039,027;1043,269
112:0,012;266,175;284,069;361,228;424,130;466,129;497,048;505,071;625,108;701,057;784,067;853,027;864,101;914,223;943,151;992,072;1053,172;1113,034;1145,074
113:0,012;158,058;242,208;400,219;497,048;636,078;666,177;851,241;883,114;982,263;1012,133;1159,064
114:0,012;284,069;345,166;399,224;497,048;601,255;742,057;949,182;963,061;1081,108;1098,184;1131,182
115:0,012;176,202;442,047;460,075;497,048;583,116;711,234;802,090;949,182;1123,228;1133,165;1154,269
116:0,012;294,051;309,202;424,053;506,071;668,112;701,057;788,147;828,081;840,027;951,067;969,133;979,039;999,224;1002,146
117:0,012;238,050;294,051;411,037;442,047;458,062;505,071;600,082;640,104;659,083;682,154;701,057;899,220;948,039;1043,153;1052,039;1072,077;1084,110;1088,040;1134,064
118:0,012;284,069;350,057;458,062;558,090;562,219;656,060;687,054;701,057;892,236;919,040;922,090;968,112;1130,172;1183,099
119:0,012;98,030;129,005;131,208;268,248;367,042;394,029;404,174;427,224;497,048;606,107;612,185;617,054;700,080;743,183;833,229;968,090
120:0,012;294,051;354,022;385,196;422,011;444,195;505,071;654,253;659,112;721,030;770,104;880,067;917,145;997,126;1126,046;1140,068
121:0,013;240,212;277,132;349,073;542,002;571,007;625,070;728,136;761,179;794,005;886,133;953,075;965,043;1186,022
122:0,013;214,027;245,045;260,239;349,073;572,034;585,234;631,051;674,207;918,048;980,219;997,083;1050,072;1061,183;1114,104;1186,022
123:0,013;129,077;198,017;214,027;243,108;301,121;349,073;557,212;571,007;632,136;636,184;641,175;645,083;647,186;692,071;708,181;794,005;890,108;918,048;958,038;965,043;1017,167;1186,022
124:0,013;222,114;232,055;332,078;349,073;550,038;571,007;684,122;794,005;871,114;953,075;986,126;993,039;1025,191;1048,231;1126,046;1138,052;1186,022
125:0,013;214,027;232,055;349,073;541,207;571,007;619,067;631,136;684,122;713,177;742,193;794,005;882,076;918,048;953,075;1013,263;1164,133;1186,022
126:0,013;220,168;232,055;240,212;452,061;541,207;578,145;688,044;708,112;794,005;888,246;898,202;922,060;970,259;1075,173;1141,105;1177,207;1186,022
127:0,013;214,027;222,114;230,112;248,028;260,239;396,046;424,007;463,177;571,007;640,043;688,070;777,141;794,005;871,114;878,151;895,133;1014,158;1027,167;1046,206;1186,022
128:0,013;233,223;381,073;445,030;512,203;571,007;647,186;669,133;722,040;793,036;853,257;882,124;949,035;965,043;1186,022
129:0,013;214,027;232,055;408,057;452,036;473,065;484,158;568,045;577,219;588,188;602,234;705,101;789,082;791,069;848,153;971,083;1049,209
130:0,013;231,045;232,055;289,003;382,198;403,058;417,236;443,139;468,121;501,056;502,269;537,165;543,121;571,007;635,033;675,210;794,005;873,029;953,075;965,043;1126,046;1154,074;1200,021
131:0,014;162,196;207,132;273,035;320,068;331,172;342,230;390,069;674,208;761,255;870,077;895,034;1195,061
132:0,014;142,039;158,058;280,017;293,275;403,067;428,031;432,190;498,129;546,054;580,117;598,046;626,196;682,069;727,074;747,018;823,208;848,043;888,041;895,034;1149,029;1162,068
133:0,014;144,133;158,058;319,172;468,154;775,040;815,133;895,034;1029,116;1175,068
134:0,014;155,028;158,058;320,068;400,127;404,239;506,026;591,210;598,046;621,263;654,264;675,077;1189,111;1195,151
135:0,014;142,039;149,003;158,058;200,081;367,225;403,067;449,045;515,101;591,210;675,069;902,238;913,162;918,034;1123,029;1152,216
136:0,014;187,112;303,102;320,216;332,198;403,067;548,184;591,213;598,046;648,136;708,129;729,181;811,038;888,041;917,081;957,168;1013,140;1016,077;1066,111;1071,164;1143,068
137:0,014;46,072;84,014;142,039;144,133;390,069;403,067;440,069;546,054;552,214;563,048;567,182;595,153;602,177;648,069;888,041;907,210;939,092;1006,184;1027,173
138:0,014;149,272;265,149;272,147;344,188;426,175;464,069;925,076;960,108;975,246;1189,068
139:0,014;158,058;290,035;312,076;370,042;390,069;784,074;802,078;866,089;888,041;895,034;1053,098;1129,064
140:0,014;158,015;211,202;222,108;320,068;384,149;390,069;913,162;986,164;1175,188
141:0,015;116,056;280,017;386,058;422,011;508,263;544,024;580,054;717,069;735,088;804,116;815,197;911,033;1038,039;1060,127;1137,034
142:0,015;277,013;284,190;308,055;348,149;355,073;386,058;469,269;488,067;577,045;667,173;901,104;954,072;1179,043;1188,060
143:0,015;290,179;313,163;355,133;386,058;422,011;488,067;512,231;657,045;689,083;723,018;726,179;740,062;836,169;841,116;929,208;932,110;952,205;1164,059;1170,208
144:0,015;260,111;382,117;386,058;473,108;580,054;729,057;735,183;814,083;830,027;834,064;1057,151;1186,142;1195,061
145:0,015;176,231;182,213;249,147;251,075;273,037;277,013;325,222;337,248;371,239;422,011;488,067;489,070;512,231;647,026;659,053;663,052;696,219;834,064;1142,203
146:0,015;277,013;284,180;299,184;330,190;422,011;488,067;597,040;624,164;646,044;742,071;766,151;869,064;1129,256;1133,205;1134,046;1165,159;1167,146;1183,119
147:0,015;172,143;194,013;268,055;359,219;421,127;422,011;482,049;494,046;580,054;650,231;852,222;862,020;865,067;885,065;911,033;1079,188;1146,046;1199,219
148:0,015;264,019;277,013;335,263;338,224;394,034;414,046;422,011;506,051;543,269;548,263;574,041;753,069;876,104;911,033;987,127;1000,082;1118,182;1132,038;1166,248;1183,074;1188,060
149:0,015;102,168;155,008;252,035;260,111;408,045;489,053;536,182;551,101;580,054;738,081;821,146;965,038;998,027;1039,151;1046,045;1052,027;1053,098;1165,159
150:0,015;277,013;290,179;331,184;422,011;624,034;650,137;725,263;782,029;834,064;1071,052;1183,119;1188,060
151:0,016;209,195;244,103;382,184;506,219;550,083;561,071;617,090;647,041;703,002;718,159;732,018;767,158;847,060;1012,026;1076,072;1140,059
152:0,016;129,196;493,042;515,213;567,046;586,107;649,206;650,050;700,043;751,219;1140,059
153:0,016;165,001;166,012;197,133;227,143;241,035;338,029;376,022;379,034;394,076;433,053;478,211;504,200;542,069;571,007;586,107;599,051;708,184;733,032;877,205;945,105;983,167;1006,219
154:0,016;159,108;214,027;227,275;241,035;331,145;465,033;470,042;478,211;481,196;714,197;723,207;733,032;897,040;930,033;1012,026;1045,034;1071,118;1073,071;1094,191
155:0,016;128,163;342,121;698,040;808,139;819,031;914,071;976,167;979,076;1012,026;1076,117;1084,029;1129,256;1149,043;1161,165
156:0,016;147,079;159,254;241,035;295,161;364,041;419,030;443,017;444,184;493,036;547,090;847,060;957,140;994,038;1012,026;1013,045;1118,157
157:0,016;152,103;344,032;357,082;369,108;431,061;482,190;497,067;557,185;564,145;567,035;604,148;801,089;810,065;839,185;870,205;888,112;923,057;945,105;1117,052;1140,059
158:0,016;128,163;139,005;145,108;152,103;203,056;232,101;400,182;416,145;733,032;847,060;1002,035;1010,168;1095,216;1156,050;1158,110
159:0,016;133,254;157,012;241,035;258,213;300,173;302,196;322,078;501,046;599,051;689,081;745,036;757,108;1062,044;1097,071;1132,155
160:0,016;129,196;133,254;430,236;586,056;599,051;600,026;680,213;748,116;806,231;903,082;1094,269;1140,059
161:0,017;237,033;335,026;355,034;399,015;421,269;458,003;489,139;499,151;510,144;542,002;543,044;663,072;686,104;712,041;730,210;767,168;823,217;830,031;844,236;939,035;972,044;1074,133
162:0,017;161,011;203,058;237,033;278,075;458,003;522,103;542,002;568,026;676,002;712,041;717,255;782,068;884,241;912,039;939,035;999,227;1056,258;1096,071;1139,038;1172,090
163:0,017;250,250;291,182;366,057;458,003;518,261;542,002;546,061;619,175;688,253;729,231;744,018;856,231;859,043;962,147;972,044;1135,170
164:0,017;241,011;250,250;256,056;334,224;407,030;458,003;510,144;568,026;589,069;676,002;782,068;866,089;894,073;972,044;1037,027;1096,258
165:0,017;242,117;265,056;320,263;392,174;458,003;482,049;496,085;542,002;560,133;676,108;748,043;756,081;783,202;800,057;910,034;927,231
166:0,017;253,057;275,033;292,272;416,067;458,003;488,139;542,002;549,219;568,026;600,206;617,133;639,026;676,002;681,202;756,043;757,071;894,073;934,039;936,151;939,035;1032,257
167:0,017;256,056;278,075;441,228;477,239;496,177;542,002;551,234;572,052;585,083;596,026;663,072;676,002;745,062;763,213;865,043;894,073;1029,045;1056,258;1110,029;1112,111
168:0,017;227,066;237,033;291,182;326,026;340,195;407,095;423,037;464,045;482,049;544,261;593,026;662,019;663,072;676,002;720,116;738,082;883,231;1012,067;1020,254;1136,112
169:0,017;242,117;256,056;278,075;399,017;458,003;525,174;542,002;569,275;579,182;623,043;652,133;659,041;676,002;712,041;807,223;928,064;940,083;974,153;1039,109;1041,029;1195,022
170:0,017;256,056;278,075;294,051;321,078;329,206;333,075;443,031;450,037;458,003;491,158;496,061;676,002;729,159;757,137;782,068;809,255;816,020;921,164;1013,045;1073,184;1185,067
171:0,018;280,017;285,022;401,203;452,075;503,184;552,180;579,060;745,177;763,029;783,197;875,066;891,061;953,117;1015,213;1082,070
172:0,018;280,017;285,022;373,051;401,045;453,046;579,060;753,186;765,018;806,040;850,177;894,073;970,222;1082,070
173:0,018;283,206;338,029;402,034;417,017;543,044;689,185;711,173;764,236;785,136;885,020;1022,142;1094,209;1108,182;1115,076
174:0,018;284,228;285,022;401,170;554,041;569,061;579,060;739,066;753,047;759,220;760,066;840,040;926,071;1084,084;1179,222;1193,108
175:0,018;280,017;338,029;401,170;453,046;509,275;549,041;683,060;713,047;770,126;889,039;953,191;1096,077;1113,237;1129,046;1155,155;1176,073
176:0,018;285,022;388,124;401,045;453,046;540,057;548,164;549,041;652,044;668,036;730,057;748,040;1082,070;1186,022
177:0,018;285,022;424,130;451,041;480,180;485,033;520,158;543,044;668,033;678,040;953,117;1071,068;1072,263;1082,070
178:0,018;277,013;280,017;285,022;392,041;401,045;453,046;595,080;607,091;626,052;660,104;670,082;764,040;994,064
179:0,018;237,033;280,017;285,022;338,029;434,254;436,253;461,188;538,046;549,041;614,019;632,112;668,269;678,040;1141,104
180:0,018;283,206;285,022;401,045;458,146;469,042;505,071;523,145;535,188;579,060;678,040;1082,070;1141,074;1154,264
181:0,019;287,009;293,190;300,018;318,043;329,060;435,042;561,029;623,035;684,220;705,059;737,087;752,069;767,075;774,220;891,057;919,027;1036,145;1040,027;1167,171;1180,224
182:0,019;277,036;287,009;300,018;346,225;372,035;432,231;437,273;460,254;620,148;834,064;911,027;1044,209;1046,064;1146,157;1189,256
183:0,019;270,005;287,121;300,018;328,124;372,035;407,101;432,174;435,042;561,029;644,129;705,059;743,145;860,038;888,110;987,052;1090,109;1112,051;1137,228
184:0,019;280,017;285,060;287,009;300,018;328,173;339,060;372,035;396,110;425,149;428,030;435,129;546,150;601,091;705,059;772,252;776,029;830,027;987,052;1140,059
185:0,019;285,060;287,009;324,247;329,060;382,230;390,066;434,275;465,053;542,042;546,054;652,214;713,047;746,018;832,027;1044,209;1093,038;1101,034;1154,219;1189,261
186:0,019;285,060;490,273;508,211;540,057;561,029;702,002;713,047;753,032;830,027;1147,223;1158,203
187:0,019;277,036;285,060;300,018;324,247;328,124;390,066;417,171;433,075;435,042;561,029;579,083;668,045;684,220;926,140;929,162;987,052;1169,168
188:0,019;277,036;300,018;329,060;353,103;397,015;449,152;477,233;540,057;548,070;616,131;712,041;759,145;797,205;800,185;812,069;863,183;1059,229
189:0,019;158,058;201,230;232,005;240,204;277,036;287,009;300,018;329,060;390,066;417,171;435,042;547,188;830,027;895,216;987,052;1140,098;1164,259;1170,072
190:0,019;287,009;300,018;355,212;372,035;386,058;390,066;437,273;540,057;590,052;628,019;658,179;705,059;717,104;722,110;815,139;840,148;844,216;1016,040;1139,142
191:0,020;344,066;367,052;424,053;477,233;703,030;719,018;748,101;856,029;901,228;1003,259;1020,044;1091,027
192:0,020;367,052;599,051;669,188;673,019;729,089;816,020;885,082;911,060;972,165;995,238;1013,045;1129,168
193:0,020;344,066;367,052;703,234;736,043;750,262;816,031;943,175;985,182;1035,044;1150,072;1172,073
194:0,020;201,230;344,066;382,269;627,185;649,116;781,231;794,005;806,146;978,124;1026,165;1188,208;1197,112
195:0,020;367,052;724,275;733,254;816,031;978,137;990,040;996,092;1063,222;1149,038;1150,072;1172,073
196:0,020;356,196;381,121;388,015;400,195;467,101;542,085;543,044;605,041;616,264;624,254;645,091;656,206;679,044;686,104;692,175;703,030;750,234;796,005;809,081;911,033;1058,071;1098,246;1150,072
197:0,020;220,101;291,211;381,034;412,225;552,041;660,052;744,236;879,264;892,164;919,172
198:0,020;367,052;639,208;729,041;735,030;750,262;816,031;920,060;959,187;977,191;1013,045;1086,117;1167,029;1172,073
199:0,020;344,066;365,221;424,061;484,045;504,196;587,071;589,207;639,198;655,033;707,202;793,057;851,222;871,254;904,222;997,044;1150,072
200:0,020;365,221;367,052;703,030;772,066;786,081;793,236;841,032;846,092;922,082;993,147;1012,165;1022,140;1191,043
