001:0,001;64,204;146,016;159,159;367,274;405,239;418,140;453,055;568,063;712,167;859,169;1001,120
002:0,001;156,012;264,133;356,241;392,248;412,055;524,238;618,122;665,229;720,060;721,093;760,056;817,163;822,254;1019,075;1115,244;1162,188
003:0,001;80,264;267,167;328,049;380,042;412,055;581,196;712,144;848,180;965,239;1017,111;1106,269;1139,133;1154,160;1195,197
004:0,001;65,016;80,264;120,051;126,261;164,271;294,141;490,176;662,104;677,173;682,123;1159,110
005:0,001;164,148;264,133;412,055;534,070;599,093;721,111;773,233
006:0,001;164,271;176,087;349,044;390,056;439,163;513,235;581,056;592,034;752,171;787,158;790,184;978,119
007:0,001;203,260;352,118;382,180;412,055;512,179;773,087;822,107;952,230;972,102
008:0,001;75,130;233,141;374,197;447,111;730,234;801,146;936,235;979,080;1015,100;1172,272
009:0,001;164,148;165,176;331,076;386,052;412,032;476,101;546,199;568,114;585,166;973,075;1145,150
010:0,001;185,265;244,179;278,063;379,135;424,124;498,070;587,122;615,205;714,122;792,211;813,243;845,268;926,144;1068,093
011:0,002;42,074;77,017;89,157;206,012;207,042;266,109;283,063;348,183;349,044;415,225;578,087;680,258;715,074;840,107;1098,185;1107,175
012:0,002;38,005;40,267;139,262;146,212;192,271;318,049;325,167;334,150;349,044;375,027;382,135;389,230;577,216;712,218;715,074;800,158;1074,115
013:0,002;42,074;71,042;106,177;137,269;149,012;166,209;307,196;338,083;344,033;461,162;471,225;517,215;572,265;629,133;686,056;715,074;897,215;1058,250;1071,229;1074,179
014:0,002;38,260;71,042;98,174;103,172;153,235;284,075;295,225;450,268;480,234;505,265;538,041;723,250;742,137;809,158;1051,238;1072,174;1156,133;1162,265
015:0,002;232,091;305,108;308,157;344,033;349,044;418,123;538,041;592,089;669,176;700,173;715,074;888,175;1106,238
016:0,002;29,006;89,114;120,001;172,071;196,091;292,260;363,174;397,256;438,079;506,241;551,223;560,189;561,134;614,032;673,189;1148,243
017:0,002;55,126;60,113;89,114;173,071;196,091;225,187;287,162;594,127;633,192;736,076;784,127;1014,228;1080,204;1121,238;1131,222;1178,043;1183,097
018:0,002;71,042;89,157;349,044;380,167;404,089;538,041;578,202;612,060;688,268;1016,258;1077,186
019:0,002;58,017;130,163;320,050;344,033;349,044;398,262;435,162;457,056;504,216;651,208;987,197;1044,272;1194,127
020:0,002;42,074;71,042;93,153;115,063;262,084;284,075;314,134;333,187;466,056;487,192;538,143;575,204;620,202;732,095;771,268;842,227;956,243;1184,133
021:0,003;81,101;99,038;252,163;338,123;356,027;370,268;399,184;407,056;412,204;590,034;649,093;681,170;728,198;828,127;926,200
022:0,003;24,031;99,038;265,218;370,079;526,122;569,063;590,034;675,134;682,138;733,181;781,230;930,037;949,084;1077,184
023:0,003;24,020;35,271;42,051;75,141;155,093;228,042;339,196;349,075;360,191;377,234;512,216;567,032;789,056;793,253;821,037;1081,084;1169,049;1175,080
024:0,003;24,031;133,108;139,196;193,233;370,152;377,036;532,082;567,032;700,136;738,195;821,106;835,060;1020,043;1128,155
025:0,003;76,059;99,038;280,106;339,120;372,063;506,144;567,032;721,112;978,060;1027,145;1072,043
026:0,003;24,031;235,130;260,131;552,265;563,084;567,032;698,040;822,084;889,093;903,179;951,076;991,163;1085,229
027:0,003;99,038;290,187;295,225;347,052;390,197;394,063;530,174;567,032;590,034;658,150;696,056;893,102;951,079;1084,258;1099,093
028:0,003;24,031;389,042;394,179;510,258;511,160;514,120;700,136;771,187;820,106;933,141;1051,256
029:0,003;46,235;84,174;285,120;305,193;441,072;445,138;502,093;580,173;590,034;636,120;644,147;675,181;745,250;795,191;849,060;850,272;1031,254;1161,115
030:0,003;63,107;99,038;291,237;509,087;579,070;765,088;823,056;907,180;978,163;985,076;1104,160
031:0,004;111,153;159,069;349,225;361,131;379,160;386,171;706,122;736,154;814,060;837,270;961,230;986,191;1025,066;1052,196;1073,110
032:0,004;19,121;89,185;159,069;222,268;300,130;681,229;769,191;781,270;823,209;851,106
033:0,004;19,084;71,260;99,233;185,169;495,073;513,070;539,211;560,167;587,215;631,239;752,244;881,258;991,237;1123,043;1163,105
034:0,004;92,113;94,100;159,069;344,033;374,171;485,073;492,191;607,227;652,235;671,106;813,209;833,202;881,032;1086,097;1097,141;1101,106
035:0,004;66,084;129,089;159,069;344,234;351,238;367,083;584,241;768,093;869,138;1079,037;1156,265;1176,201
036:0,004;45,230;254,206;334,250;447,032;468,227;604,196;816,258;1022,140;1160,258
037:0,004;124,174;132,239;171,206;344,234;425,248;684,156;788,256;1181,211
038:0,004;85,017;142,212;156,167;159,018;334,250;510,248;772,032;818,110;887,248;1005,230;1029,120;1071,271;1115,228;1129,204;1189,258
039:0,004;19,084;63,075;66,160;178,114;195,101;216,262;252,220;258,114;465,256;763,175;886,095;1008,200;1067,112;1100,186;1146,112
040:0,004;39,087;258,167;263,114;568,144;644,197;664,243;806,197;854,067;861,243;927,160;970,167;1037,087
041:0,005;59,107;84,063;206,248;254,037;259,123;371,120;387,056;447,248;496,055;554,112;570,239;602,107;624,063;644,243;719,160;757,243;879,179;1084,096;1089,079
042:0,005;86,220;227,111;271,042;289,075;297,249;441,027;450,072;531,270;591,223;658,089;709,198;717,056;744,040;762,215;853,244;1084,180
043:0,005;50,248;69,150;387,056;504,087;563,070;588,167;963,075;1084,096;1183,245
044:0,005;38,051;49,100;71,059;94,063;134,031;172,130;199,167;228,262;387,056;578,223;581,185;627,251;767,060;777,272;832,164;886,238;1105,222
045:0,005;54,179;72,168;128,161;190,235;371,184;467,095;495,114;584,209;587,233;749,174;802,180;812,067;933,175
046:0,005;71,059;84,063;215,230;252,262;285,230;387,056;575,185;586,083;599,162;644,052;658,060;809,037
047:0,005;49,100;310,270;549,150;763,187;869,233;1040,228;1147,031
048:0,005;71,059;86,220;103,166;123,152;160,113;175,100;183,233;444,089;577,251;827,267;1022,211;1024,080;1100,252
049:0,005;68,168;259,123;333,223;376,027;387,056;431,274;432,209;542,218;560,176;636,160;832,220;904,115;969,174;1006,160;1099,244;1105,037
050:0,005;59,012;69,149;71,059;84,063;414,054;418,130;439,115;559,088;869,154;1002,253;1199,272
051:0,006;23,172;100,176;144,071;278,037;296,245;432,063;484,173;570,107;651,192;665,056;686,107;711,204;739,237;985,051;1014,269;1084,154;1156,080;1165,043
052:0,006;44,205;123,118;202,223;243,072;253,118;259,223;359,133;476,061;487,184;555,150;563,010;572,141;708,147;755,171
053:0,006;52,112;88,269;112,260;157,071;225,154;656,119;704,053;712,089;722,146;794,265;868,034;931,037;1073,145;1094,199;1165,202;1191,079
054:0,006;47,166;252,157;271,148;280,203;307,050;332,238;340,027;567,189;830,134;833,174;1049,137;1145,085
055:0,006;23,172;108,121;148,262;225,272;275,037;291,235;347,052;389,191;481,134;812,122;833,234;868,034;899,201;1134,081;1185,043
056:0,006;38,235;177,272;218,168;234,107;340,106;493,072;628,187;744,272;752,238;934,159;975,115;1059,254
057:0,006;44,205;186,031;248,084;256,213;276,265;403,156;451,239;502,095;717,174;826,191;937,123;981,223;999,159;1119,150
058:0,006;123,118;172,069;217,043;259,260;278,069;347,052;363,070;535,127;583,265;673,056;762,241;798,119;883,160;921,169;933,211;1017,232;1046,166;1175,233;1190,043
059:0,006;106,218;144,071;159,069;202,203;243,072;254,037;284,183;314,154;347,052;391,258;435,167;536,119;724,173;728,166;850,189;1056,107
060:0,006;41,260;53,074;121,016;144,071;218,184;243,072;329,262;365,070;371,115;565,063;584,160;604,198;612,218;702,133;850,202;977,127;1039,076;1059,202;1147,031
061:0,007;62,075;74,160;76,187;170,150;185,189;447,027;541,010;548,060;596,104;661,087;686,154;750,181;853,253;1169,049
062:0,007;65,166;84,063;135,108;377,101;404,185;411,197;519,146;712,162;752,102;883,143;1015,174;1079,238;1113,119
063:0,007;62,075;149,272;153,194;161,197;375,176;558,237;648,056;652,174;687,265;847,186;1074,144;1093,228;1104,245
064:0,007;43,105;358,075;412,054;473,141;548,060;906,190;1088,138;1169,049;1190,222
065:0,007;149,272;193,141;290,152;406,075;428,042;534,238;574,112;722,060;858,245;1063,181;1072,171;1077,269;1123,111
066:0,007;55,204;62,075;182,212;548,060;644,052;674,111;714,184;867,267;874,218;898,227;935,119;962,200;973,199;1090,181
067:0,007;76,187;88,167;145,084;399,205;534,181;548,060;935,166;944,160;950,191;1006,271;1069,127;1166,199
068:0,007;2,015;62,075;161,197;353,158;368,232;644,052;691,181;729,197;775,254;910,060;1149,258;1169,049;1181,254
069:0,007;106,177;221,189;303,158;378,150;451,250;548,060;583,127;810,074;850,104;855,265;1141,143
070:0,007;66,075;171,248;228,154;314,108;464,107;548,060;740,136;782,095;901,043;910,080;1154,086
071:0,008;62,223;162,089;287,204;334,105;350,075;359,232;403,140;422,227;452,150;490,274;497,056;513,154;578,250;665,127;755,124;761,239;802,087;816,235;893,037;933,205;1014,243;1036,056;1139,188
072:0,008;64,089;117,208;246,177;326,130;338,193;461,073;519,056;709,275;764,122;951,146;954,037;958,122;962,107;985,256;1046,037
073:0,008;22,083;63,126;109,172;178,149;183,172;210,079;321,220;327,270;349,204;408,108;537,197;547,106;651,034;673,122;706,053;741,218;870,079;954,111;1036,056;1072,101;1137,145;1168,186
074:0,008;46,016;64,089;188,043;272,185;322,174;346,036;543,056;576,230;843,093;991,202;1036,056;1045,186;1091,243;1128,220
075:0,008;61,248;161,174;352,075;425,185;440,191;597,130;730,199;758,146;806,241;867,184;1029,267;1110,244;1114,107
076:0,008;83,179;99,012;126,087;167,012;170,043;174,161;192,089;335,075;397,095;461,073;532,119;652,176;777,144;1104,097
077:0,008;37,230;127,220;231,248;346,036;403,140;412,101;461,073;514,124;567,233;675,056;957,091;1142,031
078:0,008;33,093;53,166;58,167;76,161;153,093;623,056;788,079;794,202;806,123;848,160;944,163;967,106;973,166
079:0,008;40,001;76,161;119,018;132,239;146,168;217,172;346,036;428,239;551,272;604,089;652,268;712,239;904,093;1036,056;1134,105
080:0,008;22,083;132,194;158,172;346,036;461,073;542,147;573,232;755,089;815,174;872,237;892,250;968,043;990,271
081:0,009;35,012;53,054;105,251;108,235;142,001;197,244;211,083;328,176;366,235;510,268;621,170;687,179;770,251;827,088;1106,198;1126,076
082:0,009;74,181;115,269;127,043;216,042;229,171;271,070;314,080;340,027;477,107;593,192;607,079;781,186;971,160;973,032;987,230;1129,269
083:0,009;53,054;62,150;65,001;134,084;207,042;328,243;338,075;398,150;503,192;640,095;659,191;711,032;716,164;858,122;1090,097;1177,253
084:0,009;50,202;207,042;240,171;244,063;277,269;290,171;300,076;324,158;340,027;412,032;472,197;731,175;749,197;917,056;949,032;963,075;977,180;992,275;1099,144
085:0,009;105,001;127,043;340,027;517,208;643,034;655,231;656,215;762,119;920,120;995,272;1164,163
086:0,009;127,043;314,080;333,171;361,123;392,154;396,130;408,131;542,055;559,166;573,211;576,174;731,191;769,154;867,235;1003,250
087:0,009;12,019;50,202;172,073;213,146;253,223;310,171;330,096;351,095;391,235;543,010;621,170;667,244;816,154;844,111;876,174;903,133
088:0,009;53,054;63,262;74,181;128,016;207,042;261,171;383,063;412,032;477,189;668,112;693,184;700,191;803,181;807,173;827,089;882,191;980,037;982,160;1027,086
089:0,009;62,150;127,043;220,269;223,018;253,230;401,135;412,032;517,208;551,146;564,167;602,063;731,175;903,084
090:0,009;80,130;91,187;127,043;200,063;298,193;320,070;330,096;381,262;443,130;492,150;553,270;679,032;709,164;819,216;853,138;963,140;1017,119;1094,211;1169,269
091:0,010;47,016;215,245;284,075;297,050;339,266;404,120;490,171;522,237;523,079;581,084;586,060;611,209;818,074;907,239;914,218;935,197;972,228;1011,186;1027,145;1081,079;1173,230
092:0,010;96,196;170,163;251,111;426,143;519,184;596,056;617,063;641,195;719,070;885,166;925,237;971,211
093:0,010;63,194;106,016;297,050;335,075;360,205;510,055;551,049;561,111;569,138;649,244;709,174;713,070;714,141;915,060;984,086;1131,267
094:0,010;73,241;357,180;531,225;557,250;577,229;659,063;713,070;754,144;756,256;801,060;810,111;833,250;1006,169;1009,250;1044,191;1055,056;1063,230;1172,244
095:0,010;39,087;83,141;212,108;297,050;336,266;438,061;569,223;1161,104
096:0,010;93,111;222,018;262,130;286,177;432,227;438,061;519,055;529,229;586,238;601,122;692,256;717,156;812,067;857,211;952,272;982,051;1052,232
097:0,010;80,012;95,018;148,162;279,111;385,044;438,061;529,229;563,180;583,163;713,070;812,067;837,079;909,111;996,112
098:0,010;119,075;148,162;340,220;344,177;354,105;416,196;595,235;733,216;827,095;864,162;998,093;1060,140
099:0,010;88,269;215,245;297,050;367,042;385,134;545,234;560,089;602,191;660,267;822,067;946,169;1018,191;1120,180;1152,155
100:0,010;65,244;167,146;185,198;216,101;231,177;267,042;317,043;352,118;395,151;448,076;485,227;543,079;713,070;830,143;878,197;1024,254;1047,275;1176,265
101:0,011;9,213;19,204;46,213;161,159;376,088;733,032;759,220;776,123;780,199
102:0,011;9,213;305,063;376,088;384,241;757,040;765,186;803,232;989,106;1073,158;1117,271
103:0,011;83,083;179,177;206,274;356,248;438,199;464,123;652,045;718,220;1034,109;1142,031
104:0,011;68,149;192,265;332,042;360,218;538,041;597,204;697,270;960,134;1030,265;1162,218;1179,140
105:0,011;19,204;170,148;180,108;199,069;207,237;339,156;400,056;547,202;788,032;1049,056;1134,081
106:0,011;132,206;156,264;180,152;272,248;380,185;402,258;649,232;734,089;742,107;835,120;1019,127;1022,164;1121,159;1140,238;1154,095
107:0,011;75,174;92,149;177,115;242,209;617,095;629,272;734,150;911,110;968,104
108:0,011;47,112;82,075;83,217;166,166;252,043;350,079;412,054;417,184;516,239;708,222;1053,075;1095,273;1196,031
109:0,011;59,001;75,233;176,071;187,244;202,150;325,189;380,130;391,093;478,133;527,056;540,076;555,141;576,108;683,227;731,211;796,074;816,191;820,162
110:0,011;22,185;225,018;236,237;278,128;313,120;346,136;403,027;496,162;538,205;562,133;619,181;682,233;853,123;870,060;904,267;1199,085
111:0,012;112,151;382,169;470,076;537,056;632,238;723,104;726,115;937,080;973,138;1138,158
112:0,012;284,158;320,245;350,107;474,199;579,087;657,211;658,216;814,202;844,043;1134,238;1135,191
113:0,012;42,074;82,241;288,179;687,235;844,043
114:0,012;273,160;294,262;298,156;369,063;408,084;416,042;575,267;632,209;673,192;749,229;769,037;896,146;1101,275;1131,181
115:0,012;273,160;361,082;575,111;665,095;823,253;975,060;979,179;982,051;991,110;1043,243;1086,145
116:0,012;330,256;336,050;401,160;510,072;525,122;565,235;644,195;820,056;844,043;922,154
117:0,012;322,106;821,205;844,043;1057,037;1061,222;1121,158
118:0,012;63,262;133,166;140,244;194,264;254,093;296,160;660,144;697,115;704,184;781,176;857,181;945,166;1029,104;1152,239
119:0,012;361,082;518,042;571,049;662,108;681,093;787,134;928,109;957,244
120:0,012;197,274;253,261;330,256;590,205;605,272;939,218;1065,167
121:0,013;29,244;36,005;38,031;210,269;311,070;342,237;346,199;406,075;462,156;467,108;620,084;677,222;689,040;706,102;1176,100
122:0,013;99,227;319,151;452,258;498,070;565,063;627,187;714,084;734,228;877,056;882,232
123:0,013;29,244;120,012;346,199;544,227;565,063;817,181;872,159;922,141;924,220;1126,163;1160,043
124:0,013;31,129;99,227;335,075;347,220;358,052;406,075;441,146;468,072;472,169;498,070;560,010;565,063;642,222;1032,160;1091,171
125:0,013;43,105;93,051;155,095;431,234;478,181;522,161;604,133;899,104;965,234;979,198;1074,158;1131,155;1146,237
126:0,013;76,149;84,012;104,001;117,153;154,248;179,083;498,070;527,117;564,198;855,141;1178,166
127:0,013;20,001;153,203;201,115;342,176;380,238;406,075;432,180;813,211;929,104;979,184
128:0,013;89,087;114,107;409,265;506,061;527,117;552,209;559,251;580,120;628,107;748,202;824,056;872,159;910,265;985,230;999,075;1037,115;1127,096
129:0,013;31,129;94,105;155,095;335,075;343,167;375,245;537,234;542,127;573,032;640,229;672,265;736,228;1037,093;1089,163
130:0,013;65,198;67,267;103,093;154,012;198,156;276,184;380,233;581,032;585,180;801,204;879,056;917,159
131:0,014;35,146;150,204;172,209;218,031;224,184;283,249;288,272;364,220;390,274;436,055;621,239;627,222;633,215;803,211;832,163;934,037;968,079;1036,127;1068,189
132:0,014;43,198;71,260;135,012;161,272;163,185;212,161;457,245;517,160;545,131;554,208;558,049;637,256;666,197;708,156;710,228;736,120;831,216;853,133;1138,275
133:0,014;35,167;314,134;365,256;375,120;411,232;458,161;510,270;528,084;555,042;563,234;659,254;660,158;721,079;851,230;960,066;1051,139
134:0,014;22,176;38,051;167,217;183,203;351,083;359,183;368,176;370,204;538,010;667,060;680,163;803,037;985,179;1070,200
135:0,014;38,051;154,079;302,093;331,042;357,134;469,063;538,010;554,070;627,222;670,258;791,143;821,060;854,134;1033,205;1188,101
136:0,014;41,146;508,234;960,066;1072,252;1093,191
137:0,014;38,051;154,079;197,179;375,265;391,088;433,027;446,244;657,034;659,254;746,162;848,154;888,084;934,174;960,066;1047,211;1085,111
138:0,014;87,012;198,156;327,249;446,244;646,112;665,120;769,265;789,169;912,056;990,086;1006,140;1051,229;1071,185;1140,138
139:0,014;38,051;211,161;605,184;709,134;715,074;856,235;858,112;912,202;958,106;960,066;1072,252;1195,205
140:0,014;41,130;45,093;90,107;231,220;319,084;577,146;726,196;790,120;913,171;969,060;1026,201;1157,174;1168,189
141:0,015;22,223;54,031;159,151;313,249;317,209;372,216;432,072;544,123;753,107;812,256;971,238;1035,184;1063,127
142:0,015;62,026;109,158;295,220;569,166;644,052;663,063;686,228;727,076;732,158;804,076;955,254;1026,143
143:0,015;55,113;173,196;456,189;539,163;560,056;875,043;919,190;1087,179
144:0,015;35,271;63,194;148,012;149,218;354,044;372,216;506,144;621,209;625,270;769,204;785,267;854,144;920,241;995,250;998,143;1117,185
145:0,015;41,017;45,012;97,031;252,212;532,245;672,199;730,104;836,196;1042,150;1131,273
146:0,015;23,014;26,254;62,026;99,111;238,143;341,050;405,221;432,072;542,192;569,070;624,154;674,089;803,196;937,150;957,227;1194,243;1199,160
147:0,015;37,179;238,114;252,069;287,204;349,270;492,072;507,196;569,084;863,104;887,150;1108,144
148:0,015;22,223;257,146;427,154;450,211;606,032;613,158;764,160;806,037;852,179;877,164;987,239;1146,091
149:0,015;109,158;200,018;227,196;297,050;305,184;362,070;365,221;425,199;432,072;470,138;594,227;883,243;1006,198;1140,159
150:0,015;26,254;62,026;152,166;163,141;172,262;203,158;253,063;280,120;333,167;432,072;613,158;654,204;832,198;974,202
151:0,016;49,126;200,272;201,268;592,034;691,045;747,089;751,227;836,204;975,109;1021,137;1042,167;1048,101;1197,273
152:0,016;260,274;371,272;628,237;859,215;877,181;967,032;1040,146
153:0,016;116,101;167,261;253,101;541,130;585,184;645,108;654,032;899,205;959,115;1015,248
154:0,016;175,043;339,069;361,225;410,076;469,072;542,180;558,055;601,199;812,067;889,167;1192,076
155:0,016;173,239;445,223;510,076;723,163;885,111;902,201;967,268;1011,051;1031,162;1190,237
156:0,016;157,012;244,076;438,056;452,272;538,171;702,060;716,205;928,275;1047,223;1110,267;1118,080
157:0,016;154,164;164,239;403,218;1160,154
158:0,016;64,093;106,218;151,206;233,218;255,115;418,141;449,133;595,063;701,248;1156,146
159:0,016;116,101;321,069;376,223;572,143;596,141;714,032;813,089;869,234;982,051;994,180;1045,197;1193,141
160:0,016;280,205;327,042;362,096;384,176;463,056;669,147;766,040;819,180;845,060;988,051;991,180;1116,141
161:0,017;44,271;64,017;145,085;168,187;322,070;364,147;391,265;412,054;442,198;561,245;609,056;705,032;856,043;867,068;887,241;974,201;1023,239;1177,123
162:0,017;158,063;175,115;196,212;249,070;291,183;375,227;431,167;560,076;913,043
163:0,017;174,038;203,143;412,054;419,209;421,230;538,010;551,162;742,138;867,068;888,088;986,204
164:0,017;172,073;249,070;356,143;400,123;412,054;505,056;508,215;587,143;780,173;825,160;867,068;921,275;965,075;1036,056;1062,185;1095,160;1142,201
165:0,017;145,085;203,143;232,269;257,232;356,196;382,070;408,251;571,181;617,268;643,238;850,199;941,127;976,237;1166,238
166:0,017;154,164;172,073;236,220;249,070;421,124;538,010;580,230;702,254;783,248;867,068;868,034;981,137;1075,154;1080,137
167:0,017;41,019;95,169;156,063;171,244;174,187;224,042;326,063;385,044;408,251;534,223;538,010;628,268;677,211;725,258;879,228;968,122;1085,215;1184,218
168:0,017;91,262;110,179;193,073;257,232;363,130;372,223;426,056;450,063;463,154;508,138;538,010;580,211;790,111;939,043;958,223;974,037;1014,269;1035,075;1084,174
169:0,017;95,169;172,073;249,070;398,181;471,196;499,056;538,010;599,143;966,238;968,160;1004,146;1023,235;1058,100
170:0,017;154,152;212,272;446,241;492,233;538,010;578,275;690,124;761,032;868,034;892,204;1072,120
171:0,018;116,126;197,069;298,261;311,147;650,162;704,170;736,084;785,056;969,101;1010,032;1012,101;1044,233;1166,248
172:0,018;58,136;72,051;92,152;139,206;144,071;181,105;312,223;327,042;517,265;580,154;618,250;715,223;769,037;921,200;939,056;981,171;985,235;1040,123
173:0,018;241,037;314,241;346,238;347,089;438,061;512,258;673,198;705,245;1151,223
174:0,018;327,042;540,237;557,220;577,215;597,173;769,037;835,180;900,032;1004,087
175:0,018;317,180;347,185;438,237;613,034;717,220;741,141;829,067;1015,100;1051,258;1139,085;1188,096
176:0,018;327,042;567,150;627,144;735,134;771,179;892,119;1006,088
177:0,018;217,185;241,037;278,176;318,183;332,227;387,189;421,220;553,104;583,267;762,070;799,197;803,171;896,244;946,196;954,146;985,215;1108,258;1152,137
178:0,018;177,202;206,260;251,042;570,275;769,037;848,101;1056,139
179:0,018;232,101;241,037;308,050;410,268;429,238;517,042;555,124;663,160;695,209;808,146;882,056;935,227
180:0,018;241,037;339,203;393,063;469,156;515,083;598,215;646,184;665,191;676,250;845,230;849,250;892,163;1114,146;1135,088
181:0,019;19,076;126,184;132,041;259,043;349,174;444,072;448,095;613,167;704,053;709,119;710,237;734,173;760,074;785,169;857,191;872,265;888,101;957,091;1069,056;1076,250
182:0,019;129,150;144,071;168,054;280,205;390,198;437,140;441,227;463,232;557,202;577,197;643,045;663,115;761,176;855,032;1056,183
183:0,019;96,130;168,054;175,147;284,075;316,079;361,191;420,120;577,199;643,045;704,053;725,087;761,173;799,162;809,215;982,051;1131,085;1144,188;1151,230;1199,081
184:0,019;88,160;168,054;176,189;207,157;241,063;438,088;555,112;643,045;704,053;809,101;853,166;875,037;1154,185
185:0,019;100,176;231,118;272,185;351,120;359,256;360,162;425,111;551,049;663,115;684,087;791,037;803,250;826,137;989,107;998,150;1005,154;1050,079;1081,218
186:0,019;126,184;132,041;175,147;318,050;332,238;532,072;551,049;626,204;643,045;809,101;840,209;864,032;986,051;1038,222;1104,037
187:0,019;132,041;277,249;299,091;305,187;455,227;480,104;915,137;949,043;1152,076;1184,145
188:0,019;19,076;60,019;115,076;132,041;138,083;170,218;231,136;390,111;404,143;568,208;971,110;1142,031;1174,237;1179,275
189:0,019;191,148;224,213;251,063;342,180;374,049;417,181;668,154;704,053;739,137;911,095;1142,031
190:0,019;77,248;132,041;168,054;231,136;335,075;363,203;426,063;480,104;551,049;719,119;775,179;847,110;974,075;978,205;1056,183
191:0,020;126,262;162,169;362,027;365,237;434,211;445,216;452,174;527,156;707,230;770,235;803,254;818,253;846,140;951,179;963,075;988,123;1036,197
192:0,020;105,267;123,114;258,087;317,049;327,070;435,189;470,146;549,010;584,218;608,238;639,040;785,115;888,154;914,112;1047,220
193:0,020;102,018;103,038;158,063;250,128;317,049;419,036;427,084;485,173;664,245;793,060;1003,181;1058,205
194:0,020;53,054;124,198;601,185;603,138;801,245;848,205;896,164
195:0,020;62,026;74,084;140,261;207,100;230,198;358,093;376,123;421,147;513,141;520,205;745,204;764,232;813,186;817,234;826,150;859,198;998,060;1013,095
196:0,020;67,208;231,152;363,050;373,177;442,163;639,040;795,241;914,079;948,181;1127,164
197:0,020;84,217;190,118;243,072;244,131;317,049;414,174;639,040;732,111;808,239;963,075;1041,229;1199,233
198:0,020;239,148;282,043;310,270;317,049;381,211;390,070;472,274;515,250;616,147;639,040;928,109
199:0,020;125,198;168,054;187,268;207,213;217,177;233,261;288,130;298,089;371,156;670,040;720,187;768,199;774,223;941,239;968,196;1073,091
200:0,020;43,198;55,121;147,230;201,130;317,049;381,211;536,141;570,124;749,232;798,070;846,140;998,171;1070,076;1144,109
