001:0,001;188,172;224,165;238,038;312,063;338,005;347,051;450,187;453,016;462,132;532,065;589,033;603,054;849,034;876,050;900,155;1040,266;1066,029
002:0,001;172,212;204,172;298,026;318,099;328,034;338,005;436,041;453,016;482,110;511,124;621,166;738,122;788,079;793,061;869,225;937,051;952,052;989,207;1002,029;1063,069
003:0,001;202,018;262,230;296,054;308,174;310,027;321,247;345,062;352,106;422,072;453,016;468,102;473,124;500,097;633,045;678,251;680,108;856,256;1003,077;1177,255
004:0,001;141,019;166,040;203,132;312,063;338,005;345,062;347,051;420,072;453,016;462,034;565,108;793,061;820,070;858,159;963,187
005:0,001;186,137;188,172;202,072;229,205;248,018;266,046;295,074;318,240;331,133;345,062;387,248;452,169;453,016;466,192;768,070;836,237;872,061;931,207;1010,186;1120,047;1122,071;1139,069;1151,259;1175,085;1192,045
006:0,001;111,017;162,135;166,040;214,250;266,046;300,202;301,211;312,063;319,017;338,005;343,037;436,041;437,029;452,169;721,128;722,080;802,256;963,135;1063,069
007:0,001;178,204;199,181;202,072;214,250;221,033;248,018;266,046;303,026;338,005;345,062;368,160;402,025;420,072;463,025;468,102;691,210;776,186;866,051;940,201;945,225;946,118;1057,019;1116,070;1133,058
008:0,001;166,040;202,072;226,240;231,100;244,226;338,005;347,051;382,025;436,041;453,016;498,097;632,071;655,253;706,166;866,051;888,070;912,159;913,190;949,050;1002,244;1062,246;1063,069
009:0,001;165,004;170,002;208,165;213,227;226,240;347,051;384,194;420,072;466,192;492,194;581,211;589,059;643,169;671,056;684,186;793,061;819,022;866,051;928,050;1057,176;1063,069
010:0,001;202,072;266,046;304,054;312,063;338,005;364,059;389,215;420,072;436,041;471,081;604,069;705,085;771,239;826,047;843,116;861,218;1122,106;1166,070;1176,188
011:0,002;193,082;215,223;239,055;326,102;366,248;369,140;391,156;392,144;395,033;473,214;477,026;711,053;884,093;987,058;1104,256;1127,172
012:0,002;222,045;286,026;355,141;393,074;395,033;453,016;470,135;474,037;477,026;731,195;778,085;842,004;954,265;987,058
013:0,002;190,135;286,026;343,211;362,010;389,065;440,129;538,038;592,069;674,169;685,045;703,239;711,053;772,272;836,239;842,004;987,058;1006,070;1030,119;1079,190;1100,224;1198,037
014:0,002;248,028;268,269;328,125;343,037;378,255;493,058;629,252;656,074;669,237;711,053;837,186;925,054;987,058
015:0,002;171,042;222,045;261,065;286,026;295,074;333,110;393,272;477,026;689,182;693,178;700,080;717,222;729,079;762,262;794,249;842,004;852,023;863,026;941,201;979,224;1012,124;1031,071
016:0,002;215,223;221,056;222,045;283,236;292,026;295,074;344,210;395,033;468,058;682,042;760,039;774,028;827,047;864,063;882,265;1184,220
017:0,002;64,007;90,240;145,005;152,017;164,205;221,056;222,045;261,065;286,026;365,218;395,033;461,214;538,038;569,150;633,255;766,047;842,004;1003,070;1020,217;1038,046;1148,111;1198,169
018:0,002;197,227;198,005;287,077;343,037;370,069;375,187;435,155;538,038;568,141;623,112;711,053;813,085;861,039;913,226;967,035;978,155;982,054;987,058;1108,202;1191,058
019:0,002;199,174;224,028;286,026;326,102;341,030;343,037;399,208;445,106;477,026;596,058;671,239;842,004;948,179;1013,058;1141,073
020:0,002;111,017;251,045;261,065;295,074;300,202;333,075;410,235;424,126;448,025;545,008;569,026;726,053;842,004;996,178
021:0,003;166,051;185,065;193,062;215,080;300,043;551,033;699,035;842,004;986,052;996,019;1112,244;1118,132;1182,026;1197,043
022:0,003;71,174;109,189;123,013;155,056;183,051;204,005;282,133;328,050;332,111;352,239;373,041;441,070;569,073;784,034;1024,171;1031,218;1044,175;1130,265
023:0,003;157,161;193,062;232,228;275,038;300,043;434,051;555,084;650,033;727,175;753,172;784,034;979,239;1025,108
024:0,003;171,042;193,062;255,164;378,215;406,269;434,051;531,008;592,192;670,065;673,036;742,054;842,035;863,248;947,070;1148,111;1159,120
025:0,003;144,255;329,174;332,111;365,074;479,214;528,252;551,033;699,035;729,224;784,034;952,099;1035,085;1182,026
026:0,003;148,056;171,042;185,065;197,144;242,211;374,043;434,051;570,047;634,078;877,134;975,052;1050,019;1108,121;1139,135;1182,026
027:0,003;90,240;144,016;155,018;197,144;268,038;300,043;533,070;541,030;544,051;551,033;699,035;706,026;714,048;733,047;749,052;784,034;820,166;822,069;936,266
028:0,003;140,211;185,065;215,080;256,038;297,198;434,051;509,225;511,255;613,141;635,095;818,190
029:0,003;136,164;166,051;185,065;207,007;269,265;281,211;291,125;300,043;457,061;481,112;515,007;586,027;602,071;614,272;636,066;679,036;698,063;727,036;753,172;1074,266;1166,209
030:0,003;136,164;185,065;193,062;259,070;308,198;367,069;376,043;384,141;386,187;410,080;434,051;469,095;470,079;484,211;490,119;548,079;609,073;810,099;891,220;1146,061;1149,060;1190,125
031:0,004;236,272;322,069;373,012;399,181;404,025;491,058;498,155;551,027;615,056;650,070;675,054;764,037;780,150;829,028;911,205;956,047;1069,049;1092,058
032:0,004;51,070;71,174;294,069;397,268;420,155;481,137;487,071;536,246;586,043;613,114;692,026;708,047;750,194;788,037;840,054;925,244;999,041;1077,060
033:0,004;136,069;138,265;294,069;373,012;389,184;394,030;436,257;479,106;596,150;602,054;606,065;660,156;685,184;708,047;1162,039;1190,204
034:0,004;229,271;235,038;311,239;335,041;373,012;387,186;413,114;476,041;536,131;538,038;544,041;577,081;582,026;602,054;615,056;685,069;878,186;1071,045;1184,085
035:0,004;235,038;304,202;390,123;397,252;464,074;486,100;512,137;602,054;617,137;652,177;672,034;708,047;788,094;814,022;816,080;829,084;919,034;999,041;1038,246;1077,060
036:0,004;222,050;235,038;243,215;368,010;399,181;602,054;657,042;696,122;723,069;783,125;788,269;827,070;831,037;926,077;999,041;1022,132;1083,141;1154,186;1187,102;1188,043
037:0,004;198,034;210,130;342,216;389,184;462,108;506,043;551,027;579,262;615,056;672,034;743,156;891,231;968,065;975,217;989,205;1077,060
038:0,004;276,272;288,149;294,069;373,012;387,186;453,016;458,114;537,034;551,027;615,056;676,034;779,164;804,036;887,047;1166,177;1171,217
039:0,004;238,271;294,069;351,044;373,012;391,007;397,268;468,070;561,069;567,027;650,070;670,078;672,034;714,200;765,126;836,061;887,200;1182,132
040:0,004;220,028;238,271;364,098;365,044;373,012;413,114;450,034;493,268;542,031;551,033;602,054;650,070;672,034;708,047;815,026;854,259;940,194;980,159;999,041;1007,102;1077,060;1165,178
041:0,005;259,058;287,049;315,155;411,017;424,135;656,074;803,192;814,061;847,079;894,220;945,119;956,019;1115,049;1151,273
042:0,005;171,042;196,260;268,255;272,073;379,048;484,031;530,194;756,074;895,041;956,019;1106,195;1119,043
043:0,005;259,058;286,242;287,049;309,255;379,048;452,211;527,041;565,119;656,074;738,035;739,153;747,081;749,137;837,108;956,019;1119,200;1154,184
044:0,005;161,031;200,009;227,018;259,058;272,073;280,156;738,035;741,050;834,048;842,218;859,128;866,051;905,125;956,019;1126,112
045:0,005;280,156;341,030;346,028;377,144;658,220;764,265;870,275;883,051;895,041;956,019;1010,121;1064,069;1066,073;1094,155;1128,037;1155,029
046:0,005;272,073;379,048;467,254;522,026;525,094;654,045;762,265;768,128;886,061;895,041;1021,178;1081,070
047:0,005;259,058;294,112;301,217;379,048;482,119;559,031;594,125;627,056;639,198;649,150;651,050;656,074;725,071;732,078;738,035;795,036;818,183;852,023;855,071;887,228;956,019;981,226;1130,085;1155,275;1169,209;1193,186
048:0,005;196,260;259,058;301,008;341,030;355,137;429,070;437,029;558,075;583,082;695,182;728,050;807,272;841,226;911,022;921,039;940,248;949,201;1039,120;1143,106
049:0,005;272,073;430,047;452,211;462,007;556,131;596,095;621,251;744,128;746,071;756,081;858,125;895,041;972,046;1039,120;1071,160
050:0,005;259,058;301,217;397,226;446,072;512,102;514,007;529,227;536,234;563,100;582,147;588,081;738,035;739,153;762,155;829,053;838,155;862,035;881,232;895,041;964,247;970,022;978,034;991,063;1003,168;1170,220
051:0,006;259,100;275,039;290,036;312,063;352,050;356,215;384,044;389,065;541,030;555,177;556,022;677,119;849,022;1024,063;1066,073;1107,132;1110,060
052:0,006;246,072;275,039;296,099;312,073;460,036;466,034;553,025;555,177;623,022;1052,132;1083,049;1087,060;1097,135;1134,116
053:0,006;266,226;276,078;522,065;556,022;1066,073;1146,255;1163,108
054:0,006;14,026;28,014;121,135;182,031;210,133;246,072;260,098;301,110;321,229;346,028;389,017;518,058;556,022;1066,073
055:0,006;265,010;288,091;389,065;521,043;556,022;1040,092;1066,073
056:0,006;252,021;290,036;330,117;333,248;354,155;370,073;407,166;414,065;556,022;884,133;910,063;977,034;1026,019;1041,063;1174,071
057:0,006;246,030;296,099;389,065;557,121;566,022;815,194;850,039;889,077;1071,073;1094,209;1117,233;1153,273;1191,073
058:0,006;246,072;263,192;434,036;454,144;543,132;556,022;1066,073;1091,028;1096,226;1126,073
059:0,006;260,058;267,132;406,149;422,017;455,029;517,118;556,022;1016,048;1092,077;1178,045
060:0,006;251,144;257,072;290,036;321,229;386,017;471,065;517,118;556,022;1079,269;1125,063;1140,069;1161,220;1165,160;1189,073
061:0,007;588,092;682,026;685,228;779,164;798,022;806,078;1041,066;1107,132;1130,195;1181,270;1190,083
062:0,007;586,059;724,071;791,209;793,047;1027,054;1081,073;1161,083
063:0,007;617,042;712,195;718,186;742,037;752,079;899,092;1087,028;1093,045;1184,039
064:0,007;434,036;473,007;586,059;737,249;742,037;807,209;812,092;878,026;889,097;900,107;977,045;1104,102;1177,116;1184,140
065:0,007;434,036;485,114;632,249;642,108;666,073;670,059;693,228;707,194;745,209;873,069;900,107;977,045;999,041;1041,066;1085,063
066:0,007;586,059;712,195;785,071;878,252;1016,226;1085,049;1112,190;1163,045
067:0,007;580,160;657,122;849,034;854,119;922,108;1012,039;1052,037;1087,028
068:0,007;586,059;718,244;739,047;742,071;752,192;851,228;873,069;977,045;1078,187;1192,177;1197,270
069:0,007;186,137;205,125;287,049;300,055;302,011;330,008;337,013;354,226;493,062;513,070;580,160;783,195;977,045;1041,066;1061,058;1087,028
070:0,007;9,141;58,005;65,179;180,209;434,036;479,150;528,094;566,058;742,037;867,134;1040,045
071:0,008;351,044;386,061;430,047;461,020;474,120;577,229;679,150;693,094;746,253;768,070
072:0,008;426,149;446,252;641,177;683,070;1178,177;1190,160
073:0,008;178,114;260,174;263,135;346,028;391,048;430,047;490,070;496,208;510,047;518,065;574,186;661,160;682,073;819,183;847,053;998,190;1063,218;1091,159;1133,061;1177,264
074:0,008;263,134;276,100;367,082;392,059;404,155;425,242;426,228;540,229;641,094;683,070
075:0,008;362,230;370,058;420,072;474,120;566,073;574,186;597,258;683,070;806,038;841,226;993,029;1089,019;1122,255;1142,073
076:0,008;351,044;370,058;430,106;463,258;634,102;642,258;671,253;687,070;745,272;763,070;816,235;828,028;829,053;886,262;994,070
077:0,008;367,082;378,007;387,061;424,208;484,242;509,108;523,135;534,075;566,073;640,056;683,070;1028,155;1109,060
078:0,008;346,028;351,044;388,007;430,047;463,246;464,208;650,042;706,048;944,155;948,178;1011,045;1158,202
079:0,008;211,075;249,011;263,134;275,039;277,008;349,162;364,210;370,058;448,126;488,034;531,092;548,268;550,058;566,073;823,038;831,069;852,190;878,081;896,085;941,048;1001,160;1072,176;1162,039;1177,070
080:0,008;370,058;426,228;430,025;432,124;550,209;558,033;687,209;728,073;883,059;900,224
081:0,009;262,055;275,039;296,131;363,041;392,257;523,198;560,102;580,027;599,061;682,050;747,048;842,035;875,022;1020,112;1039,034;1122,255
082:0,009;262,149;354,030;380,054;393,092;576,209;599,061;604,042;615,262;819,128;844,035;884,177;898,178;956,179;967,022;1016,270
083:0,009;252,007;296,131;305,230;342,017;354,030;400,257;421,061;438,209;461,020;482,255;556,114;569,079;576,141;604,042;637,066;724,118;770,256;785,053;962,176;980,071;1046,155;1062,121;1101,134
084:0,009;176,188;261,165;287,077;292,130;354,030;444,034;465,095;475,122;512,106;526,095;599,061;604,042;660,211;706,048;1087,274;1126,047;1145,060;1148,177;1166,194
085:0,009;246,030;292,223;349,213;352,130;380,054;416,043;562,081;570,220;578,255;585,027;593,022;818,095;842,035;1009,092;1039,034
086:0,009;276,125;380,054;386,061;446,207;544,075;599,061;683,200;706,048;962,176;1039,034
087:0,009;252,008;318,113;351,044;442,187;455,010;482,141;484,209;497,068;566,073;604,042;640,079;688,209;777,037;805,108;831,262;842,035;1016,256
088:0,009;246,030;264,065;304,231;373,269;626,198;664,036;679,200;822,160;966,088;969,034;1012,218;1015,071;1072,188;1112,209;1169,256
089:0,009;77,038;246,030;334,162;346,271;380,054;386,061;404,214;434,030;448,075;456,242;480,047;539,108;604,042;729,177;882,053;986,050;1033,267;1064,034
090:0,009;260,269;264,242;296,236;316,007;354,030;386,061;453,043;570,220;589,022;608,110;615,066;720,239;754,028;928,071;968,065;984,039;1035,049;1039,034;1145,169;1150,121;1182,186
091:0,010;421,258;518,207;606,065;793,047;985,045;986,194;1007,078;1056,074;1071,124;1098,269
092:0,010;476,041;538,082;664,144;696,063;907,259;953,225;1061,072
093:0,010;476,041;562,167;604,042;650,070;671,128;710,262;747,063;773,129;793,061;899,108;908,069;915,041;919,187;1056,074;1088,043;1128,226
094:0,010;421,258;439,144;443,072;464,133;476,041;502,068;518,041;606,065;607,253;626,212;704,063;936,175;950,049;1056,074;1061,072
095:0,010;510,068;573,080;653,070;762,275;819,061;937,124;1102,120
096:0,010;219,220;263,010;523,194;529,126;599,122;696,063;964,039;1047,184;1093,072
097:0,010;489,007;506,156;556,022;575,145;606,065;624,178;797,122;906,084;950,049
098:0,010;487,184;702,045;730,063;950,049;982,039;986,190;996,112;1061,072
099:0,010;476,041;548,102;559,209;624,178;684,059;696,063;950,049;1032,046;1061,072
100:0,010;203,060;219,220;235,038;259,058;292,135;450,141;477,074;648,026;723,081;767,123;814,262;837,123;855,085;883,059;932,200;947,112;950,049;1122,217;1154,226;1192,072
101:0,011;14,026;32,003;77,038;203,060;216,100;223,075;810,077;899,062;900,099;931,035;968,106;1015,019;1036,159;1079,043
102:0,011;23,021;28,186;161,004;211,075;297,239;374,098;458,122;463,269;466,137;480,225;489,025;570,137;624,033;655,229;669,082;755,050;780,118;785,052;803,228;923,039;969,200;995,049;1182,026
103:0,011;22,005;23,021;34,018;52,031;173,051;203,060;211,075;686,033;737,232;779,036;831,175;935,037;1072,092;1079,043;1095,028;1192,172
104:0,011;23,021;32,004;51,109;144,019;203,060;216,100;286,164;296,013;321,034;389,123;487,062;547,008;583,126;592,238;656,071;722,088;831,175;927,159;1125,034
105:0,011;14,026;22,082;23,021;69,141;154,098;183,038;259,072;271,028;282,174;335,011;350,272;498,198;637,033;718,074;759,063;825,237;867,034;876,048;941,124;966,034;1022,132;1045,160;1061,072;1071,061;1093,121
106:0,011;23,021;113,133;281,098;347,099;352,075;579,246;584,110;588,249;640,045;752,037;843,071;951,270;989,039;1040,071;1174,028;1188,214
107:0,011;21,257;69,013;125,004;166,051;208,034;211,075;553,184;617,182;729,224;863,047;874,039;887,233;1079,043
108:0,011;9,141;14,026;28,186;78,019;195,054;214,242;278,203;295,213;304,034;366,131;423,187;449,080;551,027;560,238;670,114;681,135;788,088;870,135;877,035;1053,045;1184,069
109:0,011;22,082;77,038;211,075;246,030;266,212;356,231;371,091;454,047;512,242;547,208;551,033;560,238;579,045;718,218;970,270;1061,141;1079,043;1130,172;1188,214
110:0,011;14,026;23,021;31,209;77,038;203,060;211,075;444,034;458,122;492,162;505,080;513,025;575,075;768,052;801,034;974,102
111:0,012;161,093;214,255;221,033;255,091;302,050;384,106;440,132;618,079;629,156;660,080;693,074;854,265;945,052;1079,043
112:0,012;161,093;237,011;393,025;398,162;496,246;560,039;617,237;630,137;736,088;749,052;808,195;879,035;956,019;1115,176
113:0,012;129,013;161,031;198,034;221,033;256,007;264,141;375,080;403,246;427,132;444,034;474,131;514,133;544,258;553,192;560,039;601,255;634,220;723,169;754,112;775,269;785,039;819,126;825,028;832,231;853,026;959,119
114:0,012;136,069;212,135;237,011;403,246;444,031;617,237;618,083;744,028;802,026;945,052;968,065;1049,063;1083,186;1163,175
115:0,012;113,064;126,252;136,069;178,114;310,164;389,100;474,131;488,007;511,211;560,039;734,210;802,026;945,052;1113,028;1121,069;1187,071
116:0,012;161,031;198,034;199,009;203,106;237,011;377,202;413,075;436,029;444,034;463,141;576,144;677,085;802,026;1001,275;1165,200
117:0,012;161,031;220,271;237,011;338,005;348,133;368,044;384,234;422,030;438,162;444,034;462,156;490,131;598,126;613,255;631,042;715,237;742,037;874,085;993,029;1023,239;1037,052;1091,029
118:0,012;142,133;148,242;237,011;387,194;522,051;549,147;573,094;633,234;749,052;802,026;953,080
119:0,012;136,069;219,195;221,033;237,011;375,080;465,047;510,125;760,134;798,209;802,026;808,028;838,178;869,034;884,133;939,070;945,052;1005,141;1014,047;1044,046;1046,052;1055,070;1071,049;1093,188;1189,029
120:0,012;136,069;161,031;218,215;237,011;389,100;537,079;560,039;618,083;731,069;749,052;832,231;945,052;1032,160;1044,112;1156,159
121:0,013;203,072;218,070;317,231;324,077;328,210;341,202;357,074;583,112;760,063;770,129;792,250;821,070;827,028;880,070;883,059;922,261;937,051;945,052;964,063;1026,106;1128,188;1144,049
122:0,013;205,070;303,100;306,165;357,074;607,253;668,065;710,243;744,028;883,059;930,092;990,047;1186,204;1200,176
123:0,013;23,021;39,165;381,144;383,054;424,126;427,112;497,025;581,043;622,210;694,169;754,074;758,124;937,186;985,106;1099,140
124:0,013;205,070;252,021;258,122;357,074;386,061;420,229;556,110;564,030;581,043;622,211;744,028;830,137;1014,035;1023,019;1065,072;1072,233;1192,134;1196,244
125:0,013;198,034;218,010;228,212;246,008;260,098;270,250;292,223;351,252;435,029;460,227;558,251;584,220;645,119;711,243;744,028;800,069;831,070;888,118;937,051;952,078;986,019;1061,054;1077,029;1089,054;1199,069
126:0,013;264,028;320,162;431,268;551,027;582,145;605,085;644,272;735,083;760,186;776,119;998,259;1100,043;1146,039
127:0,013;205,070;352,037;357,074;558,251;564,030;629,075;646,269;851,028;879,128;882,135;888,050;932,102;993,256;1067,034;1069,029;1196,111
128:0,013;205,125;257,210;357,074;488,126;536,034;563,267;564,030;566,073;718,244;864,028;873,118;899,048;972,259;1037,267;1146,039
129:0,013;176,188;205,070;330,099;338,252;393,030;418,229;444,041;460,162;478,051;561,027;581,043;615,186;691,079;725,250;805,237;834,256;843,035;894,039;937,051;973,239;996,099;1039,061;1092,063;1102,235;1146,039
130:0,013;264,122;357,074;432,254;474,034;552,124;564,030;605,085;699,075;712,119;717,190;840,069;843,137;977,178;982,218;991,137;1055,037;1072,188;1078,045;1159,072
131:0,014;81,043;127,034;228,093;389,031;565,080;576,079;750,244;780,053;921,070;925,084;968,065;993,124;999,054;1172,201;1181,047
132:0,014;111,005;142,048;253,172;273,164;286,026;289,073;294,041;389,031;532,069;749,232;808,034;821,066;850,081;904,054;940,069;982,050;993,054;1146,028
133:0,014;81,043;147,048;166,051;189,046;246,072;292,216;389,031;398,269;401,110;467,211;476,071;611,081;662,084;676,272;789,125;854,071;885,275;968,065;974,052;1131,241
134:0,014;81,043;181,098;189,046;251,148;300,093;389,031;476,071;532,069;990,235;1092,217;1116,061;1129,218
135:0,014;94,189;142,048;294,041;389,031;532,069;625,237;821,066;840,194;1123,201;1191,246
136:0,014;47,141;81,043;127,034;142,048;193,054;241,093;294,041;358,059;380,162;382,192;419,007;476,071;532,069;821,066;842,169;865,108;866,047;919,039;942,267;1036,265;1115,049;1142,194;1167,028
137:0,014;81,043;149,141;166,040;200,212;295,242;636,069;662,047;843,116;921,046;1013,047
138:0,014;19,264;74,006;127,034;157,009;161,141;293,010;294,041;445,036;502,141;532,069;578,036;748,078;786,210;801,099;981,195
139:0,014;115,186;127,034;189,046;203,132;210,010;517,254;564,135;844,209;885,061;922,039;1066,194;1164,069
140:0,014;19,264;36,016;58,006;136,141;142,048;226,010;290,036;291,021;327,248;389,031;476,071;552,119;599,156;602,071;690,156;782,047;801,172;821,066;889,220;892,232;907,004;943,267;1027,048;1057,125;1081,060;1099,184;1123,063;1191,246
141:0,015;57,103;61,009;113,064;134,008;147,001;250,110;338,011;341,030;430,047;491,110;503,075;514,181;570,073;620,102;626,141;635,094;636,125;685,192;732,048;761,159;799,022;852,023;904,207;911,035;944,259;993,029;1163,244;1193,273
142:0,015;86,018;93,007;306,034;328,017;447,047;541,025;560,092;808,022;852,023;894,252;948,063;1170,168;1173,131
143:0,015;65,003;117,192;234,055;296,013;382,078;391,141;399,037;457,061;477,043;508,166;705,075;723,250;775,081;806,038;851,063;861,093;875,104;993,029;1094,119;1125,069;1198,080
144:0,015;48,027;64,103;144,245;170,007;199,179;296,013;387,108;395,241;457,061;491,081;507,047;542,075;562,025;575,243;604,126;775,022;852,023;861,093;979,217
145:0,015;50,031;57,103;105,012;128,242;205,188;323,235;329,011;384,017;388,217;444,034;563,125;581,080;611,198;620,045;649,255;704,210;720,070;770,256;826,063;948,155;960,063;1095,047
146:0,015;55,012;60,070;94,257;113,064;172,179;173,135;198,062;238,216;295,055;296,013;358,069;399,037;491,266;603,061;615,182;677,026;687,160;716,134;758,194;835,135;1003,080;1110,270;1174,027
147:0,015;23,021;48,027;50,031;113,064;171,040;183,141;186,050;196,005;280,235;296,013;376,030;457,061;491,266;568,022;633,239;697,269;712,084;806,038;852,023;904,207;943,037;965,085;1053,047;1077,267;1091,072;1154,247
148:0,015;48,027;55,133;128,003;147,209;293,166;296,013;371,210;399,037;516,092;520,208;530,025;598,167;605,194;690,251;699,082;790,118;852,023;921,207;925,195;942,047;991,116;1068,071;1091,267;1114,225;1196,045
149:0,015;48,027;50,031;117,192;296,013;358,059;368,235;399,037;510,095;586,033;642,080;988,155;1027,224;1087,028;1146,039
150:0,015;50,031;113,064;147,209;176,179;296,013;358,160;415,055;435,037;501,079;541,225;621,184;671,094;852,023;861,104;993,029;1076,063;1193,195
151:0,016;164,205;173,050;375,099;421,079;506,166;507,074;606,190;704,036;899,062;919,046;1060,047;1138,080;1195,027
152:0,016;146,056;162,204;187,048;296,226;352,250;358,043;392,140;424,065;476,071;481,257;493,207;508,026;602,045;626,022;634,078;656,075;803,275;851,004;892,035;899,062;904,233;1039,034
153:0,016;146,056;180,189;235,050;294,041;326,209;373,012;379,025;587,218;814,077;866,116;1168,168;1187,169;1195,026
154:0,016;81,033;135,002;146,056;159,002;189,050;421,079;435,037;457,149;526,169;541,030;556,110;621,065;643,058;803,134;868,231;879,088;896,069;1000,035;1090,047;1186,121
155:0,016;187,174;192,050;379,025;573,084;899,062;905,088;919,046;1073,274;1108,073;1129,131;1173,233
156:0,016;164,006;173,050;213,226;240,174;257,250;379,025;579,262;607,228;641,065;722,036;826,256;830,034;841,275;1150,073;1156,071
157:0,016;213,226;259,021;283,038;295,097;379,025;587,218;696,063;704,134;864,156;893,026;898,135;935,133;956,019;1091,178;1160,037
158:0,016;21,257;146,056;180,189;258,021;295,097;373,135;379,025;531,008;545,075;660,126;750,128;759,082;793,050;919,046;959,019;1041,217;1086,125
159:0,016;154,038;170,009;173,050;193,204;237,011;371,106;379,025;581,043;626,222;742,269;761,159;796,244;826,200;909,172;1129,131;1185,218;1200,225
160:0,016;162,204;172,098;173,050;379,025;541,030;596,166;614,095;796,048;798,235;827,244;842,004;919,046;1087,061
161:0,017;55,271;228,250;234,055;273,236;300,043;302,113;379,165;433,029;592,022;829,247;962,252;1007,054;1164,027
162:0,017;51,070;85,213;105,003;111,017;188,181;206,143;234,055;285,051;317,212;355,255;358,059;390,132;433,029;541,213;543,047;588,251;675,054;823,186;827,061;925,046;961,220;1056,074;1115,043;1122,160;1158,201;1160,061;1164,027
163:0,017;33,155;51,070;81,033;93,078;280,008;290,166;351,028;358,059;441,241;503,031;543,047;675,054;1039,061;1160,070;1177,264
164:0,017;51,264;55,271;64,007;68,070;93,078;111,017;194,205;234,055;306,027;329,007;398,209;543,047;671,128;801,156;852,172;862,247;922,070;933,054;1039,061;1181,100
165:0,017;67,109;157,028;234,055;306,027;325,069;393,141;451,133;537,080;547,043;567,169;585,234;632,272;675,054;765,069;997,121;1060,184
166:0,017;85,213;111,017;224,223;254,110;285,051;287,049;351,254;433,029;556,025;695,137;763,177;835,088;942,175;1017,135;1146,169
167:0,017;73,119;111,017;157,028;285,051;304,240;306,027;313,272;351,254;358,059;459,110;484,025;511,108;543,047;675,054;914,158;918,048;954,266;990,049;1108,072;1111,218;1176,047
168:0,017;51,070;73,119;81,033;104,179;111,017;188,181;197,227;237,006;255,240;295,011;304,007;308,010;358,059;433,029;541,213;543,047;602,054;658,074;847,160;1023,134;1160,112
169:0,017;22,019;37,184;81,033;120,098;157,028;273,075;306,027;311,047;328,247;335,269;395,061;416,214;440,129;524,031;559,047;698,054;740,155;745,036;784,054;1181,100
170:0,017;37,184;111,017;157,028;285,051;307,123;308,011;312,125;316,047;358,059;453,184;535,070;624,212;656,210;675,054;750,123;901,194;906,118;1039,061;1164,027
171:0,018;290,036;311,047;319,017;478,225;605,022;621,065;673,036;801,095;843,004;848,177;886,244;912,262;950,048;1072,061;1084,235
172:0,018;221,056;242,228;273,054;311,047;319,017;484,272;497,068;537,249;607,211;621,065;647,249;726,119;768,166;806,178;811,155;930,088;972,063;1044,233;1045,134;1048,201;1069,069;1138,049;1142,060;1177,028
173:0,018;319,017;431,007;468,058;690,039;1012,176;1094,047;1108,202;1156,049;1173,141
174:0,018;280,188;309,235;423,007;468,058;555,150;566,031;577,207;607,066;706,048;723,039;974,108;1156,049
175:0,018;277,115;319,017;468,058;591,181;607,066;690,039;863,248;916,050;1005,225
176:0,018;230,054;246,203;319,017;436,041;472,007;494,150;592,059;605,036;690,039;996,141
177:0,018;272,073;319,017;468,058;485,065;537,249;579,039;607,066;621,065;741,177;745,125;1010,168;1156,049;1164,027
178:0,018;277,115;282,235;311,047;319,017;474,106;484,133;502,169;517,209;559,242;690,039;887,034;917,035;953,195;1060,125;1156,049;1182,058
179:0,018;193,054;204,210;301,115;319,017;503,068;607,066;684,065;764,112;1003,058;1039,061;1064,246;1079,259
180:0,018;349,241;425,181;429,242;442,043;499,209;504,137;558,031;601,228;690,039;806,038;883,187;916,205;1001,048;1033,141;1041,066;1059,209;1101,072;1126,058;1136,209;1156,177
181:0,019;63,252;347,132;361,192;372,250;390,255;461,020;487,062;579,045;602,071;873,048;910,071;1138,083;1170,267;1176,047
182:0,019;172,191;193,054;328,155;330,050;406,033;416,131;432,030;451,229;510,062;605,059;612,262;703,253;749,237;776,228;837,022;854,244;1039,124;1064,071
183:0,019;193,054;311,047;340,007;344,108;352,111;353,028;361,137;504,062;524,041;538,082;542,106;579,045;679,071;1126,159
184:0,019;189,046;192,141;193,054;304,034;341,030;350,149;402,124;427,007;461,020;495,234;769,071;1137,260;1138,083;1155,124
185:0,019;51,109;58,010;63,252;84,007;100,245;188,078;210,130;265,055;304,215;322,133;461,020;483,198;510,041;542,166;593,112;602,071;603,190;605,150;727,092;929,048;1059,241;1125,267
186:0,019;202,213;255,265;263,133;296,075;304,034;334,131;408,092;487,062;579,251;603,190;664,124;743,178;946,085;959,035;1014,052;1046,132;1047,137;1068,029
187:0,019;193,054;261,065;297,239;304,034;388,124;461,020;482,119;483,198;487,062;556,022;578,124;803,112;944,050;1085,140;1177,045
188:0,019;205,213;357,110;403,065;442,074;444,051;461,020;505,051;526,147;602,071;814,118;873,047;915,035;1019,218;1031,019;1072,085;1113,063;1162,245
189:0,019;157,161;164,252;296,013;355,130;402,074;460,007;461,020;493,166;542,211;579,045;690,039;740,155;791,048;980,045;1061,220;1176,247
190:0,019;193,054;205,143;247,054;334,108;487,062;531,031;588,198;602,071;1059,241;1065,225;1100,049;1154,124
191:0,020;251,242;257,021;347,140;409,047;419,112;466,126;522,149;531,008;592,208;651,050;990,201;1105,034;1108,259;1145,132
192:0,020;250,272;252,021;334,069;351,226;381,044;415,234;531,008;572,211;651,050;934,247;1064,070;1080,201;1127,037;1138,119;1190,106;1195,119
193:0,020;231,227;252,021;333,242;415,055;429,070;497,068;531,008;578,036;722,150;766,053;771,099;805,079;822,218;831,037;910,054;915,225;975,247;1050,037
194:0,020;240,269;249,223;252,021;360,037;373,012;394,130;409,047;435,248;440,181;488,108;511,026;531,008;621,080;633,022;637,033;643,075;747,118;800,190;812,200;874,004;962,037
195:0,020;77,031;113,106;183,211;252,021;383,164;385,198;425,043;429,070;497,122;615,126;641,249;829,126;889,092;894,187;935,037
196:0,020;255,230;379,025;397,108;419,025;429,070;518,071;542,269;651,050;985,175
197:0,020;229,070;243,215;252,021;326,141;350,229;409,047;419,098;429,070;560,176;578,036;691,190;797,126;804,124;934,034;935,037;1001,200;1069,241
198:0,020;221,056;230,178;240,269;370,166;413,140;415,055;429,070;531,008;590,177;651,050;699,035;702,045;726,048;730,150;835,038;845,080;926,063;979,054;1048,244
199:0,020;227,141;232,045;252,021;344,166;393,149;497,068;508,192;524,100;567,022;578,036;654,222;655,045;724,160;842,224;935,037
200:0,020;77,006;79,106;252,021;339,098;406,030;409,047;415,055;435,246;531,008;578,036;651,050;916,248;928,063;1071,269;1089,071;1168,043
