001:0,001;228,014;233,010;321,224;323,068;334,020;351,158;366,034;406,020;429,219;452,007;561,261;648,072;693,094;744,193;782,076;838,184;912,075;1105,116;1134,072;1172,046
002:0,001;233,010;272,208;307,127;323,068;334,020;347,057;373,012;383,103;396,029;406,020;440,043;487,121;520,194;633,265;634,071;651,063;704,132;979,064;1040,070
003:0,001;219,015;236,107;261,082;323,068;373,012;388,223;418,036;423,075;503,031;559,208;561,013;621,107;633,015;634,033;684,054;709,178;902,114;1110,014;1138,266
004:0,001;252,216;281,243;353,018;371,198;406,020;425,055;429,219;452,007;578,046;606,253;619,027;628,252;722,187;791,103;919,139;978,070
005:0,001;228,177;313,060;323,068;373,012;389,124;418,036;578,046;600,054;717,177;796,067;844,214;849,171;907,185;926,109;1090,120
006:0,001;39,143;144,025;219,052;243,017;250,031;266,041;329,196;347,057;411,067;420,196;520,208;551,265;568,040;618,269;650,094;774,036;811,238;852,040;870,058;912,075;928,033;1008,088;1069,031;1131,014;1200,041
007:0,001;24,102;147,044;191,175;233,010;258,224;318,053;323,068;334,020;347,193;373,012;406,020;435,275;452,007;554,043;568,040;578,046;649,228;655,261;840,145;860,106;918,026;940,267;970,246
008:0,001;233,010;273,193;359,257;391,127;406,020;426,252;452,007;547,068;564,260;568,040;578,046;621,043;630,063;732,067;733,036;804,034;823,184;912,075;1091,070;1103,051;1145,050
009:0,001;230,016;258,224;323,068;347,057;373,012;386,082;406,020;418,036;446,231;449,267;452,007;567,118;637,090;722,007;744,128;754,270;776,145;807,056;814,236;906,026;916,252;932,132;1122,080
010:0,001;233,010;273,193;347,057;373,012;383,228;406,020;418,036;452,007;568,040;621,153;646,051;701,223;766,036;773,116;819,056;912,075;1009,178;1018,075;1061,063;1127,014;1130,105
011:0,002;48,013;97,230;99,111;150,029;182,017;220,045;280,228;331,068;350,073;373,155;442,192;454,168;455,029;552,036;614,236;625,202;756,121;774,060;1127,075;1181,230
012:0,002;30,106;220,174;232,103;575,071;645,208;660,257;671,019;704,118;836,153;933,054;1016,068;1061,040
013:0,002;35,184;71,011;110,262;119,192;131,215;184,015;243,272;256,115;298,035;382,029;469,055;517,119;541,067;557,130;572,265;575,120;801,193;854,156;933,054;1076,087;1087,202;1098,275
014:0,002;31,016;68,192;150,029;170,009;181,103;227,004;298,035;559,063;569,168;575,071;659,253;813,095;933,054;1074,118
015:0,002;33,080;334,020;346,184;367,208;473,035;516,177;697,218;711,049;740,145;741,058;751,176;776,043;855,111;878,060;1068,100;1162,257
016:0,002;24,143;52,208;189,263;228,061;252,010;298,035;345,127;374,080;446,053;575,120;682,138;843,044;922,215;956,054;961,072;973,255
017:0,002;24,102;98,245;180,045;199,052;206,036;241,164;250,053;252,269;279,121;332,206;333,082;366,242;376,070;476,055;531,090;575,071;682,138;721,106;762,063;794,153;886,139;898,168;984,063;1034,027;1196,046
018:0,002;24,143;35,184;233,010;256,115;271,014;386,073;415,236;679,072;683,112;706,085;949,075;1090,014;1172,018
019:0,002;52,208;149,050;150,029;189,263;328,014;376,070;478,131;575,071;792,085;934,116;1016,068;1129,066
020:0,002;28,223;38,055;65,111;146,044;189,151;249,041;298,035;376,070;499,137;608,112;704,256;720,202;770,107;792,049;934,060;1016,068;1153,060;1181,230;1196,139
021:0,003;144,025;212,177;283,095;342,097;366,054;408,201;409,124;479,043;504,086;676,019;692,050;728,200;858,026;885,041;896,001;966,018;1043,149;1150,200;1171,065;1184,076
022:0,003;219,138;239,031;283,095;356,042;362,128;383,001;419,065;434,236;436,222;468,052;573,034;632,033;674,190;744,185;869,108;896,001;946,063;1021,200;1050,144;1067,085;1095,065
023:0,003;144,025;236,085;333,097;348,034;386,177;403,054;468,052;564,010;578,060;606,034;810,044;869,108;875,125;896,001;952,179;1005,033;1086,014;1141,064;1170,029;1187,044
024:0,003;144,025;235,042;338,072;408,201;526,236;573,034;607,186;758,056;838,072;896,001;921,070;986,255;1029,004;1068,195;1170,029;1197,116
025:0,003;154,245;173,147;283,187;361,054;468,052;504,124;564,010;580,072;594,034;820,056;908,274;930,121;951,178;1187,113
026:0,003;144,025;268,257;338,072;468,052;564,010;633,067;699,054;712,007;754,173;847,027;852,040;875,125;896,001;956,089;1028,092
027:0,003;144,025;230,042;338,131;417,201;477,253;603,039;627,184;655,153;723,168;756,094;783,068;923,090;983,132;1089,033;1181,072
028:0,003;144,025;338,072;346,043;362,128;379,268;456,205;486,167;496,222;534,269;549,167;564,010;573,034;754,173;852,040;854,051;896,001;939,101;992,033;1092,112;1141,064
029:0,003;144,025;230,042;333,097;338,072;434,133;441,054;477,253;564,010;607,186;657,027;674,190;814,252;838,072;896,001;952,274;987,114;991,126;1063,033
030:0,003;147,052;250,259;301,208;336,035;341,015;436,222;504,176;545,044;564,010;596,128;685,156;838,072;908,039;921,189;1012,173;1038,060;1043,033
031:0,004;433,131;568,072;617,043;666,019;760,171;812,079;865,185;1182,231
032:0,004;449,099;491,205;496,141;546,045;666,019;744,150;783,050;903,111;915,195;930,172;953,216
033:0,004;453,265;455,218;693,007;728,198;911,246;965,252;1070,185;1071,261;1078,133;1130,274
034:0,004;458,118;466,007;553,145;587,236;600,054;622,072;666,019;727,121;740,240;749,166;855,033;945,039;1046,200;1086,014
035:0,004;311,062;371,239;441,121;620,198;813,189;862,051;911,195;927,033;1075,063;1081,031;1092,065
036:0,004;407,049;432,198;502,080;568,072;740,240;749,252;787,067;836,126;994,033;997,087;1198,032
037:0,004;334,020;366,268;424,182;437,155;493,052;554,186;568,072;666,019;710,039;753,118;758,056;787,087;902,033;1015,139;1061,040;1109,203
038:0,004;249,041;266,075;288,030;296,147;312,131;449,099;452,007;550,052;642,134;763,223;906,039;942,075;1054,004;1062,200;1194,046
039:0,004;249,041;358,004;436,268;529,013;563,178;644,236;666,019;749,166;809,223;874,155;925,033;988,216;1137,050;1173,214;1189,087
040:0,004;245,161;249,041;295,004;428,036;499,137;552,124;628,060;660,076;730,134;1061,040
041:0,005;84,096;123,050;177,057;250,062;296,078;352,015;406,020;475,255;498,086;503,167;535,250;560,005;600,054;668,223;683,128;718,121;786,063;1051,178;1064,245;1078,063;1084,203;1148,018;1190,187
042:0,005;111,050;137,168;165,008;169,230;185,001;219,104;256,082;282,004;286,076;293,089;305,205;398,242;412,035;447,145;468,153;476,196;569,068;654,161;691,198;714,090;793,060;823,063;851,218;885,041;1172,046
043:0,005;85,109;88,009;93,094;183,073;229,228;237,004;260,105;271,053;350,073;408,038;417,177;454,035;485,242;504,043;508,255;560,005;569,068;780,265;885,041
044:0,005;108,217;119,262;164,068;231,138;253,010;311,210;332,034;343,242;560,005;587,109;809,050;844,039;885,041;1028,068;1032,063;1074,092;1142,120;1172,046
045:0,005;65,111;75,049;106,065;183,073;219,104;240,147;327,037;380,015;451,075;459,080;462,037;474,070;513,261;560,005;588,167;654,068;906,178;920,075;983,033;1049,052;1066,116;1103,080;1193,018
046:0,005;91,172;111,050;164,068;252,042;297,239;373,012;408,038;474,029;530,108;569,068;912,156;928,095;1034,087;1066,018;1169,064
047:0,005;33,080;38,020;75,049;111,050;170,066;195,004;219,242;267,031;305,125;311,210;357,034;384,267;390,054;425,206;483,188;560,080;649,068;794,265;868,068;892,008;896,108;897,068;919,223;934,050;996,107;1016,118;1132,214;1141,211
048:0,005;75,049;114,190;152,008;164,068;233,010;256,082;260,105;452,037;509,259;560,005;592,095;685,128;755,063;770,039;784,141;841,066;858,218;885,041;925,039;1028,231;1050,060;1169,100;1196,211
049:0,005;133,185;183,073;289,060;297,114;320,250;560,005;569,068;693,007;753,056;853,252;1017,052;1039,126;1072,050;1130,175
050:0,005;98,245;111,050;164,068;221,065;242,250;327,037;380,250;533,043;723,090;786,270;816,186;825,139;1025,066;1048,075;1120,018
051:0,006;161,177;183,056;203,182;357,032;408,153;449,124;496,128;499,013;504,055;511,050;512,233;630,050;824,044;986,118;1054,031;1103,051;1145,062
052:0,006;203,239;221,065;244,161;256,208;269,058;363,072;397,177;513,128;574,036;576,124;623,055;642,218;715,067;848,056;881,216;976,064;1029,221
053:0,006;161,177;226,034;271,263;381,257;393,068;396,137;471,182;488,201;489,013;551,252;574,032;623,055;704,031;774,206;810,044;925,100;1115,271;1122,226;1167,218
054:0,006;217,149;241,016;269,058;357,032;373,012;389,194;410,029;418,135;440,236;482,031;486,141;630,050;993,004;1054,031;1170,029;1190,030
055:0,006;203,239;221,182;569,032;601,045;607,060;623,055;630,050;874,033;976,064;993,004;1053,231;1075,101;1087,070;1103,271;1155,112
056:0,006;193,230;269,058;304,015;319,180;328,121;455,187;462,252;905,232;929,225;946,168;1077,189;1113,266;1131,051
057:0,006;190,156;269,058;361,263;413,065;416,255;462,047;469,139;611,137;683,054;686,085;764,060;801,161;827,081;892,008;906,058;983,064;993,004;1103,051;1195,047
058:0,006;141,137;326,052;357,032;425,095;771,106;827,069;886,118;989,237;993,004;1054,031;1092,113;1138,218;1190,030
059:0,006;192,124;220,016;269,058;357,032;380,012;384,233;453,145;546,031;673,236;976,064;993,004;1100,161;1103,051;1143,094;1145,062;1183,257;1185,187;1190,030
060:0,006;183,056;221,065;225,061;228,174;313,014;383,001;384,233;623,055;630,050;993,004;1054,031;1157,032;1190,030
061:0,007;59,083;148,009;178,045;181,072;185,260;265,072;326,248;332,210;336,075;428,147;476,035;685,106;924,244;938,110;1003,089;1066,270;1076,231;1109,126;1124,211;1152,060;1184,040
062:0,007;23,055;65,014;92,078;181,072;198,225;361,065;465,187;468,092;479,053;527,198;617,043;809,238;823,069;844,043;870,058;1083,050;1170,095;1186,064;1196,192
063:0,007;17,269;23,055;163,028;178,045;181,072;193,188;211,030;248,053;420,137;487,032;577,035;590,187;624,253;641,145;711,043;870,058;998,008;1022,246;1122,245;1132,041;1200,018
064:0,007;28,109;181,072;198,225;248,053;384,035;451,016;468,188;617,043;914,181;928,173;998,008;1022,275;1023,252;1072,050;1197,195
065:0,007;17,230;23,055;92,078;96,020;108,008;138,016;150,008;202,045;211,030;265,072;458,167;738,177;823,069;838,072;913,049;998,008;1076,068;1156,050;1198,135
066:0,007;38,121;163,028;181,072;183,073;216,030;248,053;395,052;428,147;503,145;605,035;617,043;870,058;1016,161;1141,064
067:0,007;28,156;81,001;145,109;165,078;326,208;384,035;441,208;870,058;1022,275;1043,120;1100,214;1180,066;1198,245
068:0,007;34,230;163,028;178,045;185,260;241,162;265,072;289,074;384,035;697,133;745,161;998,008;1028,192;1030,175;1198,100
069:0,007;50,109;78,011;163,028;208,068;211,030;229,078;265,072;337,015;408,038;416,035;617,043;898,181;944,202;998,008;1016,249
070:0,007;17,230;23,055;134,147;178,045;193,188;211,030;248,053;384,035;617,043;680,060;731,102;823,069;848,161;908,192;973,090;998,008;1010,126;1032,066;1040,075;1112,094;1146,044
071:0,008;234,015;254,047;295,225;353,018;395,070;574,037;666,019;673,200;737,178;830,155;857,100;898,223;965,052;1071,044;1113,266;1172,072
072:0,008;210,132;230,042;299,075;326,052;402,042;417,146;428,036;574,037;700,049;720,088;741,058;803,066;914,087;919,041;968,089;993,172;1015,193
073:0,008;252,248;311,062;361,065;428,036;543,187;592,037;729,039;732,256;763,079;811,031;859,118;873,120;942,223;965,052;1071,161;1076,075;1081,018
074:0,008;155,151;202,045;293,041;311,062;361,065;410,075;428,036;682,195;700,049;843,200;1026,172;1074,036;1115,095;1126,068;1198,040
075:0,008;97,047;109,230;134,223;140,014;172,121;311,062;353,018;367,073;377,070;452,007;517,168;531,090;560,044;574,037;676,036;683,054;693,007;703,079;745,273;769,066;772,116;860,066;935,111;1021,018;1046,110;1074,036;1129,070;1183,245
076:0,008;211,226;230,042;320,240;326,052;334,020;336,075;353,018;367,214;410,060;415,194;483,060;599,257;683,054;700,049;929,179;965,052;1071,044;1074,036;1122,105
077:0,008;202,045;273,113;300,075;412,035;430,105;547,112;635,189;700,049;987,232;1016,068;1081,244;1115,070
078:0,008;243,121;254,047;300,274;353,018;377,214;411,054;464,139;474,036;683,054;704,132;744,103;830,166;861,039;989,274;1007,052;1026,100;1027,274;1071,044;1083,070;1145,062;1176,044
079:0,008;202,045;254,047;273,113;353,018;361,065;439,103;491,180;505,112;574,037;706,155;833,049;999,120;1071,044;1102,115
080:0,008;155,151;184,206;200,044;202,045;220,048;259,184;326,052;361,065;403,070;483,109;521,052;646,194;733,079;965,052;1074,036;1101,192;1110,027;1138,033;1172,133
081:0,009;202,008;230,194;298,030;307,064;333,055;386,186;541,086;563,188;593,081;620,067;655,063;691,087;780,202;864,121;932,051;938,018;1176,014
082:0,009;34,156;224,124;262,004;356,205;361,031;739,039;825,139;829,063;1009,149;1086,218;1143,118;1175,065
083:0,009;250,062;287,255;299,085;386,186;415,054;465,067;530,047;549,121;573,031;755,063;906,116;921,028;924,178;938,018;1004,109;1126,018
084:0,009;212,272;255,037;352,031;855,072;905,172;926,161;1013,163;1032,018
085:0,009;197,274;341,037;352,031;722,079;729,049;749,262;755,063;1101,089;1144,085
086:0,009;202,158;344,113;352,031;808,133;931,232;1007,018;1088,261;1094,244;1126,085;1157,246;1188,275
087:0,009;202,158;250,062;349,053;365,080;407,049;475,086;506,063;584,036;723,265;744,133;755,063;986,070;1080,126;1102,041
088:0,009;233,076;362,032;363,205;368,065;518,118;563,230;568,072;712,086;754,107;766,223;779,050;814,114;890,172;938,018;1078,113
089:0,009;212,272;239,037;276,250;284,028;352,031;938,018
090:0,009;28,223;96,083;184,072;197,274;253,037;313,158;472,063;519,056;532,189;661,072;698,236;742,145;766,050;813,031;866,063;877,202;938,018
091:0,010;72,035;115,217;137,070;243,031;251,043;266,075;312,051;334,020;378,053;443,071;478,147;582,036;726,232;787,068;824,021;874,149;1023,095;1086,014
092:0,010;119,091;166,019;218,245;418,034;470,178;583,061;588,230;597,208;611,230;739,031;768,115;812,039;908,095;921,045;1166,060;1172,185
093:0,010;72,035;126,215;576,252;602,068;611,141;814,168;874,149;915,216;936,085;980,033;1086,014;1193,063
094:0,010;97,047;137,070;205,014;218,245;222,080;251,043;266,075;418,034;452,037;497,226;626,087;805,186;816,171;824,021;844,273;892,045;959,133;962,058;984,039;995,175;1060,060;1101,144
095:0,010;91,255;97,047;137,070;222,245;306,194;460,054;497,226;606,080;639,119;653,050;671,171;686,120;697,067;754,169;824,021;857,246;920,270;1126,173
096:0,010;30,106;72,035;91,255;97,047;215,045;251,043;314,147;342,259;452,037;504,050;559,096;598,182;666,208;706,043;824,021;845,270;855,060;885,172;889,049;926,101;933,054;1020,072;1023,045;1086,014;1193,063
097:0,010;72,035;97,047;144,102;227,030;256,004;266,075;392,016;470,178;517,222;559,096;583,061;632,033;648,238;740,234;824,021;832,033;877,172;901,027;958,045;990,208;1006,161;1043,114;1064,139;1086,014;1195,047
098:0,010;109,065;137,070;180,031;249,255;301,114;365,075;418,034;443,071;480,013;579,032;626,087;632,033;734,101;743,081;796,184;801,051;819,110;919,155;961,261;1008,114;1016,261;1068,063;1086,014
099:0,010;112,091;137,070;243,104;255,230;407,060;452,037;564,010;624,127;632,033;666,019;726,169;824,021;881,033;982,192;998,008;1015,018;1077,063;1086,014;1159,179;1193,063
100:0,010;123,085;262,064;352,095;376,275;432,031;443,071;470,063;482,194;504,237;510,215;550,105;583,061;610,194;726,169;744,150;835,033;864,068;895,045
101:0,011;205,151;247,057;272,047;274,131;327,016;460,030;475,198;573,034;597,096;783,067;862,072;864,225;924,150;939,058;975,049;990,204;1066,075;1104,087;1105,051;1153,192;1174,115;1177,041;1187,216
102:0,011;157,019;183,164;252,064;367,055;392,155;420,015;503,176;545,044;621,274;733,036;814,120;823,026;965,075;1049,066;1132,257;1172,070;1179,116
103:0,011;179,080;190,004;226,206;322,124;378,016;405,180;420,029;592,184;601,218;618,208;622,068;637,206;802,102;823,026;852,040;861,111;1030,231;1143,246;1155,045;1197,178
104:0,011;183,164;219,016;251,068;269,087;320,127;428,036;437,242;453,008;457,267;545,044;592,184;823,026;876,173;935,121;1053,033;1057,219;1061,040
105:0,011;143,206;203,057;225,061;251,068;252,064;470,268;523,086;538,037;571,253;712,184;792,234;823,026;1011,156;1085,245;1100,261;1110,149;1122,072
106:0,011;146,044;225,061;251,068;254,158;307,239;343,016;379,004;382,029;574,063;612,109;941,144;1013,041
107:0,011;154,070;225,061;271,216;274,230;339,167;352,267;538,037;578,156;592,071;598,202;715,027;726,091;742,155;759,253;806,107;818,202;852,109;919,058;951,092;969,226
108:0,011;146,044;272,034;382,029;538,037;545,044;592,198;668,156;674,051;755,186;806,121;892,033;921,198;953,219;1079,202;1080,072
109:0,011;146,044;217,015;225,061;251,068;277,223;382,029;566,035;601,071;626,274;738,261;783,067;856,092;861,270;938,107;1016,121;1183,163;1194,063
110:0,011;199,175;243,017;252,064;364,034;377,054;395,187;416,269;506,239;588,206;722,096;783,067;856,092;1031,163;1046,066;1087,175;1098,065;1106,274;1157,126
111:0,012;44,019;131,011;144,036;220,048;233,010;253,041;281,039;287,060;408,153;488,237;509,230;777,208;828,060;1161,064;1171,221
112:0,012;151,230;220,048;277,214;281,039;287,060;990,179;1083,110
113:0,012;144,036;223,063;230,194;236,015;238,241;281,039;287,060;844,050;1070,040;1140,177;1141,064
114:0,012;144,036;248,038;287,060;850,144;976,101;1069,153;1070,110
115:0,012;167,157;223,063;248,038;281,039;327,015;388,171;724,060;821,273;848,168;865,087;1024,189;1063,126
116:0,012;178,008;220,048;281,039;388,171;644,036;653,223;718,039;737,049;824,021;850,144;932,070;993,004;1092,139;1121,076;1137,204;1181,041
117:0,012;172,004;248,038;277,214;291,075;308,245;428,128;680,214;783,067;815,105;864,060;1044,063;1081,033;1085,076
118:0,012;144,036;167,157;223,063;248,038;286,228;293,004;438,054;506,043;509,230;549,052;573,196;759,230;783,049;937,101;938,120;1020,060;1193,070;1200,117
119:0,012;42,015;75,049;94,019;141,156;148,036;189,174;218,034;248,038;287,060;560,005;569,060;880,246;896,171;955,050;978,214;1037,004;1105,072;1113,202;1145,062;1179,226
120:0,012;214,168;223,063;236,175;250,062;279,137;333,184;336,035;360,269;609,054;641,068;653,214;727,206;768,120;895,039;1025,063;1078,060;1161,275;1181,085
121:0,013;150,029;158,066;180,031;243,015;284,028;328,018;339,187;395,052;396,265;442,168;443,071;497,192;538,037;541,260;544,206;586,100;623,051;761,101;875,126;878,051;936,076;1112,200;1127,075;1174,192
122:0,013;23,055;131,094;161,102;263,243;284,028;328,018;346,043;350,073;434,186;582,070;612,273;636,141;726,060;765,232;859,202;879,068;885,076;888,232;897,092;926,063;961,121;978,095;986,050;1061,163;1099,095
123:0,013;158,066;180,031;263,243;265,124;328,018;344,035;352,119;376,070;390,184;420,047;453,008;470,259;489,042;498,032;583,061;700,051;1031,195;1052,052;1085,063;1142,116;1148,033
124:0,013;100,121;180,031;273,166;328,018;337,203;346,043;350,073;395,052;402,263;420,047;511,182;575,071;590,094;623,051;951,237;990,204;1155,089
125:0,013;207,089;281,080;284,028;328,018;346,043;381,187;492,070;623,051;633,015;643,067;701,161;718,051;753,110;893,041;1105,168;1185,046
126:0,013;158,066;190,073;217,149;277,085;284,166;315,045;328,018;337,203;350,073;395,205;495,194;522,036;610,108;623,051;951,237;961,072;999,076;1045,173;1162,014
127:0,013;158,066;214,076;220,242;243,132;296,060;312,177;395,052;420,047;623,051;895,076;985,168;1010,179;1157,065
128:0,013;176,085;221,015;233,187;312,045;328,018;329,196;393,237;395,052;398,265;623,051;753,110;783,121;834,107;872,033;896,153;941,232;976,208;983,198;1031,195;1084,018;1132,100
129:0,013;183,106;301,105;350,073;374,198;420,047;458,118;581,265;788,068;821,141;882,026;905,100;993,105;1065,249
130:0,013;166,044;207,089;328,018;352,119;420,047;520,070;610,108;619,118;717,196;761,132;929,049;976,064;998,110;1063,091;1090,179;1127,075;1166,107;1173,033
131:0,014;177,057;282,180;296,177;312,045;330,036;343,060;414,053;514,265;544,168;563,269;693,007;709,270;729,007;753,056;800,223;803,081;926,236;930,171;961,072
132:0,014;399,218;429,075;473,112;490,187;547,095;585,090;643,027;693,007;849,155;892,008;899,253;961,072
133:0,014;101,132;266,015;330,228;366,250;375,042;402,119;437,158;473,112;506,063;630,101;653,096;668,019;693,007;892,008;925,101;946,236;993,004;1040,091;1134,070;1137,027;1145,144
134:0,014;394,056;414,053;531,081;805,259;892,008;924,149;961,072;1150,068;1170,041
135:0,014;389,029;418,034;473,094;533,007;547,068;680,019;693,007;750,049;763,027;766,126;859,033;894,044;896,001;932,163;951,240;970,075;998,101;1022,134;1062,045
136:0,014;330,036;358,095;480,118;490,124;514,056;540,063;709,270;722,120;759,054;805,259;891,051;909,045;912,041;948,172;1048,202
137:0,014;324,055;470,063;547,068;604,134;691,178;721,161;741,058;820,056;899,253;1019,208;1070,105;1127,075;1146,231;1166,050;1184,214
138:0,014;281,039;312,243;350,057;414,053;597,070;646,196;693,007;741,058;753,056;766,126;816,105;863,133;892,008;961,072;1039,192;1150,068;1175,200
139:0,014;414,053;470,063;693,007;741,058;753,056;892,008;904,001;937,173;1073,202;1078,173;1113,231;1193,139
140:0,014;399,218;470,063;666,019;693,007;753,056;761,118;796,150;898,081;938,018;951,240;1039,275;1067,070;1072,050;1150,068;1200,117
141:0,015;393,068;422,053;430,043;496,055;498,050;503,070;537,043;576,153;766,171;853,090;870,200;952,225;1000,240;1015,270;1061,033;1153,211;1179,120
142:0,015;460,202;603,027;916,244;921,028;949,054;988,116;1190,044;1196,257
143:0,015;408,038;430,043;546,012;581,137;625,239;703,060;726,034;774,027
144:0,015;430,043;549,194;606,239;621,107;660,119;710,193
145:0,015;393,068;430,043;485,063;636,086;687,200;720,261;729,270;913,049;988,092;996,156;1006,202;1069,121;1184,018
146:0,015;237,162;252,064;256,248;273,105;289,074;393,068;398,015;481,053;483,141;491,047;494,201;541,109;603,027;1200,018
147:0,015;430,043;553,187;576,153;582,168;649,027;892,008;983,070;1105,018;1138,095;1146,168
148:0,015;238,241;289,074;369,210;430,043;560,005;588,243;603,027;1147,066
149:0,015;482,105;603,027;1092,112
150:0,015;289,074;393,068;418,245;425,267;430,043;474,053;499,103;554,070;603,027;740,036;774,054;807,076;909,274;1117,120;1123,244
151:0,016;78,012;92,016;452,007;460,030;472,013;595,060;602,096;637,033;809,166;819,087;832,033;892,045;1034,068;1042,033;1043,089;1063,255;1072,050;1113,270;1147,040
152:0,016;457,209;460,030;472,013;578,156;627,034;747,058;758,202;810,044;892,045;963,085;1121,050;1175,071
153:0,016;252,269;299,004;439,054;472,013;594,145;828,060;843,245;850,106;853,150;1145,062;1175,071
154:0,016;457,209;472,013;561,005;624,036;659,187;717,185;859,193;999,150;1110,072;1134,065;1175,071
155:0,016;453,008;475,070;557,196;584,222;600,054;623,121;724,107;752,236;810,044;895,163;1029,068;1129,161;1134,270
156:0,016;453,008;460,030;472,013;590,068;664,118;701,049;720,088;781,156;881,223;892,045;1175,071
157:0,016;453,008;472,013;591,086;633,178;705,100;753,056;871,033;896,105;990,085;1062,240;1149,066;1172,046
158:0,016;383,001;410,038;451,054;453,008;472,013;597,121;663,068;922,080;1100,065;1102,068;1145,014;1157,107
159:0,016;453,008;547,068;556,147;619,094;681,060;700,189;923,045;929,156;1047,004
160:0,016;453,008;472,013;674,100;693,189;810,044;832,033;880,189;903,126;922,080;1108,091;1149,033;1179,071
161:0,017;282,248;376,207;381,004;383,001;389,060;406,067;735,234;789,100;850,103;933,208
162:0,017;287,028;340,207;383,001;428,128;495,050;564,185;710,052;715,155;718,171;751,060;758,141;772,034;842,245;1176,202
163:0,017;97,047;108,080;139,091;144,006;207,206;219,057;286,028;342,194;385,105;406,067;494,094;580,128;584,178;623,055;710,193;733,036;825,050;882,118;883,208;909,105;1100,163;1102,089
164:0,017;277,030;347,072;353,018;383,001;399,073;406,067;733,036;912,232;938,198;996,214;1041,163;1125,261;1147,087;1152,178
165:0,017;284,075;305,206;333,051;375,016;377,121;428,168;434,080;495,050;533,081;563,141;595,156;730,141;752,039;838,261;1158,149
166:0,017;23,055;114,127;277,030;278,037;406,067;495,050;551,067;749,088;796,034;846,116;939,054;985,144;1107,087;1126,032;1167,044
167:0,017;277,030;338,034;344,014;361,074;386,237;495,050;514,056;537,043;580,261;701,039;710,052;731,153;829,050;1050,139;1193,063
168:0,017;297,074;383,001;394,073;431,034;460,168;509,067;710,052;721,076;789,027;792,049;811,273;837,087;842,076;881,044;894,110;985,153;1064,275;1130,040;1173,271
169:0,017;277,030;383,001;402,135;454,047;462,177;668,186;736,171;761,187;791,067;799,031;871,225;966,058;988,027;998,008;1062,079;1072,050;1104,132;1124,065
170:0,017;283,131;312,051;345,124;406,067;630,137;642,087;672,184;682,121;710,052;745,043;756,208;765,214;872,050;882,060;938,018;1137,271
171:0,018;101,132;104,065;148,124;201,223;252,064;344,042;423,075;489,042;545,194;546,012;569,238;637,081;730,076;749,200;824,021;829,106;835,232;907,202;1041,045;1101,211;1135,208
172:0,018;67,126;68,052;229,037;294,075;344,042;407,049;446,108;489,042;546,012;559,042;569,238;671,034;869,168;901,133;1073,178;1092,065;1190,214
173:0,018;67,119;104,065;162,106;177,057;257,242;317,228;322,092;423,075;489,042;500,183;546,012;559,042;621,176;640,103;741,036;755,162;761,190;819,062;854,026;921,070
174:0,018;68,052;229,037;322,092;344,042;414,053;423,075;474,206;546,012;559,042;584,222;623,187;757,138;763,031;816,214;838,238;841,156;854,026;878,044;912,033;950,039;997,072;1100,214;1118,115;1140,065
175:0,018;70,172;104,065;212,206;238,106;307,242;364,082;407,049;423,075;432,237;441,182;459,075;489,042;514,047;546,012;576,186;582,034;633,015;697,095;815,145;848,208;884,060;887,192;1092,065;1130,149;1195,047
176:0,018;166,109;177,057;221,065;229,037;310,212;318,215;323,269;330,036;334,020;352,267;366,230;416,255;559,042;564,010;582,207;633,015;656,273;737,054;819,062;854,026;955,134;969,225;974,253;1013,063;1084,218;1092,065;1170,029;1195,047
177:0,018;67,119;68,052;241,010;259,121;261,047;314,051;340,223;393,055;407,049;468,052;487,260;559,042;582,207;633,015;640,103;682,086;737,054;819,062;854,026;906,208;966,189;1112,085;1132,257;1143,075
178:0,018;68,052;229,037;269,058;274,087;374,092;512,053;521,112;522,261;574,090;633,015;675,034;687,177;737,054;819,062;869,043;933,156;971,079;1109,255
179:0,018;68,052;104,065;125,137;145,168;224,030;327,037;329,137;344,042;422,049;446,108;546,012;573,206;633,015;642,043;657,037;814,114;919,045;1080,018;1091,208;1101,211;1111,163
180:0,018;77,172;84,223;338,210;374,060;395,192;407,049;500,183;546,012;563,208;595,147;633,015;646,256;737,054;826,044;830,198;921,070;1180,240
181:0,019;258,016;286,180;482,047;585,039;753,273;777,039;1054,168;1143,185;1145,179
182:0,019;228,255;277,072;312,045;315,055;384,015;455,198;472,080;526,045;746,054;844,244;1080,079;1092,060;1100,195
183:0,019;228,184;427,124;442,053;445,259;514,056;526,045;611,222;632,039;666,031;687,090;704,103;787,090;933,153;1131,045;1160,014;1181,107
184:0,019;219,124;315,055;409,168;571,131;573,013;585,039;964,018;1080,168;1102,032
185:0,019;190,103;280,174;347,196;453,215;484,031;514,056;526,045;574,037;627,161;781,039;836,138;921,028;934,219;1049,095;1102,032;1134,060;1156,245;1196,133
186:0,019;214,076;254,149;278,194;312,045;315,055;361,054;394,056;397,087;526,045;644,176;731,102;771,068;881,089;939,018;1037,101;1102,032
187:0,019;219,057;224,107;246,127;315,055;361,054;419,055;457,202;566,044;585,039;866,056;872,090;921,028;938,063;940,267;968,120;987,133;1195,168
188:0,019;120,245;144,036;260,275;288,269;362,215;371,087;523,187;526,045;568,040;585,039;627,161;634,176;764,134;797,034;801,090;844,244;881,089;897,121;921,070;978,072;1034,088;1102,032
189:0,019;190,036;256,208;260,275;452,047;569,185;729,039;768,155;816,060;832,033;856,072;865,173;887,027;900,089;963,126;980,018;1032,240
190:0,019;227,156;228,031;272,078;291,042;327,037;335,167;361,054;419,236;424,060;430,206;450,252;518,218;569,182;671,036;702,107;953,244;1092,041;1097,060;1173,032
191:0,020;183,056;190,017;312,051;333,034;361,182;406,020;421,184;487,032;546,012;574,100;672,168;704,031;746,133;813,066
192:0,020;158,066;169,174;227,031;333,174;367,248;374,269;393,055;517,119;682,238;746,100;925,245;1025,066;1118,044;1197,032
193:0,020;216,045;217,265;218,034;376,070;399,192;515,147;551,035;576,094;610,188;618,273;748,066
194:0,020;233,187;254,259;413,065;427,215;448,155;473,233;487,032;650,107;711,039;748,066;1054,045;1200,033
195:0,020;261,208;298,034;380,242;393,055;532,189;621,036;626,101;628,196;636,100;730,031;746,168;823,069;839,066;1105,105;1118,044
196:0,020;202,206;206,036;218,034;286,082;347,250;349,037;355,228;417,187;436,180;506,242;529,139;615,072;626,101;733,167;748,066;1172,046;1189,115
197:0,020;108,217;111,050;147,112;218,034;393,055;539,222;568,070;667,101;836,134;933,060;937,087;938,018;1118,044
198:0,020;198,052;248,038;253,156;270,034;305,257;378,215;394,056;445,239;748,066;831,118;960,079;1005,054;1027,251;1029,221;1163,270;1197,092
199:0,020;194,137;251,043;304,205;313,076;350,014;393,055;394,056;432,034;449,071;471,109;585,039;720,067;748,066;772,043;817,095;902,026;937,226;1118,044;1150,068;1170,187
200:0,020;203,057;224,230;232,127;241,042;245,215;254,047;312,051;330,036;348,092;353,018;395,239;487,032;573,168;730,007;739,084;748,066;849,139;864,178;962,246;1011,039;1161,244
