001:0,001;67,178;214,128;238,245;273,218;473,142;625,194;629,084;700,248;1057,266
002:0,001;10,094;85,052;115,212;331,061;370,079;489,243;604,051;704,118;780,076;927,120
003:0,001;20,089;127,100;174,266;228,170;236,266;280,224;441,189;517,217;653,273;660,168;684,208;785,177;934,127;986,155;1093,103;1107,240
004:0,001;13,168;144,170;146,178;252,111;285,186;331,061;401,241;406,142;555,039;560,193;590,113;627,271;640,073;651,151;698,261;874,089;906,197;995,126;1020,043;1057,044;1105,181
005:0,001;10,170;13,168;81,052;214,128;255,166;309,103;435,101;515,076;547,039;604,051;668,270;700,205;825,204;863,155;880,131;1140,249;1156,120
006:0,001;10,170;187,209;218,041;219,026;272,149;401,241;506,219;630,096;686,071;729,198;1003,203;1079,030;1137,206;1142,119
007:0,001;10,094;141,225;148,060;245,198;348,081;355,242;370,079;530,160;640,205;784,155;925,052;932,112;975,092;1066,110;1180,079
008:0,001;11,149;135,152;145,133;216,236;320,142;329,131;331,061;435,101;455,189;468,168;547,039;579,183;604,051;641,118;740,076;881,073;886,205;1034,103;1092,198
009:0,001;72,275;148,060;214,216;348,175;354,273;391,224;487,195;604,051;670,138;767,209;775,150;850,142;884,208;1036,052;1051,227;1079,030
010:0,001;63,150;92,268;148,060;323,201;458,175;547,039;593,120;1005,090;1079,030;1105,181
011:0,002;82,190;93,068;177,212;239,094;320,065;522,177;576,153;614,092;619,229;744,157;769,099;815,082;850,150;1067,260
012:0,002;59,069;73,160;107,069;139,169;181,094;211,057;291,219;305,226;380,100;393,177;522,105;567,142;584,085;609,242;612,104;667,239;693,242;813,167;837,134;892,103;968,170;980,177;1047,126;1082,183;1130,186;1152,167
013:0,002;54,012;73,160;171,111;175,133;179,039;211,057;288,168;320,065;490,167;536,165;603,243;607,155;839,242;1019,124;1101,256;1123,264;1128,111;1141,085;1184,076
014:0,002;59,069;65,175;290,216;352,065;445,229;550,098;623,266;653,265;694,207;730,082;813,267;1015,175;1048,043;1169,127
015:0,002;52,215;95,006;111,150;131,068;172,026;269,207;294,266;391,267;678,239;1152,242;1171,092
016:0,002;49,150;59,069;82,190;187,251;189,176;192,224;225,091;253,112;283,192;291,219;339,071;427,197;454,100;486,041;502,202;523,233;561,212;791,103;900,087;1026,206
017:0,002;59,069;72,011;409,247;669,195;944,096;962,142;1135,259
018:0,002;53,009;107,069;161,212;174,190;175,175;301,238;320,065;539,092;772,111;834,233;1016,039;1151,107;1176,097
019:0,002;52,215;66,004;107,069;155,163;178,082;231,178;236,036;244,172;252,091;343,159;372,191;424,097;647,248;846,111;963,085;1023,094;1082,134
020:0,002;82,133;101,243;171,198;179,039;193,166;394,103;415,227;589,168;648,271;695,203;760,212;941,085;993,254
021:0,003;12,130;61,174;76,017;140,025;183,256;226,111;396,216;565,209;593,054;684,264;692,199;831,067;974,043;983,099;1132,114
022:0,003;15,123;48,017;102,225;113,052;124,160;137,089;141,266;164,091;200,163;433,076;484,120;561,097;572,092;590,094;617,157;726,112;831,067;842,259;869,248;975,270;1051,240;1129,271
023:0,003;6,195;140,025;152,138;211,147;246,057;254,243;346,163;421,065;437,090;492,082;669,054;692,199;831,067;852,150;880,101;890,193;939,229;946,094
024:0,003;5,243;140,025;174,105;234,089;326,090;560,063;600,234;763,183;1030,052;1070,092
025:0,003;5,243;84,166;140,025;179,145;210,041;230,225;234,044;254,243;399,100;447,073;548,098;594,054;665,157
026:0,003;27,207;38,020;43,131;101,107;140,025;152,138;157,211;206,226;241,036;269,158;439,141;517,104;567,064;592,099;767,206;795,112;852,271;880,085;961,113;1052,211;1144,204
027:0,003;50,170;140,025;159,061;216,157;273,044;367,039;381,105;416,091;454,229;457,039;754,260;777,234;1101,188;1150,124
028:0,003;61,174;75,004;115,212;145,006;149,157;180,111;213,129;233,132;244,238;252,132;606,195;690,267;1004,141;1014,044;1017,240;1103,155
029:0,003;22,157;93,100;140,025;197,153;202,170;281,090;326,148;350,177;351,205;353,266;412,144;457,146;516,073;595,096;672,166;678,096;689,204;721,183;932,166;1066,231
030:0,003;12,130;43,131;86,004;111,094;250,044;269,158;461,081;583,063;679,223;694,247;797,094;883,124;997,079;1159,175
031:0,004;39,068;86,202;144,104;368,134;456,266;494,229;606,221;734,270;929,090;957,266;1051,124
032:0,004;125,051;213,206;273,089;286,141;343,092;374,104;494,071;553,216;579,213;585,216;634,191;683,165;701,098;715,047;724,225;868,052;883,104;944,259;1090,221
033:0,004;101,251;213,206;396,146;456,234;577,126;704,270;707,082;978,131
034:0,004;107,069;209,217;211,071;238,096;276,179;281,187;377,195;385,180;416,214;596,194;646,142;948,221;1130,256;1146,206;1190,110;1197,212
035:0,004;115,214;261,043;281,121;311,105;323,060;343,092;442,168;492,153;539,242;592,270;634,209;674,094;850,090;904,134;1048,138;1086,090
036:0,004;159,011;164,120;176,192;248,128;573,090;751,035;763,271;1065,090;1135,209
037:0,004;51,240;115,028;154,090;221,105;518,079;641,134;645,073;687,132;811,205;870,052;897,203;1017,155;1122,267
038:0,004;114,148;142,123;159,217;164,148;318,087;388,214;399,273;424,071;441,189;448,118;654,097;859,034;972,169;1037,104
039:0,004;133,104;550,251;564,127;955,235;1060,202;1071,166;1081,257;1103,182;1138,235
040:0,004;99,179;314,128;406,223;623,146;644,226;938,076
041:0,005;49,209;86,157;258,204;341,059;351,094;358,126;403,195;406,039;481,082;492,191;534,046;743,098;1035,110;1068,150;1094,112
042:0,005;142,094;167,127;178,190;262,227;347,039;447,081;449,094;464,111;615,132;685,084;775,213;906,089;994,099
043:0,005;87,275;170,011;185,052;201,170;223,160;252,265;276,167;277,191;347,039;501,097;534,046;571,265;630,113;661,222;750,052;777,054;906,083;944,226;982,208;1140,149
044:0,005;150,051;153,069;177,234;404,226;412,112;421,163;442,216;534,046;575,213;626,267;810,209;813,113;993,148
045:0,005;18,217;58,028;286,111;309,170;401,036;414,159;517,243;582,148;681,241;734,160;776,084;777,054;912,213;1020,160
046:0,005;64,248;183,221;230,195;313,059;359,243;371,076;406,236;560,076;777,054;909,182;959,160;1059,229
047:0,005;58,028;262,218;367,219;396,087;412,243;496,189;587,112;721,165;836,052;1031,110;1043,240;1050,096
048:0,005;49,012;58,028;252,144;256,179;272,226;285,245;347,039;379,267;411,168;434,112;777,054;901,073;975,156;1030,198;1082,264;1106,143
049:0,005;77,091;124,131;148,028;246,190;347,039;422,128;436,163;438,209;463,065;559,097;560,104;621,193;703,061;772,198;860,082;895,142;901,131;964,096;1141,083
050:0,005;139,169;211,057;285,233;310,163;325,236;337,069;345,087;582,207;683,266;748,035;827,254;1026,186;1136,154
051:0,006;159,061;243,237;282,154;430,127;487,032;510,205;533,265;538,079;609,165;618,158;621,073;766,125;864,233;987,226;1044,149;1126,189;1173,165
052:0,006;169,242;266,214;285,165;366,204;414,090;425,094;436,212;500,094;505,191;595,207;644,038;667,150;751,229;822,191;946,209;982,115;1026,083;1078,110
053:0,006;174,165;358,129;363,121;462,092;547,175;621,073;896,039;1126,189
054:0,006;195,226;204,207;334,089;386,227;421,191;505,186;526,241;642,194;673,124;862,264;896,039
055:0,006;159,061;174,050;195,226;210,108;332,097;346,071;356,236;451,170;600,126;614,213;668,245;672,073;896,039;904,133;975,127;1054,270;1150,234
056:0,006;58,028;232,134;363,141;494,079;497,090;619,195;656,104;721,052;828,138;975,156;1052,039
057:0,006;199,227;293,089;379,144;394,085;463,134;621,073;766,125;973,101;1000,184;1083,267;1096,083;1133,087;1158,186
058:0,006;160,061;289,138;1036,127;1108,077
059:0,006;159,061;289,214;298,126;405,193;426,195;486,127;553,096;628,079;697,189;850,212;865,052;872,175;949,186;1018,188
060:0,006;200,168;351,131;506,157;525,194;609,183;642,073;785,124;1035,039;1092,085;1133,039
061:0,007;51,240;172,026;207,191;272,142;281,059;391,190;412,148;634,198;661,146;865,084
062:0,007;8,207;172,026;241,267;247,233;266,087;324,233;340,129;371,202;492,126;541,063;601,241;695,264;785,205;804,240;821,206;1112,216
063:0,007;43,271;169,144;252,082;265,157;537,254;874,197;1173,240;1181,138
064:0,007;29,100;106,129;349,197;398,076;576,158;598,227;850,188;857,034;865,231;913,206;996,189;1105,227
065:0,007;56,271;210,198;253,071;315,059;394,124;452,167;478,144;541,063;583,160;1005,182;1111,222;1155,267
066:0,007;46,211;180,039;201,208;371,222;541,063;612,259;931,052;1020,143;1098,249;1131,195
067:0,007;46,211;121,133;158,129;208,060;209,147;245,090;377,096;475,146;608,198;629,242;644,254;818,264;971,090;1001,052;1067,233;1112,223
068:0,007;62,069;73,227;148,060;200,211;227,036;237,057;274,100;410,205;615,189;685,118;699,223;948,183;1078,112;1087,209;1127,222
069:0,007;61,187;150,245;400,127;406,234;444,082;475,071;487,134;533,227;683,146;873,212;1010,097;1185,083
070:0,007;43,271;52,195;172,026;317,179;400,206;450,067;456,158;668,134;718,113;808,073;827,229
071:0,008;32,100;41,234;225,214;292,193;347,204;363,120;427,146;430,271;618,234;966,044
072:0,008;14,065;41,234;50,144;112,176;140,069;232,043;263,234;533,084;599,138;669,206;719,193;875,259;953,104;1045,111;1118,202
073:0,008;87,149;160,069;220,043;259,167;305,180;397,166;494,073;550,267;612,177;662,128;711,189;788,222;870,188;891,209;909,182;1100,175;1102,167;1125,266
074:0,008;14,065;82,111;191,256;233,268;351,216;382,036;492,089;527,150;653,052;656,054;728,221;931,149;1025,226
075:0,008;15,065;54,259;57,006;70,199;87,238;125,186;286,268;320,065;444,146;458,191;472,071;487,032;492,089;547,168;746,073;748,096;861,195;939,101;966,044;990,086;1015,044
076:0,008;14,065;46,017;99,179;218,041;264,125;321,268;392,217;666,155;778,209;801,212;824,092;837,128;922,231;966,044
077:0,008;14,065;175,221;195,069;209,160;220,043;304,145;383,191;410,039;475,121;599,209;733,128;1004,267;1081,254;1087,202;1105,177
078:0,008;18,236;60,069;220,043;275,129;337,069;380,260;432,071;504,197;873,112;1057,097;1131,044;1140,097;1160,270;1171,042;1175,087
079:0,008;18,236;44,100;87,182;199,148;212,145;220,043;292,193;330,191;380,260;717,141;895,256;896,039;995,138;1016,206;1019,142;1056,163;1080,227;1098,254;1123,125
080:0,008;32,011;117,108;154,191;192,041;205,145;218,148;234,224;286,071;304,145;377,216;435,168;436,179;458,150;601,098;860,103;865,094;938,043;942,235;966,044
081:0,009;32,065;87,076;294,025;329,054;355,146;364,198;379,064;431,165;439,073;450,067;536,165;653,052;871,101;1005,089;1042,249;1059,254;1065,160;1080,235;1083,208;1098,062;1115,119
082:0,009;126,034;190,251;390,133;439,073;450,067;463,196;564,167;589,105;660,052;972,169;1191,188
083:0,009;65,234;120,071;126,034;153,045;164,151;294,025;336,118;548,117;575,248;694,202;969,259;978,082;1055,086;1098,062;1129,044
084:0,009;47,153;160,006;197,165;222,233;232,204;251,168;273,242;294,025;325,081;328,153;482,112;575,233;667,183;715,047;721,142;729,256;781,087;864,097;1044,231;1057,253;1071,082;1126,257;1175,186
085:0,009;127,142;198,238;231,028;244,265;246,177;268,216;281,265;294,025;329,054;362,133;533,089;617,126;644,270;653,052;961,146;1093,184
086:0,009;104,121;165,087;294,025;329,054;365,208;453,132;647,038;653,052;749,209;762,079;892,254;987,216;1160,223
087:0,009;111,177;121,209;158,202;178,240;210,238;294,025;329,054;357,134;417,100;466,271;541,141;572,028;616,211;1057,146;1060,234;1148,186;1165,169
088:0,009;87,076;211,111;244,265;294,025;328,153;383,251;439,073;523,206;578,216;686,061;715,047;797,165;872,191;913,083;1027,089;1098,062;1108,166
089:0,009;126,034;158,240;220,043;232,204;294,025;336,186;436,065;460,124;651,160;665,264;854,227
090:0,009;110,148;189,190;203,134;219,218;231,194;319,217;382,036;463,196;497,168;556,154;615,236;653,052;822,260;834,067;1013,163;1061,249;1098,062;1164,143
091:0,010;23,004;51,030;156,155;298,167;317,238;422,150;456,041;470,138;592,196;652,159;721,126;965,175;1158,042;1171,256
092:0,010;25,002;36,007;42,259;50,223;51,030;174,172;266,138;317,195;338,242;362,179;438,154;541,063;561,144;650,030;679,180;956,141
093:0,010;19,188;35,153;51,030;109,185;172,197;213,059;377,208;465,112;471,133;523,094;547,039;561,198;593,167;631,105;764,103;773,118;909,229;937,216;1100,043;1113,128
094:0,010;49,137;213,059;272,149;399,096;558,191;668,030;670,229;844,112;913,094;1007,128;1108,101;1158,042
095:0,010;22,178;133,188;156,155;284,217;312,100;368,175;455,198;524,159;650,030;708,151;715,132;729,211;736,225;822,208;914,209;1079,030;1118,114;1128,039
096:0,010;17,163;192,182;241,227;257,128;294,025;303,209;610,051;632,090;650,030;678,261;715,239;722,104;835,205;904,101;930,104;1023,195
097:0,010;14,065;131,127;187,060;192,141;213,059;234,044;276,190;331,061;365,064;395,082;432,134;437,233;505,170;623,097;1004,076;1088,253;1121,118;1143,234
098:0,010;17,188;79,172;155,060;192,233;495,064;527,117;588,052;656,089;1022,154;1041,096;1043,264;1060,085;1083,169;1145,115;1158,042;1174,270
099:0,010;35,153;40,163;148,082;300,175;494,064;578,251;595,076;733,120;885,077;1006,085
100:0,010;42,259;99,094;109,185;138,144;163,052;180,207;190,108;197,176;213,059;385,197;496,218;634,203;689,071;816,079;1031,090;1038,101
101:0,011;197,225;241,165;265,044;284,035;341,146;402,170;403,064;525,254;580,206;681,191;867,087
102:0,011;209,060;237,151;284,035;294,127;476,096;550,094;679,148;917,271;1053,248;1137,268
103:0,011;200,069;204,190;233,201;537,144;604,099;658,170;760,034;908,076;998,125;1042,184
104:0,011;210,248;226,141;277,131;474,201;533,218;543,063;610,170;675,092;703,241;735,242;1124,142;1158,215
105:0,011;84,150;470,064;530,265;760,034;910,120;918,052;1055,267;1140,089;1148,113
106:0,011;140,036;145,243;179,127;185,198;193,100;274,082;343,186;363,064;502,127;585,188;609,134;706,168;760,034;920,052;1051,089;1139,039;1186,164
107:0,011;230,202;311,111;351,044;388,178;429,198;553,203;595,193;760,034;925,198;1011,128;1093,030;1141,128
108:0,011;192,041;226,188;324,120;334,065;363,064;416,226;1025,203;1078,223;1099,208
109:0,011;96,236;188,121;276,036;282,177;298,214;363,064;576,097;619,051;640,240;711,271;743,251;766,126;771,034;922,184;1034,233;1047,098;1084,235
110:0,011;233,201;262,044;284,035;327,137;363,064;446,179;458,267;521,260;600,183;735,204;797,154;859,132
111:0,012;98,157;110,121;471,150;515,126;560,148;574,242;672,221;726,222;813,251;858,112;872,096;1034,092;1157,239
112:0,012;36,011;130,137;183,160;223,060;363,059;379,092;528,064;627,089;629,239;673,132;700,180;771,052;923,170;928,205;944,249
113:0,012;146,150;157,176;178,267;196,177;544,268
114:0,012;126,082;144,195;172,055;178,267;233,076;393,249;558,183;579,189;704,214;725,206;865,270
115:0,012;106,186;108,217;155,256;166,100;213,221;263,190;264,248;626,202;651,151;716,148;1064,126
116:0,012;6,142;62,011;172,055;184,157;213,267;293,202;411,180;425,157;482,197;544,153;555,197;886,155;978,225;980,223;990,086
117:0,012;6,142;126,082;153,131;273,144;349,133;357,214;728,134
118:0,012;96,168;192,039;235,112;300,125;315,271;358,039;387,248;571,224;604,157;658,186;751,089;869,092;941,157;1005,132;1077,167;1104,231
119:0,012;112,208;172,055;185,052;188,222;338,142;468,041;504,249;700,265;726,154;899,079;975,264;1146,182;1155,089
120:0,012;119,208;192,131;321,096;393,071;445,134;479,167;782,126;799,239
121:0,013;93,256;104,231;148,089;224,061;231,028;236,217;260,060;326,159;404,186;483,071;696,216;918,204;1140,225
122:0,013;26,137;129,087;178,165;185,137;324,202;353,245;684,061;715,227;786,193;911,113;945,212
123:0,013;56,045;93,256;164,268;171,108;187,134;249,248;382,064;521,189;542,273;568,205;636,208;679,233;858,104;920,203;998,039;1189,140
124:0,013;44,233;211,057;308,103;387,233;433,166;485,225;547,157;595,226;642,196;684,061;741,071;858,133;886,073;916,225;986,234;1006,195;1128,175
125:0,013;7,268;56,045;104,231;118,108;255,192;275,036;304,224;352,044;421,065;492,126;498,236;606,111;653,073;712,134;792,090;837,085;926,111;1036,083;1175,098
126:0,013;40,172;56,045;86,202;284,160;312,071;322,168;389,148;398,271;460,101;607,222;715,047;731,105;756,211;1002,101;1106,204;1117,068;1122,225;1124,253
127:0,013;5,133;75,142;161,089;268,238;310,112;349,209;422,097;439,073;534,046;542,097;559,111;584,120;590,239;614,254;640,213;1018,177;1084,271;1122,225
128:0,013;5,133;56,045;110,111;159,275;220,100;292,222;376,166;426,204;440,186;573,229;666,240;675,160;723,073;911,034;1030,223;1119,211;1182,216
129:0,013;17,251;175,208;224,076;230,234;259,172;461,144;502,233;825,111;913,082
130:0,013;46,233;187,195;200,208;201,267;212,226;471,154;667,118;684,061;787,127;924,142;1004,223;1011,120;1137,155
131:0,014;11,007;15,083;20,223;54,244;72,188;212,058;264,195;613,085;840,165;972,125
132:0,014;54,244;174,225;199,242;336,194;501,071;502,175;588,052;592,221;650,242;727,166;861,118;1113,089
133:0,014;54,134;78,244;188,188;572,028;650,132;666,175;858,085;871,231;1022,118;1068,143;1117,068;1118,126
134:0,014;66,123;113,248;212,058;281,205;318,267;348,188;682,209;829,212;849,043;879,166;1017,260;1117,068;1166,096
135:0,014;54,134;126,034;185,142;293,251;354,111;383,153
136:0,014;64,012;94,266;246,187;262,091;455,219;460,204;572,028;585,213;588,052;599,212;750,261;911,141;988,167;1096,177;1100,146;1108,167
137:0,014;59,065;94,266;135,104;137,036;193,236;215,224;262,105;286,112;314,102;354,137;362,233;364,112;463,209;517,212;567,251;631,153;827,259;842,092;852,223;1057,044;1117,068
138:0,014;138,214;213,138;270,094;341,180;375,167;436,222;462,218;506,260;508,196;544,064;569,094;580,198;582,249;907,203;913,264;1022,126;1061,248;1149,118
139:0,014;84,134;194,052;212,058;264,197;328,238;335,087;340,118;447,073;572,028;583,186;1113,233;1118,182
140:0,014;66,176;218,026;256,097;281,205;407,242;556,189;559,118;626,150;814,249;1028,141
141:0,015;81,052;203,133;374,186;378,155;595,218;644,038;677,245;679,082;681,154;775,090;1030,227;1049,115;1135,233
142:0,015;60,187;242,226;268,057;275,170;306,076;370,238;644,038;737,142;758,092;805,079;810,149;847,166;925,154;961,182;985,112
143:0,015;42,135;81,052;196,271;421,087;753,096;827,054;841,167;1062,146;1103,128;1136,044;1137,264
144:0,015;63,004;131,127;150,168;241,044;266,247;322,242;349,059;393,249;501,166;636,265;650,030;675,251;727,159;896,039;1034,103
145:0,015;74,150;81,052;187,268;261,178;365,091;391,111;531,266;616,211;709,092;711,206;759,222;783,186;948,205;1086,127
146:0,015;38,175;153,045;240,148;382,036;438,238;644,038;678,073;710,249;769,142;796,035;810,149;923,189;992,044;1009,164
147:0,015;43,137;48,207;153,045;234,090;280,206;615,214;684,094;707,099;831,067;837,096;933,202;1186,086
148:0,015;40,002;87,182;175,247;203,142;252,212;406,266;944,175;1009,164;1141,111
149:0,015;54,089;153,045;183,163;236,043;266,247;329,054;370,227;412,245;554,159;881,125;960,260;973,202;983,231;1093,204;1095,076;1161,260;1189,044
150:0,015;40,172;179,039;205,132;209,186;283,142;347,112;382,036;439,178;476,224;620,154;719,098;742,223;771,216;866,146;961,180;1033,138;1162,208
151:0,016;75,225;172,195;241,150;271,160;279,236;384,243;476,202;610,260;618,175;918,208;978,044;1023,198
152:0,016;102,105;192,041;231,160;563,236;672,213;721,170;897,256
153:0,016;102,105;164,217;191,052;238,061;275,096;332,134;344,126;354,170;502,141;937,184;967,153;972,195;993,259
154:0,016;64,051;178,202;211,090;241,275;278,097;410,241;458,225;529,157;612,150;626,082;697,177;980,248;1043,180;1083,211;1118,114
155:0,016;166,227;215,248;263,057;285,096;313,187;380,097;422,036;487,032;516,183;574,104;602,204;1092,149
156:0,016;18,217;354,127;395,124;777,115;785,260;1025,143;1063,111;1145,039
157:0,016;64,051;166,227;196,060;284,039;463,097;490,159;547,039;586,239;662,165;683,079;767,188;846,167;981,052;1034,077;1063,205;1082,132
158:0,016;13,149;64,051;163,194;588,052;764,103;854,202;883,225;974,043;1056,150;1072,142;1102,148;1200,257
159:0,016;64,051;180,224;192,041;236,102;297,237;329,160;516,101;551,063;582,028;614,144;622,165;789,270;791,223;802,073;874,216;979,111;1010,202;1059,257
160:0,016;152,255;164,120;192,041;204,132;396,268;899,222;1089,098;1173,249
161:0,017;147,245;222,182;241,271;284,039;320,208;362,217;421,071;537,113;702,191;745,132;987,235;1126,225;1140,157
162:0,017;112,214;135,238;146,051;169,197;172,275;182,224;191,067;216,127;238,128;247,129;263,191;295,186;336,193;423,247;761,191;771,047;819,132;823,222;1114,202;1115,127;1153,099
163:0,017;131,036;191,067;210,036;284,039;374,167;484,241;555,177;771,047;772,111;820,180;1021,166
164:0,017;117,087;154,091;163,153;166,036;288,081;307,207;493,222;632,167;815,115;963,083;1008,113;1013,197;1172,248
165:0,017;131,036;216,127;299,227;377,081;593,054;684,061;715,240;821,160;901,039;907,160;957,098
166:0,017;131,036;284,039;301,157;350,207;590,198;771,047;804,077;922,268;1035,267;1036,268;1136,082
167:0,017;103,129;115,190;167,134;179,039;191,067;237,192;346,071;522,209;546,105;619,188;764,234;771,047;780,084;915,193;935,077
168:0,017;25,186;101,192;111,177;203,052;208,275;279,267;384,071;470,183;537,113;586,142;698,240;801,251;809,256;873,043;1044,260;1057,177
169:0,017;101,192;151,268;191,067;212,058;341,273;502,251;577,089;682,113;823,242;824,167;844,225;911,073;976,165;1130,240;1163,115
170:0,017;11,015;25,186;130,129;131,036;288,081;422,105;542,126;585,127;761,170;804,077;880,165;1040,154;1131,043;1138,248;1158,042
171:0,018;53,199;85,191;126,052;190,172;209,091;214,087;245,060;269,071;337,069;344,084;655,090;786,092;1023,163;1026,242;1168,039
172:0,018;58,213;93,068;154,198;241,133;337,069;372,155;664,099;685,082;713,089;740,221;1068,104
173:0,018;45,102;174,050;253,137;337,069;344,084;527,121;612,259;820,052;853,266;1064,271
174:0,018;38,068;68,215;93,068;174,050;200,026;282,097;328,204;671,126;763,266;849,260;931,118;944,177;989,039;1037,157;1061,125;1091,259;1112,103;1175,131
175:0,018;20,089;38,068;45,102;174,050;282,150;352,105;377,159;415,170;429,159;468,085;792,115;808,227;895,206;907,227;1017,149;1091,044;1152,248
176:0,018;58,213;93,068;154,198;164,150;208,061;292,180;307,175;312,177;335,059;347,061;398,111;457,064;480,242;528,202;825,256;906,034;1066,113;1089,233
177:0,018;66,185;76,153;195,050;220,222;287,201;303,170;335,172;465,212;550,271;598,251;668,104;748,035;869,098;915,084
178:0,018;20,223;38,068;53,199;63,030;82,091;240,154;316,198;444,128;598,191;605,087;890,146;938,170
179:0,018;85,191;245,178;468,219;492,166;830,153;946,155;993,044;1035,087;1130,165;1195,097
180:0,018;38,068;61,065;93,068;97,006;175,247;260,134;315,082;619,205;688,073;743,115;1199,085
181:0,019;24,209;120,071;150,166;190,087;193,151;200,225;217,071;234,044;254,125;284,035;289,126;331,071;345,237;379,218;444,202;467,206;501,207;560,193;606,128;821,073;856,149;869,189;881,204;909,043;1153,107
182:0,019;11,185;75,225;99,216;221,137;234,044;322,121;351,044;432,225;462,121;493,224;552,101;608,270;767,203;794,085;836,157;939,195;1018,043;1042,257;1073,153
183:0,019;22,238;205,041;240,154;277,060;355,268;543,234;593,054;682,256;813,189;1109,043;1152,111
184:0,019;45,123;150,006;169,197;366,193;384,205;510,226;593,054;603,271;613,219;624,264;657,251;849,043;1157,192
185:0,019;11,017;72,152;127,006;221,247;262,059;285,120;721,195;849,043;1158,215;1178,189
186:0,019;22,238;72,152;139,192;227,197;263,044;320,094;555,196;621,073;649,216;769,104;879,261;882,073;917,256;1084,160
187:0,019;27,012;51,236;120,071;195,218;266,266;348,222;351,044;398,251;477,226;493,073;533,186;614,271;841,104;849,043;925,216;931,148;986,229;1038,267;1050,079
188:0,019;46,005;97,209;215,111;222,251;268,043;276,198;312,219;422,159;427,190;432,225;440,081;442,073;445,251;531,146;665,105;725,071;758,073;827,113;849,043;941,163;1018,127;1021,113
189:0,019;64,006;101,107;140,025;158,207;263,059;274,108;316,175;332,054;334,166;351,044;373,085;582,234;606,190;613,191;630,141;696,198;704,084;848,229;898,188;1013,111;1056,043;1094,094;1143,254;1173,222
190:0,019;11,185;66,259;98,131;120,071;140,236;264,044;282,237;380,064;399,223;719,256;723,213;758,073;941,163;992,043;1051,253;1185,103
191:0,020;81,166;251,102;351,097;378,148;552,208;586,273;640,148;678,170;713,079;743,239;748,035;822,209;942,128;1009,198;1027,180;1096,165;1157,192
192:0,020;41,144;467,071;498,064;619,264;623,206;668,071;796,160;800,126;801,131;871,154;1036,234;1049,226;1194,107
193:0,020;25,157;67,133;144,160;185,071;292,100;304,179;359,168;450,067;455,041;531,064;617,186;647,207;695,188;1094,138
194:0,020;53,116;76,151;112,131;185,071;358,212;453,081;455,273;668,071;801,131;898,043;970,240;1035,183;1122,204
195:0,020;41,268;158,187;285,120;324,154;450,067;452,267;455,041;497,158;562,218;589,208;633,158;668,071;748,035;806,118;852,113;873,149;990,233;1084,157;1123,260;1143,090;1156,264
196:0,020;99,216;159,225;189,138;216,059;336,138;450,067;552,208;881,150;1012,170
197:0,020;49,150;60,141;408,219;583,128;620,094;668,071;820,126;1031,212;1157,131;1170,211
198:0,020;60,141;185,071;391,190;455,041;593,190;615,153;630,260;816,170;959,146;1051,154
199:0,020;24,146;51,030;76,151;185,071;469,159;479,189;487,032;553,203;794,180;812,142;818,054;876,113;904,198;921,090;926,191;951,103;970,240;1002,209
200:0,020;47,227;126,177;177,153;242,163;304,192;347,238;366,242;455,041;568,270;599,203;619,264;678,261;685,148;715,094;792,270;814,034;854,133;982,153;1061,165;1072,044;1073,118;1189,257;1194,094
