001:0,001;183,064;268,069;401,203;466,208;601,186;629,198;653,053;734,037;779,167;796,083;807,099;831,056;856,272;909,255;914,038;998,082;1009,046;1130,208;1171,184
002:0,001;46,028;142,045;183,064;214,151;284,138;286,073;367,146;402,089;413,036;443,182;584,131;596,200;610,049;626,157;760,051;764,255;1004,171;1040,031;1119,060
003:0,001;67,006;97,038;142,045;194,116;385,119;407,202;425,137;455,234;529,177;540,037;562,156;583,037;596,267;610,049;640,038;708,056;929,120;938,254;1148,144
004:0,001;61,255;183,064;214,100;265,027;310,033;311,131;324,046;329,019;333,035;463,236;466,036;511,048;584,173;588,180;627,264;726,217;776,170;817,056;887,184;1083,165
005:0,001;46,028;148,214;150,252;183,064;220,048;265,027;287,234;496,215;634,114;670,137;708,056;785,189;793,029;810,149;849,056;938,254
006:0,001;46,028;97,038;142,045;203,202;238,089;285,272;319,269;394,249;407,269;459,145;469,138;480,031;486,237;490,129;529,154;568,157;617,070;676,204;716,018;790,216;812,174;890,184;1186,081
007:0,001;19,243;46,028;121,041;137,102;158,219;173,214;212,102;220,048;235,157;338,253;394,186;404,067;434,189;443,138;464,077;514,272;533,106;535,089;553,105;610,049;621,068;663,032;701,233;772,255;793,224;819,226;823,272;826,055;856,233;867,165;887,236;970,060;1129,048;1184,047
008:0,001;61,255;142,045;192,019;205,064;294,069;314,166;380,070;428,249;456,146;481,250;531,107;574,072;583,267;619,200;637,105;644,100;647,139;671,083;676,237;708,056;839,064;905,263;951,114;1192,219
009:0,001;70,011;97,038;148,261;176,006;213,019;220,048;265,027;316,019;479,215;552,037;570,103;575,147;603,064;605,072;627,038;708,056;862,055;873,123;949,038;1002,224;1089,031;1124,045;1156,179;1187,264
010:0,001;64,100;108,059;127,163;144,015;191,105;220,048;275,071;408,217;694,201;797,187;849,208
011:0,002;99,064;175,073;250,010;252,137;420,035;458,189;758,133;780,107;798,190;806,167;821,224;962,030;1046,087;1096,047;1102,084
012:0,002;79,006;87,089;101,268;104,009;300,035;398,267;453,035;456,057;514,236;584,153;601,215;612,162;683,245;835,112;842,040;891,147;933,103;962,128;1000,200
013:0,002;93,214;263,039;288,249;300,035;374,040;393,173;416,264;735,083;830,119;1085,109;1120,204;1178,111
014:0,002;23,240;34,059;59,157;99,064;180,226;220,204;252,137;283,067;350,218;360,240;468,099;610,158;638,166;665,038;694,191;842,027;906,084;930,145;938,098;1061,139
015:0,002;81,219;93,214;124,013;175,073;416,264;425,066;442,177;520,005;537,124;547,026;572,224;576,049;601,107;659,198;719,076;735,197;788,202;828,170;848,100;861,133;944,060;962,030;977,048;1007,087;1008,046
016:0,002;21,011;112,100;137,005;220,204;245,231;411,185;439,010;445,089;449,215;470,264;558,129;565,224;567,245;593,083;617,176;699,062;707,037;765,251;843,040;1003,060;1152,089
017:0,002;95,059;99,064;175,073;257,272;324,231;356,219;373,070;406,057;422,201;445,240;576,049;612,162;664,149;781,169;787,156;854,143;862,170;1152,213
018:0,002;77,003;80,112;156,048;168,191;251,236;353,045;502,200;520,240;576,049;605,081;723,219;754,056;810,255;843,191;949,060;1016,236
019:0,002;80,003;257,272;267,174;334,178;403,240;420,076;515,016;576,049;594,124;678,162;709,119;786,177;935,112;942,065;983,174;1043,133;1158,048;1194,184;1197,216
020:0,002;81,219;99,064;300,035;426,074;454,208;513,005;540,104;595,236;610,029;779,084;1154,047;1194,243;1196,127
021:0,003;246,067;256,009;380,253;408,119;449,031;641,112;708,182;831,204;921,065;942,030;1046,128;1066,047;1152,275
022:0,003;271,073;281,013;289,243;342,226;415,035;425,109;496,098;503,119;514,103;515,016;639,112;821,216;826,133;893,060;914,275;951,133;1002,048;1057,251;1127,129
023:0,003;160,034;178,169;257,202;406,254;425,037;449,031;623,218;758,037;784,048;877,062;895,188;910,040;985,092;1016,111
024:0,003;271,073;375,251;475,131;515,016;622,233;712,191;762,057;771,100;833,226;953,087;977,048;1016,111;1067,188;1089,047;1161,077;1200,099
025:0,003;177,146;178,169;220,048;316,073;341,075;366,119;532,031;571,129;577,181;772,122;784,048;850,112;994,099;1048,093;1182,084;1198,139
026:0,003;249,236;271,073;354,075;360,146;417,115;422,217;449,031;515,016;623,218;629,154;636,149;676,174;701,122;784,048;824,077;869,156;879,246;903,027;910,128;953,047;1055,267;1187,093
027:0,003;271,073;341,035;358,173;404,099;425,037;448,120;541,161;542,072;557,169;674,235;759,274;761,104;814,156;877,062;923,121;953,047
028:0,003;61,057;75,240;115,059;134,041;178,208;187,229;212,009;231,096;266,100;367,076;375,251;425,037;428,259;515,016;616,267;681,181;863,239;876,116;1144,267
029:0,003;179,249;193,015;289,243;315,100;515,016;657,239;709,149;740,226;866,202;936,107;953,047;1194,267
030:0,003;252,100;311,131;449,031;550,016;625,147;774,274;784,048;928,120;932,158;987,048;1020,077;1039,053;1070,060;1155,263
031:0,004;84,066;107,231;147,039;204,075;252,034;314,190;325,036;366,209;424,185;433,147;443,058;471,082;476,046;478,018;739,051;805,188;983,030;995,166;996,048;1010,181;1148,184;1162,147
032:0,004;84,066;109,046;202,039;254,067;344,236;446,127;478,018;781,187;802,158;923,124;1011,031;1036,100;1176,090
033:0,004;19,243;37,007;98,072;121,041;192,117;204,075;350,174;376,109;383,185;407,150;447,203;448,067;458,139;474,226;478,018;803,211;822,053;868,113;1096,143
034:0,004;80,221;84,066;109,046;177,251;204,075;362,036;414,035;453,126;478,018;774,057;805,188;873,125;913,186;965,143
035:0,004;109,046;221,118;252,034;286,253;307,170;313,070;365,245;460,147;478,018;652,269;740,090;867,100;985,125;1120,113
036:0,004;84,066;192,117;252,034;286,009;393,045;439,126;478,018;648,200;650,113;961,030;1022,266;1039,171;1078,104
037:0,004;98,072;158,015;161,102;166,003;252,034;336,219;342,057;438,144;478,018;746,114;936,217;1144,047;1171,274
038:0,004;98,072;133,251;199,019;204,075;438,144;478,018;595,058;652,269;770,056;788,101;843,048;867,055;885,200;965,198;978,046;1014,081;1032,092
039:0,004;105,217;129,010;178,245;182,003;204,075;404,099;417,059;437,237;470,010;486,057;653,239;932,167;1022,266;1070,273;1090,224;1138,130
040:0,004;127,156;171,007;250,154;293,183;426,157;442,237;454,251;536,135;688,145;822,207;846,099;973,166;991,186;996,077;1154,171
041:0,005;232,253;244,263;257,054;412,154;426,273;533,245;566,161;649,053;712,087;739,169;747,185;783,029;794,263;898,267;1106,174
042:0,005;160,034;175,253;347,109;399,201;409,133;459,241;478,274;510,010;530,107;831,167
043:0,005;179,240;350,119;383,058;426,273;658,235;670,135;677,072;698,029;715,098;925,116
044:0,005;237,136;239,045;257,054;428,226;456,256;494,156;507,010;520,099;538,010;565,100;929,122;1026,045;1046,122;1123,087
045:0,005;232,231;239,045;252,172;271,145;398,071;443,200;467,065;501,251;595,072;698,268;716,029;846,124;913,031;937,273;1037,038;1157,046
046:0,005;189,154;248,133;484,269;604,273;869,124
047:0,005;189,154;257,054;398,071;407,253;457,070;467,033;524,145;585,055;600,032;699,131;824,147;1026,045;1063,046;1078,112
048:0,005;98,072;121,263;165,116;239,045;245,145;321,034;328,224;334,075;375,201;398,071;506,200;684,105;700,144;725,236;742,139;755,077;779,053;867,105;1022,188;1059,038;1138,100
049:0,005;224,264;257,054;375,201;467,033;482,129;501,234;556,182;597,082;608,185;739,051;774,110;1015,113;1147,260
050:0,005;143,006;175,253;193,245;205,010;239,045;246,073;368,110;398,071;442,226;515,016;540,207;754,092;799,147;832,071;835,105;901,122;947,219;953,224;955,191;1002,133;1035,246;1080,038;1126,046
051:0,006;114,268;168,224;174,189;199,059;226,153;274,224;284,033;312,063;360,236;376,191;433,065;440,061;501,026;511,005;533,016;553,119;578,124;668,032;696,252;810,103;817,053;831,056;854,092;952,202;1027,235;1101,087;1136,112
052:0,006;251,043;281,013;296,173;306,254;313,200;440,061;511,005;578,224;599,068;640,062;667,216;711,029;716,109;755,060;1101,119;1127,147;1178,208;1188,248;1191,046;1200,163
053:0,006;273,116;281,013;306,254;379,127;412,045;432,251;440,061;511,005;534,209;561,038;597,041;599,068;722,242;794,211;929,246;936,090;995,110;1155,052
054:0,006;230,136;260,089;289,010;296,173;361,269;369,153;443,145;511,005;571,185;599,068;759,169;821,189;842,040;939,093;1098,045
055:0,006;248,232;281,013;284,033;312,153;526,180;548,116;608,077;750,106;876,147;882,251;1049,213;1082,100;1098,045
056:0,006;248,232;281,013;284,033;312,063;386,200;408,116;448,105;516,081;568,137;649,189;858,158;880,224;953,047;992,260;1015,205;1098,045
057:0,006;171,127;198,183;281,013;284,033;313,200;323,063;379,058;461,120;465,139;511,005;543,177;599,068;774,272;820,071;862,165;901,162;1163,205
058:0,006;251,043;264,105;281,013;291,073;379,181;440,061;448,106;725,138;770,077;813,187;820,071;831,051;847,235;884,139;1051,263;1191,269
059:0,006;59,268;168,204;178,219;280,097;312,063;448,106;511,005;545,106;963,121;1133,188;1148,048
060:0,006;234,123;285,060;291,033;312,063;491,119;494,059;554,174;632,113;639,076;691,186;794,138;868,251;875,038;1113,097
061:0,007;386,110;491,031;498,193;540,037;754,049;834,158;853,200;1153,113;1197,130
062:0,007;188,261;199,269;242,202;248,096;329,067;330,256;500,032;705,139;713,105;846,211;886,051;917,167;929,187;976,122
063:0,007;513,224;543,070;627,251;754,049;778,051;832,169;1049,031;1194,045
064:0,007;418,110;425,037;426,074;463,161;540,037;754,049;781,109;795,189;802,119;1030,181
065:0,007;251,258;293,075;312,225;426,074;470,153;500,032;557,037;790,130;836,216;922,272;979,186;990,207;993,272;1043,268;1062,124
066:0,007;398,208;464,200;475,105;500,032;548,058;604,029;666,113;668,077;766,030;800,124;845,048;894,158;993,060;1023,031;1031,087;1039,273;1041,235;1089,031
067:0,007;438,209;477,203;500,032;513,224;540,037;654,108;1074,104;1148,109;1175,163;1183,270
068:0,007;445,181;480,033;494,174;535,103;546,133;559,186;594,032;807,232;873,198;963,065;984,052
069:0,007;140,158;179,007;253,231;295,036;394,219;426,074;494,081;515,250;531,139;622,064;654,104;693,180;827,055;936,099;957,224;1055,110;1087,036;1106,056
070:0,007;415,109;416,200;454,176;501,177;745,267;754,049;788,181;836,200;874,186;896,133
071:0,008;136,101;160,034;161,127;222,118;225,203;251,043;261,269;296,060;345,051;386,234;430,065;545,245;845,268;1026,045;1050,167;1178,048;1184,272
072:0,008;123,067;345,051;379,058;484,117;514,158;590,029;749,246;897,217;946,147;1134,056;1153,105
073:0,008;136,005;153,261;203,127;260,071;301,219;379,058;467,033;500,070;553,077;561,038;566,016;610,031;642,211;665,172;749,246;863,128;1026,108;1148,121
074:0,008;123,067;345,051;407,198;578,243;732,264;764,191;865,174;950,216;1173,149
075:0,008;52,120;98,072;123,067;233,071;293,191;318,203;384,191;611,018;625,079;627,182;649,053;702,166;723,242;736,233;821,252;850,251;856,056;863,128;878,082;990,105;992,107;1120,187;1194,204
076:0,008;123,067;223,064;258,147;263,007;274,236;317,147;430,065;507,191;544,209;561,038;648,211;695,216;794,081;1177,216;1191,167
077:0,008;123,067;370,216;472,261;513,253;519,098;559,207;585,064;595,158;633,185;837,198;839,027;854,060;1151,187
078:0,008;138,067;383,058;430,065;460,131;462,201;715,062;811,217;918,031;994,112;1002,165;1150,273;1179,077
079:0,008;52,120;87,033;178,245;249,007;257,191;381,170;390,269;474,033;527,114;737,272;971,047;1119,129;1139,236
080:0,008;132,251;133,151;138,005;253,203;330,097;345,051;379,058;430,065;472,261;561,038;650,105;777,166;804,113;819,103;909,186;1064,098;1072,128;1075,217;1116,211
081:0,009;454,098;496,110;555,198;638,018;676,204;872,263;965,224;982,077;994,047;1028,275;1056,266;1072,111;1104,236;1119,111;1173,200
082:0,009;401,071;443,157;455,057;497,053;511,154;519,100;642,161;776,190;785,149;845,198;871,245;957,232;1051,149;1159,056
083:0,009;137,102;234,225;283,215;347,170;353,045;376,135;402,145;453,156;455,203;547,055;572,070;613,191;695,274;1030,068;1036,187;1136,251
084:0,009;381,151;404,070;767,131;847,038;905,112;907,077;954,226;1000,105;1148,217
085:0,009;57,003;61,015;116,151;501,115;565,200;593,182;613,261;719,112;809,201;823,124;859,055;936,274;978,187;1044,236;1099,051
086:0,009;369,070;511,005;547,055;663,170;766,057;805,060;826,055;1036,038;1125,249;1126,051;1194,243
087:0,009;270,180;311,138;599,116;603,137;611,038;636,087;932,275;1200,251
088:0,009;270,180;305,070;746,273;763,108;867,144;993,202;1109,046;1110,099
089:0,009;58,005;80,251;120,009;398,267;506,070;547,055;571,098;589,070;644,177;682,104;758,062;872,143;939,204;1018,250;1045,144;1192,091
090:0,009;161,159;295,009;394,145;428,110;627,135;668,053;684,125;767,068;826,055;1112,051;1172,239
091:0,010;98,072;133,055;160,015;222,007;267,115;425,245;495,057;536,032;542,082;732,092;742,149;794,064;918,255;1155,107
092:0,010;572,029;648,175;658,156;739,264;1186,107;1200,110
093:0,010;559,029;793,232;825,130;1196,243
094:0,010;604,110;654,081;682,037;727,062;771,219;942,030;977,048;1000,179;1153,091;1187,045
095:0,010;233,071;284,086;332,010;372,150;389,105;407,173;442,010;446,201;459,156;476,010;575,150;817,083;868,232;914,064;928,060;942,030;977,048;996,250;1080,275;1149,205;1154,254
096:0,010;559,029;684,125;992,139;1098,045;1160,181;1175,255
097:0,010;498,193;503,226;505,150;529,182;536,147;559,029;752,201;839,027;941,060;996,250;1016,031;1147,051;1154,165;1172,116
098:0,010;604,070;614,082;814,112;842,092;849,224;877,232;1030,068;1050,081
099:0,010;126,055;161,134;169,100;176,009;267,115;332,010;370,137;498,059;499,109;681,236;708,177;806,198;854,186;858,076;942,030;994,120;1040,147;1087,087;1106,108;1146,116;1169,045
100:0,010;547,055;559,029;794,264;1084,184;1133,110
101:0,011;126,055;202,199;266,264;339,186;353,045;523,018;548,058;667,144;853,031;927,069;947,189;998,069;1092,264;1098,051
102:0,011;126,055;175,073;227,076;321,034;353,070;374,040;454,169;511,048;527,114;625,261;762,057;783,029;829,157;851,147;867,182;869,157;905,189;909,064;925,205;954,251;967,092;985,083;1066,174;1182,046
103:0,011;193,225;220,186;224,064;225,270;226,001;235,102;290,069;312,183;458,182;500,105;657,174;753,239;785,090;927,069;1076,213;1193,170
104:0,011;147,258;258,274;374,040;423,089;538,175;677,268;691,114;803,109;845,077;892,065;927,069;1045,187;1098,051;1194,052
105:0,011;27,176;54,014;62,011;112,258;168,007;171,190;273,138;432,176;454,169;728,198;818,157;820,071;848,083;885,072;886,106;1047,094
106:0,011;174,005;252,019;253,118;258,146;322,272;540,105;548,058;658,092;872,121;887,165;971,267;981,084;1098,051
107:0,011;82,166;147,048;167,039;179,249;351,150;353,045;484,065;514,098;517,131;652,200;719,217;817,119;827,071;934,165;1082,204
108:0,011;81,013;82,166;160,250;193,225;374,040;425,253;436,131;577,018;785,068;892,065;964,130;970,219;1085,162
109:0,011;123,067;126,055;176,137;229,102;295,274;310,046;350,079;374,040;432,176;464,237;493,259;507,241;548,058;590,145;613,198;624,083;645,198;693,109;826,060;854,114;1098,051
110:0,011;133,006;145,151;176,137;202,199;215,249;242,064;294,019;321,034;371,120;377,174;547,109;548,058;683,147;703,197;725,216;759,207;803,216;849,040;877,062;892,065;985,083
111:0,012;107,251;165,163;210,036;277,075;323,105;462,224;468,036;511,048;535,064;588,103;839,027;973,094
112:0,012;96,005;97,267;138,006;226,153;325,145;367,199;415,170;444,059;591,207;647,028;745,056;762,057;789,125;796,056;848,071;853,267;885,189;892,065;963,171;1030,068;1106,056
113:0,012;27,011;176,157;204,267;207,137;210,036;308,069;330,191;370,057;388,089;443,224;476,236;511,048;562,081;647,028;672,144;695,083;720,122;729,098;787,207;805,076;848,121;941,031;954,122;973,094;983,216;1157,056
114:0,012;67,068;75,258;88,013;111,267;339,036;535,064;647,028;675,053;721,208;781,084;839,027;978,270;1030,047;1068,104;1074,098;1106,056
115:0,012;142,204;157,064;188,013;210,036;405,146;535,064;647,028;761,068;818,081;874,051;930,069;1030,068;1081,083
116:0,012;83,231;199,089;209,097;210,036;540,104;545,070;597,264;612,032;613,031;624,235;1030,068;1095,188
117:0,012;84,013;107,059;171,157;241,118;293,102;298,086;319,060;478,061;492,081;538,124;584,119;813,268;820,150;827,109;1007,267;1012,217;1069,194;1102,031;1110,273;1139,157
118:0,012;89,013;240,138;280,010;310,199;457,057;463,250;511,048;535,064;663,032;684,068;762,057;834,046;893,109;1106,056
119:0,012;89,066;185,235;211,036;575,113;628,145;682,068;851,202;978,270
120:0,012;154,219;192,100;195,007;343,185;375,269;388,036;510,059;636,236;671,133;839,027;902,239;957,219;969,239;986,268;1057,099;1188,274
121:0,013;47,018;71,013;249,170;292,225;309,174;447,236;781,267;840,107;1006,226;1015,107;1114,205
122:0,013;264,199;337,274;489,076;571,185;618,070;642,216;680,113;721,204;746,082;847,109;855,138;885,072;954,092;965,204;1033,105
123:0,013;231,073;294,190;496,116;540,099;665,018;695,267;957,235;1022,082;1047,092;1144,169
124:0,013;226,001;246,228;315,172;325,070;354,216;362,131;419,241;448,151;475,046;504,243;570,072;682,107;742,068;747,099;753,081;796,087;885,072;906,174;1016,186;1138,194
125:0,013;175,010;185,039;199,163;224,264;348,051;511,005;514,156;766,030;770,087;779,053;855,236;930,027;967,099;1098,264
126:0,013;249,170;342,007;384,035;432,249;458,067;459,103;477,151;494,269;617,032;622,068;633,158;831,180;836,123;854,051;881,055;891,077;976,272;1153,169
127:0,013;257,119;363,154;626,058;642,216;663,037;770,177;775,235;779,053;1031,082
128:0,013;263,174;271,154;299,009;317,166;392,059;533,072;609,150;691,158;779,053;797,099;798,274;935,031;937,084;967,069;1012,166;1021,090
129:0,013;255,136;257,119;265,215;486,138;576,154;683,114;685,211;779,053;885,072;897,087;1079,060;1103,045;1173,087
130:0,013;265,215;279,009;313,001;315,172;323,156;451,067;504,243;667,180;842,060;852,144;1132,236;1135,097;1152,082
131:0,014;207,072;223,258;226,001;271,157;289,174;298,154;408,224;456,116;497,053;577,191;618,138;661,028;743,124;814,064;977,048;1007,255;1008,109;1081,052;1116,060;1198,045
132:0,014;101,070;144,204;188,041;211,241;270,039;272,009;282,116;330,272;377,076;479,209;533,072;567,133;732,081;762,161;779,060;879,107;932,027;951,208;984,052;1107,171;1120,107;1141,125
133:0,014;121,041;129,112;226,001;236,127;347,258;467,033;533,072;586,138;640,062;724,166;772,138;791,182;867,181;887,038;1193,127
134:0,014;84,066;92,018;130,191;207,072;211,241;222,064;226,001;250,015;267,147;533,072;737,226;756,139;952,038;1130,120
135:0,014;59,010;121,041;207,072;230,189;367,241;389,010;421,178;425,071;459,190;497,053;599,182;718,268;797,186;872,027;956,205;1010,255;1025,174;1090,246;1123,107;1164,133
136:0,014;87,033;125,145;137,163;173,059;179,120;226,001;270,159;282,127;459,103;597,131;694,124;755,060;995,125
137:0,014;74,018;155,059;244,189;303,228;309,189;518,032;539,251;656,218;695,211;800,252;826,055;836,217;855,170;858,187;877,145;893,187;907,165;928,205;1143,103
138:0,014;92,010;101,070;129,064;179,120;186,102;207,072;217,258;218,064;226,001;265,258;458,119;460,253;498,274;533,072;539,081;557,215;598,031;605,156;657,131;755,060;813,068;837,113;861,082;880,273;903,065;935,055;940,100;1028,267;1047,038;1182,269
139:0,014;43,011;54,202;82,059;101,070;130,191;160,019;179,005;213,137;218,039;276,007;307,054;447,082;497,053;572,109;698,218;751,242;808,236;850,177;940,065;984,052;1042,042;1121,255
140:0,014;101,070;116,018;151,133;226,001;354,131;355,097;408,186;444,061;497,053;533,072;755,060;896,038;958,174;978,099;984,052
141:0,015;175,134;297,186;473,216;486,150;503,032;613,122;651,037;689,258;732,037;793,137;841,051;904,235;927,122;928,040;957,171;981,108;987,103;1103,239;1162,045;1181,215
142:0,015;312,188;338,019;404,226;431,216;500,032;696,252;790,130;802,139;810,202;855,189;882,157;968,200;998,121;1164,093
143:0,015;335,052;439,264;454,150;597,041;667,122;712,018;726,029;829,064;836,182;896,226;909,055;984,047;1074,163
144:0,015;281,013;327,135;374,219;419,099;481,067;484,198;539,018;577,237;597,041;642,092;721,200;847,103;1005,120;1024,053;1098,186;1141,047
145:0,015;159,156;161,231;248,228;288,118;295,228;302,151;335,052;346,254;430,264;436,115;480,161;591,037;679,197;789,064;800,239;826,082;863,038;1024,053;1074,163;1110,246;1123,157;1193,120
146:0,015;233,071;326,091;327,135;379,215;431,135;505,158;597,041;613,122;676,166;687,098;723,182;764,258;805,122;924,157;1069,082;1105,139;1186,047
147:0,015;136,101;153,166;212,073;240,108;256,241;271,027;282,013;296,157;370,079;379,058;500,175;523,129;577,113;653,138;698,243;857,217;889,167;912,051;933,123;954,263;1085,128;1097,272
148:0,015;72,019;129,250;175,183;180,015;335,052;354,116;476,133;519,119;678,169;769,057;816,123;883,098;1003,087;1004,187;1024,053;1098,235;1160,122;1182,121
149:0,015;380,181;488,062;505,158;509,145;947,246;995,251;1024,053;1098,031;1102,114
150:0,015;312,010;321,034;372,190;402,202;428,254;430,173;503,133;663,110;766,081;785,053;805,122;899,246;1038,052;1128,224
151:0,016;67,068;88,269;124,041;166,039;220,186;310,046;366,209;484,201;614,037;620,103;762,083;791,169;916,105;986,055;1010,047;1106,100;1129,048
152:0,016;132,145;236,224;305,070;376,059;457,046;460,137;563,055;591,189;606,070;697,104;728,219;839,055;859,186;912,273;1185,174
153:0,016;67,068;121,224;237,269;331,031;337,170;525,173;589,272;713,121;844,098;862,189;994,274;1041,094;1044,119
154:0,016;67,068;121,224;147,039;247,010;310,046;357,059;505,031;639,076;950,198;969,263;1042,042;1067,046;1129,048
155:0,016;57,057;67,068;95,265;109,046;130,052;147,039;316,178;357,059;519,149;660,251;944,143;1096,157;1126,260
156:0,016;57,057;129,201;130,052;145,134;168,015;175,229;280,123;285,054;296,190;310,046;357,059;589,272;758,076;801,125;843,055;1034,251;1184,273
157:0,016;94,123;273,156;305,070;380,241;500,139;545,208;653,062;763,051;788,064;792,060;812,185;850,112;904,191;957,162;1032,068;1037,093;1042,042;1076,052
158:0,016;57,057;81,158;156,255;261,076;380,225;418,067;480,186;510,059;519,149;609,018;782,263;850,130;938,236;996,226;1026,045;1079,031;1096,170
159:0,016;67,068;81,158;130,052;161,159;251,043;265,027;280,156;346,115;357,059;414,010;581,016;607,116;617,070;787,174;790,121;859,166;962,191;1042,042;1109,120;1168,119
160:0,016;119,163;130,052;147,039;273,156;274,234;278,183;305,070;313,001;339,173;357,059;468,176;701,258;800,198;802,233;865,198;947,169;1125,163;1166,104
161:0,017;112,252;160,034;173,138;226,120;297,010;308,231;310,031;499,173;539,032;575,081;596,037;635,070;653,108;739,051;847,038;877,062;879,273;880,038;949,112;1131,051;1146,092
162:0,017;82,067;101,008;118,011;175,134;177,263;242,229;310,031;366,045;437,098;712,081;736,121;785,167;866,219
163:0,017;82,067;99,018;112,089;117,046;136,252;147,048;168,183;232,191;280,039;389,157;555,055;601,139;739,051;987,055;1043,213;1072,211
164:0,017;103,076;130,269;225,267;310,031;335,172;649,053;702,090;766,030;925,125;980,087;1001,144;1013,038;1052,171
165:0,017;82,067;119,189;162,041;210,274;268,069;310,031;355,249;431,045;460,089;485,241;536,181;640,180;650,158;674,100;766,030;815,048;849,143;961,047;1018,267;1023,069;1033,104;1061,202
166:0,017;87,033;146,146;270,096;277,015;328,249;383,135;556,082;562,077;592,064;653,268;672,208;921,055;1008,275;1011,106;1040,077;1171,162
167:0,017;97,028;143,240;147,048;210,274;252,039;318,185;335,172;739,051;904,211;1083,270;1166,098;1172,216
168:0,017;23,240;147,048;203,010;398,071;412,198;462,174;483,240;494,018;510,146;538,261;610,049;619,201;635,068;816,123;835,101;847,038;914,091;989,239;1057,120;1100,130;1124,109;1133,249
169:0,017;57,057;82,067;87,033;103,076;146,146;154,048;171,041;216,203;220,048;268,069;312,245;397,274;419,070;543,037;545,161;560,104;593,029;610,208;695,219;715,239;728,150;830,202;838,245;941,239
170:0,017;99,100;233,120;268,069;318,185;419,272;442,236;462,157;530,005;536,181;540,237;569,032;649,053;676,139;696,198;785,243;847,038;898,027;901,259;914,091;1010,112;1073,255;1101,248;1172,089
171:0,018;171,202;185,235;197,190;280,007;297,067;317,109;365,057;457,046;515,153;640,062;745,269;767,099;927,166;1021,091;1152,128
172:0,018;21,269;69,013;72,101;76,028;80,112;126,046;171,202;342,057;522,026;531,166;624,099;640,062;794,208;843,189;853,031;1034,120;1087,036;1130,266
173:0,018;170,133;390,057;410,097;447,183;457,046;520,237;708,208;714,186;847,243;852,181;894,081;990,208;1114,098;1148,046
174:0,018;184,123;193,269;198,120;204,015;209,075;225,263;271,060;351,208;442,036;444,272;457,046;488,062;547,224;781,103;800,051;946,211;1048,068;1087,036;1132,210
175:0,018;146,189;222,075;224,089;233,071;271,060;342,057;515,016;612,018;628,110;984,188;1105,047
176:0,018;146,145;259,147;301,036;315,258;342,057;483,245;539,176;611,237;673,273;739,062;744,156;803,207;853,031;1130,266
177:0,018;209,097;257,224;262,263;267,105;271,060;398,100;541,224;555,031;634,186;656,182;681,068;695,274;743,144;801,098;834,046;853,031;947,027;963,077;1008,130;1087,036;1107,047
178:0,018;17,013;21,269;179,138;271,060;330,256;450,217;726,137;833,201;853,031;1043,246;1102,052;1192,273
179:0,018;147,015;318,105;379,178;431,199;461,269;488,062;514,147;675,072;707,174;862,216;964,031;1051,149
180:0,018;175,234;303,224;428,120;457,046;488,062;497,175;612,038;640,062;709,200;744,051;853,031;999,048;1009,128
181:0,019;357,216;425,156;517,026;612,157;794,077;843,060;857,116;921,065;1057,052;1086,248
182:0,019;449,077;649,099;740,104;993,157;1119,202;1168,249;1188,181
183:0,019;372,066;398,067;542,174;663,161;758,202;765,226;817,273;826,187;1001,094;1021,204;1096,263;1126,217
184:0,019;425,259;489,026;559,264;580,261;615,245;664,028;674,099;792,200;834,046;842,040;881,162;955,030;989,198;1005,091
185:0,019;97,038;179,240;386,109;541,157;611,219;630,064;636,233;666,224;834,046;840,137;842,040;1010,181;1018,103
186:0,019;398,067;489,026;561,038;724,190;766,157;869,191;874,093;1027,202;1045,031;1052,194
187:0,019;421,274;466,057;492,237;534,116;560,191;576,038;758,202;809,114;844,104;1077,260;1136,210
188:0,019;398,067;489,026;523,253;547,055;632,179;635,137;781,133;820,071;874,093;911,108;976,236;1029,031;1086,135;1125,249;1154,129
189:0,019;398,067;489,026;611,219;724,190;834,046;842,040;959,107;977,046;978,188;1010,191;1017,179
190:0,019;413,105;438,253;561,116;576,135;606,058;653,053;681,138;842,040;903,027;934,087;950,060;976,065;1086,135;1129,048
191:0,020;32,116;179,134;212,039;294,241;369,203;434,035;465,180;518,089;531,016;609,121;725,068;781,064;908,204;943,170;1092,219;1173,098;1182,202
192:0,020;47,176;51,217;113,252;125,263;197,224;219,214;300,035;459,010;557,083;753,236;874,090;1172,188
193:0,020;31,176;34,059;252,010;352,157;423,115;567,058;605,018;781,064;900,060;928,082;949,121;977,046
194:0,020;34,059;213,009;313,001;350,150;465,180;670,186;673,124;731,139;781,064;974,198;996,100;1073,224;1118,109
195:0,020;34,059;207,064;208,003;252,034;313,001;390,066;465,065;512,137;601,032;653,268;973,165;1001,260;1088,120;1117,235;1163,097
196:0,020;58,089;241,219;313,001;342,226;372,066;460,170;465,082;467,186;704,207;781,064;932,207;977,046;1030,207
197:0,020;34,059;313,001;365,009;372,066;469,170;651,181;664,038;725,113;797,057;831,113;835,273;932,207;1030,098
198:0,020;51,217;94,013;95,019;117,046;166,203;207,019;236,097;439,065;505,209;542,166;910,226;988,082;1027,144;1037,038;1066,169;1148,224
199:0,020;40,121;166,203;313,001;372,066;480,120;534,170;927,069;977,046;1168,051
200:0,020;42,221;96,019;138,116;149,003;206,059;294,241;313,001;335,052;347,120;447,173;492,145;504,116;532,010;562,273;600,016;609,121;627,267;707,147;813,107;875,092;1046,207
