001:0,001;77,270;113,156;322,267;436,246;535,128;564,040;592,194;633,135;694,166;773,247;808,058;904,225;934,113;1087,173
002:0,001;37,244;141,124;224,075;359,043;426,181;545,233;614,249;683,100;700,263;707,043;727,095;811,092;927,070;1019,220;1198,094
003:0,001;48,163;188,264;295,183;367,066;368,243;455,114;564,040;640,264;652,058;692,160;1009,177
004:0,001;56,018;83,219;149,235;224,075;368,076;380,140;394,147;411,266;580,246;594,239;819,101;1051,177;1058,060;1098,239
005:0,001;45,017;48,163;76,203;220,053;295,183;400,049;451,246;487,258;489,229;705,179;1020,226;1123,255;1170,247
006:0,001;84,040;189,138;335,149;497,186;554,262;564,040;597,155;612,107;730,272;952,229;1010,160;1104,217
007:0,001;99,155;224,075;279,039;354,143;418,128;420,247;704,166;796,138;1007,166;1133,226
008:0,001;70,175;224,075;274,216;293,075;313,113;343,069;448,147;491,049;510,197;872,090;1017,117;1072,166;1150,249;1200,220
009:0,001;69,178;83,219;132,211;146,040;246,138;484,100;497,114;514,169;526,044;607,179;1115,170;1129,165;1194,091
010:0,001;69,203;114,179;130,092;347,053;521,126;527,232;802,225;976,106;1028,141;1047,106;1103,094;1167,037;1169,172;1180,060;1186,215
011:0,002;138,248;142,213;198,032;250,039;251,262;254,128;333,220;590,274;761,207;845,255;854,092;883,217;1005,239;1018,221;1062,101;1155,055;1156,179
012:0,002;26,179;459,247;684,211;753,031;804,228;819,130;1095,274;1125,183;1134,092
013:0,002;26,179;37,002;166,146;337,170;393,165;466,204;543,173;582,227
014:0,002;142,213;219,156;230,255;441,053;578,208;614,031;648,200;678,258;697,264;755,266;783,110;942,031;1076,111;1100,189
015:0,002;127,232;153,078;156,218;297,179;356,147;385,203;443,044;444,160;714,261;750,273;831,255;834,221;859,166;959,264;1116,126
016:0,002;117,229;173,138;230,078;457,125;539,274;730,196;904,031;961,117;1004,051;1031,255;1076,258;1198,103
017:0,002;309,203;353,088;578,208;636,163;693,043;726,264;827,267;853,031;1008,070;1172,162;1177,160
018:0,002;156,218;396,074;419,274;578,074;670,207;863,070;869,220;909,246;969,255;987,031;1070,244;1137,061;1163,182
019:0,002;116,078;187,169;264,143;412,088;642,270;720,185;835,113;893,051;905,238;1142,117;1162,222
020:0,002;117,229;261,213;290,196;359,116;408,125;424,049;499,218;688,088;961,090;992,100;1116,049;1190,255
021:0,003;53,054;84,074;183,199;321,167;343,228;382,115;385,122;472,170;490,044;682,115;714,162;762,155;781,267;812,186;971,221;1062,104;1094,136;1158,124
022:0,003;85,012;399,270;442,141;444,225;518,137;630,206;855,170;881,126;1111,092;1113,172
023:0,003;53,054;169,040;465,144;631,100;1050,189
024:0,003;53,054;84,074;247,069;267,053;331,244;349,137;431,039;438,257;446,079;542,155;580,114;588,255;659,081;671,211;718,225;851,109;869,255;935,154;954,051;1014,116;1040,052;1051,194;1200,060
025:0,003;53,054;113,196;141,012;356,075;379,135;553,124;648,116;734,115;823,180;912,070;983,121;1104,113
026:0,003;77,106;80,253;556,170;971,228;1045,124;1070,082
027:0,003;65,152;76,226;129,216;130,235;152,184;170,143;346,152;578,074;666,094;740,126;870,078;1006,174;1085,109
028:0,003;113,074;151,009;157,196;174,113;278,053;327,228;398,043;451,228;788,162;810,094;1138,078
029:0,003;53,054;67,101;169,247;249,105;257,141;295,076;341,255;633,096;688,081;719,163;1009,227;1104,049
030:0,003;93,098;114,008;125,247;451,258;462,096;465,144;533,149;618,096;671,113;833,126;1141,120
031:0,004;138,074;146,211;179,261;300,152;353,049;375,241;488,091;695,058;758,157;884,092;1058,060;1169,115
032:0,004;109,074;161,198;231,053;263,267;269,100;291,075;375,225;377,090;395,232;425,089;476,249;548,246;876,064;943,178;987,229;1058,060
033:0,004;148,090;378,185;501,042;557,105;584,187
034:0,004;316,164;411,227;475,160;522,183;547,180;620,105;783,089;957,267;1075,177;1107,104;1135,231;1189,184
035:0,004;128,069;298,113;381,081;440,039;502,116;547,051;548,116;686,058;716,090;909,228;1031,220;1167,166
036:0,004;127,270;388,246;449,216;522,051;577,058;822,188;1188,227
037:0,004;161,198;327,261;353,208;379,069;423,106;505,200;698,173;759,153;762,264;789,069;824,064;844,070;874,129;938,238;968,114;1058,060
038:0,004;152,122;161,078;217,106;314,216;416,091;600,246;925,204;931,246;959,173;992,028;1049,049;1076,197;1079,180
039:0,004;148,090;355,136;368,183;601,232;656,067;703,126;736,043;837,208;935,069;939,121;958,110;1172,061
040:0,004;153,186;348,249;495,264;567,051;586,196;699,147;798,100;860,188;1048,233;1058,060;1087,190;1107,060
041:0,005;91,106;97,055;116,038;161,173;362,126;690,031;694,252;1004,249;1141,094
042:0,005;40,199;65,004;77,211;116,038;179,053;226,213;377,074;392,227;581,184;874,100;978,110;1057,098;1101,222;1146,266;1181,138
043:0,005;77,211;112,167;133,072;179,053;362,072;377,074;439,181;508,182;822,261;865,121;910,251;981,270;1155,055;1191,190
044:0,005;57,010;59,143;200,271;245,160;322,066;395,130;427,044;451,270;555,117;574,236;639,088;681,109;687,272;720,081;869,070;930,231;970,249;979,043;1054,128;1120,106
045:0,005;65,008;70,106;145,088;227,226;320,262;362,072;389,115;391,228;493,053;498,065;500,089;529,167;537,083;541,179;609,183;835,161;855,199;1073,117;1131,052;1154,206
046:0,005;40,117;116,038;132,104;147,072;166,199;356,138;362,072;519,272;529,221;581,262;646,185;831,095;853,116;872,081
047:0,005;97,055;115,211;161,173;179,053;245,160;254,156;276,088;362,072;427,081;508,119;554,185;642,114;721,137;892,183;919,261;1016,121;1149,225;1155,055;1161,225;1174,261
048:0,005;40,117;179,053;542,197;674,096;847,154;1068,173;1076,194;1096,117;1160,147
049:0,005;97,055;116,038;124,187;143,012;146,186;393,238;441,179;578,058;588,182;813,138;869,101;934,078;1073,124;1182,047
050:0,005;48,047;138,179;139,012;180,053;430,235;443,238;474,053;504,157;520,253;563,270;591,117;651,186;1003,096;1033,238;1044,128;1076,162;1155,055;1168,194;1195,079
051:0,006;12,113;93,098;94,075;99,124;140,149;256,262;289,232;388,049;422,258;549,031;759,187;784,031;899,190;1180,264
052:0,006;8,149;281,156;386,264;452,257;549,031;615,239;648,078;696,105;805,104;829,257;1028,052;1069,143;1070,238
053:0,006;37,010;81,189;97,055;107,156;132,169;140,072;173,069;222,257;223,116;376,274;515,180;596,061;624,138;783,081;886,043;930,107;939,101;941,069;1046,189;1069,079;1124,223
054:0,006;32,012;37,244;48,193;55,010;61,089;77,018;81,216;137,008;161,108;412,147;439,137;463,116;509,065;510,148;549,031;937,204;1019,070;1028,052;1130,096;1177,247
055:0,006;52,152;200,032;214,213;251,069;264,185;353,049;420,119;579,177;615,061;739,261;820,044;847,115;876,051;927,170;1019,261
056:0,006;59,151;179,178;356,264;361,078;373,179;429,114;442,156;551,044;632,264;722,104;765,227;881,116;1098,049;1149,191
057:0,006;88,178;99,124;170,032;223,116;289,190;298,219;353,049;486,151;539,251;549,031;697,135;784,266;1028,052
058:0,006;8,149;52,152;59,151;159,178;176,074;262,208;316,053;381,236;571,031;676,136;711,263;843,064;899,190;1074,137;1108,029;1124,223
059:0,006;41,113;146,009;154,032;209,151;264,185;366,262;527,117;602,266;623,264;636,170;853,135;856,141;874,258;949,225;983,235;1194,096
060:0,006;10,266;83,009;106,113;311,069;414,141;420,119;448,108;461,253;510,148;544,126;568,238;646,051;697,252;762,249;884,064;908,221;1008,264
061:0,007;34,263;101,106;239,066;352,165;388,090;441,101;442,126;511,185;520,264;626,031;816,101;867,082;993,226;1051,196;1078,135;1095,257;1149,141
062:0,007;44,018;67,263;449,206;532,262;539,163;760,069;1052,100;1101,191;1136,267
063:0,007;26,083;49,238;90,156;111,164;193,032;204,100;399,068;414,169;505,180;513,257;556,113;612,258;674,232;681,153;760,069;946,173;1198,037
064:0,007;29,015;30,100;265,208;379,226;399,053;439,173;526,172;616,091;1013,173;1065,135;1076,049;1095,091;1152,247;1162,255
065:0,007;30,100;53,054;64,101;93,164;149,101;213,175;215,267;306,164;460,101;611,270;681,233;731,031;740,218;760,069;989,178;1124,100;1130,128;1150,257
066:0,007;26,083;352,165;415,249;457,235;484,053;521,272;741,109;779,273;785,105;858,225;890,184;1024,104
067:0,007;57,092;124,046;136,261;332,199;355,262;399,068;421,078;601,173;632,155;645,115;675,228;679,154;901,139;962,089;1105,098
068:0,007;25,020;63,156;105,266;136,251;358,198;398,186;399,068;441,101;476,078;529,239;589,061;635,090;858,141;891,149;896,249;965,272;1131,089;1185,098
069:0,007;34,263;57,092;115,199;126,172;226,221;424,162;568,081;771,208;784,141;856,255;858,127;985,069;1020,267;1142,166
070:0,007;49,238;452,049;525,074;566,185;599,257;859,217;915,070;982,128;1025,078
071:0,008;238,214;298,169;525,074;692,146;746,207;753,262;841,070;1028,229;1072,130;1096,061
072:0,008;146,225;229,039;240,141;477,233;524,237;824,109;910,121;1012,172;1014,135;1037,096;1114,177;1143,081
073:0,008;161,068;231,251;234,028;255,146;319,075;382,266;442,261;484,029;647,267;648,074;662,147;692,146;745,044;888,208;1108,029;1138,227;1172,257
074:0,008;83,040;150,179;154,104;225,124;299,264;304,114;484,029;492,263;680,044;831,134;913,220;940,043;1012,051;1028,052;1173,267
075:0,008;118,069;146,225;397,124;762,141;781,051;815,255;964,208;1157,272
076:0,008;171,271;185,270;416,244;423,262;424,251;685,200;703,255;827,070;952,227;983,117;1031,082
077:0,008;142,143;160,266;377,074;412,166;484,029;513,228;525,074;579,105;619,170;623,113;635,090;711,207;739,107;740,211;749,247;827,070;908,274;1081,088;1128,127
078:0,008;76,218;83,040;238,124;412,166;556,074;665,154;755,044;1006,174;1054,073;1103,120;1139,037
079:0,008;77,169;83,040;174,153;238,214;322,124;333,214;360,075;393,065;484,029;602,044;610,225;677,106;790,135;852,196;1068,092;1100,258;1108,029;1159,200
080:0,008;180,089;298,088;351,244;525,074;626,088;628,104;800,166;845,069;893,043;1103,134
081:0,009;120,040;204,032;250,050;252,238;374,088;409,221;672,130;699,253;716,247;739,233;744,160;803,106;827,069;947,177;1033,231;1144,178;1172,079;1194,191
082:0,009;16,004;22,091;153,235;201,143;251,167;424,184;515,116;643,186;648,137;711,229;887,134;904,229;920,134;1163,157
083:0,009;198,208;228,088;250,066;251,263;622,253;718,088;932,183;1116,208;1198,231
084:0,009;83,040;154,033;192,219;353,049;403,218;591,157;752,095;966,088;1182,060
085:0,009;230,053;245,101;268,053;391,229;417,108;439,243;442,152;702,104;715,100;743,274;825,067;835,161;1052,160;1145,179;1151,121
086:0,009;193,081;355,261;414,049;431,039;444,182;497,177;512,220;635,044;749,130;923,233;1033,172;1087,163
087:0,009;180,115;295,160;426,126;431,039;481,101;598,184;722,220;744,100;793,273;908,081;923,217;1096,061
088:0,009;193,081;377,074;419,235;514,177;622,061;687,270;730,266;738,270;1012,043;1017,124;1043,052
089:0,009;164,108;285,241;310,096;355,092;462,164;571,137;643,221;828,247;921,270;945,239;974,069;1096,061
090:0,009;103,249;127,152;180,115;199,083;205,232;287,149;310,100;455,039;501,049;560,253;681,221;878,161;883,252;895,082;1021,222;1095,052;1197,194
091:0,010;81,105;103,163;181,152;299,216;302,267;460,138;614,141;758,075;812,251;993,141
092:0,010;70,051;128,114;288,137;311,251;421,113;434,232;594,218;714,262;830,264;873,197;1070,037
093:0,010;103,169;127,249;128,033;250,050;265,160;273,229;316,208;344,128;408,100;432,039;461,244;583,249;751,031;835,274;1016,139;1020,091;1092,037;1189,238
094:0,010;70,051;112,122;147,117;169,249;181,167;305,224;438,216;492,187;611,117;630,084;745,220;800,264;838,252;877,115;924,224;968,088;1070,037
095:0,010;115,251;202,189;250,050;288,096;419,264;510,249;521,157;761,162;773,261;780,252;813,238;814,096;981,051;1058,109;1085,037
096:0,010;89,255;101,046;118,189;194,114;226,187;228,178;229,053;248,189;250,050;284,247;301,213;561,110;591,122;682,084;745,043;758,075;788,261;901,266;919,147;1059,110;1070,196;1198,162
097:0,010;77,270;182,040;194,163;378,113;547,074;548,089;567,166;622,177;661,262;683,094;800,274;899,141;906,134;1088,089
098:0,010;10,240;70,051;128,114;171,244;288,096;302,029;316,170;384,107;546,113;668,137;933,197;1087,141;1107,136;1189,161
099:0,010;10,240;59,100;74,009;87,118;102,238;163,069;182,033;232,172;273,029;325,155;435,049;561,110;567,135;626,166;700,266;866,206;882,079;1054,073;1070,037
100:0,010;61,089;239,074;269,076;288,108;311,244;330,241;370,096;464,236;477,053;505,200;536,051;561,226;575,126;814,217;825,237;841,070;927,196;1044,204;1161,200
101:0,011;29,008;85,172;118,069;417,183;426,243;432,043;566,084;670,208;827,070;865,121;915,070;954,240;993,166;997,079;1077,206
102:0,011;52,004;62,193;90,172;505,083;563,078;812,247;862,207;936,272;1167,249
103:0,011;49,167;63,255;333,187;447,157;588,264;594,229;824,064;993,166;1058,188
104:0,011;56,164;105,077;123,263;207,060;209,226;216,083;306,089;319,137;333,196;497,220;508,235;827,070;890,136;1058,161
105:0,011;54,004;118,069;323,039;381,125;513,258;619,208;746,184;913,239
106:0,011;37,088;292,069;426,157;436,229;552,182;575,187;580,272;673,058;784,031;824,064;918,109;1021,143;1173,110
107:0,011;53,009;77,169;231,178;367,211;506,044;549,257;642,153;758,075;815,051;832,222;989,225;1060,184;1096,251
108:0,011;5,209;50,155;309,246;363,152;407,044;513,153;672,227;759,272;835,235;979,101;1153,052;1186,135
109:0,011;37,088;118,069;368,075;388,136;435,187;568,084;620,177;655,117;743,058;834,229;981,225;1174,151
110:0,011;5,209;49,167;148,105;342,244;395,074;438,257;513,153;626,227;653,124;750,197;928,229;944,069;1021,143;1040,135
111:0,012;285,126;325,170;331,126;409,243;416,226;425,214;439,044;457,186;483,089;486,141;488,044;549,107;611,081;636,144;687,122;760,069;816,147;846,051;976,096;1042,052;1084,197
112:0,012;277,224;291,075;334,092;377,156;397,185;564,177;565,272;570,128;601,186;758,075;767,224;907,172;1073,147;1154,179;1155,091;1172,121
113:0,012;49,244;64,253;262,012;324,083;390,216;442,243;566,114;628,058;710,194;1051,120
114:0,012;305,247;392,116;488,044;566,114;577,058;841,149;873,104;881,261;896,194;1031,092
115:0,012;134,247;165,184;365,173;396,266;405,049;406,233;872,064;879,233;881,267;1016,069;1051,120;1096,061;1151,151;1188,115
116:0,012;281,198;291,075;296,029;315,140;357,241;416,079;443,128;470,238;746,051;829,127;936,081;943,104;973,128;1049,049
117:0,012;270,219;291,075;326,136;419,241;488,044;495,177;534,184;577,058;657,136;828,224;860,135;1049,049
118:0,012;285,126;360,122;577,058;620,061;621,149;660,239;712,267;768,069;829,127;857,147
119:0,012;76,218;127,255;223,173;238,219;250,232;262,114;316,187;423,270;639,117;850,051;865,069;1018,162
120:0,012;181,107;198,216;209,152;344,261;388,053;507,196;577,058;684,044;720,141;841,239;901,128;936,138;1021,114;1049,049;1092,226
121:0,013;61,253;70,051;79,179;87,075;133,184;149,226;191,178;228,146;249,106;368,239;540,166;654,067;839,163
122:0,013;34,046;127,203;259,187;308,162;405,225;418,211;456,213;545,092;786,267;930,070;1029,184;1052,129
123:0,013;50,155;78,244;87,075;112,262;191,230;374,108;380,184;401,204;436,113;531,145;592,194;733,067;870,233;951,106;961,154;995,098;1154,126
124:0,013;40,105;62,232;116,038;123,137;166,146;216,179;251,122;364,075;380,196;695,249;1051,137;1063,270;1087,231;1091,161;1105,110
125:0,013;83,106;87,075;114,178;153,128;533,243;564,147;878,264;972,069;981,226;1015,129;1043,162;1065,174
126:0,013;34,046;131,196;171,219;176,229;477,211;672,115;687,197;747,043;832,222;1058,127
127:0,013;40,105;136,216;147,074;494,122;751,261;756,058;898,261;1011,028;1111,217
128:0,013;34,046;47,193;109,175;172,151;199,115;658,267;660,044;803,043;825,233;863,257;896,098;1028,239;1033,179;1117,197;1185,179
129:0,013;8,020;28,010;34,046;153,128;188,101;270,092;313,218;386,225;454,164;470,266;517,081;560,145;564,040;580,145;602,220;697,044;952,240;975,258;1069,249;1100,231;1108,029
130:0,013;34,046;87,075;131,262;238,066;241,211;370,066;415,044;464,081;469,092;841,031;993,251;1089,049;1098,174
131:0,014;12,199;94,193;103,101;122,117;138,219;225,220;326,039;335,274;406,044;418,206;579,089;592,044;748,196;852,105;861,106;1132,113
132:0,014;11,255;48,047;70,141;253,211;330,039;401,113;419,043;461,225;488,044;736,239;792,067;827,064;847,183;882,206;976,129;992,206;1147,187;1167,143
133:0,014;11,266;45,009;48,047;55,015;77,018;111,149;135,118;213,012;257,149;340,107;751,238;774,186;788,208;879,273;929,114;1008,137;1013,255;1101,233
134:0,014;14,091;101,184;129,264;207,262;327,249;335,274;366,140;374,081;387,078;388,065;484,082;577,058;594,067;678,110;863,224;922,247;1002,127;1117,079
135:0,014;34,002;38,003;42,249;57,164;69,178;188,033;227,140;388,065;406,044;594,067;803,199;830,113;1110,161;1183,177
136:0,014;11,255;84,163;99,089;138,249;413,173;476,164;605,089;858,264;941,255;1003,154
137:0,014;42,249;164,060;225,220;275,079;355,186;615,110;762,116;981,091
138:0,014;48,047;114,267;212,244;331,066;450,082;567,186;594,237;868,089;1003,028;1130,049;1177,111
139:0,014;11,003;114,267;226,249;279,039;388,065;546,144;594,067;782,220;785,043;813,078;891,206;1071,154
140:0,014;70,141;183,196;244,169;406,044;450,082;467,106;571,244;594,067;801,043;900,139;1009,089;1079,255;1159,060
141:0,015;159,232;179,098;234,028;289,190;406,044;425,225;442,138;454,141;693,043;927,231;950,130;1054,270;1062,141;1077,111;1134,100;1140,060;1190,089
142:0,015;103,187;164,060;242,158;297,115;378,158;475,238;565,228;632,031;762,162;1038,274;1108,249;1160,208
143:0,015;62,008;161,068;205,078;234,028;238,147;344,167;515,184;516,267;543,228;547,183;662,180;784,166;948,088;967,127;1047,103;1125,111
144:0,015;198,259;222,137;519,181;527,079;875,110;965,177;984,104;1022,244;1080,191;1100,079;1109,121;1162,238;1175,134
145:0,015;127,251;136,069;154,271;161,068;174,266;217,091;399,068;471,081;603,144;690,058;693,043;718,211;725,043;772,217;866,117;952,043;988,191;1045,138;1127,184;1151,100;1156,137
146:0,015;95,187;112,008;223,187;330,226;539,160;665,267;693,043;1045,116;1117,264;1122,274
147:0,015;91,244;179,184;458,172;1008,070;1058,258;1089,247;1170,220
148:0,015;70,051;79,054;115,251;126,122;143,040;164,060;231,153;234,028;265,253;401,183;402,228;447,187;485,115;639,081;640,172;878,043;988,191;1151,170
149:0,015;101,255;119,098;164,060;222,137;278,164;313,190;360,158;370,190;407,214;421,090;463,179;528,137;547,100;669,051;1034,228;1044,270;1054,141;1058,073;1073,184
150:0,015;63,266;161,068;238,147;643,266;724,043;800,239;921,224;963,270;976,031;988,240;996,255;1031,170;1192,095
151:0,016;129,138;167,179;193,124;231,039;382,135;652,238;663,113;771,232;803,199;1106,060;1138,129
152:0,016;38,002;45,230;402,226;409,053;442,125;451,053;454,183;496,151;539,177;553,061;681,155;742,058;749,273;774,217;801,147;814,162;830,064;850,082;887,129;1107,061;1127,165;1194,172
153:0,016;88,004;133,072;171,107;311,261;318,264;349,156;374,106;400,186;451,130;484,096;623,172;631,137;661,266;696,196;745,044;800,149;914,098;992,028;1064,081;1135,258
154:0,016;102,272;129,138;182,175;204,208;229,039;315,141;395,066;535,249;607,106;900,104;1059,049;1088,271
155:0,016;67,216;80,152;84,074;154,221;222,264;416,053;466,204;535,096;605,185;687,247;772,251;800,149;830,031;992,028;1139,179;1173,182
156:0,016;84,074;299,136;351,149;655,074;696,251;761,069;785,130;802,220;1015,261;1113,141;1122,271
157:0,016;133,072;401,204;431,039;470,170;501,173;662,136;670,194;689,109;843,273;877,031;992,028;1104,235
158:0,016;95,077;115,009;190,040;229,039;362,049;439,100;544,226;548,211;669,166;685,262;727,043;1119,037;1137,236
159:0,016;45,230;133,072;229,039;319,066;512,089;615,251;850,187;1133,079;1138,274
160:0,016;77,118;81,189;231,266;391,218;485,166;493,141;605,079;992,028;1051,052;1061,049
161:0,017;130,091;479,124;499,042;513,117;534,106;676,183
162:0,017;108,033;211,032;339,053;355,203;477,255;578,051;825,134;875,051;1013,138
163:0,017;108,033;176,157;295,198;423,156;550,200;630,258;791,067;825,031;1129,103
164:0,017;156,012;176,157;426,262;474,083;504,051;767,069;785,128;890,157;1104,178
165:0,017;31,262;106,104;234,028;240,079;526,236;625,089;744,078;859,051;914,228;968,141;1018,069;1025,124;1125,157;1142,261;1160,060;1164,136
166:0,017;58,226;359,043;441,233;471,267;504,051;1082,143;1144,103;1180,137
167:0,017;150,069;168,122;228,167;248,203;359,043;465,180;499,042;504,051;654,135;1003,170;1108,190
168:0,017;107,218;125,252;193,128;209,069;216,162;368,079;384,108;465,180;534,235;578,051;871,251;906,109;1117,137;1147,231
169:0,017;108,033;196,054;200,092;223,032;308,075;359,043;430,164;450,119;499,042;504,051;699,115;1132,180
170:0,017;108,033;119,252;190,151;239,221;319,114;400,213;445,115;484,236;499,042;557,266;646,257;821,228;912,137;1160,095;1190,178
171:0,018;159,191;273,029;446,145;558,227;622,078;637,255;686,114;824,064;869,098;911,070;999,082;1036,069;1058,117;1094,197;1115,049;1123,109
172:0,018;90,100;203,164;273,029;319,158;376,251;533,126;541,061;594,105;662,255;808,058;892,160;1032,247;1076,172;1141,104
173:0,018;117,092;196,054;273,029;302,039;343,173;437,226;604,128;982,251;1019,043;1086,049
174:0,018;118,046;144,156;169,187;196,054;224,075;257,224;438,155;460,184;596,128;759,154;840,064;861,221;963,220;1028,251
175:0,018;158,164;295,249;319,106;463,065;541,061;602,267;783,104;930,180;1062,225;1110,160;1173,100
176:0,018;186,162;298,116;310,029;390,236;456,243;476,065;502,162;541,061;557,206;607,152;722,196;723,270;840,104;869,098;883,247;1128,135;1184,272
177:0,018;139,167;203,211;242,032;258,179;273,029;301,075;324,089;408,081;410,130;620,179;697,116;852,270;894,096;957,233;1142,236
178:0,018;108,235;139,008;189,241;350,039;366,160;466,182;525,185;529,051;552,079;597,221;620,044;641,173;943,081;1047,096
179:0,018;34,046;50,216;123,137;158,113;172,196;330,221;395,138;424,116;446,145;502,065;541,061;763,263;803,031;924,204;1045,257;1164,106
180:0,018;201,093;213,153;223,128;250,196;273,029;388,156;439,267;571,225;727,136;761,180;965,184;1072,222;1078,196
181:0,019;59,033;80,262;127,032;234,066;382,162;498,225;571,110;676,264;685,228;697,078;729,262;742,194;879,149;885,141;981,095;1150,088
182:0,019;59,033;131,221;234,066;460,167;540,065;596,104;651,263;753,114;965,180;1118,270
183:0,019;70,264;108,118;127,032;232,092;267,232;501,124;553,047;661,109;728,180;743,091;831,114;921,257;1090,037;1149,115;1156,233
184:0,019;22,232;234,066;281,220;495,170;609,180;657,166;665,238;695,051;761,173;955,178;1054,249;1060,060;1116,263
185:0,019;59,033;82,199;127,032;201,141;230,155;820,238;929,043;935,115;997,051;1001,115;1169,160
186:0,019;22,232;55,104;124,088;139,230;182,163;530,244;553,047;578,130;763,136;1098,135;1116,263
187:0,019;55,104;70,264;187,244;212,107;374,158;473,137;487,138;800,258;860,091;976,070;1083,266
188:0,019;59,033;127,032;197,118;211,241;269,076;379,243;381,163;523,170;553,047;571,225;596,104;626,180;719,051;900,106;939,092;1010,217;1104,100
189:0,019;60,149;91,118;177,211;234,066;379,049;582,206;884,094;1097,128;1156,270
190:0,019;55,046;127,032;154,271;234,066;379,211;417,065;553,047;557,105;558,119;578,031;619,187;750,094;832,188;849,094;879,221;908,252;996,043;1044,103;1140,183
191:0,020;96,170;121,105;249,078;340,053;391,261;736,258;1030,073;1110,194;1150,061
192:0,020;94,184;158,187;196,054;309,246;434,065;517,237;581,253;593,235;1103,244;1129,141;1135,116
193:0,020;69,133;88,191;259,251;281,105;319,214;439,066;492,262;704,096;762,157;1164,047
194:0,020;157,239;517,166;523,044;558,074;666,067;675,044;776,113;804,160;872,207;948,137;961,231;1084,222
195:0,020;30,262;37,005;101,098;210,238;243,216;361,185;388,065;498,227;552,162;759,117;977,231;1030,073;1159,151;1164,047
196:0,020;69,133;77,009;140,216;267,089;503,128;585,031;602,114;685,232;761,163;838,272;909,095
197:0,020;96,170;108,179;109,075;111,254;140,239;336,229;382,049;387,092;522,246;550,239;604,267;640,220;772,225;796,220;867,064;1009,244;1030,073;1070,037
198:0,020;88,191;136,009;181,079;228,140;303,172;438,221;505,100;627,233;654,088;692,058;780,067;786,187;834,136;843,162;1003,139;1030,073;1155,184;1164,047
199:0,020;140,239;154,216;181,079;246,225;355,157;491,261;708,228;905,078;923,266;1105,116;1199,157
200:0,020;58,083;143,122;355,083;526,163;579,162;705,238;885,147;911,227;941,161;1084,110;1085,204;1164,047
