001:0,001;78,044;109,049;120,175;130,041;174,026;210,064;213,041;289,231;301,212;346,050;350,234;427,249;497,037;532,192;616,062;679,075;717,052;778,143;884,063;924,048;1173,027
002:0,001;157,067;173,180;174,026;262,109;283,169;298,249;397,037;621,267;671,032;704,218;723,182;750,230;826,119;871,175;1028,270;1069,063;1073,037;1133,183
003:0,001;218,118;227,044;242,185;288,082;439,086;484,209;559,235;611,136;618,034;639,085;726,037;755,184;843,096;1073,037
004:0,001;235,118;295,049;309,006;321,247;571,065;581,140;714,234;736,229;882,121;992,119;1051,075;1100,212
005:0,001;156,019;213,041;227,044;254,121;260,070;273,236;298,035;354,034;392,180;401,244;412,060;437,188;449,031;528,149;620,270;681,086;745,257;774,247;821,063;1097,107;1137,241;1166,162
006:0,001;55,214;193,005;195,159;203,215;230,005;317,136;376,187;556,037;613,074;636,038;671,032;689,164;701,061;719,245;762,028;827,034;953,161;976,063;991,225;1011,229;1054,073;1065,030;1074,224;1120,257;1194,214
007:0,001;185,019;195,159;289,069;300,217;397,037;628,156;671,032;793,086;796,266;875,063;1156,043
008:0,001;213,041;222,134;264,101;282,006;286,152;337,031;397,037;536,085;602,178;775,100;821,063;1073,037;1125,027;1193,071
009:0,001;192,188;193,128;227,044;235,118;244,136;323,250;379,233;387,227;397,037;734,030;742,151;849,249;884,180;901,043;936,261;1128,106
010:0,001;174,026;222,275;254,070;287,203;298,066;454,113;463,035;630,241;683,224;744,248;796,075;821,063;953,161;1027,272
011:0,002;105,047;107,215;145,203;260,035;271,032;357,255;386,136;486,026;500,257;522,107;525,036;789,222;857,051;898,087;926,238;971,029;1068,094
012:0,002;88,049;425,129;486,026;551,250;574,086;678,136;708,164;745,182;782,029;878,208;907,035;968,107;1119,075;1140,245
013:0,002;88,049;326,275;331,109;351,034;415,231;436,040;506,036;618,169;710,081;779,228;812,029;857,051;1110,117
014:0,002;136,080;168,074;187,070;291,042;294,088;306,049;436,040;495,257;506,036;782,029;891,040;919,080;925,038;1032,230;1057,206
015:0,002;88,049;414,267;436,040;438,088;457,109;491,039;627,062;698,172;876,100;983,051;1021,030;1044,213;1063,133;1143,213;1145,114
016:0,002;88,049;144,134;191,246;263,006;436,040;462,234;469,248;486,026;532,036;624,243;650,104;682,130;685,186;857,135;865,045;875,090;957,256;1076,030
017:0,002;157,006;376,227;415,275;464,151;632,029;659,172;683,075;709,259;748,186;825,071;912,035;1084,206
018:0,002;107,005;148,188;180,184;184,229;191,049;501,241;513,036;585,230;648,036;736,192;782,029;853,035;857,051;967,040;1063,171;1195,075
019:0,002;123,166;144,134;154,223;301,034;452,216;613,036;647,064;678,136;857,051;990,045;1119,106;1132,176;1170,250;1176,037;1178,027
020:0,002;34,155;88,049;506,036;597,029;651,036;733,119;933,037;936,130;978,048;1027,275;1047,048;1091,127;1188,106;1193,027
021:0,003;191,062;215,046;264,010;281,169;282,030;331,144;548,271;618,034;810,070;844,034;941,178
022:0,003;215,046;274,188;287,144;452,229;570,074;618,034;671,032;678,148;760,149;810,070;839,135;983,272;1031,175;1084,051;1195,181
023:0,003;194,169;261,139;264,188;272,148;282,030;339,069;341,110;475,014;618,034;885,228;1022,037;1066,243;1190,184
024:0,003;196,240;234,058;244,188;282,030;355,056;387,034;402,097;563,178;689,104;706,052;722,222;819,060;836,177;868,029;889,156;1175,191;1198,106
025:0,003;186,070;234,058;280,100;308,239;455,110;507,133;512,240;551,188;581,014;618,034;647,104;746,233;790,081;792,162;823,039;833,036;933,037;1056,104;1075,048;1103,044
026:0,003;191,062;215,046;269,152;285,188;431,203;443,210;626,171;685,165;753,136;794,251;804,214;810,070;824,034;844,143;933,037;1199,165
027:0,003;186,070;191,062;241,069;282,030;352,014;618,034;775,036;781,215;785,235;850,180;1149,148;1192,238
028:0,003;191,062;234,239;292,275;407,049;515,264;542,244;566,177;582,147;702,243;843,247;853,035;867,135;875,212;1142,075;1158,247;1193,243
029:0,003;154,168;183,215;186,070;248,014;288,206;313,064;330,100;371,034;409,236;422,060;427,055;472,071;479,235;633,130;668,101;730,106;821,036;894,114;1016,247;1067,043;1173,133
030:0,003;154,168;262,032;278,174;296,101;319,188;500,065;590,074;609,241;618,034;668,038;696,222;777,257;933,037;1041,184;1056,088;1086,071;1135,134;1151,030;1159,265
031:0,004;132,171;188,136;266,193;291,042;297,207;319,175;367,212;416,010;476,203;540,264;645,096;795,140;890,243;921,169;927,133;1071,073;1107,101
032:0,004;91,003;106,075;139,223;156,196;301,239;304,227;335,218;347,113;355,035;411,010;498,049;522,117;529,164;876,133;882,172;891,040;977,076
033:0,004;79,157;88,051;105,136;110,129;131,136;243,046;250,171;291,042;301,159;380,250;394,222;432,178;445,071;821,206;1052,275;1055,114;1133,104
034:0,004;100,244;106,188;224,184;236,064;271,245;355,035;403,203;408,071;789,062;790,031;804,094;836,048;853,174;1050,048;1187,029
035:0,004;90,003;102,202;244,168;267,184;309,249;352,045;408,071;577,229;606,127;653,071;728,104;817,060;863,207;920,051;1064,091;1152,030
036:0,004;137,180;156,049;159,003;180,034;276,212;291,042;341,178;352,045;355,035;606,177;963,190;972,130;1049,071
037:0,004;132,195;286,248;340,185;348,129;355,035;395,039;412,171;530,071;817,060;876,106;944,037;974,051;990,071;1153,210
038:0,004;88,051;106,188;109,093;132,171;408,071;1082,075;1093,127;1172,241
039:0,004;109,093;119,152;249,074;297,207;395,039;408,071;601,233;617,071;1023,073;1046,268;1087,075;1157,080
040:0,004;78,044;88,051;189,128;207,006;228,239;260,121;275,019;291,042;321,174;352,045;355,035;395,039;429,137;434,071;766,138;776,164;790,268;817,060;901,115;919,101;969,156;980,071;1035,248;1076,184
041:0,005;298,056;379,064;405,185;437,211;448,264;515,032;521,014;585,165;613,038;718,205;857,067;980,156;1063,171;1106,075;1179,171
042:0,005;298,056;414,146;446,201;515,032;613,038;690,149;698,052;725,099;911,130;955,115;980,265;1148,174
043:0,005;323,255;349,185;354,136;358,231;380,064;410,213;443,089;444,065;460,040;465,269;587,117;613,038;727,109;734,030;737,171;823,045;917,148;950,037;1051,075;1103,170;1119,051;1120,235
044:0,005;335,056;401,080;428,151;440,222;463,227;535,032;555,270;585,039;588,029;641,148;683,121;687,127;698,052;784,205;882,177;889,063;935,123
045:0,005;57,218;366,148;379,064;401,271;534,209;698,052;748,275;824,140;941,258;987,059;1018,030;1051,075;1162,051
046:0,005;298,056;494,105;535,032;557,258;734,030;802,249;873,051;899,048;902,091;971,037;1006,191;1039,238;1051,191;1169,227
047:0,005;298,056;379,064;394,096;397,067;422,140;618,165;734,030;789,048;853,142;902,114;919,091;1051,075
048:0,005;195,035;222,121;320,223;348,066;379,064;397,067;403,062;446,201;636,254;751,034;768,174;795,258;823,159;875,045;960,123;1111,273;1122,037;1168,271
049:0,005;304,265;310,231;397,067;398,187;463,102;515,032;547,171;613,038;637,062;657,129;682,188;685,156;837,130;920,099
050:0,005;305,169;380,229;413,233;501,031;536,177;550,117;613,038;624,172;698,052;773,075;836,093;853,115;1043,087;1051,075
051:0,006;405,101;492,258;600,254;689,188;800,076;830,107;911,043;945,159;952,135;964,233;1014,195;1163,104
052:0,006;361,196;401,035;482,144;506,250;526,097;617,062;618,065;653,213;724,127;896,188;1056,233;1064,188;1100,080
053:0,006;81,008;112,049;144,246;164,044;174,184;281,159;322,236;339,196;381,100;512,081;634,100;668,249;672,129;737,036;837,258;843,057;918,195;940,073;1030,028;1066,261;1078,152;1129,165;1159,085
054:0,006;174,026;182,167;183,116;204,227;352,218;499,136;554,109;562,100;570,065;574,074;594,110;668,243;707,241;714,270;762,156;940,073;1087,261
055:0,006;394,180;401,035;605,157;658,148;674,213;768,130;881,224;910,107;948,213;975,159;1030,028;1120,091
056:0,006;326,169;521,137;527,233;701,097;737,177;738,075;752,159;823,090;827,105;940,073;1164,122
057:0,006;374,034;403,119;423,175;430,244;605,157;635,175;668,081;672,061;732,097;851,272;991,087;1036,166
058:0,006;401,035;458,258;534,182;561,166;571,187;572,188;691,129;761,090
059:0,006;90,247;339,265;343,101;544,105;597,250;704,039;715,028;791,224;862,195;911,233;940,073;1006,136;1025,092;1179,247
060:0,006;389,133;457,213;480,270;515,100;558,074;634,071;642,081;658,061;761,090;814,184;856,218;1011,100;1172,099
061:0,007;119,246;216,144;264,174;266,265;311,010;440,035;513,257;653,075;681,205;687,130;743,258;884,207;922,191;1007,148;1115,133;1131,210;1136,043
062:0,007;88,051;123,151;162,074;336,006;356,040;395,039;444,049;471,035;648,195;702,076;769,045;910,221;1046,071;1083,051;1131,210
063:0,007;51,222;268,192;310,010;435,127;548,186;707,218;769,045;863,250;929,076;967,236;992,245;1027,048
064:0,007;141,043;162,074;356,040;438,114;601,074;657,109;725,065;777,028;781,175;821,172;822,045;1041,030;1167,051
065:0,007;107,244;139,151;186,275;307,030;317,192;525,247;581,037;609,229;747,028;748,157;860,133;873,080;908,043;963,152;1078,030;1105,268
066:0,007;116,066;167,217;221,203;392,196;571,048;594,032;648,195;732,187;769,045;775,159;936,243;1114,250
067:0,007;120,120;141,043;238,111;242,227;302,056;312,184;361,067;393,210;444,060;458,270;536,051;548,186;600,234;620,103;624,140;673,245;794,216;873,029;1058,214;1126,271;1151,183;1165,109;1170,157
068:0,007;51,222;100,016;104,129;162,074;375,102;501,109;521,243;589,062;673,245;687,140;752,175;834,257;1052,214;1108,238;1131,138;1156,212;1197,138
069:0,007;114,200;141,043;150,129;356,040;435,127;505,222;535,144;548,032;607,044;641,150;717,064;773,224;832,034;835,071;1099,275;1166,037
070:0,007;141,043;162,074;348,082;356,040;438,114;515,032;620,103;665,061;704,266;805,101;832,214;845,045;1044,175;1134,119
071:0,008;137,111;163,049;191,138;256,229;371,151;686,061;692,036;884,181;916,218;962,174;977,043;1094,157;1129,170;1165,138;1188,127
072:0,008;179,258;449,137;476,237;486,026;516,048;699,272;812,036;878,135;940,250;1000,228;1117,027;1121,176
073:0,008;54,017;77,155;180,034;204,169;227,031;249,193;298,066;313,265;361,067;363,082;368,014;372,146;436,164;528,149;566,035;577,109;731,265;748,192;770,086;789,062;798,270;1113,245;1183,238;1187,257
074:0,008;196,218;248,258;344,048;428,185;429,206;440,258;476,234;511,037;581,192;630,114;680,065;728,093;826,268;932,234;978,051;987,085
075:0,008;149,049;168,065;193,223;330,192;390,248;448,121;516,271;676,177;728,093;789,062;870,123;902,029;904,177;961,059;987,130;1137,273;1151,152;1182,093
076:0,008;58,136;148,041;344,048;736,143;829,178;947,100;1029,051;1099,138;1121,027
077:0,008;154,014;173,196;347,265;361,067;429,229;517,169;534,032;633,214;760,160;789,062;799,087;846,212;932,211;948,059;1030,127;1045,222;1110,051;1155,256
078:0,008;168,065;179,258;243,120;274,061;361,067;440,264;482,121;672,097;697,187;714,036;800,075;993,083;1015,250;1128,233;1139,129;1196,205
079:0,008;168,065;184,271;189,236;342,231;344,048;427,271;456,037;558,132;703,258;724,028;770,086;797,075;823,085;860,038;870,123;951,159;973,264;989,063;1057,257;1091,273;1195,149
080:0,008;148,001;216,144;287,184;344,048;465,248;468,222;600,270;623,044;645,271;665,216;699,272;733,250;857,051;1114,191
081:0,009;156,227;181,245;296,210;366,171;443,233;555,062;657,129;669,149;735,039;847,036;853,035;1077,075;1099,271;1109,043;1173,109
082:0,009;55,214;135,032;194,139;251,070;255,248;293,049;421,230;603,137;615,014;639,211;667,222;686,249;742,254;762,039;827,221;957,117;969,206;980,213;1042,063;1084,213;1094,031;1113,043;1188,167
083:0,009;129,075;217,041;236,019;243,031;317,050;368,159;376,218;416,049;514,209;523,177;528,110;841,230;853,035;908,071;1065,211;1094,031;1153,157;1167,275
084:0,009;135,032;355,273;433,081;571,182;607,114;616,187;734,081;811,234;954,071;970,275;990,035;1079,044;1094,257;1177,258;1197,164
085:0,009;145,160;173,005;259,118;403,062;428,242;619,222;698,034;936,268;1005,211;1049,151
086:0,009;128,212;155,067;156,227;241,167;299,245;317,050;385,081;455,227;460,152;486,188;571,218;607,149;674,270;678,265;721,081;730,160;754,034;947,040;961,076;984,211;1128,152
087:0,009;78,075;135,032;299,118;400,096;516,249;658,061;691,064;721,119;765,263;827,057;845,090;853,035;1041,100;1072,107;1094,031;1099,092
088:0,009;128,003;137,245;266,206;283,061;286,082;318,049;383,031;384,018;385,148;555,062;643,048;673,171;785,195;789,168;798,045;829,218;853,035;984,148;1190,100
089:0,009;135,032;401,230;499,203;528,265;555,062;578,162;596,187;604,242;718,121;841,060;849,156;876,063;926,238;993,213;1141,134;1151,106;1158,071;1159,091
090:0,009;128,018;185,138;191,062;203,067;294,195;392,064;398,109;401,230;403,062;444,089;494,060;528,071;609,212;619,249;808,034;837,170;1094,031;1165,227
091:0,010;58,033;67,261;129,164;163,145;260,189;261,069;307,171;324,051;429,242;551,257;603,086;610,101;658,061;727,237;790,031;814,169;920,040;983,049;985,234;1008,151;1086,037;1095,031;1119,234
092:0,010;36,006;58,033;65,047;126,070;239,090;446,178;552,048;562,127;624,192;724,075;818,191;981,238
093:0,010;21,174;55,032;57,072;65,047;114,229;317,107;381,247;521,138;550,014;611,243;618,034;676,037;801,081;824,045;832,112;833,172;882,250;1058,275;1105,229;1134,214
094:0,010;55,032;57,072;62,013;65,047;129,164;143,167;324,051;388,175;485,110;581,065;713,174;893,029;954,190;983,049;1037,051;1096,044
095:0,010;38,120;43,247;57,072;65,047;126,070;164,160;280,195;308,248;406,250;410,121;420,164;445,218;683,270;707,100;737,030;740,133;744,195;758,187;770,028;787,268
096:0,010;55,032;114,229;120,005;126,070;138,250;170,136;180,019;208,231;324,051;391,092;423,034;494,081;500,188;530,117;566,036;653,270;661,086;754,242;772,229
097:0,010;19,012;21,174;138,250;213,248;229,014;274,247;302,100;409,236;423,034;496,263;545,137;555,242;579,113;606,105;814,230;874,213;891,083;896,206;898,099;988,090
098:0,010;48,007;55,032;107,177;126,070;206,167;227,151;423,034;499,231;596,222;624,076;790,031;891,083;962,170
099:0,010;43,247;137,018;216,222;234,064;289,093;324,051;392,229;445,250;485,178;506,014;590,137;603,132;658,061;709,192;747,212;821,270;1008,230;1020,073;1112,051;1163,241
100:0,010;32,015;47,146;57,072;58,033;78,019;117,009;129,014;140,193;208,202;217,064;337,206;486,031;512,240;551,036;680,270;753,237;790,031;838,265;921,051;962,211;978,101;983,049;1042,222;1056,230
101:0,011;116,167;176,041;184,006;220,014;264,250;633,162;789,048;979,127;1024,088;1055,115
102:0,011;148,271;290,121;460,211;560,014;610,212;848,175;865,085;971,159;985,037;1041,043;1123,248;1140,235;1158,157
103:0,011;139,203;145,223;151,219;218,031;274,146;342,060;360,136;413,196;448,267;635,250;752,157;863,127;931,104;938,063;990,087;1122,088
104:0,011;147,215;173,003;177,275;208,049;253,034;266,250;281,031;493,231;586,097;633,151;732,213;745,130;815,275;832,106;906,174;948,247;1046,205;1165,043
105:0,011;115,215;210,101;390,063;403,014;444,117;516,085;529,152;636,247;736,175;765,178;799,071;883,104;910,258;1147,037
106:0,011;162,069;326,014;390,063;431,060;516,085;964,083;1066,238;1080,104;1152,180;1158,130
107:0,011;168,192;218,031;492,137;606,175;744,099;789,048;1031,256
108:0,011;142,219;218,031;434,089;546,270;613,186;681,205;714,159;771,250;850,136;919,159;950,156;968,218;1001,245;1006,045;1024,088;1164,075
109:0,011;136,271;177,129;215,005;218,107;274,146;285,010;344,159;362,110;389,090;390,063;470,164;687,038;714,159;726,172;773,045;810,233;975,035;1084,162;1176,037
110:0,011;58,033;218,031;511,177;666,132;733,085;789,048;1094,157;1144,272;1195,127
111:0,012;78,075;133,113;233,189;306,014;627,097;711,104;715,169;926,140;976,040;1019,166;1069,044
112:0,012;31,013;36,066;78,075;156,134;259,111;306,014;419,086;430,140;495,175;609,138;662,075;699,228;717,136;740,169;791,045;811,228;848,029;911,256;952,048;977,029;986,205;1087,132
113:0,012;139,265;177,111;301,151;306,014;623,169;631,235;776,165;816,070;941,045;992,264;1132,106;1138,075;1164,088
114:0,012;36,066;139,265;182,160;206,174;260,064;306,014;558,074;600,039;619,230;719,156;740,214;872,041;873,214;990,051;1038,245;1126,151
115:0,012;22,080;36,066;150,145;306,014;566,124;647,064;754,177;805,115;895,140;912,094;935,258;941,094;961,228;977,091;979,094;998,272;1024,035;1027,107;1068,156
116:0,012;27,255;36,066;202,062;233,032;286,139;306,014;517,218;565,096;627,234;706,264;1043,132
117:0,012;23,113;126,202;194,134;220,139;302,145;306,014;476,082;517,037;566,124;612,133;838,029;908,213;987,101
118:0,012;36,066;167,217;306,014;731,115;800,211;843,094;849,214;940,045;1043,132;1049,027;1062,063;1090,195
119:0,012;61,247;87,113;336,269;401,243;466,249;613,048;635,258;702,178;759,180;831,090;836,045;941,029;980,229;994,048;1018,030
120:0,012;22,080;67,066;78,075;123,219;149,006;174,080;395,014;420,107;517,270;553,230;574,133;731,115;846,245;1000,091;1114,171;1173,071
121:0,013;87,002;91,245;109,001;183,118;203,041;216,188;256,010;451,107;567,137;577,247;679,166;725,052;804,180;855,148;921,106;975,117;987,104;993,257;1018,030
122:0,013;86,069;256,010;298,066;314,195;321,082;323,211;366,195;501,113;561,136;564,229;656,080;817,060;846,045;871,265;933,037;975,114;1164,129
123:0,013;72,261;86,069;234,058;238,169;252,192;256,010;512,160;615,085;623,218;707,080;722,191;737,064;746,266;795,188;819,093;998,117;1018,030;1025,044;1168,030
124:0,013;86,069;91,245;167,003;174,250;215,046;244,249;303,066;397,113;479,271;513,036;520,264;532,105;783,172;790,028;793,148;908,071;948,059;1055,196;1159,233
125:0,013;108,236;256,010;535,130;757,247;767,152;874,234;903,205;1025,044
126:0,013;86,009;98,069;256,010;512,152;823,228;901,241;948,059;1025,044;1176,043
127:0,013;86,069;256,010;539,130;609,211;620,071;693,191;813,133;1059,272;1074,234
128:0,013;71,019;84,196;138,041;167,223;180,074;216,215;232,069;343,050;397,113;448,210;537,224;572,263;588,216;749,147;810,070;834,206;881,029;1013,159;1157,248
129:0,013;86,069;357,207;378,082;512,160;647,264;844,152;851,258;926,184;1025,044;1056,109;1145,180;1162,233
130:0,013;53,002;65,016;108,236;187,069;209,185;390,063;421,100;782,029;922,107;995,104;1035,073;1148,251
131:0,014;240,171;247,035;251,070;314,167;331,014;341,031;382,018;422,206;429,065;575,086;589,187;590,263;605,165;620,263;820,142;828,164;875,093
132:0,014;241,247;267,168;358,243;382,018;444,048;488,203;494,105;502,263;764,181;860,038;874,184;920,211;994,248
133:0,014;278,093;294,255;308,187;382,018;420,060;430,224;525,234;570,100;588,081;702,233;727,243;783,138;995,043;1055,196;1131,270
134:0,014;279,244;327,148;367,247;378,010;382,018;436,213;669,064;686,181;756,106;779,214;782,107;824,191;899,043
135:0,014;180,193;247,019;251,070;253,240;272,034;307,273;436,227;530,039;588,029;681,034;683,267;722,132;733,230;735,241;899,043;1141,157;1156,258
136:0,014;271,090;344,121;352,045;358,243;684,096;817,249;827,221;894,119;948,035;1072,100;1085,133;1094,031;1104,270;1124,107
137:0,014;251,070;340,178;344,088;382,018;430,166;550,101;588,029;653,267;721,257;783,076;860,038;882,105;908,230;1051,083
138:0,014;278,005;299,185;304,148;317,014;382,018;401,035;430,224;782,106;848,222;860,038;899,043;916,151;939,261;1061,174;1142,071;1174,188
139:0,014;223,231;244,019;251,070;320,129;338,227;382,018;423,034;430,166;723,228;743,241;834,104;1112,037
140:0,014;256,010;490,152;526,178;588,029;686,181;899,043;1008,092;1091,205
141:0,015;115,219;117,080;129,112;130,041;132,067;167,248;169,064;235,019;303,069;449,152;508,096;548,172;651,150;655,201;663,192;693,205;748,036;891,099;892,208;908,206;941,136;1026,055;1073,037;1106,100
142:0,015;122,112;130,041;174,101;236,067;342,060;574,102;607,044;653,075;770,101;827,057;870,240;872,041;881,249;935,119;1108,184;1117,188
143:0,015;169,064;360,244;397,014;418,136;659,150;677,075;828,212;838,121;977,151;999,073;1026,055;1030,028;1038,043;1042,214;1051,030;1144,162;1158,094;1165,211;1173,043
144:0,015;115,011;130,041;239,067;296,035;305,030;351,099;352,184;413,119;419,248;597,175;602,048;673,152;706,102;719,075;785,039;801,171;827,057;943,264;966,188;1164,122
145:0,015;137,017;160,248;271,136;281,006;292,210;342,060;518,172;604,085;607,044;653,075;784,105;804,039;818,071;827,057;840,224;869,211;883,168;941,100;947,256;988,233;1044,051;1096,030;1104,051
146:0,015;132,067;342,060;520,138;759,162;824,104;827,057;855,243;867,090;872,041;891,040;967,230;999,099;1003,212;1026,055;1049,138
147:0,015;186,070;209,265;303,111;382,018;383,178;484,264;517,127;594,201;607,044;609,265;652,029;741,080;891,040;999,080;1008,027;1016,174;1075,063;1081,073;1127,164;1168,238;1172,114
148:0,015;130,041;132,067;215,129;291,226;342,060;489,244;526,121;541,222;587,264;674,102;731,075;745,142;774,242;792,195;1070,250;1092,221
149:0,015;115,219;132,067;169,064;350,060;392,212;465,206;487,265;599,162;628,109;644,242;791,272;864,230;945,106;1026,055;1101,087;1127,164
150:0,015;119,152;169,064;351,099;352,178;413,133;578,138;600,065;607,044;641,152;653,075;767,104;866,036;872,041;886,136;903,040;958,080;983,049;1025,094;1040,099;1062,222;1101,211;1149,251;1194,261
151:0,016;142,116;148,187;296,093;553,203;577,121;588,214;633,224;673,160;753,188;787,100;867,247;952,038;998,027;1057,055;1074,109
152:0,016;82,007;97,106;142,116;195,035;322,217;381,231;431,175;558,074;682,233;856,094;909,228;922,038;981,121;994,256;1029,212;1057,055;1124,129;1154,229;1163,029
153:0,016;136,046;139,203;191,171;232,148;345,060;348,255;508,101;744,107;902,080;975,029;1057,080;1071,135;1090,099;1092,162;1096,256;1148,261;1177,133
154:0,016;168,192;195,035;232,148;259,169;322,203;464,117;530,201;566,035;588,076;698,169;735,030;786,168;1030,073;1057,055;1190,230;1193,037
155:0,016;132,067;148,187;279,239;331,086;343,050;420,265;514,255;522,114;761,182;792,257;826,100;911,136;961,234;993,135;1021,183;1150,044
156:0,016;136,046;159,032;195,035;286,005;290,019;331,086;574,107;728,195;853,035;954,236;998,027;1057,055;1099,271;1125,214;1180,213
157:0,016;136,046;150,193;180,174;195,035;343,093;500,031;555,132;581,247;607,218;614,182;745,216;922,038;1021,183;1093,083;1171,071
158:0,016;82,207;136,046;157,255;195,035;317,050;414,192;558,074;670,235;861,101;914,087;922,038;998,027;1064,117
159:0,016;138,180;162,155;195,035;343,050;385,249;407,254;506,036;521,216;577,136;586,035;588,214;729,247;922,038;998,027;1064,117;1107,051;1161,076
160:0,016;135,032;264,226;343,050;407,254;590,231;607,166;662,257;737,218;908,083;966,045;1058,071;1176,075
161:0,017;187,240;188,019;305,211;605,213;647,064;708,151;893,152;956,127;967,085;1140,175
162:0,017;173,174;369,152;423,055;445,080;591,035;621,160;715,028;747,086;751,121;808,099;870,152;1113,175
163:0,017;183,037;208,189;258,049;268,218;323,151;356,048;676,037;742,140;801,188;841,034;948,059;988,080;991,051;1075,272;1117,075;1124,094;1125,174;1162,235
164:0,017;168,065;184,212;230,107;418,262;423,055;436,040;453,171;566,211;774,213;941,092;1022,233;1160,129;1164,044
165:0,017;30,157;112,188;138,006;157,049;206,214;230,255;256,222;336,049;367,129;425,267;604,014;634,201;665,156;694,191;715,028;740,180;795,075;885,092;1002,214;1056,228;1094,230;1189,174
166:0,017;201,192;318,069;347,014;413,195;417,010;432,090;468,096;496,086;551,014;647,064;753,160;763,100;772,075;844,101;881,067;935,071;1023,241;1034,076;1148,037;1173,196
167:0,017;177,195;183,037;202,102;301,222;385,080;676,037;715,028;799,170;826,094;983,038;1058,130;1123,243
168:0,017;164,044;167,111;177,014;183,037;187,240;423,055;474,209;486,026;526,065;527,096;662,064;676,037;715,028;827,249;841,275;953,059;988,094;1091,051
169:0,017;214,267;219,014;286,148;291,187;326,273;344,240;392,086;418,049;423,055;466,039;503,187;661,162;738,101;804,165;1121,270;1179,156;1195,094
170:0,017;183,037;206,111;211,244;225,168;230,080;353,229;388,088;397,037;400,048;667,265;676,037;740,180;751,101;765,184;807,127;826,275;1004,258;1010,115
171:0,018;180,034;388,169;498,196;573,107;574,102;685,064;751,240;753,036;825,170;900,043;1032,190;1052,234;1073,166;1163,051;1164,159
172:0,018;164,044;216,151;275,217;276,109;317,050;339,222;502,241;573,062;673,248;732,259;749,228;774,216;782,075;790,251;845,067;914,224
173:0,018;180,034;394,040;422,065;515,269;589,254;633,065;812,087;845,067;945,245;990,035;1010,216;1018,076;1019,216;1140,211
174:0,018;164,044;180,034;227,044;347,210;413,227;444,082;474,133;481,065;761,213;784,029;837,241;1127,123
175:0,018;69,212;179,006;204,032;352,275;422,065;659,034;766,245;915,133;923,175;1032,101;1081,241;1110,271;1163,029
176:0,018;164,044;180,034;183,118;230,206;403,062;422,065;433,055;475,237;738,234;870,272;970,076;973,138;1054,044;1163,029
177:0,018;66,013;69,212;99,218;180,034;362,121;399,258;422,065;773,218;826,136;839,135;851,151;1027,093;1174,176
178:0,018;164,044;196,255;323,245;342,060;387,096;448,031;516,093;555,062;633,038;698,052;751,148;845,067;926,178;927,048;976,080;1098,099;1121,272;1135,264
179:0,018;261,067;272,168;332,239;377,148;473,014;676,142;923,216;1191,167
180:0,018;167,151;196,255;207,032;230,206;256,010;336,175;395,119;406,031;471,111;485,235;554,237;704,149;769,045;836,188;857,264;903,249;954,178;1024,257;1111,241;1143,216
181:0,019;298,066;356,109;382,018;410,249;417,255;526,039;828,186;885,101;1021,051;1028,228;1052,119
182:0,019;308,175;336,006;358,040;391,166;422,039;772,097;876,029;938,148;996,234;1103,027;1140,099;1163,271
183:0,019;165,222;177,246;186,067;188,247;213,271;269,152;453,040;485,213;559,264;572,241;739,165;797,243;1030,028;1087,273;1103,027;1139,114;1141,107
184:0,019;186,067;378,233;434,195;515,032;572,209;693,106;755,133;760,265;855,076;950,114;968,140;974,221
185:0,019;298,066;316,113;363,050;391,166;402,271;422,039;827,101;845,184;1103,027
186:0,019;5,120;23,019;326,234;344,258;385,129;422,039;798,114;845,067;866,224;916,127;1040,138;1041,151;1048,048;1189,131
187:0,019;326,234;810,266;892,229;917,105;928,071;982,206;1059,159;1189,131
188:0,019;186,067;214,034;216,265;266,064;285,109;584,037;591,242;596,113;599,036;617,248;630,029;693,106;728,152;733,211;930,029;1005,161;1029,035;1049,030;1101,151;1117,264;1163,224
189:0,019;298,066;377,184;422,039;457,040;508,248;823,063;865,076;921,265;983,161;993,048;1053,178;1103,027;1198,251
190:0,019;186,067;323,164;429,137;519,230;544,107;758,071;788,213;873,205;942,195;1008,265
191:0,020;5,120;236,222;244,067;296,088;330,164;404,109;441,048;462,129;528,051;581,171;664,075;668,048;685,138;921,224;1049,221;1061,138;1083,055;1118,165
192:0,020;8,011;66,032;101,195;117,066;131,041;213,193;250,195;268,174;270,031;274,061;322,164;325,111;484,043;488,148;622,149;652,230;806,096;1079,099;1085,248;1115,152;1118,104;1132,196;1197,245
193:0,020;29,244;66,032;96,047;115,080;221,160;234,058;290,146;406,262;425,060;428,265;460,196;484,043;500,182;702,110;794,164;813,048;986,248;1029,135;1109,071
194:0,020;25,005;29,244;484,043;502,071;516,147;528,051;581,148;599,035;675,081;711,216;726,258;768,119;821,165;1087,233;1106,275
195:0,020;18,157;78,044;101,195;152,116;169,032;179,169;204,168;213,041;245,102;451,039;558,162;643,169;651,257;716,259;722,114;896,216;972,168;1016,191;1108,071;1196,259
196:0,020;27,207;135,129;139,069;140,041;206,019;286,269;414,107;449,048;528,051;546,121;564,062;579,265;819,039;954,117;1003,218;1014,245;1068,048;1132,178
197:0,020;6,246;130,155;156,212;389,185;412,111;455,164;467,088;523,257;533,203;578,244;581,035;636,127;804,178;868,188;873,045;941,214;1019,166;1034,258;1163,029
198:0,020;65,120;66,032;94,255;180,026;206,152;237,192;248,249;274,061;349,119;397,067;452,212;465,113;595,121;748,191;821,063;980,135;1065,055;1091,080;1130,130
199:0,020;6,246;91,196;161,120;286,269;325,088;516,147;807,105;845,188;951,040;980,241;1001,275;1075,264;1095,213
200:0,020;66,032;78,044;94,255;144,111;194,151;224,138;256,113;274,061;317,035;376,262;407,249;454,203;484,043;528,051;554,210;627,065;633,156;646,062;702,228;789,178;823,175;914,180;1133,043;1183,149
