001:0,001;122,049;128,144;214,212;332,226;360,042;395,040;587,264;597,180;678,215;720,171;800,069;838,135;934,243;1090,238;1120,056;1123,097
002:0,001;128,144;158,020;241,075;263,162;265,014;297,162;319,102;562,046;751,249;837,206;917,040;990,259;1017,228;1041,108;1131,206;1134,109
003:0,001;140,222;162,051;204,206;249,012;254,209;380,258;443,104;709,250;770,249;845,173;856,136;1072,108;1091,064;1101,116;1106,043;1181,213
004:0,001;106,163;206,020;239,269;306,032;343,122;461,042;494,115;608,030;624,118;645,162;671,068;699,035;815,216;1118,268;1149,132
005:0,001;122,049;141,061;185,030;248,036;322,030;349,169;775,153;787,269;860,216;1024,108;1053,030;1134,223;1142,058;1169,031
006:0,001;137,014;138,107;179,026;215,060;248,036;292,207;303,104;308,042;471,043;572,035;733,239;981,259;987,115;992,042;1004,245;1051,238;1162,061
007:0,001;147,202;181,003;248,036;338,265;345,081;423,028;459,206;548,040;597,046;615,063;645,250;732,089;957,100;1038,118
008:0,001;122,210;158,062;176,127;308,042;597,243;662,046;731,247;734,068;741,117;789,205;848,040;864,169;909,268;1010,243;1080,152
009:0,001;138,198;211,012;242,117;337,239;423,030;449,042;521,100;549,250;568,134;614,113;651,186;708,166;725,206;751,249;761,102;884,109;1132,101;1153,193
010:0,001;122,049;164,242;176,063;192,100;308,042;426,030;465,094;496,111;593,077;636,113;687,029;694,193;785,120;800,131;885,102;957,205;1123,241
011:0,002;64,213;117,187;125,199;185,013;217,009;247,003;272,215;376,028;429,043;467,028;566,079;582,070;620,219;819,101
012:0,002;185,030;254,156;314,047;347,253;376,205;404,256;475,058;606,177;703,079;764,034;816,053;824,256;838,034;926,166;954,269;995,030;1094,079;1142,058;1147,067;1148,030
013:0,002;162,051;185,030;202,060;270,081;285,140;287,036;341,166;377,154;475,058;496,081;582,070;600,175;609,191;630,198;740,192;861,043;1118,042
014:0,002;65,257;163,079;185,030;207,009;225,030;247,168;376,028;429,043;599,239;616,069;632,245;646,050;665,244;755,171;913,254;990,118
015:0,002;176,141;185,013;217,172;258,185;429,043;475,058;502,176;587,116;909,080;1142,058;1167,187
016:0,002;162,051;242,047;432,064;460,269;563,261;646,050;771,072;780,100;887,079;1028,043;1120,270;1173,177
017:0,002;185,030;250,219;270,093;298,036;301,192;467,205;480,049;519,090;721,046;737,164;757,069;769,254;842,090;882,245;999,043;1031,241;1074,030;1078,126;1125,030
018:0,002;185,013;202,060;228,045;284,220;362,030;376,028;442,166;456,046;558,052;575,116;646,050;869,131;874,261;884,118;958,224;963,261;1035,055;1162,056;1193,205
019:0,002;127,242;162,051;185,013;202,060;298,081;376,028;462,043;483,186;494,236;521,170;534,029;604,258;617,167;729,180;745,193;761,135;763,130;810,261;1053,225;1069,090;1094,124;1130,095;1142,058;1154,176
020:0,002;171,227;199,144;202,060;284,220;298,081;341,166;600,175;663,118;731,050;755,173;773,221;974,078;1142,058;1147,031
021:0,003;202,060;205,081;288,174;432,102;603,264;687,050;692,256;746,068;906,034;1002,089;1011,210;1099,193;1148,198
022:0,003;307,057;478,032;493,208;591,040;666,107;707,206;760,256;770,053;1015,030;1029,170;1041,034;1071,173
023:0,003;321,032;365,154;483,100;514,103;523,167;602,069;653,261;730,029;826,059;995,218;1104,210;1108,177
024:0,003;338,258;364,027;422,064;451,258;481,238;529,071;548,104;772,216;777,243;971,173;1046,100;1057,061;1161,095;1195,170
025:0,003;337,152;380,247;534,257;559,075;594,079;598,269;663,152;748,040;760,131;806,093;905,179;1174,141
026:0,003;39,248;283,152;305,064;309,241;378,030;418,167;458,226;534,057;536,123;559,043;577,269;625,103;770,053;826,059;845,206;975,043;978,215;1057,061
027:0,003;310,113;421,121;441,265;485,171;615,102;660,126;826,059;877,146;889,100;944,238;984,205;1153,175;1166,056
028:0,003;79,246;257,206;358,047;403,077;467,247;641,039;873,209;914,129;1001,105;1057,061;1064,046;1105,179;1159,209
029:0,003;317,261;380,188;418,167;522,236;596,224;614,250;624,099;640,219;682,126;748,040;770,053;848,247;1021,271;1089,061
030:0,003;335,244;412,250;424,235;494,090;510,071;585,244;701,241;722,177;1104,108;1128,109
031:0,004;63,174;90,041;106,163;158,012;166,028;227,252;358,235;428,262;487,075;639,241;883,110;1081,258
032:0,004;70,019;73,268;74,037;127,012;147,210;166,028;267,130;274,104;427,192;430,235;507,246;677,039;734,176;800,053;817,110;919,043;934,042;971,110;1108,231;1113,042;1187,268;1189,056
033:0,004;74,037;90,041;166,028;192,039;273,223;374,074;475,250;500,205;752,068;776,050;784,168;817,110;839,064;898,040;1090,244;1104,263;1113,094;1158,160
034:0,004;74,037;90,041;148,067;179,026;180,215;266,059;272,101;404,057;424,081;631,064;709,115;830,206;841,059;848,175;870,030;974,225;1107,055;1158,160;1169,246
035:0,004;74,037;99,079;116,065;192,039;274,104;283,079;441,208;448,231;520,177;665,034;848,123;878,171;1049,113;1102,064;1118,199
036:0,004;18,213;73,182;74,037;149,257;223,215;310,239;377,042;393,096;397,071;536,042;539,244;593,113;612,040;631,064;651,132;911,093;1020,185;1076,120
037:0,004;63,168;90,041;140,034;156,122;180,215;191,202;272,101;489,107;501,117;503,231;515,264;952,261;961,102;1042,256
038:0,004;91,020;126,026;133,159;140,014;142,080;192,039;276,047;292,051;318,168;326,192;347,040;350,250;473,052;665,034;725,241;841,035;856,105;989,247;1000,271;1069,224
039:0,004;74,037;90,041;145,134;165,187;166,028;260,121;263,065;317,093;351,057;393,096;504,256;521,046;528,152;541,040;542,226;581,239;615,206;631,064;665,034;724,236;802,264;864,241;1100,247;1154,061;1164,030
040:0,004;73,182;90,041;137,039;139,122;192,039;310,261;361,191;379,069;382,081;425,040;454,123;520,139;572,042;575,102;738,204;914,042;937,254;1085,030;1189,228
041:0,005;92,248;234,057;348,052;459,156;493,265;525,162;586,186;675,247;729,034;1043,249;1084,043;1121,071;1170,130
042:0,005;89,015;93,257;145,062;192,117;313,215;419,171;447,052;498,093;590,180;611,170;712,244;783,123;831,048;877,269;900,202;923,168
043:0,005;85,159;93,203;174,105;224,099;276,065;348,052;418,075;493,071;534,057;547,246;560,170;656,131;688,152;848,043;909,108;1033,234;1101,090
044:0,005;27,264;31,007;54,009;58,129;120,047;235,040;328,132;400,134;548,194;601,247;685,180;756,206;788,169;840,035;884,224;956,264;1014,079;1113,222
045:0,005;101,233;147,070;171,148;215,045;234,063;270,079;326,064;348,052;498,139;517,144;554,117;575,071;640,176;654,101;677,163;802,111;837,126;848,043;854,215;977,126;1018,086;1088,071;1111,095;1179,187
046:0,005;27,264;120,047;171,148;189,247;210,079;220,009;233,060;301,132;310,067;385,069;462,107;475,058;528,258;534,057;567,216;768,135;810,231;848,043
047:0,005;120,047;310,067;348,052;548,194;709,064;789,173;837,030;864,128;959,130;1145,161
048:0,005;118,250;120,047;215,045;234,057;310,067;391,057;435,139;450,132;488,144;526,123;836,069;844,121;848,043;966,034;1075,225
049:0,005;93,203;118,250;120,047;231,155;234,057;434,042;458,097;534,057;554,029;568,246;581,096;601,192;695,216;823,247;889,218;1038,219;1165,151
050:0,005;164,014;215,045;234,057;275,065;380,177;386,058;446,170;449,035;640,153;848,043;1118,152;1170,128;1190,090
051:0,006;44,026;258,247;337,069;416,226;546,244;584,134;633,217;646,050;672,030;717,112;749,050;755,072;779,115;808,173;855,039;1090,259;1197,063
052:0,006;51,223;88,072;98,145;147,254;187,027;219,080;253,198;360,109;468,075;632,151;709,035;745,177;804,151;807,118;1028,093;1116,169;1123,199;1157,206
053:0,006;52,250;96,041;108,087;134,039;153,034;179,012;253,093;268,126;355,254;416,117;444,238;472,126;496,182;509,029;564,267;585,045;611,235;654,093;731,224;854,217;936,042;1197,063
054:0,006;44,026;97,264;134,039;187,027;309,244;412,166;417,104;464,030;496,182;535,112;634,046;728,089;739,153;755,072;818,136;1019,166;1075,116;1138,261;1156,086;1200,031
055:0,006;44,026;80,005;108,087;179,026;303,257;387,030;506,112;533,186;566,170;582,140;616,244;633,153;637,236;651,118;661,069;674,105;677,064;731,050;801,129;958,042
056:0,006;44,026;328,103;340,104;410,252;664,111;679,103;781,118;850,168;862,152;1006,224;1197,063
057:0,006;44,026;253,093;382,047;403,064;416,117;497,062;542,166;703,105
058:0,006;44,026;82,182;186,080;335,238;516,043;628,135;761,094;892,093;945,104;1016,042;1130,113
059:0,006;49,219;81,026;134,039;187,027;288,077;419,140;664,136;674,105;834,048;838,218;912,193;958,093;1043,228;1173,179;1198,061;1200,171
060:0,006;55,001;169,003;181,121;187,027;309,244;315,207;322,269;459,030;482,071;564,267;593,053;601,192;631,215;642,151;700,116;714,170;742,215;1019,246;1045,259;1197,063
061:0,007;145,075;334,011;430,170;516,224;744,102;753,029;796,039;839,040;1021,138;1031,129;1051,245;1099,057;1190,129
062:0,007;6,257;88,198;145,075;306,152;334,011;397,243;648,245;682,256;794,244;1037,209;1097,169;1105,163;1116,057;1155,061
063:0,007;140,062;176,063;279,014;334,011;414,264;510,100;627,035;656,231;804,029;824,236;976,085;1025,080;1028,131;1098,168;1148,167
064:0,007;145,075;374,074;442,042;480,049;548,226;560,258;591,216;618,075;620,168;776,111;839,040;926,206;1099,057;1102,245;1125,057;1171,152
065:0,007;153,086;176,063;272,171;336,011;353,141;374,071;410,265;441,032;521,182;548,239;559,052;570,126;665,034;754,039;929,269;934,268;1116,057;1155,265
066:0,007;145,075;218,256;262,223;320,040;334,011;420,064;467,071;483,043;546,109;695,169;812,256;815,163;959,233;981,252;1074,094;1076,043;1078,151;1082,136;1160,061
067:0,007;85,036;140,062;176,063;221,122;265,064;278,262;302,171;334,011;432,191;443,097;446,120;535,101;771,112;839,040;906,261;930,042;932,173;1066,034;1094,046;1116,057;1156,223
068:0,007;140,062;145,075;153,086;163,127;176,098;334,011;423,032;425,192;427,081;435,069;476,120;729,059;752,151;781,216;807,050;830,069;905,034;957,030;981,271;1010,126;1111,046;1155,265
069:0,007;145,075;353,141;374,071;396,126;434,236;555,035;567,221;653,206;723,151;826,203;839,040;941,109;1124,079
070:0,007;140,062;176,063;296,036;334,011;428,099;479,251;488,043;514,169;560,134;567,221;987,151;1007,034;1099,057;1113,126;1116,057
071:0,008;85,036;95,152;167,014;262,257;359,027;380,188;387,038;401,257;451,121;520,203;628,039;783,263;1048,167;1134,151;1155,220;1186,045
072:0,008;89,007;98,072;128,158;165,256;235,203;582,064;659,220;880,198;896,220;923,247;966,168;1046,217
073:0,008;66,061;113,246;147,061;189,029;391,109;427,075;455,257;582,064;635,208;718,203;826,233;968,030;1017,228;1071,261;1099,057;1165,197
074:0,008;147,202;155,246;433,258;660,030;694,131;793,079;920,116;1003,175;1084,143;1123,126
075:0,008;85,007;97,061;340,253;359,069;438,101;577,167;621,215;738,247;834,105;852,249;1120,143;1160,199
076:0,008;66,061;242,020;262,203;380,070;381,107;522,052;622,239;628,039;698,163;719,111;741,068;910,109;935,034;1081,185;1128,210
077:0,008;32,009;34,008;50,035;66,061;246,057;332,065;349,169;388,253;421,042;440,186;480,049;561,063;618,179;1030,152;1073,210;1122,220;1130,057;1139,046;1182,193;1186,045
078:0,008;85,036;91,015;95,026;99,199;137,065;207,102;212,215;213,029;245,236;345,134;582,064;655,243;933,244;1085,034;1091,170;1186,045
079:0,008;66,061;238,047;239,057;245,236;256,027;311,100;492,062;528,051;558,045;628,039;761,245;1044,115;1120,249
080:0,008;66,061;207,102;223,040;230,075;316,259;325,051;328,222;334,011;355,247;367,107;453,156;536,051;582,064;628,039;795,129;798,069;801,161;913,130;1049,198;1146,205
081:0,009;282,051;374,071;501,235;605,040;640,069;645,046;662,085;720,034;855,113;993,064;1064,046
082:0,009;235,071;282,051;345,027;435,177;436,042;454,103;662,085;836,223;1058,224;1068,252
083:0,009;235,071;291,191;314,258;400,152;673,269;742,069;826,109;908,210;918,115;982,223;1129,046
084:0,009;103,002;181,064;187,177;235,071;295,239;329,030;344,109;345,097;480,049;509,029;539,182;558,045;597,093;604,208;705,261;758,274;775,029;833,223;847,089;1028,220
085:0,009;278,177;282,051;367,107;375,126;391,064;417,249;435,100;456,246;458,170;561,103;613,274;773,170;793,121;885,249;1040,210;1064,046
086:0,009;255,155;344,109;374,071;433,077;509,029;613,274;747,224;1012,108;1023,259;1068,061;1069,066;1106,217;1107,202;1150,161;1170,093
087:0,009;255,155;282,051;403,047;409,177;549,170;558,045;593,053;663,173;738,163;860,223;941,217;1016,043;1032,263;1079,132
088:0,009;289,255;454,103;473,186;525,035;533,171;715,129;787,261;854,170;903,094
089:0,009;255,047;289,098;334,027;377,264;536,029;558,045;637,269;791,034;795,170;863,249;876,120;882,264;884,146;891,259;1040,121;1064,046;1137,161;1142,058;1166,078
090:0,009;235,071;289,255;306,246;374,071;480,049;665,203;747,111;792,252;837,078;874,040;885,261;888,064;1034,216;1042,063;1061,194;1096,030
091:0,010;121,164;136,048;160,202;201,223;202,060;215,061;220,140;248,032;250,069;257,212;327,168;382,035;824,130;877,042;1052,130;1055,263;1060,064
092:0,010;119,185;234,108;248,032;284,003;323,238;424,057;480,118;673,175;707,029;826,168;921,161;925,064;930,113;1049,173
093:0,010;127,254;179,056;224,157;239,029;263,134;335,171;407,269;410,156;445,035;549,120;640,111;660,077;920,151;1051,204;1072,130;1184,145
094:0,010;141,113;157,261;167,064;176,117;179,056;231,097;249,012;256,162;382,035;877,042;1033,167;1045,218;1117,093;1186,045
095:0,010;121,171;298,187;331,223;375,141;529,121;568,241;699,069;702,153;732,130;948,043;963,064
096:0,010;121,171;122,145;179,056;233,102;382,035;469,208;470,109;501,094;774,034;1065,168;1085,145;1185,064
097:0,010;127,254;144,107;176,117;208,014;209,176;221,270;231,097;406,122;461,118;600,254;766,078;826,115;913,108;1010,222
098:0,010;143,067;163,152;234,057;240,248;294,032;295,036;309,262;339,148;382,035;509,029;519,253;537,111;650,175;777,035;871,218;881,233;921,126;1007,145;1029,055;1046,213
099:0,010;128,035;157,261;166,028;179,056;248,032;382,035;397,243;455,126;489,035;905,042;953,222;988,239;1011,152;1024,063;1076,271;1165,124
100:0,010;123,212;175,099;215,014;221,270;248,032;322,075;375,141;409,220;634,131;642,140;704,068;708,198;838,176;877,042;968,064
101:0,011;46,214;143,067;232,116;242,065;255,203;257,219;353,140;393,042;410,075;489,093;529,077;555,071;597,117;622,168;682,233;764,027;782,234;944,116;1095,151;1100,254
102:0,011;35,241;119,007;143,067;246,186;315,269;370,220;388,246;405,144;498,191;541,245;755,039;782,234;1104,056
103:0,011;122,009;127,187;288,099;312,036;331,040;564,045;633,130;636,035;669,254;781,048;783,263;792,175;837,249;861,231;1104,056
104:0,011;78,212;81,124;143,067;223,040;244,206;456,046;566,042;594,151;630,112;706,039;769,244;835,123;880,048;949,161;1040,055;1063,093;1142,176;1147,067;1165,042
105:0,011;4,002;223,040;410,075;429,043;436,120;453,043;456,046;509,245;556,243;574,224;582,070;594,068;624,052;626,046;633,130;756,152;866,048;886,239;903,104;999,222;1104,056
106:0,011;26,013;29,012;62,004;63,168;223,040;757,112;768,166;1048,261;1086,231
107:0,011;64,095;77,003;78,212;130,256;156,199;182,122;374,206;410,075;664,236;719,192;855,166;921,120;1182,219
108:0,011;39,248;70,007;85,159;223,040;367,173;410,075;656,050;765,126;939,185;968,030;969,129;1104,056;1147,067
109:0,011;51,105;153,050;155,067;226,065;236,030;254,177;274,148;308,042;362,265;383,064;456,075;565,077;584,126;594,081;673,050;699,245;876,236;998,115;1041,171;1049,030;1104,056;1158,105;1182,246
110:0,011;41,141;106,168;223,040;536,042;586,052;630,153;646,077;664,256;686,120;776,068;793,256;831,053;844,101;1123,042
111:0,012;112,108;140,014;354,118;426,101;437,192;456,046;640,270;753,198;816,135;934,077;1033,163
112:0,012;282,254;387,156;407,052;548,208;631,064;770,053;776,233;816,206;821,064;979,171;1025,040;1043,204;1048,093;1058,170;1088,071;1183,105
113:0,012;121,242;290,014;350,079;511,132;656,224;686,102;748,040;821,064;844,059;880,244;912,218;991,128
114:0,012;316,057;384,113;633,117;645,064;798,050;811,151;836,238;853,177;1119,209;1131,225
115:0,012;291,235;303,027;329,077;380,252;521,238;546,258;556,063;593,053;640,270;743,078;764,027;821,064;1020,151;1142,058;1146,126
116:0,012;309,113;331,247;354,118;455,074;499,046;638,233;668,113;673,029;768,035;776,072;887,131;960,064;981,107;1089,163;1102,228;1188,095
117:0,012;313,177;359,069;369,163;482,058;529,052;638,129;670,135;827,068;899,198;1042,042;1071,143;1104,071;1152,163;1181,161
118:0,012;292,014;369,163;445,191;450,074;494,254;625,229;638,129;734,217;821,064;931,163;1041,167;1088,071;1139,239
119:0,012;290,262;352,198;370,179;589,107;604,252;782,206;835,256;1038,079;1091,271;1158,210;1186,163
120:0,012;350,247;399,027;400,030;407,052;597,208;601,203;691,118;706,168;730,029;836,238;922,171;962,040;1028,082;1088,071;1137,252
121:0,013;143,127;152,171;250,069;343,032;497,040;603,111;629,101;638,250;704,151;745,132;1075,082
122:0,013;143,127;250,069;316,047;361,011;481,245;529,039;536,252;586,235;640,112;838,252;1019,055;1025,215
123:0,013;214,108;222,079;271,121;322,099;380,191;393,192;418,239;504,251;551,069;849,151;906,034;956,102;1036,116;1053,042
124:0,013;190,003;289,122;331,030;416,254;529,039;629,182;690,050;724,173;806,217;1069,209
125:0,013;144,223;167,061;179,224;250,069;475,112;629,182;831,030;838,170;848,115;872,269;1011,066;1017,198;1121,219
126:0,013;81,124;152,256;196,215;203,203;222,014;225,009;243,219;250,069;382,185;386,102;410,032;522,261;593,053;642,173;686,177;732,069;835,039;879,042;883,080;904,107;1008,210;1014,094;1055,129
127:0,013;136,048;145,141;153,269;226,177;292,027;312,254;332,122;333,014;367,173;411,188;440,253;511,040;551,069;787,153;828,039;883,080;978,234;1031,090;1183,046;1197,175
128:0,013;153,269;250,069;347,032;370,070;400,132;455,171;529,039;551,069;749,121;782,202;793,039;876,078;1139,042;1164,064
129:0,013;49,219;63,141;112,159;125,018;209,156;282,241;294,032;475,112;487,097;529,039;534,063;551,069;593,053;620,163;668,068;855,238;937,264;1017,202;1102,151;1119,247
130:0,013;159,163;166,020;179,179;271,057;335,030;447,079;551,069;673,129;705,109;746,120;1063,066;1127,244
131:0,014;365,144;397,139;418,130;618,100;655,081;732,202;855,113;925,209;1021,126;1069,206
132:0,014;305,075;367,126;381,130;582,070;630,029;785,034;827,030;860,261;869,032;910,252;954,193;1157,143;1163,094;1190,179
133:0,014;365,144;444,064;446,215;630,029;755,261;796,247;811,089;826,059;890,175;996,225;1050,043;1067,223;1085,175
134:0,014;305,051;334,252;383,126;409,215;536,040;578,079;697,099;756,269;765,039;805,050;925,048;943,259;976,086;1003,042;1104,233;1161,055;1165,064
135:0,014;178,113;198,148;357,074;376,174;388,203;515,115;564,052;618,140;628,075;646,171;747,118;756,180;763,035;920,138;1033,233;1195,128
136:0,014;334,011;387,038;398,256;666,079;799,053;886,259;913,132;1143,246;1171,221
137:0,014;299,047;387,038;397,139;650,235;679,252;854,244;869,032;877,131;888,042;905,034;976,086;1199,179
138:0,014;212,254;303,191;630,029;753,186;863,205;869,032;993,113;999,040;1058,105;1122,064
139:0,014;57,174;290,248;308,014;387,038;392,188;409,205;801,193;844,231;1086,264;1132,185;1154,110;1200,045
140:0,014;57,130;147,108;279,219;338,113;370,132;385,093;495,049;503,186;563,235;570,226;573,071;578,229;630,029;755,072;785,186;867,256;937,040;1078,246;1109,129;1186,120
141:0,015;123,026;185,030;226,065;433,113;589,040;619,166;625,035;646,202;754,050;848,254;925,042;993,055;1093,221;1164,057;1165,197;1189,130
142:0,015;168,257;199,163;242,014;294,032;441,081;454,123;505,109;540,254;548,191;568,220;615,239;883,094;1010,113;1130,177;1137,238
143:0,015;108,065;197,209;378,028;474,042;488,049;569,206;652,215;663,233;869,032;873,220;967,043;993,055;1190,256
144:0,015;141,212;226,065;388,170;425,052;494,090;569,236;762,231;837,030;866,170;982,080;992,254;1027,055;1171,141;1173,233
145:0,015;108,065;226,257;248,198;253,014;296,069;302,047;450,111;535,079;570,069;619,121;720,116;932,210;993,055
146:0,015;138,234;184,227;226,065;386,262;518,035;603,100;604,162;621,216;690,136;727,104;882,064;883,121;1069,034;1094,176;1190,268
147:0,015;108,065;134,039;138,234;173,187;201,159;217,257;226,045;254,071;260,121;294,032;306,250;400,258;431,069;443,093;487,077;650,069;651,039;653,100;1055,166;1076,252;1111,080
148:0,015;88,072;144,099;614,115;709,175;1120,056;1127,261
149:0,015;108,065;168,067;181,020;250,065;286,177;388,170;438,071;606,139;657,235;714,090;993,055;1144,263
150:0,015;57,130;88,072;112,108;180,113;215,045;271,077;279,179;358,100;389,099;407,028;420,071;549,265;576,256;646,202;711,130;727,109;806,171;857,126;887,121;1023,268
151:0,016;111,241;221,202;277,027;469,224;509,029;542,071;614,175;649,239;676,100;769,027;770,193;823,202;846,079;859,030;1085,264;1102,115;1114,241;1199,176
152:0,016;134,180;153,050;224,157;232,254;252,060;256,012;259,265;310,261;314,027;390,121;405,069;454,073;479,099;712,221;725,069;768,145;913,038;984,124;1140,264
153:0,016;112,224;176,140;226,065;379,223;382,058;506,096;538,043;586,177;602,123;776,030;1116,231;1157,056;1169,261
154:0,016;109,182;193,027;448,208;454,073;466,152;481,220;488,179;574,063;575,090;694,193;714,220;804,120;869,193;953,222;1007,040;1019,246;1150,061
155:0,016;117,187;134,039;176,140;187,202;189,182;223,257;295,156;369,162;382,058;457,043;491,152;511,117;548,224;566,186;584,246;652,116;659,203;664,050;758,136;817,131;828,254;834,131;852,210;898,131;1162,042;1195,080
156:0,016;119,098;153,050;189,029;257,179;382,058;502,096;573,169;683,069;699,117;774,115;776,030;1043,216;1090,167
157:0,016;175,203;189,029;309,027;441,208;536,042;586,040;629,217;731,094;757,247;776,030;913,038;977,193;1080,241;1117,110
158:0,016;112,256;121,242;124,105;192,241;259,108;378,011;410,075;412,126;469,224;547,152;651,111;767,050;807,203;849,040;1053,247;1116,264
159:0,016;78,213;122,007;153,050;225,134;397,185;454,073;464,198;534,238;536,042;604,219;636,192;736,168;749,027;886,268;913,038;949,256;1113,066;1121,175;1150,177;1156,055
160:0,016;112,256;134,180;153,050;206,081;218,209;234,241;382,058;402,030;471,075;569,121;571,071;588,063;661,217;776,030;1169,136
161:0,017;69,060;104,026;153,034;225,207;327,117;343,011;399,254;445,069;453,180;589,069;684,117;694,264;788,215;834,101;839,179;895,151;943,263;1027,066;1115,256;1189,071
162:0,017;69,060;136,048;210,063;267,246;287,222;333,235;383,179;432,269;586,068;840,039;858,269;873,202;897,247;919,038;927,238;1044,244
163:0,017;50,035;188,226;230,075;245,140;469,163;586,068;761,115;770,053;873,152;1101,206;1117,107;1134,198
164:0,017;69,060;119,098;188,235;230,012;259,069;262,186;428,250;479,074;612,217;632,167;729,059;776,048;806,102;941,043;1006,238;1079,215
165:0,017;65,110;69,060;86,035;145,075;250,032;296,140;331,057;469,117;728,215;760,118;800,048;848,043;1027,161;1126,097;1148,151
166:0,017;50,035;88,072;98,152;102,199;122,049;153,034;193,056;209,027;220,174;278,014;372,253;442,177;480,254;487,180;496,049;515,241;545,094;586,068;729,059;741,078;962,252;976,202;1008,169;1077,161;1148,079;1161,030;1189,071
167:0,017;57,079;69,060;78,035;153,034;179,063;225,207;266,059;329,255;332,186;455,132;614,094;729,059;737,164;776,048;955,220;1100,061;1169,205;1177,046;1189,071
168:0,017;57,079;266,059;286,130;292,102;305,064;340,074;573,080;586,068;776,048;935,043;1076,258;1189,071
169:0,017;50,035;136,048;150,247;188,177;209,202;217,102;266,059;319,069;411,246;535,163;684,239;706,118;776,048;964,089;976,221;1011,107
170:0,017;44,026;50,035;188,235;352,042;447,251;582,070;586,068;747,180;776,048;824,206;827,090;838,193;864,128;1119,116
171:0,018;132,064;340,220;444,185;528,051;634,131;749,027;767,161;994,124;1061,213;1065,194;1095,107;1098,030;1131,245
172:0,018;168,149;203,226;430,043;467,028;473,140;580,229;621,132;641,069;772,053;776,027;837,059;913,038;936,169;1181,255
173:0,018;128,002;132,064;168,149;185,013;213,064;442,141;445,109;705,034;737,186;751,102;788,104;808,145;1057,061;1131,064;1141,031;1178,061
174:0,018;132,064;340,074;362,257;495,101;528,051;586,250;611,245;619,220;694,034;781,210;1011,066;1141,031;1181,169
175:0,018;139,203;248,168;266,036;340,074;516,250;543,107;582,070;591,151;633,203;641,093;890,209;1060,136
176:0,018;132,064;395,047;451,094;519,241;634,046;746,129;877,042;930,079;1011,066;1152,124;1159,064;1181,255
177:0,018;130,224;233,235;291,080;340,074;460,236;472,198;692,081;749,027;839,254;906,269;920,138;1011,066;1131,270;1155,101
178:0,018;132,064;506,123;528,051;593,101;625,166;749,027;814,169;972,128;990,221;1044,066;1081,064;1141,031;1148,097
179:0,018;126,258;298,121;825,198;984,206;1061,064;1064,061;1113,113
180:0,018;126,258;334,121;385,226;395,166;402,064;484,250;644,130;656,231;739,221;770,161;788,094;825,077;833,094;878,219;965,145;1003,185;1011,066;1140,201;1141,031
181:0,019;109,222;118,065;124,185;348,052;398,047;464,100;466,062;467,028;485,032;512,180;592,030;680,077;789,048;962,131;1024,063;1050,245;1183,238
182:0,019;85,036;109,222;140,034;151,222;229,163;238,047;243,126;370,070;478,052;499,167;541,215;606,126;640,254;652,064;897,115;1075,263;1162,185;1175,247
183:0,019;140,034;143,130;238,047;350,130;403,058;445,231;474,104;534,063;592,030;712,064;726,085;971,233;1095,071;1101,082
184:0,019;140,034;147,070;185,100;352,047;375,093;437,239;466,062;494,163;534,063;664,030;710,182;816,053;903,090;1051,145;1136,169
185:0,019;35,241;99,129;147,070;170,130;377,171;467,028;506,206;601,176;734,153;735,090;789,210;848,169;860,064;914,185
186:0,019;104,113;147,070;217,252;238,222;305,174;337,155;370,070;421,174;438,169;466,062;569,186;592,030;738,204;1024,063;1089,249
187:0,019;104,113;133,247;137,020;160,198;334,064;384,047;401,132;415,206;490,043;543,096;592,030;697,101;830,193;832,069;843,077;1025,239;1116,252;1124,223
188:0,019;89,009;169,083;185,013;207,116;238,047;250,069;292,132;354,185;370,070;416,236;444,179;466,062;534,063;690,243;748,109;879,034;886,205;974,243;1005,170
189:0,019;133,247;238,047;310,067;361,155;370,070;401,247;454,073;457,162;464,251;466,062;534,063;564,135;666,107;923,170;1023,221;1024,063;1077,141
190:0,019;29,198;109,061;121,020;133,174;207,026;218,222;272,187;352,236;377,255;431,108;503,107;592,030;748,040;758,168;844,104;919,204;1077,141;1166,078
191:0,020;87,223;265,057;298,205;451,253;527,094;538,093;644,206;705,219;1105,177;1108,218;1117,210;1147,067;1162,056
192:0,020;248,224;286,108;366,064;397,057;515,052;660,046;714,107;834,151;852,202;1141,217
193:0,020;254,242;298,205;375,108;487,058;502,176;630,075;637,180;710,247;755,072;776,256;778,236;847,193;908,239
194:0,020;189,029;245,130;256,269;321,075;322,030;333,220;337,032;548,198;610,194;695,186;759,136;850,219;859,220;863,168;939,205;946,151;976,163;1023,040;1101,213;1168,031
195:0,020;275,077;303,236;425,030;468,239;594,261;671,069;861,151;885,241;1010,116;1035,034;1141,085
196:0,020;261,106;280,265;576,179;831,269;855,034;958,126;970,166;996,064;1181,228
197:0,020;282,252;319,040;320,156;457,162;673,221;684,116;699,170;812,176;874,064;1137,124
198:0,020;248,036;294,097;322,030;474,212;582,115;755,205;771,203;782,034;846,035;864,085;1001,233;1029,254
199:0,020;269,226;321,032;322,030;432,118;471,141;505,052;508,046;682,176;829,079;837,205;924,233;944,223;977,220;1026,221
200:0,020;87,003;108,141;188,152;426,064;474,212;586,081;590,135;594,075;661,136;729,166;813,263;931,110;966,219;1001,247;1092,110;1141,085
