001:0,001;40,156;84,056;85,002;126,032;175,254;303,265;405,144;603,042;879,047;895,272;1126,095;1161,137
002:0,001;40,170;79,031;107,244;209,248;522,254;622,148;631,187;879,047;908,164;1044,232
003:0,001;40,156;46,085;126,032;213,259;267,062;333,149;362,235;401,204;421,167;429,140;433,248;450,203;647,075;677,266;787,084;894,230;916,042;1013,132;1046,272;1178,149;1179,184
004:0,001;46,121;292,239;319,205;437,028;446,076;628,113;683,097;775,251;858,215;879,047;898,161;938,033;991,266;1003,103
005:0,001;46,256;79,031;98,188;105,048;158,053;219,269;232,053;270,242;475,072;557,260;566,249;606,260;781,173;876,079;880,115;897,107;937,033;1135,086
006:0,001;98,188;105,048;108,251;198,150;231,273;232,053;285,246;294,209;335,034;372,134;442,187;879,047;901,042;927,219;1182,118;1183,080;1191,200
007:0,001;45,261;158,053;163,072;167,197;215,137;232,053;269,230;637,167;919,217;943,141;956,175;1114,128;1123,170
008:0,001;46,121;287,076;292,223;309,116;338,254;595,093;603,196;670,254;698,042;831,209;870,184;897,251;915,212;1077,200;1146,239
009:0,001;79,031;120,085;126,032;218,230;285,246;715,141;1194,120;1200,252
010:0,001;46,085;79,031;105,048;123,141;169,170;211,167;270,242;491,252;651,095;695,088;721,247;743,096;755,042;962,207;1034,180;1067,219;1135,086
011:0,002;163,124;253,083;342,251;631,154;639,194;689,215;711,211;725,239;881,080;1059,217
012:0,002;125,150;168,134;178,251;794,042;910,242;912,119
013:0,002;177,090;281,110;438,028;564,208;573,047;583,170;966,244;1032,196;1082,168
014:0,002;178,215;219,208;304,090;346,252;486,184;501,132;1090,089
015:0,002;62,110;212,113;397,181;809,076;875,123;896,128;911,041;1085,104
016:0,002;212,113;264,091;295,113;658,079;798,194;1178,097
017:0,002;62,110;81,145;137,002;173,204;389,247;491,113;610,270;676,152;792,075;901,199;1108,246
018:0,002;158,053;173,204;445,034;493,097;496,081;556,093;747,256;764,137;792,123;948,273
019:0,002;148,183;239,247;374,154;388,089;415,034;499,213;650,201;993,159
020:0,002;116,261;123,256;127,091;181,090;301,124;302,105;322,206;366,150;405,184;414,097;419,057;431,209;475,105;636,217;814,079;821,207;860,094;1029,033;1038,094
021:0,003;18,158;153,188;237,030;269,252;340,087;435,100;750,134;780,208;1065,144;1083,041;1146,153
022:0,003;15,117;268,096;345,177;608,123;613,153;654,268;925,113
023:0,003;56,172;84,158;124,048;154,212;257,155;350,209;424,168;493,134;504,201;594,200;808,089;920,101;925,264;1098,096;1123,197;1172,089
024:0,003;30,145;60,006;85,272;237,030;252,075;353,179;579,079;592,100;621,137;640,043;672,245;688,152;730,151;907,196;923,093;992,213;1048,105
025:0,003;15,117;73,007;108,242;163,102;238,187;362,128;447,132;499,159;633,167;653,213;681,126;773,256;881,105;899,103;981,110;1018,264
026:0,003;41,170;56,229;237,030;293,153;379,223;386,235;452,244;578,189;599,201;654,150;681,075;701,184;734,252;829,096;1043,110
027:0,003;101,124;141,223;436,239;461,217;537,047;621,100;644,137;690,113
028:0,003;30,272;187,155;247,137;382,028;419,235;607,144;612,093;672,245;748,077;761,100;1055,089;1165,096
029:0,003;16,205;30,272;56,141;229,215;554,075;593,233;721,133;777,203;929,246;1122,213
030:0,003;16,205;56,172;289,062;311,146;352,034;452,244;563,088;1057,097
031:0,004;83,083;128,116;306,215;307,177;341,170;538,217;604,109;721,132;973,097;1053,041;1134,211
032:0,004;78,002;170,141;305,166;602,161;614,079
033:0,004;138,032;151,270;187,187;258,149;380,206;548,256;636,254;656,207;663,153;764,157;938,137
034:0,004;106,104;171,150;189,198;265,213;266,145;373,146;520,127;537,047;660,181;710,047;780,264;823,154;964,141;1192,272;1193,207
035:0,004;67,235;127,107;132,126;261,012;271,201;397,154;401,170;424,157;573,206;592,047;953,252;978,232;1035,209
036:0,004;104,170;396,184;456,235;500,097;666,152;684,135;698,184;937,081
037:0,004;73,016;116,100;171,192;299,198;362,263;370,273;375,268;668,247;861,146;991,202;1014,161;1061,207;1071,209
038:0,004;31,016;133,017;141,185;168,062;187,187;221,209;325,152;354,067;427,170;553,127;745,230;809,151;856,127;874,244;973,080;1010,208;1181,197
039:0,004;128,116;172,097;410,202;537,047;567,123;709,153;778,217;780,264;908,167;915,225;968,273
040:0,004;121,126;447,109;537,047;761,088;918,041;943,164;1096,217
041:0,005;157,150;446,247;464,239;534,149;663,090;860,151;905,235;1023,068;1025,095;1143,198
042:0,005;147,088;298,096;318,088;362,028;364,196;403,157;424,088;523,121;640,043;652,105;733,158;758,229;1054,041;1161,272
043:0,005;71,206;235,100;246,058;259,205;399,028;489,205;629,256;650,075;711,042;816,167;837,113;911,079;926,042;993,127;1046,068;1066,128;1107,093;1156,080
044:0,005;132,158;302,157;344,090;455,159;529,050;535,083;584,239;1144,213
045:0,005;254,193;317,184;333,034;340,183;367,196;371,105;480,097;549,239;571,159;822,133;846,135;888,209;893,041;958,107
046:0,005;258,244;342,154;364,088;422,205;930,173;969,105;1013,252;1063,204;1071,080;1111,242
047:0,005;71,206;105,251;133,256;135,179;290,191;372,221;414,110;450,126;603,033;687,189;1160,184;1177,199
048:0,005;156,107;276,197;357,075;416,273;539,042;570,033;606,121;640,043;642,230;643,256;805,268;846,068;1057,164;1068,118;1168,095
049:0,005;157,158;354,211;366,202;394,144;508,172;859,224;1175,245;1180,189
050:0,005;220,117;297,231;315,152;395,244;405,097;467,034;474,147;640,043;663,230;706,101;735,194;915,189;997,249;999,170;1108,123;1113,081
051:0,006;91,189;157,076;163,072;252,141;294,189;366,185;507,134;780,097;971,118;1066,266;1154,133
052:0,006;96,038;110,244;136,072;259,075;265,126;330,151;572,256;581,087;688,201;860,245;876,159;915,196;1002,126;1132,119;1168,246
053:0,006;96,038;106,172;276,117;402,217;458,207;484,072;534,187;621,249;633,161;726,207;768,224;847,029;893,105;922,193;937,033;988,158;990,268;1029,154
054:0,006;129,137;271,167;372,208;494,161;549,087;672,040;747,084;757,127;780,107;847,029;892,119;937,033;1063,121;1159,175
055:0,006;105,104;136,072;238,191;247,212;283,027;383,153;437,167;609,083;627,230;892,157;972,230;1009,247;1040,181;1170,170
056:0,006;96,038;125,063;129,137;170,159;324,229;390,137;457,221;545,202;592,166;627,235;640,247;685,033;727,225;879,107;895,047;938,175;941,080;947,096;1094,212;1105,207
057:0,006;90,014;125,063;143,076;392,173;405,154;444,085;458,107;570,104;734,155;900,170;1128,100
058:0,006;96,038;103,056;115,179;136,072;170,146;248,177;279,027;392,154;511,101;569,181;655,126;672,040;727,089;736,075;802,249;850,075;890,119;909,137;924,158;1085,252
059:0,006;112,084;334,235;362,192;618,090;663,033;734,152;798,094;843,221;847,029;937,033;964,118;1151,204
060:0,006;57,091;73,006;81,273;126,012;127,002;153,012;208,209;220,012;234,191;281,062;326,224;461,157;591,177;672,040;737,077;858,143;937,033;974,154
061:0,007;8,010;54,198;79,208;87,017;136,107;154,242;161,189;222,012;359,150;360,143;470,172;635,033;731,213;1105,208
062:0,007;84,056;91,007;129,083;180,116;239,206;318,159;441,034;487,094;676,275;697,137;760,215;1016,076;1027,180
063:0,007;99,002;143,104;343,185;497,153;676,196;749,270;792,212;819,157;843,224;1030,252;1093,133;1122,123
064:0,007;42,151;290,134;363,269;384,270;602,033;621,148;984,194;1080,200;1197,247
065:0,007;127,175;320,252;471,184;514,152;670,177;692,148;1174,212
066:0,007;140,115;277,198;281,113;286,219;579,260;589,115;753,211;928,079;994,200;1020,168;1029,077;1177,225
067:0,007;130,097;182,205;313,263;472,201;643,144;710,100;738,104;869,070;938,205;948,101;1049,126;1064,239
068:0,007;275,265;318,145;503,235;592,079;647,080;749,268;794,093;913,198;1125,229
069:0,007;145,159;222,089;230,058;259,100;328,143;591,096;650,123;797,245;907,070;935,196;1023,109;1163,221
070:0,007;151,088;371,263;469,224;753,181;1184,149
071:0,008;33,248;195,197;228,193;239,192;353,036;374,187;475,143;574,033;633,123;647,252;766,096;808,155;850,209;1064,247;1094,146;1182,268
072:0,008;14,167;75,055;137,095;187,097;216,012;218,183;271,115;280,187;436,208;562,083;655,205;810,200;816,070;850,251;867,137;872,209;876,219;918,194;978,157
073:0,008;75,055;87,095;591,184;661,175;685,212;788,127;845,157;890,070;920,123
074:0,008;33,248;48,144;75,055;109,110;278,151;723,159;863,029;885,173;1184,095
075:0,008;11,018;75,055;90,170;99,273;100,095;125,126;126,032;139,018;287,269;384,147;441,246;516,107;724,146;855,268;1075,232;1187,118
076:0,008;24,151;55,157;90,083;246,183;304,070;322,193;491,149;647,154;725,113;835,200;1074,229;1154,095;1181,205
077:0,008;18,096;228,146;339,265;353,036;384,147;541,042;583,219;844,126;994,089;995,079;999,093;1103,127;1135,144
078:0,008;10,141;102,002;218,018;228,110;313,247;353,036;362,159;425,173;732,175;803,251;811,123;849,167;884,042;954,123;1103,205;1158,164;1179,077
079:0,008;11,192;54,012;140,185;353,036;372,256;375,193;574,097;630,042;977,192
080:0,008;18,096;75,055;106,048;137,173;678,203;951,157;998,214;1113,133
081:0,009;84,056;161,153;197,165;228,201;236,219;267,256;275,189;345,107;490,206;561,134;576,244;870,104;996,075;1028,175;1049,079;1084,042;1129,164;1137,199;1141,254;1142,096
082:0,009;78,014;94,056;161,153;568,090;816,042;822,266;848,212;1089,116;1102,249;1105,213;1111,215
083:0,009;79,036;172,096;260,033;302,028;383,270;387,064;412,155;561,100;562,047;584,095;996,075;1139,169;1182,245
084:0,009;84,056;248,075;257,184;313,087;333,034;359,162;451,181;469,247;527,204;532,168;540,170;578,151;606,189;871,235;893,041;1110,202
085:0,009;79,036;104,193;162,018;214,146;219,188;230,212;239,193;356,203;363,115;585,033;606,107;706,094;788,246;893,041;975,204;979,170;992,245;996,075;1109,132;1122,116
086:0,009;53,065;59,115;139,235;331,110;387,064;415,093;549,047;651,137;815,217;917,245;987,229;991,042
087:0,009;84,056;162,129;204,153;260,033;317,246;426,172;427,204;519,217;764,115;900,184;955,270;996,075;1089,116
088:0,009;79,036;84,056;186,091;192,030;211,018;260,033;333,034;387,064;444,132;621,177;659,053;688,252;728,246;771,247;893,041;1184,075
089:0,009;59,115;79,036;212,101;357,126;360,091;397,064;557,181;566,170;684,089;713,123;791,158;919,159;981,244
090:0,009;32,050;63,272;84,056;216,209;241,150;260,033;331,167;417,158;431,097;485,046;553,145;614,075;846,127
091:0,010;78,170;165,268;329,272;377,140;388,067;410,117;551,211;696,094;881,150;907,077;1010,219;1014,199;1059,042;1064,137;1152,075;1185,219
092:0,010;33,016;92,020;165,268;646,075;653,168;742,105;885,127;967,192;1069,221;1152,075
093:0,010;18,235;148,183;189,030;217,177;245,012;338,105;343,104;515,075;585,033;667,113;706,245;772,077;1043,242;1152,075
094:0,010;14,198;109,206;247,105;296,149;333,229;343,268;367,229;371,088;685,153;702,135;1018,230;1151,149;1165,193
095:0,010;18,235;61,019;123,129;162,056;254,191;371,100;404,179;488,249;511,133;596,202;645,251;772,175;999,042;1138,158
096:0,010;10,135;189,030;228,149;288,273;376,181;430,159;463,137;650,140;686,173;711,194;729,192;945,242;1055,068;1118,169;1138,158;1152,075
097:0,010;19,157;36,145;114,177;270,128;309,083;317,028;346,100;364,198;407,085;408,196;452,087;536,079;604,143;735,173;779,153;900,158;907,199;973,150;1040,244;1137,084
098:0,010;7,204;10,135;19,157;59,177;101,198;485,046;588,203;604,042;607,094;701,245;703,155;798,200;985,105
099:0,010;24,013;51,135;189,030;263,105;368,028;411,070;433,198;525,224;786,149;1173,119
100:0,010;9,177;201,056;331,168;396,223;489,046;511,133;822,230;908,168;920,260;1137,205
101:0,011;118,201;480,096;590,247;659,167;682,042;843,101;912,158;972,205;1109,065
102:0,011;76,020;145,084;154,100;424,239;436,211;461,072;511,144;533,154;820,137;832,252;873,137;903,133;1109,065;1169,143
103:0,011;84,007;121,128;340,208;352,146;420,085;435,140;576,101;664,193;906,219;999,249;1075,192;1080,084;1131,225
104:0,011;109,056;118,270;184,185;296,137;308,085;396,196;461,072;556,042;639,194;771,252;825,270;946,209;1024,256
105:0,011;29,144;31,016;97,192;152,173;347,084;461,072;512,181;549,115;568,075;581,244;588,147;596,270;614,203;704,104;786,273;839,115;864,251;928,042;1189,120
106:0,011;96,117;218,097;266,203;302,117;489,196;522,050;575,150;917,208;1000,172;1126,065;1142,170;1148,042;1179,075
107:0,011;84,107;447,204;575,093;586,168;676,100;707,141;711,175;735,075;798,198;1006,153
108:0,011;82,269;90,107;118,201;219,018;264,143;355,158;408,161;478,072;543,247;620,110;981,153;1139,100
109:0,011;29,144;156,102;314,137;504,175;587,143;599,155;681,093;791,266;812,070;838,042;1086,194;1109,065;1114,194
110:0,011;82,269;86,157;440,089;541,083;556,161;597,192;647,083;658,097;944,109;1015,042;1021,143
111:0,012;206,231;299,070;347,091;372,166;384,034;500,127;640,249;713,144;879,208;893,247;1001,068;1109,065
112:0,012;53,065;59,017;121,181;395,110;404,145;443,115;485,046;491,207;959,068;1001,166
113:0,012;121,181;232,053;250,229;256,208;399,064;410,093;435,184;485,046;504,256;540,110;581,107;602,175;707,207;710,107;772,207;810,144;1060,172;1200,065
114:0,012;189,030;244,075;303,131;311,070;365,189;559,215;796,042;853,159;1126,249;1129,172
115:0,012;281,133;294,090;315,260;598,196;601,075;648,105;707,273;758,245;835,202;842,215;854,242;945,245;1040,072;1063,096;1163,075
116:0,012;156,248;260,076;285,037;299,070;434,172;448,273;551,206;609,252;616,042;747,084;1055,132
117:0,012;299,070;338,034;489,242;877,247;1193,173
118:0,012;315,260;524,213;559,175;636,219;902,272;934,076;1040,072;1095,144;1132,193;1142,244;1200,229
119:0,012;266,146;300,248;427,113;489,223;492,198;661,157;728,161;1001,166;1105,109;1185,093
120:0,012;299,070;340,084;344,027;376,075;556,050;560,081;656,149;941,141;943,041;960,184;972,272;1040,072;1047,219;1059,101;1074,230;1164,249;1180,080;1182,270
121:0,013;26,249;32,050;63,248;136,115;206,231;279,027;421,150;499,270;570,033;758,070;827,221;915,105;957,095;1119,247
122:0,013;39,158;59,016;70,240;118,120;175,207;233,252;237,030;239,085;293,027;304,231;334,239;434,096;460,211;613,105;650,192;667,235;702,247;720,254;1009,246;1084,101;1093,144;1094,270
123:0,013;24,192;88,085;90,005;161,273;320,217;394,256;570,033;591,244;613,151;679,266;701,095;867,266;880,245;936,256;1018,202;1072,197;1121,196
124:0,013;32,050;36,229;136,244;213,259;257,101;279,027;374,067;479,187;506,168;648,053;719,235;835,254;1078,103;1159,266
125:0,013;28,002;128,188;178,256;262,206;476,028;576,115;767,196;914,070;959,033;972,230;1057,084;1076,204
126:0,013;32,050;48,223;70,240;106,177;111,193;187,219;391,095;574,094;606,147;810,104
127:0,013;26,005;33,050;176,144;204,157;296,107;318,192;347,244;365,070;418,256;496,117;552,184;584,179;664,127;849,173;893,095;939,119;1126,128
128:0,013;33,006;57,091;75,055;89,207;184,012;233,252;291,102;317,256;403,201;446,028;455,150;570,033;734,273;963,221
129:0,013;22,011;26,249;32,050;38,084;128,188;149,235;278,170;331,177;577,144;620,192;726,275;752,107;956,161;1173,065
130:0,013;48,223;140,247;310,144;392,265;404,028;451,110;524,196;904,153;969,225;1013,041;1072,197
131:0,014;14,198;25,013;26,216;61,261;77,144;398,167;634,076;777,093;1147,254
132:0,014;127,134;297,076;325,239;367,203;419,175;499,223;515,075;607,103;648,053;722,225;841,068;1073,164;1113,079
133:0,014;150,179;402,272;436,239;597,095;642,211;664,132;680,033;700,141;877,076;909,084;952,097;1173,065;1193,080
134:0,014;182,114;334,166;366,126;841,075;910,150
135:0,014;135,247;209,244;245,104;344,157;403,149;515,075;641,147;722,105;847,172;876,251;897,172;979,173;1017,221;1063,175;1126,214;1169,065;1191,042
136:0,014;125,063;148,217;190,134;234,089;241,083;302,202;329,231;333,184;377,168;516,242;841,068;1019,157;1156,211
137:0,014;158,128;255,134;286,097;315,207;640,097;648,053;730,088;731,154;996,204;1063,242;1110,166
138:0,014;123,157;176,056;193,217;492,034;515,075;596,143;841,068;1114,065
139:0,014;127,134;150,096;157,105;247,085;449,093;568,154;624,132;639,233;740,143;938,252;1030,254;1183,208
140:0,014;161,018;182,114;333,034;505,247;590,260;648,053;679,212;828,256;841,068;1017,215;1101,252;1171,181
141:0,015;32,020;53,065;114,273;208,012;297,087;408,247;437,158;452,145;571,252;598,133;683,252;684,192;977,149;1084,088
142:0,015;26,274;196,193;250,209;279,115;437,146;485,105;567,110;686,155;731,150;855,249
143:0,015;39,256;366,105;455,085;489,140;686,193;1058,213;1140,249;1155,159
144:0,015;6,208;226,012;288,211;454,202;871,089;899,077;904,094;916,207;1189,103
145:0,015;151,229;331,096;883,172;889,181;1029,173
146:0,015;6,208;26,274;198,091;236,269;280,101;951,242;1023,042;1067,161;1176,144;1187,181;1199,042
147:0,015;55,192;220,244;406,117;407,081;474,110;553,200;575,213;829,252;942,193;1155,200;1166,109
148:0,015;26,216;96,189;278,177;323,158;566,273;727,109;866,221;971,033;1036,068;1141,202
149:0,015;53,065;68,020;94,124;327,097;350,192;415,100;556,080;681,260;888,215;974,211;1111,164
150:0,015;59,012;81,007;169,062;184,208;203,145;295,115;361,076;443,035;478,050;538,080;613,275;649,203;669,047;691,175;721,151;805,175;859,256
151:0,016;186,269;311,213;358,101;490,026;514,249;972,221;1009,245;1185,065;1194,194
152:0,016;90,105;142,167;191,056;244,203;259,159;311,084;422,121;443,035;490,026;549,246;1009,205;1095,149;1135,175;1155,093;1188,232
153:0,016;128,150;152,217;262,089;388,259;443,035;468,270;484,252;537,152;661,096;732,249;794,260;859,126;938,088
154:0,016;125,167;250,095;379,152;441,205;483,158;599,254;823,081;928,089;979,144;1165,157;1197,224
155:0,016;90,105;237,189;267,062;282,235;377,089;809,115;830,181;855,070;866,172;1051,196;1102,101
156:0,016;38,143;259,167;326,075;385,081;443,035;501,203;583,134;700,070;783,126;857,225;905,068;930,168;1008,270;1086,041
157:0,016;37,157;45,084;102,085;118,240;125,063;186,269;218,197;267,062;308,203;490,026;536,079;571,147;579,155;700,070;1049,080;1173,121
158:0,016;104,017;194,140;267,062;404,161;604,075;630,126;642,215;675,268;700,070;826,205;1002,089;1042,200;1080,192
159:0,016;112,128;151,145;196,091;351,090;384,034;388,259;443,035;468,081;512,208;514,184;700,070;932,094;953,101
160:0,016;36,229;38,143;325,028;373,229;659,047;737,070;953,268;970,214
161:0,017;105,048;129,205;183,058;301,075;369,149;489,146;706,149;755,080;928,105;981,252;1006,128;1153,148
162:0,017;148,031;202,272;235,197;354,067;380,104;688,145;689,080;874,201;961,217;1029,103;1044,245;1174,127
163:0,017;90,208;148,031;154,062;179,219;231,205;248,012;261,239;278,140;360,034;402,166;459,154;460,121;512,200;525,146
164:0,017;90,102;129,205;158,053;238,105;249,203;354,067;459,196;579,157;812,089;866,155;902,239;1017,184;1159,158
165:0,017;148,031;183,058;255,061;265,150;353,036;365,070;444,223;505,121;592,256;607,161;880,266
166:0,017;154,062;183,058;295,062;338,121;421,087;488,090;564,047;736,184;855,266;865,068;943,184;1005,196;1047,247;1062,270;1170,149
167:0,017;148,031;228,058;291,202;354,067;386,091;537,208;582,193;670,081;765,153;996,146;1014,104;1085,193;1119,175
168:0,017;90,102;154,062;222,089;338,121;490,026;512,091;541,193;650,081;803,137;965,033;1040,072;1057,268;1072,189;1174,126;1180,242
169:0,017;179,219;183,058;296,183;365,070;438,091;458,034;519,104;539,109;576,208;750,147;843,159;847,029;1003,158;1085,212;1192,144
170:0,017;151,100;154,062;194,140;409,152;522,072;537,260;555,128;587,208;678,229;724,266;984,184
171:0,018;178,133;187,084;278,069;374,215;419,057;488,028;539,042;676,075;795,152;865,207;901,041;1029,200;1038,041;1153,255
172:0,018;5,165;223,101;237,166;302,028;339,202;438,110;467,154;539,042;567,075;715,170;882,225;884,175;935,144;967,201;991,215;1184,169
173:0,018;224,115;248,194;278,069;326,106;373,096;382,211;419,057;435,129;466,248;485,211;524,075;793,133;1074,180;1086,110
174:0,018;179,076;236,181;374,028;539,042;616,144;661,260;678,144;690,211;1141,272;1157,118
175:0,018;5,165;178,133;301,230;526,137;617,145;689,167;813,081;816,152;865,077;873,247;877,212;910,070;970,214;989,148;1112,042
176:0,018;175,254;188,133;278,069;302,028;328,272;419,057;420,249;533,081;649,042;695,110;1078,225;1130,132
177:0,018;297,085;302,028;311,134;396,070;419,057;426,172;508,248;523,192;563,179;672,040;742,168;1046,229;1118,126
178:0,018;238,144;307,208;314,028;524,145;528,028;556,275;759,075;877,029;892,079;907,089;1080,100;1116,150
179:0,018;248,194;278,069;302,028;419,057;539,042;628,157;657,172;818,147;827,264;999,084;1026,146;1075,133;1083,196;1192,093
180:0,018;226,166;310,151;315,028;326,106;387,064;407,235;414,034;420,249;478,134;545,252;556,275;600,075;834,070;870,260;910,213;962,094;999,042;1016,198
181:0,019;121,263;356,265;390,189;683,168;889,273;947,128;1003,266;1058,150;1114,042
182:0,019;75,091;121,263;136,072;228,149;245,096;282,207;310,211;352,097;398,166;399,219;626,270;1048,084
183:0,019;83,002;155,263;285,037;296,154;392,229;953,126;1027,135;1118,169
184:0,019;101,242;126,032;129,102;158,053;186,100;218,075;262,153;285,037;296,154;332,179;333,034;353,221;495,050;684,135;844,202;1127,135;1182,128
185:0,019;81,273;95,207;140,018;215,166;218,075;255,061;282,207;448,128;491,179;530,028;547,273;700,256;728,203;761,101;821,212;868,133;895,252;935,211;968,137;1025,143;1161,260
186:0,019;86,223;255,061;259,212;277,116;336,215;344,224;524,150;615,166;630,244;899,225;1076,199;1191,255
187:0,019;71,184;255,061;285,037;438,076;1012,094;1152,193;1194,121
188:0,019;9,004;14,141;30,016;75,091;197,012;206,072;218,075;368,247;406,134;461,072;494,115;536,198;659,202;830,158;893,141;940,107;1166,229;1190,164
189:0,019;71,216;95,256;123,129;215,166;218,075;358,175;537,202;541,230;598,235;1023,225;1088,180
190:0,019;71,184;398,076;400,090;612,239;703,144;785,103;1013,033;1026,180;1033,168
191:0,020;23,004;54,020;155,146;160,151;273,239;332,154;337,034;340,159;358,075;430,109;1094,225;1174,094;1187,173;1189,148
192:0,020;102,014;110,120;162,018;250,213;252,168;304,254;458,134;489,087;554,042;662,201;677,270;735,233;743,100;1137,246;1163,189
193:0,020;79,036;83,020;105,048;155,146;188,101;199,083;221,075;252,168;355,027;398,081;403,140;457,215;600,158;728,173;834,198;894,260;1195,094
194:0,020;154,212;212,254;333,128;548,050;600,158;818,090;848,273;885,225;890,135
195:0,020;151,218;157,155;207,215;279,027;311,152;324,223;361,162;471,050;510,200;794,217;1067,068;1102,264
196:0,020;127,145;245,075;291,062;314,269;338,075;427,221;447,129;471,050;607,103;768,081;1112,042
197:0,020;151,155;175,012;250,213;365,070;386,067;471,050;569,206;571,123;593,145;681,149;689,208;866,128;1060,224
198:0,020;174,101;220,155;493,094;549,249;551,089;655,103;873,202;976,204;1150,219
199:0,020;155,256;173,193;208,251;328,209;498,128;820,256;822,075;1047,077
200:0,020;127,175;398,096;426,192;440,084;471,050;502,107;515,155;589,128;889,068;971,232;1000,068;1006,232;1068,121;1180,042;1182,268
