001:0,001;150,187;264,275;282,154;285,073;447,172;503,033;568,109;795,262;897,044;903,143;972,098;1007,188;1037,073;1142,112;1182,011
002:0,001;80,104;94,069;285,073;302,228;397,101;487,112;503,033;538,042;594,163;619,162;640,077;835,114;864,065;882,026;908,217;1087,234;1147,183;1192,047
003:0,001;135,243;285,073;364,190;466,040;579,220;607,165;685,144;792,046;873,139;885,264;900,229;948,210;1165,229
004:0,001;25,250;34,007;53,213;134,072;135,243;444,165;492,246;556,047;657,070;702,095;708,217;712,046;800,109;804,175;916,036;1050,226;1101,208;1127,047
005:0,001;116,128;304,027;424,112;474,160;501,122;503,033;515,053;533,234;556,047;702,095;1136,136;1161,085
006:0,001;91,115;114,027;118,183;139,273;161,271;285,073;342,031;424,112;538,042;556,047;696,110;715,173;882,026;888,046;1036,101;1109,153;1149,264
007:0,001;53,213;73,226;234,216;266,027;274,044;341,249;467,066;503,033;556,047;678,086;686,182;740,084;754,043;892,090;1132,159;1182,127
008:0,001;83,012;112,147;193,217;205,210;209,183;221,068;243,192;262,051;285,073;294,128;308,044;354,089;369,149;421,045;538,042;591,077;698,262;756,084;774,062;805,092;817,109;825,086;868,046;882,026;900,229;925,057;972,011;974,146;995,136;1049,119;1068,241;1142,123;1200,112
009:0,001;119,069;302,228;303,047;329,190;331,231;440,226;503,033;538,042;556,047;780,143;962,044;966,050;1002,249;1076,114;1139,101;1161,250;1192,234
010:0,001;161,271;168,018;179,017;204,010;264,275;409,122;524,032;551,120;578,245;610,139;775,109;959,261;962,081;1047,241
011:0,002;29,233;68,017;147,125;235,030;281,051;293,012;374,082;380,146;426,066;482,238;491,092;528,221;604,155;614,073;667,121;740,208;824,159;1072,146;1114,119;1137,263;1191,065
012:0,002;107,266;195,018;196,237;235,030;294,088;299,183;323,092;358,066;415,264;541,258;616,082;637,251;756,175;886,049;891,234;896,106;963,262;976,050;1025,179;1185,027
013:0,002;48,006;55,058;121,217;296,162;336,154;398,060;553,036;599,113;625,032;696,084;758,128;895,042;921,188;933,234;959,103;966,068;1118,167
014:0,002;55,058;94,152;121,217;153,152;174,052;201,041;228,159;283,070;306,139;398,060;491,067;519,190;538,038;558,234;574,042;643,142;670,118;705,057;740,208;771,036;794,198;817,089;858,240;872,067;954,222;984,127;1042,164;1074,240;1103,165
015:0,002;94,152;112,147;174,052;196,237;201,041;233,127;589,143;603,024;689,182;746,043;876,222;930,068;1148,122
016:0,002;54,068;67,039;182,007;201,041;219,217;314,129;375,045;411,066;474,088;505,245;599,113;609,024;668,042;765,179;825,234;856,086;895,042;930,068
017:0,002;67,039;271,139;283,159;288,166;303,230;332,127;447,163;591,218;667,121;723,036;802,095;883,208;911,222;925,198;930,068;1064,052;1125,068;1162,061;1170,212;1191,226
018:0,002;57,068;77,210;104,072;111,218;120,152;174,052;240,129;247,124;256,139;471,151;564,073;643,245;648,187;713,042;752,188;1016,092;1064,052;1139,264;1188,085
019:0,002;48,069;66,001;67,039;183,158;191,271;235,030;302,088;398,060;671,155;744,244;834,167;839,162;842,126;916,109;920,120;1074,188
020:0,002;55,058;67,039;223,110;240,129;268,112;274,192;327,236;398,060;415,217;486,238;644,162;813,062;895,042;930,068;946,246;1142,056
021:0,003;400,043;618,035;662,032;710,136;808,153;842,046;854,044;899,081;969,182;977,178;981,242
022:0,003;253,067;254,116;351,066;390,095;536,075;599,073;600,251;618,035;650,040;653,136;743,043;747,034;795,144;820,065;862,077;931,027;1144,147;1152,125
023:0,003;262,193;287,275;310,100;374,089;382,051;390,095;439,119;501,234;542,040;580,084;601,117;618,035;639,199;874,036;910,234;996,048;1068,015;1076,047;1097,195
024:0,003;253,067;392,043;402,050;415,167;423,043;439,119;604,027;720,243;808,215;879,027;1107,188
025:0,003;253,139;266,187;340,152;347,043;360,155;423,036;460,114;543,092;590,061;661,033;711,265;835,083;868,199;879,027
026:0,003;253,067;279,083;332,149;360,155;469,115;664,057;754,136;757,159;889,260;893,078;996,048;1056,226;1131,180;1141,169
027:0,003;253,067;413,219;428,159;546,122;559,249;604,027;624,043;638,036;639,199;640,110;647,199;732,078;804,044;879,027;996,048;1011,146;1015,275;1045,188;1097,195;1123,113;1160,027
028:0,003;279,083;475,271;497,116;656,059;675,040;882,044;1130,210
029:0,003;254,116;264,030;279,111;303,027;358,115;436,045;575,141;739,134;748,067;792,078;919,158;975,260;976,263;1071,087;1114,068;1164,256;1195,027
030:0,003;253,067;316,248;402,050;503,271;618,035;740,170;1128,073
031:0,004;24,069;176,244;362,092;384,117;410,075;473,038;564,173;606,053;639,043;645,230;720,044;845,085;1147,096
032:0,004;7,174;18,011;24,069;128,161;202,265;507,188;660,112;700,070;864,234;891,169;930,243;949,050;980,168;999,038
033:0,004;31,041;59,044;87,265;199,069;279,113;565,024;608,242;639,068;649,218;740,044;786,112;907,275;911,092
034:0,004;7,174;87,265;173,003;176,244;427,028;443,035;450,146;476,145;502,046;520,075;553,249;720,044;961,015;1110,263;1139,260;1177,237
035:0,004;24,069;31,041;44,069;235,030;282,146;355,083;444,250;606,185;720,044
036:0,004;21,266;24,069;198,007;225,146;397,149;427,028;469,232;689,230;732,062;753,265;947,169;1141,038
037:0,004;26,017;168,050;227,031;276,145;318,034;340,189;341,067;355,110;427,028;459,099;615,250;655,232;776,258;824,180;847,216;902,144;958,106;1029,038
038:0,004;6,006;31,041;115,220;157,010;168,050;186,005;222,010;251,131;383,145;512,060;548,232;630,112;649,210;809,059;898,162;921,092;999,038
039:0,004;24,069;256,251;307,166;530,258;556,082;703,040;720,044;865,198;999,038;1188,246
040:0,004;68,124;91,017;105,033;123,222;155,218;157,245;168,050;190,122;292,266;427,028;469,232;486,221;520,275;537,195;613,143;667,099;727,059;751,266;776,044;949,179;1023,044;1054,136;1107,103
041:0,005;223,036;232,162;257,143;298,160;378,053;485,046;570,032;744,082;750,218;787,082;965,258;989,143;1076,047
042:0,005;214,074;243,190;249,031;315,253;344,043;530,166;547,059;615,073;622,036;660,261;706,059;745,245;813,078;852,262;972,170;1185,061
043:0,005;276,265;286,187;298,070;302,172;313,044;374,096;427,032;435,141;464,036;485,046;544,172;547,059;681,092;780,232;830,112;847,153;892,172;907,241;1059,038;1107,061
044:0,005;214,159;223,036;309,089;354,144;410,051;411,250;427,032;704,117;726,070;754,172;1076,047
045:0,005;218,220;263,258;315,251;332,145;398,270;536,213;625,059;660,261;712,241;969,169;1079,182;1085,015;1134,122;1146,064
046:0,005;89,128;187,010;214,231;220,246;224,252;317,217;374,096;427,032;748,167;762,119;1023,085;1125,146
047:0,005;214,074;224,252;232,262;233,253;344,043;402,139;410,263;549,141;699,143;821,144;837,077;903,218;905,095;921,114;1075,260;1138,144;1144,090
048:0,005;214,159;232,162;302,112;344,043;485,046;573,024;619,059;695,241;886,136;1073,208;1076,047;1189,117
049:0,005;214,231;309,089;344,043;405,226;427,032;547,059;663,083;705,215;711,128
050:0,005;223,036;376,267;427,032;484,067;521,073;583,047;771,222;866,101;1024,234;1107,119;1109,169;1119,120
051:0,006;333,051;364,053;657,062;895,042;911,190;944,240;1107,061
052:0,006;327,028;421,075;532,055;557,144;617,070;662,139;714,040;796,067;837,143;838,062;863,236;884,056;934,210;1107,061
053:0,006;370,117;375,067;442,075;564,170;590,127;622,073;627,266;745,062;759,173;851,067;854,265;865,062;873,161;884,056;944,113;1113,199;1160,011;1194,159
054:0,006;356,028;364,053;699,070;715,078;777,040;830,073;886,223;904,050;951,242;1045,056;1078,011
055:0,006;99,137;151,033;180,031;190,005;210,152;327,235;338,159;344,043;427,265;489,263;497,163;631,176;657,062;870,164;904,050;949,159;977,064;1175,061;1197,171
056:0,006;97,082;364,053;721,059;886,236;935,015;1107,061
057:0,006;331,084;375,230;449,075;634,047;657,062;884,056;1021,216;1045,056
058:0,006;504,263;549,187;622,249;638,173;651,170;671,176;675,082;685,163;728,243;762,251;839,087;937,015;1045,056
059:0,006;320,136;352,027;367,097;380,136;469,230;484,243;499,172;521,075;526,258;533,033;544,075;625,270;697,142;722,114;873,161;884,056;904,050;987,216;1116,229;1146,092
060:0,006;99,137;231,166;244,174;246,006;347,051;364,053;389,254;460,094;491,038;516,242;626,188;846,179;878,210;944,218;976,144;1039,073;1045,044;1078,263;1107,061;1117,183;1145,139
061:0,007;230,215;241,230;322,035;348,082;487,141;547,240;562,073;576,155;590,046;632,179;697,176;747,198;787,139;793,106;879,082;902,103;1026,229;1034,106
062:0,007;228,036;294,254;421,271;479,219;517,028;571,046;632,185;673,170;890,073;927,082;971,143;993,044;1002,078;1136,245
063:0,007;201,237;226,068;234,029;273,166;402,219;517,028;551,151;619,112;629,164;721,111;794,139;796,218;832,040;872,078;888,087;895,170;954,122;1062,106;1176,101
064:0,007;216,144;234,029;262,192;279,110;318,035;435,111;517,028;576,185;618,195;671,251;707,036;1004,256;1193,090
065:0,007;69,240;269,267;281,246;359,068;401,265;419,266;458,240;526,033;556,077;571,046;632,179;666,094;707,036;1003,171;1195,056
066:0,007;217,267;230,215;382,099;513,053;517,028;525,088;571,046;680,215;707,036;904,050;922,036;1104,199;1127,085;1154,226
067:0,007;73,273;155,183;289,250;359,068;453,028;461,060;539,141;571,046;865,087;881,179;890,011;1112,044;1115,128;1150,038;1188,210
068:0,007;227,149;234,044;275,037;300,190;353,271;357,144;501,165;503,033;507,240;848,086;849,244;914,172;1051,011;1084,096;1165,061;1181,056
069:0,007;56,044;112,018;119,006;321,235;347,112;359,068;465,042;555,234;560,092;705,062;753,092;853,199;859,067;902,103;938,192;1084,112;1097,092;1136,222;1139,264;1144,104
070:0,007;215,006;234,029;252,112;257,010;311,099;458,053;467,183;480,155;485,038;495,060;571,046;707,036;738,034;911,122;951,230;967,109;979,158;991,085;1016,036;1040,223
071:0,008;30,072;198,014;258,265;269,031;338,271;425,042;427,032;484,067;519,107;572,040;614,070;661,236;693,043;723,172;748,062;828,033;896,263;910,260;1081,159;1126,178;1171,073;1196,218
072:0,008;30,072;187,226;190,147;198,014;215,258;318,034;351,101;425,042;512,145;574,024;664,246;701,165;755,065;891,011;1177,095
073:0,008;68,089;100,072;200,131;205,245;225,174;292,131;396,082;466,198;484,067;508,145;533,192;593,057;729,236;975,068;1004,182;1078,143;1114,044;1133,032;1153,247
074:0,008;11,255;30,072;198,014;214,070;218,190;236,006;252,271;348,209;404,228;412,075;431,089;448,230;543,036;550,111;641,046;683,264;737,121;819,087;862,216;876,033;923,263;926,258;956,216;981,236;1042,143
075:0,008;30,072;40,038;55,058;105,006;120,138;130,031;134,246;190,038;198,014;201,041;214,070;230,221;425,042;510,038;550,145;625,244;755,065;877,044;902,011
076:0,008;29,233;72,259;190,038;218,190;265,252;277,070;347,168;425,042;457,053;463,264;585,165;610,070;925,215;931,033;975,261;1012,015;1020,178;1081,011;1085,178
077:0,008;42,174;108,027;142,003;198,014;225,174;227,258;255,161;320,165;380,263;484,067;532,040;634,113;721,264;755,065;762,113;767,120;922,244;1108,230;1155,222;1173,205;1195,230
078:0,008;30,230;132,039;135,006;198,014;206,168;214,070;231,166;277,070;406,043;497,250;549,057;714,176;755,065;896,261;905,164;964,222
079:0,008;130,133;133,183;167,133;214,070;225,253;230,221;292,159;425,042;480,110;623,182;688,082;708,043;729,236;835,164;933,159;937,249;938,109;1009,036;1053,015;1082,158;1088,136
080:0,008;30,072;190,038;277,070;314,044;371,168;425,042;500,067;533,192;558,057;607,118;757,244;1021,263;1116,180;1129,236;1131,011
081:0,009;48,012;56,044;100,020;114,253;127,201;181,137;184,031;242,135;270,082;281,112;356,159;383,246;510,139;530,155;579,250;634,213;641,042;678,070;709,215;801,139;809,117;814,011;855,112;1059,211;1084,113;1089,096;1136,170
082:0,009;111,115;169,220;206,068;274,186;318,162;350,243;436,262;538,118;583,024;715,112;814,011;892,158;1041,064;1042,086
083:0,009;73,011;99,251;192,154;250,146;274,186;495,032;504,114;587,112;757,034;767,044;877,240;918,027;926,036;930,128;962,249
084:0,009;48,161;49,104;56,044;102,266;108,027;134,131;267,168;366,183;399,217;419,143;715,034;814,011;909,178;1116,244
085:0,009;49,104;99,251;182,230;242,135;303,047;353,249;549,057;661,258;733,249;917,233;1007,256;1108,158;1156,258
086:0,009;66,099;103,128;104,240;190,018;236,271;243,099;251,092;279,193;469,170;558,230;602,268;704,024;740,072;784,070;814,011;851,143;876,172;885,011;909,175;918,167;933,198;989,227;1091,218;1195,038
087:0,009;173,005;192,154;336,186;461,075;480,210;482,118;516,242;587,155;651,110;665,062;673,164;814,011;851,189;872,234;884,059;908,081;917,258;919,246;954,236
088:0,009;48,161;254,037;301,143;311,275;810,049;814,011;1038,167;1068,122;1072,119;1196,120
089:0,009;31,041;52,220;56,044;66,141;82,071;111,012;124,245;303,047;319,115;463,217;508,122;549,057;677,195;814,011;1021,162;1099,169;1107,068;1145,156;1152,128;1163,089
090:0,009;97,201;134,131;179,187;197,084;211,082;226,245;407,043;460,088;545,270;585,073;598,139;651,053;706,172;812,159;814,011;851,189;897,223;948,120;1088,182
091:0,010;198,014;201,137;214,065;266,027;347,140;377,116;446,166;490,198;575,077;592,057;594,042;596,117;694,179;921,015;1023,258;1143,143;1151,073;1167,242
092:0,010;266,027;288,012;313,143;318,034;436,164;669,134;674,244;704,040;707,083;752,044;801,062;917,049;921,015;976,185;1037,073
093:0,010;31,041;65,006;129,007;165,010;214,065;284,179;289,193;471,215;505,141;528,210;671,033;691,153;786,083;823,121;921,015;1038,218;1053,064;1060,146;1066,245
094:0,010;266,027;346,190;366,051;436,234;508,167;743,210;856,146;969,128;1110,226;1159,011;1186,241
095:0,010;214,065;259,084;287,192;318,034;329,263;375,101;392,244;410,075;512,084;655,127;681,192;974,241;981,168;989,153;999,038;1035,015
096:0,010;264,210;296,051;329,263;403,066;406,043;436,164;447,172;476,146;497,262;545,114;639,068;644,042;691,153;871,180;941,245;1056,233
097:0,010;266,027;383,040;510,165;521,099;529,094;534,040;749,042;890,163;921,015;947,034;961,229;1009,233;1165,011
098:0,010;228,128;237,113;253,110;266,027;378,198;461,167;474,164;608,082;612,111;921,015;1191,091
099:0,010;262,219;342,226;347,140;436,271;470,193;479,139;565,151;589,047;609,085;753,264;893,234;921,015;1161,143;1199,073
100:0,010;176,122;186,266;359,068;360,051;383,160;493,040;835,233;888,153;921,015;1168,047;1180,233;1189,181;1196,058
101:0,011;115,012;168,007;209,005;251,100;437,140;471,084;480,082;545,253;556,042;877,073;909,179;916,223;926,081;961,015;990,096;1071,218;1078,144
102:0,011;114,267;115,031;438,230;445,253;543,262;545,230;550,045;576,275;602,246;661,033;684,114;699,034;836,033;968,015;1197,205
103:0,011;114,267;314,179;332,144;356,143;416,267;418,245;572,036;598,176;631,110;693,162;715,082;822,049;840,169;908,233;1033,164;1034,046;1119,104;1191,061
104:0,011;63,216;84,012;115,031;226,246;269,115;301,092;552,119;556,042;606,032;787,216;861,046;930,162
105:0,011;110,262;193,033;201,092;233,115;301,113;556,042;913,090;964,050;984,011;1097,120;1181,114
106:0,011;139,100;287,073;327,230;425,094;519,075;663,215;699,034;774,264;783,121;870,111;891,156;926,169;956,027;974,232;1177,222;1199,125
107:0,011;110,262;115,031;359,068;377,254;381,100;549,057;565,024;633,151;661,033;683,047;723,090;906,044;913,050;1018,015;1162,158
108:0,011;6,009;62,254;196,262;201,028;223,036;277,135;303,047;323,148;340,235;353,179;379,248;420,051;430,043;515,249;556,042;661,236;675,110;754,246;942,044;950,275;1032,015;1130,227;1152,164
109:0,011;62,254;350,250;493,170;634,119;660,094;661,033;689,128;696,046;699,034;745,118;803,111;858,042;882,260;937,033;941,223
110:0,011;115,031;431,036;445,253;588,032;618,236;622,053;651,275;667,092;673,218;721,110;753,232;960,164;1059,073
111:0,012;397,036;667,035;698,046;768,082;785,040;842,011;893,027;1168,153;1190,109;1196,195
112:0,012;290,165;562,061;584,145;667,035;716,090;891,030;936,230;1001,258;1017,192;1085,047;1188,146
113:0,012;198,014;223,068;263,160;288,243;347,187;424,264;445,136;459,275;503,036;671,173;693,134;801,117;891,030;898,249;980,179;1199,065
114:0,012;371,097;397,036;657,249;874,162;889,159;891,030;916,123;935,275;1003,243;1030,096;1086,260
115:0,012;43,011;81,230;230,149;305,006;315,187;501,038;543,165;598,046;890,011;922,033;1005,211;1015,064;1083,236;1114,210;1116,112;1132,127
116:0,012;381,129;398,060;402,210;424,244;570,222;656,182;667,035;800,180;909,109;911,122;1003,068;1182,056
117:0,012;397,036;645,046;891,030;913,036;1012,044;1046,147;1137,064;1164,244
118:0,012;365,266;387,226;402,050;433,266;806,049;841,082;842,036;869,046;1026,044;1043,156;1086,027;1186,119
119:0,012;39,253;272,030;316,047;319,148;340,189;391,097;397,036;511,116;618,099;690,198;724,092;743,173;754,199;843,127;860,011;916,123;1030,119;1038,233;1040,243;1046,147;1149,085;1182,178
120:0,012;472,213;667,035;668,240;719,036;788,101;833,036;853,162;864,059;914,121
121:0,013;40,038;67,018;77,007;108,027;219,162;231,160;234,044;341,040;374,027;378,051;401,053;447,115;700,094;726,062;767,106;825,085;836,126;923,171;1146,180
122:0,013;54,068;93,174;108,027;249,192;256,028;285,073;291,143;339,154;392,159;394,167;414,120;465,262;495,036;508,033;539,083;577,188;612,070;622,170;650,059;669,042;728,171;903,153
123:0,013;55,158;190,038;219,240;252,069;256,251;258,236;307,070;361,141;379,045;508,094;523,140;540,246;873,127;1162,167;1194,264
124:0,013;5,007;54,068;92,124;136,099;234,044;350,120;465,159;654,151;659,083;871,171;979,064;1089,249
125:0,013;34,259;54,068;174,113;234,044;310,161;322,143;440,275;446,243;467,190;491,265;564,192;608,251;651,024;743,222;791,086;817,092;918,127;975,103;1086,229
126:0,013;40,038;67,273;108,027;245,143;266,254;283,188;562,061;611,230;622,144;697,043;719,070;928,099;930,229;979,162;1012,011;1043,250
127:0,013;40,038;54,068;102,012;267,219;405,209;452,118;535,036;537,143;562,061;589,101;657,062;725,217;748,134;817,162;828,240;894,046;942,188;1003,167;1095,098;1186,180
128:0,013;170,028;218,172;296,084;317,027;325,012;375,270;501,238;565,024;621,085;711,119;898,027;936,169;939,236;944,015;973,180;1070,011;1144,208;1175,061;1188,179
129:0,013;54,068;108,027;231,160;465,136;488,084;562,053;617,107;645,155;691,196;758,164;852,173;932,180;1008,222;1043,250;1143,169
130:0,013;57,044;69,012;78,210;246,012;360,190;361,141;505,221;605,089;813,113;828,098;962,162;977,260;1073,078;1115,256;1152,263
131:0,014;117,220;248,088;318,271;326,044;345,248;368,027;394,167;610,070;825,073;844,251;951,114
132:0,014;91,115;103,028;461,077;552,043;825,073;918,064;970,234;1020,144;1116,234;1187,232
133:0,014;114,039;163,080;374,040;379,190;405,159;449,075;461,077;580,061;604,027;662,222;739,232;743,042;776,146;800,216;822,044;851,188;913,057;950,036;987,109;1198,183
134:0,014;103,028;182,115;219,028;395,131;426,155;534,139;558,047;610,070;627,040;730,175;794,049;933,015;959,227;1074,216;1075,222;1108,064
135:0,014;111,165;163,080;211,216;263,080;378,198;550,043;594,264;610,070;763,084;794,049;880,073;899,033;905,240;910,262;959,227;974,121;1048,038;1084,167;1157,212;1165,073;1179,113;1191,111
136:0,014;103,028;267,183;359,120;412,144;547,059;550,043;708,144;711,251;932,218
137:0,014;103,028;335,111;342,066;349,028;420,110;473,136;505,210;612,109;627,032;707,034;782,089;796,113;918,064;1078,120;1110,073;1157,212
138:0,014;111,165;255,174;304,187;311,047;389,246;470,140;519,119;542,032;577,057;589,220;619,043;794,049;951,211;965,011;1147,095;1171,011;1175,237
139:0,014;100,237;103,028;270,037;323,234;426,101;550,043;815,266;825,073;907,044;918,064;1026,211
140:0,014;112,213;281,028;474,190;514,060;523,215;550,043;808,126;838,198;918,064;1191,111
141:0,015;50,071;168,165;318,035;373,122;399,140;447,075;461,100;545,264;639,068;731,042;740,245;764,165;933,121;967,136;989,064;995,168;1001,038;1040,275;1047,229;1061,164
142:0,015;62,124;114,010;174,092;318,035;445,118;456,037;540,109;564,173;735,034;739,077;844,011;995,218;1033,188;1050,098;1071,167;1076,047;1110,125;1146,211;1191,096
143:0,015;91,072;138,111;266,101;324,245;435,145;448,095;561,198;615,113;757,155;794,049;823,136;927,153;934,211;1033,217;1104,068;1116,258;1121,139;1140,236;1168,121
144:0,015;128,010;174,246;207,010;259,240;456,037;540,109;598,077;639,068;685,024;691,262;711,155;763,034;787,264;873,139
145:0,015;72,223;136,082;174,092;194,259;200,246;315,115;318,035;373,122;423,051;456,037;473,038;568,268;696,187;724,222;749,168;756,065;817,172;823,059;895,067;925,190;934,064;1163,191
146:0,015;50,071;119,017;173,113;180,125;208,111;473,038;510,190;576,185;593,099;639,068;667,213;689,145;706,264;711,095;801,049;944,222;956,044;1140,247
147:0,015;50,071;130,245;144,115;264,065;306,082;347,111;422,183;453,028;456,037;508,040;535,032;602,192;648,040;751,126;760,059;910,211;949,044;1151,144;1197,182
148:0,015;52,011;98,216;194,169;318,035;518,112;595,092;641,192;856,167;904,050;911,216;947,167;983,064;1029,244;1117,090;1157,073
149:0,015;128,250;212,187;277,070;318,035;461,190;473,038;633,043;751,126;810,065;888,027;904,245;1134,232;1196,113
150:0,015;9,011;30,014;50,071;87,158;175,253;178,115;180,007;185,265;218,125;231,084;249,254;260,154;272,240;507,230;685,236;697,127;775,262;777,165;877,216;1014,090;1110,125;1198,233
151:0,016;63,216;144,124;257,149;330,234;432,187;565,024;746,146;862,092;867,106;904,119;930,049;935,144;996,095;1196,260
152:0,016;53,250;349,246;386,110;410,075;412,088;473,193;502,136;542,053;665,086;733,218;885,033;898,215;945,050;966,217;1005,229;1091,044;1124,011
153:0,016;46,111;206,068;293,215;467,143;517,028;565,024;587,182;627,275;630,024;762,117;804,127;819,011
154:0,016;73,226;94,007;100,026;131,124;224,210;381,053;402,050;403,250;409,038;451,122;494,155;504,032;562,036;565,024;752,042;879,158;896,261;928,263;940,165;1111,136;1131,165;1134,109;1184,106
155:0,016;6,007;145,010;258,231;434,075;446,042;480,167;494,166;530,028;587,182;588,198;629,053;693,086;843,117;954,098
156:0,016;46,111;56,011;103,033;173,150;185,052;186,033;206,068;236,236;518,111;607,245;693,258;893,056;906,242;963,106;1037,073;1094,011;1127,185
157:0,016;94,082;103,033;277,070;333,088;430,165;443,243;492,082;565,024;761,072;792,034;848,171;864,049;869,033;927,249;934,208;981,246;1180,191
158:0,016;37,002;45,122;66,005;69,018;100,026;103,033;230,113;286,271;292,267;409,038;424,170;481,111;525,118;565,024;745,042;746,146;772,098;830,067;867,215;923,046;960,089;1095,121;1129,052;1158,246
159:0,016;34,240;45,122;64,071;100,237;103,033;227,144;290,122;311,217;409,038;410,075;574,120;670,116;694,114;830,011;905,242;945,087;1064,052;1188,181
160:0,016;34,240;68,018;100,026;108,218;178,027;213,250;246,144;266,136;314,149;373,244;382,228;415,141;424,215;550,112;563,101;606,059;666,024;749,168;756,171;813,275;895,046;1037,073;1169,038
161:0,017;39,253;64,014;163,148;166,033;196,170;406,060;499,243;519,107;597,244;617,165;629,057;716,085;932,156;1120,052;1140,011
162:0,017;215,266;222,161;293,172;311,221;492,038;496,053;532,136;651,120;886,114;911,127;913,057;968,082;981,117;1083,216;1121,032
163:0,017;218,112;288,012;292,099;310,159;312,262;381,035;448,151;549,134;616,159;663,119;752,059;776,266;792,070;794,266;817,217;935,046;1046,205;1121,032;1140,119;1142,205
164:0,017;65,161;121,017;244,101;375,045;609,101;675,142;678,159;765,162;958,223;1012,098;1041,117;1170,156
165:0,017;163,148;168,050;173,110;372,136;375,045;552,266;576,094;683,120;741,215;846,218;935,011;1081,064;1117,162;1121,032
166:0,017;210,152;301,115;337,228;375,045;484,067;589,258;675,109;694,136;707,173;709,101;910,082;921,036;1046,205;1157,234
167:0,017;265,136;425,190;458,127;897,233;912,261;1013,122;1108,117;1195,104
168:0,017;211,113;230,170;440,045;556,042;585,061;592,270;607,110;639,032;713,034;717,145;858,232;913,057;990,096;1030,103
169:0,017;229,088;288,127;302,152;342,265;391,262;448,254;459,210;475,040;581,119;701,188;749,217;882,026;885,011
170:0,017;234,029;240,226;244,252;249,172;254,262;419,089;559,120;569,061;586,107;638,145;738,240;767,085;803,067;816,234;850,059;851,036;913,057;957,243;1045,236;1065,123;1133,068
171:0,018;339,066;472,213;530,073;721,213;737,072;800,034;820,033;827,243;930,068;1051,123
172:0,018;271,188;339,066;449,092;479,083;495,035;588,162;618,198;690,099;737,072;775,112;779,087;782,043;869,233;907,223;913,240;1065,185;1143,165
173:0,018;251,183;262,251;322,034;339,066;431,221;466,146;495,035;497,101;571,082;583,040;663,213;737,072;789,117;797,089;1075,122
174:0,018;245,159;304,047;317,067;339,066;355,067;379,149;388,043;407,146;464,083;521,073;552,265;570,187;650,258;651,046;657,111;700,141;740,089;770,065;814,210;929,139;1116,078;1129,089;1139,258;1190,170
175:0,018;214,065;301,222;415,094;455,032;521,073;685,267;704,082;737,072;744,175;751,059;779,040;879,027;938,101;1191,065
176:0,018;275,110;278,145;380,141;409,038;415,094;417,117;495,035;521,073;656,040;658,159;737,072;777,208;1064,052;1191,065
177:0,018;279,027;370,117;495,035;496,067;515,194;521,073;590,172;710,134;724,113;811,136;870,114;941,123;946,046;1049,158;1080,230;1090,052;1179,119;1186,027
178:0,018;100,026;130,169;160,213;174,262;178,267;190,216;227,082;258,099;357,183;424,188;443,035;454,222;708,109;770,243;985,185;1118,011
179:0,018;214,074;262,267;264,067;272,116;506,172;695,128;710,046;725,098;827,143;836,098;934,136;963,027;1045,056;1191,065
180:0,018;301,222;521,073;574,136;684,275;737,040;816,245;922,112
181:0,019;106,253;110,027;113,082;124,218;138,007;200,254;232,231;242,037;305,067;348,040;402,036;493,266;543,144;627,035;699,077;731,067;912,117;970,164;972,230;1080,089
182:0,019;18,183;130,039;168,122;261,012;325,040;495,140;539,073;540,134;643,176;699,034;722,139;825,073;942,131;953,103;959,117;1030,153;1092,156;1156,241;1184,047
183:0,019;18,183;68,005;124,108;143,169;242,037;325,040;506,083;654,084;699,057;706,059;890,263;999,241;1037,109;1110,068;1190,058
184:0,019;38,084;186,262;305,067;325,040;417,236;618,264;648,040;681,062;687,171;711,246;729,036;946,182;965,165;1071,027;1190,058
185:0,019;59,099;268,129;371,040;479,249;505,217;731,067;904,265;947,034;954,182;1190,058
186:0,019;34,259;242,037;305,067;357,271;414,040;450,110;604,027;684,170;731,195;732,143;780,275;947,034;996,048;1009,122;1010,234;1074,180;1173,208
187:0,019;138,168;320,210;517,244;626,163;706,059;857,049;1000,081;1054,242;1100,027;1121,032;1190,058
188:0,019;26,189;38,084;428,234;484,271;597,151;642,249;653,142;731,067;844,258;1107,227;1134,146;1174,128
189:0,019;46,240;83,150;130,133;251,129;305,067;380,188;413,066;438,163;497,160;508,270;635,134;706,059;729,144;910,089;938,095;947,034;981,159;1008,158;1040,180;1099,113
190:0,019;25,250;76,010;83,150;214,074;226,133;242,037;314,236;325,040;511,046;537,195;715,089;731,067;875,163;895,146;1127,032;1151,185
191:0,020;159,026;170,170;175,033;199,112;244,037;305,031;392,084;501,055;547,059;622,171;662,176;670,217;695,087;772,046;820,033;953,123;1063,027;1081,127;1131,162;1198,144
192:0,020;72,223;252,127;278,144;351,040;437,139;501,055;622,171;732,217;814,011;820,033;871,156;1000,208;1157,171
193:0,020;167,144;216,226;331,110;350,089;426,183;485,046;522,236;610,083;660,046;695,087;836,113;1074,158;1197,091
194:0,020;115,031;159,026;230,124;245,193;267,226;448,089;644,170;675,024;685,267;707,128;720,262;828,222;908,087;1112,167;1114,164;1120,047;1153,156
195:0,020;170,170;222,074;253,051;421,035;425,066;478,032;552,057;579,172;588,162;663,215;670,117;786,118;806,245;884,165;945,119;1087,227;1120,183
196:0,020;159,026;245,193;253,065;319,209;436,060;486,193;506,232;522,094;562,061;673,196;758,082;766,167;832,109;905,077;921,015;1071,086
197:0,020;179,210;198,187;206,223;253,051;501,055;573,118;633,109;673,101;769,145;820,033;889,100;906,173;933,050;1006,230
198:0,020;165,236;179,006;206,068;238,101;253,051;364,099;382,051;523,075;528,217;653,165;765,136;820,033;949,078;1060,159
199:0,020;165,006;282,179;397,035;452,053;591,218;617,167;1014,011;1063,056;1163,136
200:0,020;159,026;167,144;174,052;218,265;253,051;501,055;551,094;640,032;654,116;679,089;692,198;858,046;924,232;1125,244;1148,011;1180,056
