001:0,001;149,155;434,079
002:0,001;134,081;197,242
003:0,001;182,242;654,119;1074,257;1078,088
004:0,001;127,092
005:0,001;67,254;444,182;754,232;944,163
006:0,001;127,092;640,254
007:0,001;136,002;149,155
008:0,001;134,081;763,077
009:0,001;134,106;146,205;907,243;929,226;1080,219
010:0,001;67,254;606,181
011:0,002;200,119;569,193;823,092;958,235
012:0,002;112,257;724,083;997,119
013:0,002;189,126
014:0,002;193,188;1025,007
015:0,002;213,083;914,152;1049,259
016:0,002;213,083;385,119;698,137
017:0,002;177,110
018:0,002;177,110
019:0,002;189,126
020:0,002;112,257;569,083;616,257
021:0,003;389,228
022:0,003;470,161
023:0,003;466,100;1023,076
024:0,003;153,089;874,172
025:0,003;397,244;443,248;980,100
026:0,003;389,228;1071,190
027:0,003;416,249;561,077;648,007
028:0,003;416,249
029:0,003;470,161
030:0,003;443,248
031:0,004;68,209;1077,082
032:0,004;142,237
033:0,004;170,121;790,261
034:0,004;158,219;285,256
035:0,004;142,237;805,190;898,204
036:0,004;147,080;633,256
037:0,004;164,082;425,141;459,254;660,113
038:0,004;147,080;405,219;964,189
039:0,004;170,121
040:0,004;68,209;158,219
041:0,005;335,082;1032,118
042:0,005;330,127
043:0,005;318,268;745,007;1093,081;1102,138
044:0,005;330,127;464,152;864,229
045:0,005;318,159;823,080
046:0,005;318,159
047:0,005;362,147
048:0,005;179,149
049:0,005;318,268
050:0,005;179,149;192,007;269,152;640,128;715,100;965,242
051:0,006;72,238;845,119;961,114
052:0,006;58,120
053:0,006;35,184;417,090
054:0,006;50,193;369,090;397,187
055:0,006;120,106;589,213
056:0,006;83,234
057:0,006;35,184;819,164;900,130
058:0,006;58,120;245,007;351,187;959,205
059:0,006;93,090;1092,209
060:0,006;50,193;152,016;161,227
061:0,007;267,088
062:0,007;139,102;969,210
063:0,007;1016,078
064:0,007;139,102;851,117
065:0,007;699,103;730,007
066:0,007
067:0,007;267,088;1047,188
068:0,007;699,243;789,152
069:0,007
070:0,007;1051,255;1170,116
071:0,008;18,138;994,007
072:0,008;197,207
073:0,008;18,138;82,008;127,111
074:0,008;127,111
075:0,008;246,099;1147,007
076:0,008;153,089;225,274;709,244;1078,193
077:0,008;197,207;745,007
078:0,008;211,113;940,128
079:0,008;161,227;780,238
080:0,008;268,208;763,207
081:0,009;629,269
082:0,009;340,116;412,164;629,269;1067,187
083:0,009;740,251
084:0,009;688,220;747,165
085:0,009;340,238;710,007;1077,143;1119,165
086:0,009;340,116;740,251
087:0,009;837,204;1200,237
088:0,009;734,233;1066,248;1167,226
089:0,009;392,019;531,009;688,220;989,138
090:0,009;734,233;855,007
091:0,010;74,086;539,225;901,089
092:0,010;39,114
093:0,010;75,229;615,259;730,133
094:0,010;68,232;1155,093
095:0,010;78,103;530,147;652,081;829,225
096:0,010;74,086
097:0,010;226,191
098:0,010;75,229;1109,243;1138,077
099:0,010;39,114;272,007;1055,150
100:0,010;68,232;246,234;456,184
101:0,011;95,091;292,009;440,163
102:0,011;142,139;310,015;440,163;848,274
103:0,011;25,101;95,091
104:0,011;96,164
105:0,011;123,144
106:0,011;111,005;131,266;279,109;303,009;696,198
107:0,011;25,101;1143,230;1155,123;1166,103
108:0,011;123,144;514,139;1132,198
109:0,011;131,266
110:0,011;96,164;104,015;366,208;829,220
111:0,012;117,130;359,015;389,181;470,103
112:0,012;289,226;1143,137
113:0,012;175,256;439,137;666,103;675,147
114:0,012;182,203
115:0,012;182,203;616,185
116:0,012;117,130;804,082
117:0,012;175,256;201,005;389,181;731,086;778,116
118:0,012;215,123;503,178;1175,094
119:0,012;215,123;1137,249
120:0,012;289,226;336,193
121:0,013;58,192;133,165;728,085;897,106;1034,234;1104,103;1116,268
122:0,013;58,178;119,007;1077,143
123:0,013;93,243;1082,133
124:0,013;94,105
125:0,013;58,178;712,127;1041,159;1138,203
126:0,013;58,192;165,178;246,089
127:0,013;133,165;817,081
128:0,013;94,105
129:0,013;93,243;113,153
130:0,013;113,153;1185,123;1187,086
131:0,014;239,253;1125,199;1187,153
132:0,014;171,225;505,007
133:0,014;171,225;633,116;907,210
134:0,014;180,077;181,007;197,216
135:0,014;180,077;1049,106
136:0,014;197,216;376,015;385,009;774,078;1005,140
137:0,014;239,253;1027,141
138:0,014;183,274;1050,272
139:0,014;230,106;284,016;319,272
140:0,014;293,141
141:0,015;481,266;548,118;562,128;1129,080
142:0,015;89,182;375,015;470,189
143:0,015;563,260
144:0,015;461,118;470,189;508,141;771,155
145:0,015;89,182
146:0,015;563,260;1111,139
147:0,015;482,149
148:0,015;461,118
149:0,015;562,128;593,138;716,188
150:0,015;217,005;422,185
151:0,016;472,179
152:0,016;126,140;1069,085
153:0,016;373,133;485,235;664,266
154:0,016;126,140;803,123;907,118;965,076
155:0,016;591,112
156:0,016;485,235
157:0,016;373,133;809,078
158:0,016;591,112
159:0,016;388,106;696,117;727,178
160:0,016;472,179
161:0,017;81,250
162:0,017;75,085;640,106;1180,091
163:0,017;32,199;976,164;1198,170
164:0,017;68,210;956,101
165:0,017;68,079;614,249;1114,253
166:0,017;32,199
167:0,017;68,079;280,085
168:0,017;160,139;1018,184
169:0,017;68,210;882,230
170:0,017;81,250
171:0,018;103,244
172:0,018;103,244;329,259
173:0,018;126,217
174:0,018;47,013;93,205;1097,121
175:0,018;126,217
176:0,018;329,259;518,120
177:0,018;207,100;671,130
178:0,018;231,230;1077,079
179:0,018;102,255
180:0,018;102,255;428,080;1091,007
181:0,019;556,170;1074,243
182:0,019;572,186;934,227;1196,143
183:0,019;602,094;1106,226
184:0,019;556,170
185:0,019;606,117
186:0,019;341,261;533,007;602,094
187:0,019;553,190
188:0,019;572,186
189:0,019;341,261;865,233
190:0,019;553,190;768,191;1086,244
191:0,020;15,093;822,079;953,083;999,232
192:0,020;17,172;979,146
193:0,020;18,213
194:0,020;26,076;981,123
195:0,020;35,146
196:0,020;17,172;772,198;1066,152
197:0,020;22,009;26,076;869,102
198:0,020;15,093
199:0,020;25,109
200:0,020;41,137;984,209
