001:0,001;54,239;564,183
002:0,001;24,261;305,214
003:0,001;40,123;245,261;459,131
004:0,001;71,193
005:0,001;40,123;507,231;596,240
006:0,001;43,013;247,252;381,018;596,240
007:0,001;27,138
008:0,001;35,016;71,193;130,013;247,252;1069,193
009:0,001;27,138;150,016;242,002;538,126;653,088
010:0,001;24,261;121,004;128,013
011:0,002;155,005;249,165
012:0,002;538,126;932,237;1189,153
013:0,002;1153,099
014:0,002
015:0,002
016:0,002
017:0,002;1154,179
018:0,002
019:0,002;1153,099
020:0,002
021:0,003;28,216;1152,126
022:0,003;117,011;137,098;736,107;775,103
023:0,003;137,098
024:0,003;97,265
025:0,003;140,175;1182,224
026:0,003;136,103
027:0,003;97,265;1177,002
028:0,003;140,175;230,018;243,245;680,105;684,271;774,138
029:0,003;136,103;147,006;243,245;1051,207
030:0,003;28,216
031:0,004;256,079
032:0,004;164,214;266,191
033:0,004;298,232
034:0,004;279,089
035:0,004;42,132;1071,230
036:0,004;42,132;140,007;164,214;912,013
037:0,004;279,089;457,130;535,172
038:0,004;298,232
039:0,004;256,079;801,235
040:0,004;296,082;1113,161
041:0,005;232,109
042:0,005;42,198;652,013;847,129
043:0,005;257,235;740,121
044:0,005;223,207;973,145;1023,206
045:0,005;214,253;956,013
046:0,005;232,109;1033,175
047:0,005;42,198
048:0,005;284,103;303,239;977,193;1060,109;1115,134
049:0,005;214,253;435,235
050:0,005;251,233;912,094
051:0,006;252,236
052:0,006;279,094
053:0,006;106,150;950,076
054:0,006;279,094;367,093;681,200
055:0,006;339,097;779,105;890,184;1154,116
056:0,006;252,236;820,230;1111,218
057:0,006;246,208;794,126
058:0,006;266,244;474,158
059:0,006;266,244;1161,076
060:0,006;106,150
061:0,007;169,190
062:0,007;187,148;196,200;577,116
063:0,007;209,012;229,104;483,107;577,155;586,152;834,104
064:0,007;169,190;353,149;1066,104
065:0,007;229,104;668,083
066:0,007;196,200;1078,150;1119,130
067:0,007;187,148;417,002
068:0,007;160,108;690,231
069:0,007;257,093
070:0,007;160,108;273,153;487,135;675,237;734,135;1126,205;1181,214
071:0,008;12,130;420,241
072:0,008;346,020;437,205
073:0,008;287,202;502,132;766,082
074:0,008;249,178
075:0,008;266,259
076:0,008;308,117;557,252
077:0,008;12,130;16,004;287,202;850,129;1062,013
078:0,008;266,259;688,245
079:0,008;251,233
080:0,008;249,178
081:0,009;35,015;369,196;876,132;1183,172
082:0,009;300,222
083:0,009;355,102;712,137
084:0,009;121,015;274,162
085:0,009;411,135
086:0,009;369,196
087:0,009;289,175;848,155
088:0,009;370,241;399,252;470,002
089:0,009;300,222
090:0,009;355,102;851,169;906,202
091:0,010;49,107;436,105
092:0,010;103,121;502,153
093:0,010;93,134;736,013
094:0,010;49,107
095:0,010;93,134;140,009;267,123
096:0,010;126,204
097:0,010;103,121;930,095;1063,148
098:0,010;132,191;577,202
099:0,010;126,204;129,002;219,193;660,137
100:0,010;180,225;200,002
101:0,011;474,097;530,173
102:0,011;391,116;1089,231
103:0,011;424,263
104:0,011;382,144
105:0,011;411,224
106:0,011;382,144;516,013;523,194
107:0,011;424,263;905,093
108:0,011;47,195
109:0,011;391,116;411,224;910,227
110:0,011;47,195
111:0,012;320,113
112:0,012;237,151;267,172;499,117;557,108;1197,082
113:0,012;211,168;240,231;1041,097
114:0,012;242,155;532,133;1181,151
115:0,012;211,168
116:0,012;372,088;936,108
117:0,012;240,231;286,148;1005,199
118:0,012;108,184;428,155;938,176
119:0,012;108,184
120:0,012;237,151
121:0,013
122:0,013;141,012;391,105;518,013
123:0,013;815,169;1086,158
124:0,013;878,089
125:0,013;80,003;168,208
126:0,013;815,169;837,251
127:0,013
128:0,013
129:0,013
130:0,013
131:0,014;118,114;1170,176
132:0,014;88,275;138,008;266,241;870,094;908,198
133:0,014;107,219
134:0,014;94,235;408,271
135:0,014;46,170;182,005;226,149
136:0,014;107,219;752,130;979,179
137:0,014;107,183;210,016;283,096
138:0,014;46,170;1009,169
139:0,014;94,235;174,134;706,089;745,170;1118,165
140:0,014;88,275;107,183;882,002;979,179;1145,156
141:0,015;279,218
142:0,015;172,152
143:0,015;241,128
144:0,015;39,226;1019,275;1051,013
145:0,015;235,199;506,275;826,218;835,244
146:0,015;275,207
147:0,015;172,152;542,204
148:0,015;236,230;925,224;1152,128
149:0,015;236,230;604,239
150:0,015;39,226;454,145
151:0,016;268,262;319,261;937,148
152:0,016;233,173;935,233;1134,142
153:0,016;283,131;824,095
154:0,016;233,173;252,111
155:0,016;257,083;641,168;776,184;840,107
156:0,016;252,111
157:0,016;44,251;1073,173
158:0,016;257,083;754,176;897,097
159:0,016;44,251;467,173;503,104;1056,172;1140,102
160:0,016;268,262;335,170;708,108;864,096;1033,219
161:0,017;204,137;644,147;936,248;1032,261
162:0,017;168,145;525,148;813,102
163:0,017;277,218;703,093;824,248
164:0,017;179,271;553,261
165:0,017;33,158;932,162
166:0,017;165,122;763,083;1023,131
167:0,017;165,122;652,194;1091,259
168:0,017;168,145;268,199;1171,271
169:0,017;204,137;688,190;739,098;973,136
170:0,017;33,158;108,017;179,271;287,130
171:0,018;557,136;917,271;1156,114
172:0,018;673,227;888,226
173:0,018;557,136
174:0,018;547,123;724,134;1138,149;1180,155
175:0,018;673,227;1011,170
176:0,018;303,275
177:0,018;539,154
178:0,018;303,275;310,018;619,076;1015,147
179:0,018;537,128;602,113;1134,129
180:0,018;539,154
181:0,019;342,264;735,253;895,236;1052,126;1069,105
182:0,019;269,153;698,144
183:0,019;364,176;741,097;968,128;1069,248
184:0,019;257,133;361,013;950,156
185:0,019;364,176;1139,132
186:0,019;286,095;882,199;972,241
187:0,019;35,014;147,172;837,219;852,205;877,264
188:0,019;278,080;761,191
189:0,019;257,133
190:0,019;342,264
191:0,020;519,161;1106,226
192:0,020;220,112
193:0,020;550,248;893,080
194:0,020;480,237
195:0,020;519,161
196:0,020;452,147;604,206;1185,134
197:0,020;220,112;961,134;1062,013;1111,142;1144,233
198:0,020;472,080
199:0,020;452,147
200:0,020;604,206;860,190
