001:0,001;99,118;194,005;483,169;1153,088;1160,087
002:0,001;476,165
003:0,001;489,131
004:0,001;418,243
005:0,001;476,165
006:0,001;434,184
007:0,001;286,008;427,001;489,131
008:0,001;99,118;595,236
009:0,001;483,169;703,008;786,194
010:0,001;418,243;865,194;869,236;957,133
011:0,002;424,216;1153,082
012:0,002;357,097;488,118
013:0,002;401,255
014:0,002;385,272;1156,080
015:0,002;554,233;1118,273
016:0,002;287,079
017:0,002;287,079;557,239;669,262
018:0,002;357,097;592,253
019:0,002;474,011;506,216;845,105
020:0,002;385,272;792,149;989,269
021:0,003;247,173;311,003
022:0,003;247,173
023:0,003;909,091
024:0,003;461,190
025:0,003;909,218
026:0,003;909,218;1028,003
027:0,003
028:0,003;1126,228
029:0,003;1041,263
030:0,003;909,091;922,079;951,216
031:0,004;44,219;573,246;831,201
032:0,004;120,139;688,128
033:0,004;105,251
034:0,004;112,090;576,201;921,229
035:0,004;105,251;251,230;730,213;893,184;894,003;961,230
036:0,004;105,253;637,078;900,239
037:0,004;120,139;982,078
038:0,004;44,219;905,272
039:0,004;105,253;543,128
040:0,004;112,090;310,181;627,018;837,274
041:0,005;901,264
042:0,005;1113,150
043:0,005;887,210
044:0,005;725,275
045:0,005;904,164
046:0,005;1022,157
047:0,005;904,164
048:0,005;901,264
049:0,005;887,210
050:0,005;725,275
051:0,006;332,227
052:0,006;332,087;1173,078
053:0,006;327,082
054:0,006;205,011;540,154;686,200;1053,192
055:0,006;332,087;608,227
056:0,006;313,096;1133,254
057:0,006;313,096;643,154;870,008;895,199;986,233
058:0,006;324,117;459,148
059:0,006;324,117;1035,003
060:0,006;332,227;347,011;744,135
061:0,007;134,271;140,148;359,138
062:0,007;134,271;338,001;620,137
063:0,007;174,005;236,197;806,187;844,092;1165,081
064:0,007;93,009;359,138
065:0,007;164,201;759,197
066:0,007;177,200;649,005;806,187
067:0,007;140,148
068:0,007;267,203
069:0,007;164,201;437,001;628,114
070:0,007;138,178
071:0,008;855,271
072:0,008;855,271;940,125
073:0,008;550,090
074:0,008;82,178;989,175
075:0,008;895,241
076:0,008;876,111;1151,271
077:0,008;895,241;1163,096
078:0,008;909,245
079:0,008;909,245;1050,137;1128,245
080:0,008;82,178;95,009;352,177
081:0,009;323,246;375,001;474,081;965,091;1161,142
082:0,009;446,260
083:0,009;464,011;472,247
084:0,009;458,188;467,175;1157,218
085:0,009;472,247;848,003
086:0,009;446,260;1148,157
087:0,009;467,175;977,197
088:0,009;477,213;1073,177
089:0,009;474,081
090:0,009;323,246;931,201
091:0,010;125,239;138,016;163,111;251,239;397,202;804,135;950,003
092:0,010;36,200;428,269;1060,094
093:0,010;125,239;1200,104
094:0,010;40,005;45,211;53,011;123,184;873,253;914,193;947,211;1058,079
095:0,010;38,142;123,184;247,118;467,251
096:0,010;35,193
097:0,010;45,211
098:0,010;36,200;90,008;163,111;873,235
099:0,010;35,193;849,111
100:0,010;38,142
101:0,011;615,094;1004,139
102:0,011;492,018;974,171
103:0,011;643,229;1114,250
104:0,011;516,262;545,185;700,174
105:0,011;538,126
106:0,011;39,202;148,002;237,265
107:0,011;39,202
108:0,011;516,262;940,103;991,177;1032,099
109:0,011;237,265;1155,219
110:0,011;538,126;720,103;845,102;977,003;1198,248
111:0,012;309,127;373,190;508,181
112:0,012;309,127;896,194
113:0,012;252,140;610,003;1126,270
114:0,012;440,222
115:0,012;311,269;516,174;714,082;991,248
116:0,012;314,111;793,203;800,230;892,087;1113,236
117:0,012;423,238
118:0,012;423,238
119:0,012;373,190;433,008;440,222
120:0,012;311,269;355,008;983,254
121:0,013;101,113;628,105;809,253;817,126
122:0,013;161,146
123:0,013;161,146;666,087;718,113
124:0,013;120,257;562,255
125:0,013;101,113
126:0,013;105,140;178,250;783,083;812,257
127:0,013;99,174;694,094;1123,257
128:0,013;120,257;1085,105
129:0,013;105,140;937,246
130:0,013;99,174;364,197;716,190;1009,199
131:0,014;30,092
132:0,014;28,134;576,097
133:0,014;102,125;541,008;950,234
134:0,014;102,125;1117,103
135:0,014;29,123;460,173;646,084;964,185
136:0,014;17,244;27,004;40,248;909,140
137:0,014;21,003;28,134
138:0,014;18,018;30,092;76,123;863,078;1015,103
139:0,014;40,248;1082,219
140:0,014;17,244;880,243;1064,114
141:0,015;139,181;239,235;849,246;1012,219;1032,123
142:0,015;318,273;1071,200
143:0,015;278,103;483,149
144:0,015;318,273
145:0,015;283,203;723,139
146:0,015;139,181;333,149;615,008;979,003
147:0,015;278,103;1092,076
148:0,015;309,145;829,117
149:0,015;338,128;600,005;738,099
150:0,015;333,149;338,128;437,009;482,008;738,099;1014,135;1042,090
151:0,016;142,230;1187,190
152:0,016;26,212
153:0,016;142,230;206,102
154:0,016;206,102;694,219;1118,134
155:0,016;183,084
156:0,016;179,211;328,018;330,192
157:0,016;189,150;802,118
158:0,016;166,011;507,083
159:0,016;26,212;507,083;764,239;802,212
160:0,016;239,199
161:0,017;109,216;245,142;1012,084
162:0,017;129,081;182,086;321,005;324,188;1015,213
163:0,017;119,006;416,003;1126,228
164:0,017;291,162;635,188
165:0,017;9,234;12,015;204,163;1001,219;1002,003
166:0,017;9,234
167:0,017;109,216;425,244
168:0,017;129,081;220,012;291,162
169:0,017;204,163
170:0,017;128,016;130,235
171:0,018;516,209
172:0,018;908,162
173:0,018;1029,140
174:0,018;516,209;1162,229
175:0,018;1060,089
176:0,018;920,181
177:0,018;515,200;1176,175
178:0,018;452,092;482,078;671,123
179:0,018;891,080;1054,187
180:0,018;989,244
181:0,019;112,147;987,169
182:0,019;128,001;528,205;570,127
183:0,019;149,093;1054,149
184:0,019;112,147;719,018;891,080
185:0,019;128,185;1054,203;1114,127;1166,188
186:0,019;71,007;149,093
187:0,019;115,086;194,005;330,192;748,203;772,173
188:0,019;128,185;343,104;528,205
189:0,019;119,078;488,018;901,106
190:0,019;343,104
191:0,020;59,250;93,009;284,076;952,253
192:0,020;55,133;1172,171
193:0,020;59,250
194:0,020;145,006;359,236;722,150
195:0,020;70,088
196:0,020;55,003;58,105;430,076
197:0,020;55,133;774,145
198:0,020;57,137;841,096;1167,003
199:0,020;57,137;117,105;905,174;928,145
200:0,020;58,105;68,009;70,088;1142,184
