001:0,001;355,165;526,181;582,200;775,096;1143,265
002:0,001;28,139;188,017;355,165;932,240;1015,269
003:0,001;315,177
004:0,001;115,119;959,221;1001,180;1099,250
005:0,001;315,177
006:0,001;349,085;360,153;558,006
007:0,001;115,119;897,096
008:0,001;468,269;1184,111
009:0,001;28,139
010:0,001;348,265
011:0,002;21,186;611,006;898,178
012:0,002;21,186;34,015;71,217;585,213;686,109;744,247;1039,221
013:0,002;275,100
014:0,002;181,093
015:0,002;170,235;580,080;639,008;887,221
016:0,002;176,182;947,089
017:0,002;170,235
018:0,002;162,175;383,085
019:0,002;176,182;426,247
020:0,002;162,175
021:0,003;191,130
022:0,003;196,148;242,109
023:0,003;242,109;262,190;947,128
024:0,003;146,214;1070,102
025:0,003;150,162;1011,128
026:0,003;104,267;142,094;158,016;191,130;958,107;1038,162;1077,202
027:0,003;142,094
028:0,003;150,162
029:0,003;104,267;414,008
030:0,003;146,214;630,183;918,196
031:0,004;186,206;426,144;465,140;643,235;897,204;1071,084
032:0,004;182,228
033:0,004;257,084
034:0,004;182,236
035:0,004;160,127;911,147;1071,127
036:0,004;182,236;186,206;695,180
037:0,004;160,127
038:0,004;209,106;630,097;750,271;989,008;1028,189
039:0,004;182,228;1009,190
040:0,004;209,106
041:0,005;156,243
042:0,005;118,196
043:0,005;183,145;427,090;592,110
044:0,005;122,200
045:0,005;51,181;122,200;290,094;549,147;1146,227
046:0,005;51,181
047:0,005;156,243;840,110;1112,214
048:0,005;182,213
049:0,005;141,017;183,145;623,181;713,209
050:0,005;118,196;512,236;776,109;818,008
051:0,006;1184,242
052:0,006
053:0,006;1098,201
054:0,006;624,275
055:0,006;1098,201
056:0,006;741,207
057:0,006;1105,243
058:0,006;1184,242
059:0,006;741,207;852,181
060:0,006;624,275
061:0,007;192,209
062:0,007;163,199
063:0,007;186,147;532,222;747,219;1033,171
064:0,007;241,220
065:0,007;163,199;241,220;983,008
066:0,007;450,171;1128,233
067:0,007;192,209;560,128;999,222
068:0,007;83,158;565,184;1019,158
069:0,007;186,147;450,171;628,206;961,090
070:0,007;83,158;1142,262
071:0,008;482,108
072:0,008
073:0,008;150,116;992,145;1118,147
074:0,008
075:0,008
076:0,008
077:0,008;150,116;364,240;380,252;1000,183;1005,220
078:0,008;482,108;1002,214
079:0,008
080:0,008
081:0,009;263,211;415,006;1161,217
082:0,009;112,102;830,262;950,101
083:0,009;263,211;750,140
084:0,009;112,102
085:0,009;271,105;667,110;699,106;747,245;808,008;992,142
086:0,009;631,271;1161,217
087:0,009;323,124
088:0,009;262,090
089:0,009;271,105;407,006;1135,136
090:0,009;323,124
091:0,010;217,180;891,265;926,178
092:0,010;217,180;619,099;1078,184;1166,159
093:0,010;218,085;565,144
094:0,010;244,091
095:0,010;204,272;314,093;844,206
096:0,010;244,091
097:0,010;131,233;1101,175;1144,165
098:0,010;218,085;242,009;302,144;1069,119
099:0,010;89,019;131,233
100:0,010;204,272
101:0,011;213,122
102:0,011;229,185;646,269;885,210;1099,254
103:0,011;213,122;492,173;989,016
104:0,011;224,186;1178,182
105:0,011;342,140;1068,156
106:0,011;278,134
107:0,011;63,099;72,001;229,185;285,109;322,096;502,101;774,158;843,106
108:0,011;385,097
109:0,011;63,099;194,132;1037,173
110:0,011;378,232
111:0,012;206,247;711,211
112:0,012;220,110;643,111
113:0,012;287,217;380,084;390,139;480,182;654,171;854,272
114:0,012;259,231;1172,165
115:0,012;220,110;259,231
116:0,012;206,247;398,016
117:0,012;238,089;649,232;768,175;1092,186
118:0,012;247,263;1120,008
119:0,012;187,010;238,089
120:0,012;247,263
121:0,013;175,250;762,199;807,165;1150,190
122:0,013;175,250;187,256
123:0,013;99,128;254,191;967,200
124:0,013;147,256;965,016
125:0,013;216,273
126:0,013;71,001;348,222
127:0,013;147,256;186,099
128:0,013;103,101;941,229
129:0,013;99,128;917,119
130:0,013;103,101;216,250
131:0,014;39,254;755,138
132:0,014;48,122;115,008;1068,258
133:0,014;39,111;425,163
134:0,014;10,141;326,080;335,152
135:0,014;44,007;48,122;147,001;425,163
136:0,014;31,167;786,182
137:0,014;39,254
138:0,014;39,111;923,134;944,236;1040,087
139:0,014;10,141;1149,110
140:0,014;31,167
141:0,015;149,080
142:0,015;153,191;325,213;464,147;875,250;1064,236
143:0,015;132,087
144:0,015;126,159;1035,167;1080,240
145:0,015;137,252
146:0,015;110,218;467,080;559,016;829,192;1043,213
147:0,015;110,218
148:0,015;132,087;426,016;829,192
149:0,015;126,159
150:0,015;110,173
151:0,016
152:0,016
153:0,016;7,240
154:0,016;7,240;147,016
155:0,016
156:0,016
157:0,016
158:0,016
159:0,016;939,187
160:0,016;939,187;1030,016
161:0,017;85,245;675,214;817,088;1154,093
162:0,017;520,107
163:0,017;85,245
164:0,017;246,215
165:0,017;318,272;619,153;1056,141
166:0,017;293,096;776,232;856,101
167:0,017;242,262
168:0,017;196,148
169:0,017;246,215
170:0,017;242,262;773,186;958,265;1130,263
171:0,018;145,088;465,185;1004,130
172:0,018;145,088
173:0,018;185,156;266,227;673,008
174:0,018;185,156
175:0,018;149,153;280,099;506,122;559,016;828,204
176:0,018;139,183;662,107;734,273;977,080
177:0,018;148,260;634,196;799,185
178:0,018;148,260
179:0,018;139,183;144,006;521,184
180:0,018;149,153
181:0,019;494,097;596,145
182:0,019;142,229;990,271
183:0,019;133,202
184:0,019;9,219
185:0,019;138,009;162,205;848,183
186:0,019;115,227
187:0,019;9,219;262,152
188:0,019;115,227;186,010;215,169
189:0,019;142,229;567,008;787,079
190:0,019;162,205
191:0,020;33,138;150,012;183,152;208,001;339,210
192:0,020;49,216
193:0,020;40,134;178,008;183,152;313,148;339,210;441,116
194:0,020;39,001;91,202;857,191;969,169;1114,180
195:0,020;91,202;121,007;170,190;616,156;868,016
196:0,020;33,132
197:0,020;33,132;93,002;101,232;602,122
198:0,020;49,216
199:0,020;33,138;713,190;1065,228
200:0,020;40,134;645,138
