001:0,001;43,210
002:0,001;50,042;371,128;859,053;971,182;992,095
003:0,001;37,106;782,181;920,041
004:0,001;42,225;180,066;231,108;551,149;877,238;905,081
005:0,001;68,169;180,066;288,041;960,211
006:0,001;143,093;859,053;1006,231
007:0,001;42,225;180,066;263,125
008:0,001;51,099;288,041
009:0,001;50,042;123,048;288,041
010:0,001;50,042;263,125;473,060;551,149
011:0,002;161,073;296,227;437,097
012:0,002;203,031;221,239;357,032;617,072;660,089;1191,091
013:0,002;117,074;178,047;666,208
014:0,002;221,239
015:0,002;312,067;357,032;387,047;780,054
016:0,002;161,073;178,047;704,076;797,117;1020,226;1181,089
017:0,002;178,047;666,208;954,198
018:0,002;57,068;124,002;161,073;178,047;864,053;941,258
019:0,002;161,073;203,031;326,175;357,032;452,093;496,141;1014,173
020:0,002;203,031;282,238;402,085
021:0,003;62,072;255,029;313,105;326,167
022:0,003;62,072;255,029;326,167;538,190;614,114
023:0,003;5,098;147,166;181,129;401,150;763,029
024:0,003;62,072;345,175
025:0,003;121,201
026:0,003;121,178;265,183
027:0,003;6,102;62,072;255,029;467,217;799,228;845,194;1091,139
028:0,003;66,202;255,029;279,221;514,099;699,091;1121,146
029:0,003;66,202;467,217
030:0,003;62,072;279,221;823,093
031:0,004;51,099;1133,131
032:0,004;52,119;267,063;532,111
033:0,004;151,110;440,057;961,189
034:0,004;108,233
035:0,004;63,236;108,233;140,058;165,242;440,057;1021,248
036:0,004;37,106;140,058;170,186
037:0,004;83,217;140,058;151,110;440,057;891,177
038:0,004;112,260;267,063;440,057;891,177
039:0,004;64,268;83,217;135,260
040:0,004;88,042;139,118;532,111
041:0,005;180,097;620,090;1101,079
042:0,005;12,265;246,030;336,173;399,036;728,230
043:0,005;146,114;640,221;933,068
044:0,005;12,265;357,032;570,123;728,170;877,144;1059,104
045:0,005;130,107;267,063;526,102
046:0,005;130,107;147,155;151,071;284,095;389,158;399,036;728,230
047:0,005;247,209;399,036;690,120;725,054;775,110;933,068
048:0,005;147,155;933,068
049:0,005;180,097;256,261;399,036;674,155;933,068
050:0,005;112,071;209,200;1035,194
051:0,006;59,049;597,219
052:0,006;36,156
053:0,006;23,258;648,168;958,227
054:0,006;35,066;59,049;648,168;1166,074
055:0,006;73,194;960,124
056:0,006;62,072;253,255
057:0,006;39,081;1066,120
058:0,006;59,049;584,117;1166,074
059:0,006;35,066;39,081;73,194;140,058;161,038;282,238;1166,074
060:0,006;36,020;59,049;334,126;390,227;1166,074
061:0,007;150,179
062:0,007;52,137;479,223;989,267
063:0,007;52,119;267,063;450,207;620,077;894,029;1180,188
064:0,007;133,235;150,179;347,059;479,223
065:0,007;133,235
066:0,007;133,255;230,051;318,160;1067,157
067:0,007;198,157
068:0,007;232,261;763,029
069:0,007;160,233;369,137;923,026;1049,239;1112,241;1167,074
070:0,007;137,188
071:0,008;22,047;24,241;32,256;692,075;733,040
072:0,008;22,047;151,101;989,228;1102,252
073:0,008;31,009;69,077;692,075;975,182
074:0,008;22,047;65,092;692,075;761,267
075:0,008;22,047;32,123;733,040
076:0,008;168,241;493,194;692,075;705,100;713,272
077:0,008;265,183;288,041
078:0,008;68,200;452,247;733,040
079:0,008;32,256
080:0,008;24,241
081:0,009;91,216;1031,238
082:0,009;94,045;209,068;420,028;542,129
083:0,009;94,045;209,068;420,028;613,240;930,101
084:0,009;91,216;246,030;369,254;1061,048;1095,122
085:0,009;94,045;182,079;209,068;428,232;733,057;778,109
086:0,009;164,210;209,068;420,028;640,193
087:0,009;94,045;191,113;203,031;297,139;312,067;369,254;420,028;486,240
088:0,009;93,180;426,275
089:0,009;94,045;176,250
090:0,009;93,180;209,068;426,275
091:0,010;180,066;197,240;335,115
092:0,010;189,272;347,059;457,079
093:0,010;197,240;541,067;789,144
094:0,010;223,158;686,054
095:0,010;214,080;273,135;400,120;454,193;686,054;1155,213
096:0,010;57,068;59,049;194,204;347,059;402,170
097:0,010;189,272;541,067;773,211;1038,100
098:0,010;149,193;541,067;852,173;889,149
099:0,010;273,135;347,059;353,245;489,128;541,067;686,054;1115,153
100:0,010;190,236;246,030;335,115;541,067;772,121;773,211;852,173
101:0,011;37,100
102:0,011;101,138
103:0,011;22,120
104:0,011;22,090;283,213;435,180;889,231;941,166
105:0,011;134,084;139,181
106:0,011;22,090
107:0,011;82,242;135,074;236,214;296,090;399,180
108:0,011;145,214
109:0,011;110,043;283,213;763,029
110:0,011;106,121
111:0,012;75,234
112:0,012;224,133;230,051;240,141;744,125;1064,134
113:0,012;207,218
114:0,012;90,150;593,234
115:0,012;139,181;185,126;230,051;304,226;555,200
116:0,012;90,150;121,268
117:0,012;82,228
118:0,012;160,178;859,053;911,226
119:0,012;121,268;230,051;257,127;364,214;878,041;970,099
120:0,012;47,069;75,234;566,218
121:0,013;47,069;122,128;180,066;237,127;402,170;452,118
122:0,013;41,247;682,028;1133,131
123:0,013;112,038;334,126
124:0,013;57,068;76,209;682,028;1087,192;1144,208;1158,138
125:0,013;35,066;61,274;682,028;1064,134
126:0,013;47,069;57,068;137,195;473,060;594,048;633,190
127:0,013;41,247;440,057;555,185
128:0,013;71,190
129:0,013;76,209;112,038;137,195;441,126;1087,192
130:0,013;24,254;47,069;65,073;130,215;682,028;1078,253
131:0,014;130,085;135,057;222,160;667,027;1151,099
132:0,014;88,067;127,137;141,187;667,027;1132,132
133:0,014;88,067;130,085;733,040
134:0,014;88,067;112,071;246,030;473,060;542,216;553,269
135:0,014;112,071;369,265;667,027
136:0,014;88,067;139,118;369,265;474,254
137:0,014;106,082;667,027;757,197
138:0,014;67,092;112,071;284,245;342,274
139:0,014;96,114;462,135;473,060;667,027;864,091
140:0,014;141,187;593,265;667,027;1178,159
141:0,015;206,251;369,088
142:0,015;183,126;185,246
143:0,015;364,220
144:0,015;364,220;1006,139;1073,068
145:0,015;112,038;185,246
146:0,015;183,126;204,163;770,141;1078,253
147:0,015;369,088
148:0,015;264,133
149:0,015;204,163
150:0,015;206,251;264,133
151:0,016;110,043;305,146;1133,118
152:0,016;102,271;110,043;334,164;763,029
153:0,016;121,166;124,205;230,140
154:0,016;66,139;117,074;127,236
155:0,016;97,144;117,074;235,105
156:0,016;117,074;230,140;334,164
157:0,016;128,269;703,146;971,122;1002,181
158:0,016;124,205
159:0,016;82,242;312,067;394,272;751,235;1021,248
160:0,016;47,227;110,043;287,077;593,221;635,232
161:0,017;92,095
162:0,017;60,132;859,053
163:0,017;96,104;544,048
164:0,017;81,171;82,204;122,109;584,117;734,130
165:0,017;52,159;135,057;279,117;533,137;544,048
166:0,017;90,084;96,104;1001,233;1078,109
167:0,017;162,034;238,269;288,201;566,268;604,186;655,151;796,183
168:0,017;47,227;365,135;544,048
169:0,017;82,204;279,117;544,048
170:0,017;81,171;90,084;135,057;231,108;350,106
171:0,018;65,073;162,034;443,055;520,237
172:0,018;87,129;845,216
173:0,018;35,066;87,129;162,034;438,210;443,055;515,267;568,109;801,219;868,106;1090,201
174:0,018;66,139
175:0,018;145,228;162,034;315,049;642,207
176:0,018;65,073;122,109;162,034;425,252;1174,085
177:0,018;64,093;238,138;443,055;520,237
178:0,018;109,207
179:0,018;46,271;425,252;1025,115
180:0,018;65,073;109,207;443,055;655,151
181:0,019;166,263
182:0,019;166,263;387,198;971,239;1001,232
183:0,019;137,188;852,077
184:0,019;112,038;302,245
185:0,019;297,097;309,130;949,138;970,104;1178,208
186:0,019;150,231;1191,252
187:0,019;175,145;515,267;917,274;1195,129
188:0,019;147,166
189:0,019;150,231;312,067;387,198;686,054;999,263
190:0,019;50,042;125,130;724,167
191:0,020;117,074;341,166;617,072;775,085;923,026
192:0,020;152,191
193:0,020;123,048;478,116;923,026;1143,212
194:0,020;123,048;478,116;923,026;1024,150
195:0,020;135,057;372,091;702,124;704,076
196:0,020;123,048;304,226;617,072;702,124
197:0,020;112,071;123,048;617,072;667,153
198:0,020;24,254;112,038;253,259
199:0,020;123,048;531,122;1112,076
200:0,020;152,191;836,121;1071,256
