001:0,001;220,026;487,052;513,033;616,039;752,073;753,057;783,074;797,150;838,026;856,056;954,044;1154,195
002:0,001;616,039;753,057;804,230;838,026;897,069
003:0,001;495,053;671,224;783,074;838,026;915,122;954,044;973,061
004:0,001;513,033;634,198;915,122
005:0,001;510,229
006:0,001;502,104;513,033;636,023;804,230;973,061
007:0,001;487,052;513,033;616,039;783,074;856,056;1120,163
008:0,001;507,223;513,033;671,224;856,056;954,044;1113,151
009:0,001;220,021;482,267;487,052;657,023;753,057;783,074;876,069;916,062;954,044;973,061
010:0,001;571,222
011:0,002;481,015;577,062
012:0,002;467,030;579,062
013:0,002;481,015;498,098;752,073;1126,016
014:0,002;475,123;481,015;508,093;577,062
015:0,002;425,042;426,032;439,201;481,015;534,255;877,181
016:0,002;481,015;508,093
017:0,002;269,031;481,015;586,181
018:0,002;463,191;577,062
019:0,002;481,015;537,215;577,062;870,037;918,182;1144,134;1165,256
020:0,002;498,098;577,062;1000,072
021:0,003;261,171;316,012;339,059;407,215;602,055;643,203;652,271;727,075;747,061;965,058;981,126;1195,025
022:0,003;231,127;261,171;281,045;316,012;330,196;602,055;823,047;1021,220;1056,093
023:0,003;262,054;316,012;330,196;602,055;686,104;784,039;965,058;973,061
024:0,003;239,184;262,054;316,012;339,059
025:0,003;301,182;316,012;323,174;747,061;929,163;965,058;1000,072
026:0,003;316,012;345,188;545,059
027:0,003;36,025;66,200;339,059;399,117;418,221;441,252;686,104;823,047;910,070;961,047;1173,143
028:0,003;155,162;316,012;345,188;747,061;784,039;823,047;981,126
029:0,003;247,114;262,054;281,045;301,182;316,012;333,048;445,189
030:0,003;276,110;281,045;441,252;586,181;784,039;823,047;991,178
031:0,004;36,025;77,096;196,051;267,126;337,180;360,062;418,207;608,030;845,046;856,054;974,180
032:0,004;36,025;88,033;360,062;570,212;845,046
033:0,004;36,025;88,033;418,207;424,059
034:0,004;42,243;88,033;347,043;360,062;452,094;593,057;669,061;845,046
035:0,004;42,243;409,171;424,059;452,094;778,226
036:0,004;36,025;135,154;196,051;409,001;617,158;643,031;710,052;795,134;845,046;965,058;990,032;1012,078
037:0,004;65,213;129,140;196,051;201,072;267,126;424,059;526,128;763,232;801,189;866,269;943,206
038:0,004;36,025;77,096;88,033;220,026;262,054;337,180;424,059;608,030;609,185;617,158;622,235;676,002;763,232
039:0,004;36,025;94,161;262,211;373,073;409,171;424,059
040:0,004;36,025;129,140;196,051;262,211;360,062;526,128;623,051;628,078
041:0,005;537,221;595,038;626,018;769,053;874,091
042:0,005;526,227;595,038;608,030;771,105;838,026;875,171;895,142;976,038;990,207
043:0,005;378,074;489,093;495,053;514,083;595,038;626,018;772,084;831,011;888,047;977,057
044:0,005;550,169;626,018;764,033;792,274;822,057
045:0,005;564,064;580,204;601,063;626,018;769,053;783,074;1000,072
046:0,005;595,038;647,242;822,057;990,207
047:0,005;581,175;596,211;626,018;769,053;772,084;822,057
048:0,005;438,008;521,185
049:0,005;514,083;526,227;535,185;593,057;974,103;1000,072
050:0,005;596,211;626,018;771,105;822,057;958,133
051:0,006;132,106;373,073;425,056;510,229;720,043
052:0,006;395,256
053:0,006;363,197;432,106;446,065;493,067;615,221
054:0,006;303,166;372,070;430,159;521,071;720,043;1166,085
055:0,006;408,176;580,027;588,142
056:0,006;372,070;408,176;425,056;521,071;766,064;868,255
057:0,006;393,150;425,042;432,106;463,191;521,071;720,043;1177,198
058:0,006;372,070;526,169;560,121
059:0,006;425,042;560,121;710,094;720,043;1137,058;1189,152;1193,091
060:0,006;363,269;953,073;1141,259
061:0,007;347,043;557,029;976,038;984,065
062:0,007;389,097;557,029;856,054;907,060;1042,147
063:0,007;369,170;907,060
064:0,007;371,208;625,138;976,038;1010,171;1073,242
065:0,007;332,048;408,272;673,029;978,228
066:0,007;280,039;332,048;403,051;408,272;489,199;938,048;1024,106
067:0,007;364,216;389,097;445,067;625,138;767,055;907,060
068:0,007;270,149;332,048;344,144;347,043;441,247;557,029;948,045;970,104;976,038;1004,226
069:0,007;332,048;347,043;489,199;651,261;671,098;856,054;907,060
070:0,007;104,042;132,106;133,007;344,144;557,029;970,104
071:0,008;195,247
072:0,008;176,133;201,072;231,127;1137,058
073:0,008;172,195;279,064;858,196
074:0,008;167,116;220,033;269,051;279,064;935,205
075:0,008;162,262;163,136;914,185;1137,058
076:0,008;171,228;201,072;220,033;425,056;521,077;669,061;738,233;804,069
077:0,008;171,228;201,072;242,143;279,064;669,061;729,211;769,053;784,039;804,069
078:0,008;220,033;372,103;804,069
079:0,008;162,262;669,061;738,233;910,070;1137,058
080:0,008;163,136;279,064;804,069
081:0,009;131,052;162,075;264,163;369,225;488,063;643,031;733,100
082:0,009;131,052;279,125;505,030;553,048;636,023;676,066
083:0,009;157,047;162,075;264,163;455,040;580,204;676,066
084:0,009;5,265;126,068;181,089
085:0,009;131,052;162,075;455,040;553,048;696,124;1129,059
086:0,009;5,265;126,068;157,047;216,198;400,136;553,048;652,246;907,060
087:0,009;126,068;131,052;216,198;643,031;676,066
088:0,009;157,047;181,089;258,087;628,078;643,031;696,124
089:0,009;172,086;455,040;666,031;855,263;1140,214
090:0,009;126,068;157,047;198,274;534,255;553,048;676,066
091:0,010;64,060;112,208;151,154;487,052;501,200;580,027;593,060;729,211;754,078;782,151;783,075
092:0,010;86,061;127,240;157,047;182,066;413,036;465,072;496,275;568,209;613,071;764,033;803,170
093:0,010;124,027;182,066;220,033;323,174;413,036;541,076;726,026;769,053;783,075
094:0,010;68,081;86,061;127,273;182,066;425,056;580,027;593,057;726,026;834,185;866,094
095:0,010;64,060;112,208;182,066;462,261;496,275;593,057;747,089;783,075
096:0,010;86,061;124,027;146,223;352,013;484,261;726,026;782,151
097:0,010;85,254;198,022;384,209;626,018;726,026;764,033;1082,178
098:0,010;86,061;146,223;182,066;372,070;465,072;501,069;526,197;678,077
099:0,010;36,274;64,060;124,027;182,066;279,064;413,036;487,107;783,075
100:0,010;36,274;64,060;182,066;465,072;538,134;593,060;656,057
101:0,011;220,271;984,065;1195,025
102:0,011;173,185;197,041;198,022;403,238;580,271;619,072;748,255;806,175;984,065
103:0,011;176,042;198,022;360,108;719,051;984,065;990,032
104:0,011;139,266;176,059;206,268;558,203;948,045;958,133;965,121;1143,118;1154,195
105:0,011;176,059;198,022;336,274;373,073;445,067;619,072;719,051;856,056;967,216;990,032
106:0,011;176,059;198,022;325,137;719,051;951,191;1158,147
107:0,011;155,162;176,059;245,203;619,072;719,051;720,262;951,191;984,065;990,032
108:0,011;104,042;139,266;176,042;197,041;198,022;322,203;521,071;719,051;948,045;984,065
109:0,011;184,238;197,041;198,022;361,150;445,067;767,055;948,045;1016,110
110:0,011;65,213;176,059;198,022;369,225;403,238;593,060;619,072;719,051;913,136;948,045;989,230
111:0,012;220,026;303,166;352,013;474,237;729,251
112:0,012;231,239;280,039;388,251;494,052;786,257;947,063
113:0,012;256,032;534,236;910,070;1131,150
114:0,012;220,026;242,068;259,053;352,013;534,236;947,063
115:0,012;256,032;352,013;411,208;552,256;898,097
116:0,012;118,192;280,039;403,073;729,251;910,070;1126,016;1182,241
117:0,012;256,032;494,130
118:0,012;198,274;220,026;266,235;280,039;352,013;397,242;497,053;630,095;910,070
119:0,012;118,192;185,012;226,110;231,239;352,013;397,242
120:0,012;280,039;352,013;388,251;494,130;947,063
121:0,013;210,188;283,194;335,058;403,011;699,139
122:0,013;207,227;335,058;403,011;636,023;727,075;760,026;838,177;1156,069;1170,027
123:0,013;283,194;335,058;403,011;491,032;636,023;770,094
124:0,013;207,227;397,063;403,011;636,023;738,041;977,167;1170,027
125:0,013;210,188;259,053;384,234;397,063;438,143;727,075;1105,210
126:0,013;197,041;259,053;289,272;335,058;397,063;403,011;699,139;1170,027
127:0,013;165,152;373,073;413,036;478,193;483,143;655,145;1170,027
128:0,013;258,246;373,073;403,011;747,247
129:0,013;124,027;165,152;357,028;373,073;384,234;403,011;636,023;727,075;1170,027
130:0,013;226,039;258,246;403,011;636,023;936,134
131:0,014;677,028;722,152;925,072;970,060;1011,244;1017,036;1126,016;1136,034;1146,045;1195,025
132:0,014;593,060;778,173;1195,025
133:0,014;613,193;676,002;789,147;1126,016;1159,056;1195,025
134:0,014;638,251;676,002;764,033;789,147;938,048;953,073;1126,016;1136,034;1146,045;1195,025
135:0,014;438,008;471,102;481,015;617,058;705,096;726,117;938,048;997,223;1005,029;1017,036;1126,016;1146,045
136:0,014;595,038;622,235;676,002;694,222;717,027;722,152;925,072;953,073;1017,036;1146,045
137:0,014;617,058;676,002;692,226;717,027;739,253;925,072;974,152;1126,016;1195,025
138:0,014;617,058;676,002;677,028;726,117;822,100;925,072;938,048;1017,036;1136,034;1195,025
139:0,014;617,058;677,028;692,226;953,073;1017,036;1126,016;1136,034
140:0,014;397,063;483,149;676,002;705,147;717,027;739,253;925,072;953,073;1021,220
141:0,015;225,231;226,039;242,068;295,103;435,037;462,182;1159,056
142:0,015;104,042;138,094;269,051;418,221;435,037;438,008;474,219
143:0,015;231,263;269,051;435,037;442,171
144:0,015;220,201;226,039;255,253;269,051;438,008;474,051;571,222;624,165;853,173;1151,147;1153,165
145:0,015;302,205;347,043;435,037;442,171;470,050;507,113;798,046;836,149
146:0,015;210,125;225,231;226,039;266,261;438,008;462,182;474,051;591,175;857,198
147:0,015;242,068;398,122;438,008;470,050;474,051;739,263;1168,039
148:0,015;242,068;266,261;435,037;438,008;463,030;470,050;507,113
149:0,015;126,068;210,125;438,008;507,014;624,165
150:0,015;231,263;425,042;438,008;470,050;503,176
151:0,016;131,052;304,039;427,028;625,065;631,052;738,041;943,064;1069,118;1159,056
152:0,016;131,057;244,236;252,061;288,054;289,199;478,152;602,055;625,065;672,253;738,041;870,037;943,064;1003,203
153:0,016;131,057;255,116;339,059;378,074;526,088;831,011;913,037;972,113;998,032
154:0,016;131,057;247,201;288,054;344,263;831,011;870,106;1159,056
155:0,016;155,267;305,026;465,072;478,152;507,223;526,088;577,103;653,125;1005,029
156:0,016;138,253;252,061;288,054;305,026;403,011;631,052;738,041;831,011;870,037;943,064;1005,029
157:0,016;288,054;378,074;471,145;625,065;688,173;831,011;943,064;1160,133;1164,075;1187,101
158:0,016;131,057;302,142;378,074;488,125;1005,029;1159,056
159:0,016;131,052;247,201;252,061;305,026;471,145;625,065;658,177;738,041;870,037;1005,029
160:0,016;244,236;252,061;295,262;305,026;474,051;631,052;831,011;870,037;989,082;1069,118;1110,152
161:0,017;82,028;231,186;281,045;319,206;704,064;775,068;864,250;910,070;943,064;1062,079
162:0,017;142,055;300,071;508,231;775,068;854,157;972,160;984,053;1065,076;1168,039
163:0,017;82,028;144,270;446,065;463,030;491,032;658,177;874,099;1146,058
164:0,017;142,055;300,071;455,040;775,068;864,250;1062,079
165:0,017;82,028;114,242;231,186;300,071;468,148;1168,039
166:0,017;107,247;260,274;300,071;446,065;463,030;874,099
167:0,017;82,224;142,055;327,051;334,249;446,065;463,030;577,062;763,132;775,068;938,255;997,256;1091,130;1167,060
168:0,017;113,115;142,055;321,265;446,065;664,203;677,028;719,107
169:0,017;127,165;142,055;300,071;463,030;972,160;984,053;1055,085
170:0,017;82,224;172,195;319,206;1168,039
171:0,018;428,056;436,069;747,061;798,046;1109,188
172:0,018;176,133;752,073;789,218;798,046
173:0,018;259,053;402,249;521,077;752,073;949,109
174:0,018;242,056;259,053;352,013;488,197;752,073;935,205
175:0,018;258,087;396,271;436,069;626,018;799,168
176:0,018;282,022;300,268;640,120;752,073
177:0,018;259,053;367,140;436,069;632,142;676,002;694,223;947,063
178:0,018;226,110;436,069;616,039;752,073;798,046;799,168;1142,188
179:0,018;270,127;962,259;1049,177
180:0,018;254,037;283,032;436,069;640,120;798,046
181:0,019;269,031;495,053;655,145;842,065;881,238;902,246;923,026
182:0,019;245,218;269,031;489,182;491,032;699,241;842,065;891,116
183:0,019;242,056;269,031;497,064;842,065;887,097;923,026
184:0,019;162,075;242,056;325,028;491,032;631,052;682,071;881,238;923,026
185:0,019;88,033;98,237;618,219;717,027;797,150;923,026;984,053;1089,136
186:0,019;242,056;325,028;623,051;719,199;723,206;923,026;1089,136;1200,180
187:0,019;245,218;831,011;910,029;923,026
188:0,019;246,037;325,028;580,027;623,051;675,114;842,065;929,230;1053,142;1077,107
189:0,019;246,037;382,193;495,053;623,051;644,167;699,241
190:0,019;246,037;325,028;608,163;675,114
191:0,020;89,110;220,021;488,063;608,030;739,065;767,055;1018,214
192:0,020;121,205;795,042
193:0,020;104,042;180,233;220,021;474,141;636,023;846,096
194:0,020;121,205;220,021;510,148;1040,077;1127,042
195:0,020;104,042;109,166;220,021;589,249;856,054;1110,191
196:0,020;124,231;220,021;445,067;636,039;739,065;767,055;962,259
197:0,020;109,166;236,021;488,063;676,161;739,065;753,057;783,055;831,011;871,176
198:0,020;107,085;220,021;488,063;639,018;786,237;795,042
199:0,020;186,214;220,021;474,141;739,065;777,103;795,042
200:0,020;105,124;220,021;246,037;256,032;643,266;795,042
