001:0,001;93,195;235,064;236,033;551,188;971,147;1104,043;1152,209
002:0,001;236,033;414,011;595,232;775,248;1124,181
003:0,001;160,038;211,204;236,033;753,238
004:0,001;123,034;323,238
005:0,001;71,250;605,057;837,264
006:0,001;110,252;211,204;236,033;414,011;647,155
007:0,001;105,106;165,149;414,011;650,079
008:0,001;93,195;414,011;565,170;605,057;942,108;1158,087
009:0,001;145,123;152,252;255,063;348,005;414,011;551,188;605,057;775,248;886,213;1030,084
010:0,001;110,252;111,021;198,095;236,033;414,011;592,160;605,057;766,073;803,217;1065,034
011:0,002;204,164;243,039;360,127;469,010;641,034;793,192
012:0,002;156,258;433,230;469,010;568,118
013:0,002;47,016;77,121;243,039;389,268;402,180;469,010;544,175;562,070;639,038
014:0,002;185,157;199,009;235,064;281,246;425,205;439,089
015:0,002;207,229;235,064;243,039;469,010;559,107;639,038
016:0,002;203,073;329,089;469,010;502,074
017:0,002;172,187;469,010;559,107
018:0,002;282,256;469,010;515,101;568,118;639,038
019:0,002;77,034;120,246;248,267
020:0,002;172,187;235,064;248,267;469,010;597,171;635,026;639,038
021:0,003;348,005;478,187;502,074
022:0,003;311,036;325,242;348,005;512,084;728,033
023:0,003;324,101;348,005;502,074;742,033
024:0,003;348,005;655,193
025:0,003;324,101;348,005;437,191;728,033
026:0,003;325,242;728,033
027:0,003;348,005;512,084;655,193;691,213
028:0,003;348,005;502,074
029:0,003;92,062;125,093
030:0,003;125,093;728,033;732,170;1007,033
031:0,004;92,062;360,213;717,084;973,135
032:0,004;47,226;92,062;239,070;708,110
033:0,004;92,062;260,122
034:0,004;101,088;239,070;811,245;1145,108
035:0,004;112,206;241,266;647,090;848,077
036:0,004;101,088
037:0,004;101,217;239,070;241,266;927,174
038:0,004;102,061;239,070;761,097
039:0,004;185,272
040:0,004;47,226;92,062;239,070;423,178
041:0,005;57,075;77,034;378,149;663,202
042:0,005;19,183;77,034;79,069;249,097;358,043;423,178;727,117;763,075;767,008
043:0,005;74,052;79,069;102,061;134,179;286,045;360,127;526,030;767,008
044:0,005;102,061;526,030;767,008
045:0,005;74,052;79,069;286,045;398,168
046:0,005;42,124;57,075;79,069;102,061;354,194;526,030;906,203
047:0,005;66,101;77,034;286,045;389,123;767,008
048:0,005;79,069;190,240;767,008
049:0,005;77,034;388,048;621,044;669,198;767,008
050:0,005;57,075;74,052;77,034;190,240;526,030;767,008
051:0,006;143,144;375,061;674,246;1162,030
052:0,006;127,154;141,038;255,264;375,061;611,162
053:0,006;141,038;231,124
054:0,006;127,154;446,186
055:0,006;132,246;405,122;414,011;610,269
056:0,006;137,202;296,158;341,069;446,186;478,120
057:0,006;142,111;375,061;622,081;775,170;853,117
058:0,006;137,202;375,061;611,162;731,043
059:0,006;141,038;247,227;375,061;616,133;618,250;700,114
060:0,006;84,147;731,043
061:0,007;156,127;255,063;327,171;346,012;595,232;602,203;1043,154
062:0,007;111,021;200,236;331,057;334,071;346,012;551,141
063:0,007;94,274;111,021;160,070;200,236;346,012;517,195;554,034
064:0,007;111,021;160,070;178,098;298,034;331,057;346,012;659,265;669,198
065:0,007;111,021;177,194;309,044;346,012;697,240
066:0,007;111,021;160,070;255,063;346,012;554,034
067:0,007;160,070;255,063;346,012;515,101;554,034
068:0,007;111,021;327,171;346,012;495,203;732,170;761,034
069:0,007;259,237;554,034
070:0,007;94,274;111,021;141,038;178,098
071:0,008;275,119;582,026;833,115;1127,208
072:0,008;257,141;582,181;799,087;1007,137
073:0,008;333,152;582,026;930,206;1114,047
074:0,008;74,196;191,107;327,077;437,187;582,026;805,148;945,008
075:0,008;251,071;327,077;671,026;702,060;863,208
076:0,008;251,071;265,112;275,119;582,026;820,209
077:0,008;247,103;506,196;586,148
078:0,008;235,064;269,150;1166,235
079:0,008;251,071;269,150
080:0,008;42,124;251,071;363,137;930,206
081:0,009;341,069;460,232;578,032;848,077;1006,008
082:0,009;438,146;636,061
083:0,009;7,182;710,112
084:0,009;334,071;341,069;495,087
085:0,009;50,227;486,040;573,132;578,032;710,112;931,090;1125,091;1198,062
086:0,009;334,071;446,218;532,085;578,032;822,175
087:0,009;578,032;731,043
088:0,009;334,071;433,230;578,032;885,232
089:0,009;334,071;341,069;438,146;486,040;532,085;1024,265
090:0,009;316,243;612,104;1198,062
091:0,010;391,067;648,167
092:0,010;74,196;786,265;1035,135;1154,130
093:0,010;391,067;641,037;800,226;859,130
094:0,010;334,272;391,067;422,064;547,123;641,037;781,197;1093,161;1197,065
095:0,010;391,067;766,147;866,100
096:0,010;380,054;699,173;729,055;793,100
097:0,010;385,220;391,067;422,064;575,135;641,037;693,152;766,147;1197,065
098:0,010;391,067;641,037;729,055;885,084
099:0,010;257,141;290,010;630,109;729,055;803,217;1197,065
100:0,010;391,067;422,064;568,199;612,263;648,167;729,055;786,265;941,197
101:0,011;9,151;311,027;386,223
102:0,011;156,127;311,027;372,094;417,052;1083,106
103:0,011;250,215;358,043;372,094;460,232;590,052;632,053;811,117;876,099;1083,106
104:0,011;212,214;311,027;331,057;339,070;632,053;775,126
105:0,011;7,182;207,241;632,053;876,099
106:0,011;209,180;358,043;435,208;885,081;915,139;1197,065
107:0,011;274,268;358,043;417,052;783,161
108:0,011;170,260;417,052;751,154;783,161;1032,089;1111,099
109:0,011;177,107;322,145
110:0,011;207,241;386,054;417,052;605,241;632,053;751,154
111:0,012;220,121;1169,194
112:0,012;118,250
113:0,012;209,239;303,210;366,032;440,190
114:0,012;209,239;654,210;802,121
115:0,012;275,105
116:0,012;303,210
117:0,012;354,194;366,032;426,202;1093,142
118:0,012;15,158;366,032;422,064;454,242;1057,047;1149,148
119:0,012;203,073;351,139;1068,115
120:0,012;280,228;366,032;440,190;543,268;1052,250
121:0,013;218,117;565,170;570,249
122:0,013;70,145;143,013;229,142;362,148;565,039;728,111
123:0,013;219,140;311,027;347,207;820,116;878,207;1178,206
124:0,013;246,251;464,103
125:0,013;126,131;151,270;871,074
126:0,013;288,134;1001,208;1089,093
127:0,013;151,270;246,251;486,040;565,039;745,068;896,227
128:0,013;362,148;745,068;794,174;1186,104
129:0,013;216,180;565,039;745,068;901,188
130:0,013;256,120;553,261;662,074;896,227
131:0,014;102,061;334,197;380,054;653,194;676,069;796,166
132:0,014;19,183;84,014;151,157
133:0,014;165,149;311,036;365,175;947,239;994,157
134:0,014;145,253;311,036;479,149
135:0,014;151,157;162,092;380,054;881,137;1057,047
136:0,014;177,249;676,069;715,166;1057,047
137:0,014;79,069;160,070;249,097;1010,116;1057,047
138:0,014;162,092
139:0,014;156,258;311,036;425,205;676,069;708,186;753,239;1125,217
140:0,014;177,249;336,008;380,054;653,274;1057,047
141:0,015;236,271;455,124;592,239;765,075
142:0,015;216,165;306,214;730,075;1162,119
143:0,015;40,155;702,127;769,213;881,223
144:0,015;216,165;474,044;702,060;730,075;1098,233
145:0,015;213,050;524,243;1162,119
146:0,015;71,251;213,050;474,044;730,075
147:0,015;219,140;236,271
148:0,015;218,117;243,039;357,231;474,044;702,060;781,159
149:0,015;213,050;474,044;730,075
150:0,015;213,050;446,218;676,069;702,060;730,075;781,159;922,075
151:0,016;87,090
152:0,016;92,191;653,194
153:0,016;80,130;870,134
154:0,016;98,257;636,061
155:0,016;98,257
156:0,016;86,263
157:0,016;87,090;616,133;1118,203
158:0,016;74,052;154,061;336,008;352,144;636,061
159:0,016;137,208;636,061
160:0,016;57,075;86,263;346,117;823,216;893,160;1016,133
161:0,017;51,261;63,051;125,048;181,134;537,029;811,207
162:0,017;89,176;188,048;537,029;1102,116
163:0,017;46,159;63,051;125,048;458,261
164:0,017;52,235
165:0,017;87,135;979,270
166:0,017;50,227;125,048;286,045;387,153;457,087;537,029;820,209;832,110;1162,030
167:0,017;63,051;125,048;473,121;480,060;603,262;745,068;786,029;1130,128
168:0,017;70,145;458,261;480,060;572,078
169:0,017;75,004;125,048;457,087;480,060;537,029;1093,120;1165,249
170:0,017;46,159;63,051;125,048;362,214;480,060;555,153;801,029;1162,030
171:0,018;145,123;523,267;715,141;978,085
172:0,018;145,253
173:0,018;147,130;196,116;730,075;738,083;767,008
174:0,018;152,091
175:0,018;138,189
176:0,018;30,181;1185,115
177:0,018;196,116;1198,062
178:0,018;30,181;486,040;521,245
179:0,018;138,189;748,034;808,266
180:0,018;152,091;169,010;173,268
181:0,019;331,057;336,008;479,067;497,129
182:0,019;337,030;472,260;592,160
183:0,019;337,030;543,254;731,043
184:0,019;336,008;337,030;414,011;564,183
185:0,019;336,008;400,185
186:0,019;176,272;203,073;312,054;336,008;410,209;472,260
187:0,019;336,008;337,030;422,064;449,104;581,129
188:0,019;382,114;417,063;673,127
189:0,019;336,008;337,030;440,275;449,104;770,185;1198,062
190:0,019;203,073;329,089;336,008;382,114;718,257;824,270;1121,239
191:0,020;298,034;312,054;353,156
192:0,020;204,164;230,134;269,166;309,044;417,063;456,142
193:0,020;298,034;309,044;475,126;800,226
194:0,020;298,034;300,126;309,044;417,063;758,081
195:0,020;195,264;312,054;381,249;417,063;641,037;753,183;766,073;1170,215
196:0,020;386,223;766,073;1176,108
197:0,020;300,126;565,039;823,216
198:0,020;269,166;312,054;353,156;417,063;568,199;766,073;1162,030
199:0,020;282,256;309,044;456,142;986,159
200:0,020;302,121;417,063;678,089;766,073;1170,215
