001:0,001;30,105;229,060;265,089;862,072;954,142;1030,203
002:0,001;39,190;44,237;260,037;467,158;929,068
003:0,001;49,088;1115,122
004:0,001;32,088;260,037;464,146;835,064;862,072;1030,203
005:0,001;40,251;810,182;899,090;929,068
006:0,001;229,060;405,098;647,090;862,072;946,206;1057,047
007:0,001;7,089;119,090
008:0,001;260,037;683,142;780,086;929,068
009:0,001;39,272;229,060;309,233;929,068
010:0,001;30,105;260,037;405,098;862,072;929,068;940,108
011:0,002;118,094
012:0,002;227,220;874,228;1128,114
013:0,002;30,170;279,078;619,219;826,075;1120,120
014:0,002;125,259;183,185;371,131;726,135;773,063;1096,198
015:0,002;96,010;193,216;385,069;819,107;1059,089
016:0,002;182,231
017:0,002;30,168;125,259
018:0,002;200,167;385,069;826,075
019:0,002;97,246;385,069;826,075;1179,249
020:0,002;116,147
021:0,003;261,241;427,039;599,210;680,237;784,263;1134,138
022:0,003;23,193;146,049;427,039;461,237;1165,124
023:0,003;40,175;42,253;63,210;146,049;427,039;575,078
024:0,003;40,175;96,107;146,049;483,081
025:0,003;63,210;146,049;649,103;905,071;937,270
026:0,003;45,101;427,039;644,159;905,071;912,250;984,223
027:0,003;46,157;146,049;223,253;644,159
028:0,003;96,107;905,071;1024,184
029:0,003;42,253;616,153;835,092;902,089;1106,232
030:0,003;45,101;521,204;746,078;905,071;945,222
031:0,004;9,190;46,069;305,147;923,208;1127,064
032:0,004;21,144;318,029;327,225;1127,064;1192,109
033:0,004;9,139;46,069;286,095;735,226;764,098;940,108;1106,194
034:0,004;5,252;1127,064
035:0,004;64,092;1127,064
036:0,004;44,156;246,076;908,174
037:0,004;5,252;21,144;451,135
038:0,004;15,152;46,069;338,136;382,118;443,148
039:0,004;46,069;318,029;461,271;755,225
040:0,004;46,069;64,092;318,029;424,111;1049,107
041:0,005;88,154
042:0,005;167,209
043:0,005;43,264
044:0,005;163,219;666,138
045:0,005;69,245;105,255
046:0,005;5,184;1009,186
047:0,005;105,255;464,216
048:0,005;83,165;167,209;902,136;928,230
049:0,005;43,264;1178,119
050:0,005;123,253;209,216
051:0,006;68,094;156,194;571,246;1150,152
052:0,006;80,029;157,223;989,147;1077,257;1123,146
053:0,006;80,029;204,146
054:0,006;13,222;826,075;992,143
055:0,006;63,228;564,236;643,226;660,258
056:0,006;80,029;444,228
057:0,006;119,090;198,204;318,029;372,152
058:0,006;44,156;80,029;157,223;674,123;711,081
059:0,006;13,222;958,204
060:0,006;156,194
061:0,007;95,051;428,245;648,033
062:0,007;29,163;95,051;317,090;439,069;462,101
063:0,007;18,065;42,263
064:0,007;29,273;1120,120
065:0,007;46,225;95,051;395,236;1023,250
066:0,007;71,249;431,204;513,089;1033,233
067:0,007;19,114;95,051;406,027;936,100
068:0,007;8,085;29,273;148,051;210,121;648,033;1065,065
069:0,007;100,126;304,240;311,075;322,116;648,033;1196,208
070:0,007;19,114
071:0,008;31,221;687,043;742,065;808,174
072:0,008;31,221;232,272;383,221;736,228;742,065
073:0,008;8,270;160,075;819,186;855,103
074:0,008;29,163;30,162;421,076;576,232;687,043;936,100
075:0,008;97,258;677,270;742,065
076:0,008;33,154;160,075;742,065;840,261
077:0,008;30,162;160,075;1162,142
078:0,008;8,270;612,135;687,043;806,176
079:0,008;39,272;687,043;842,238
080:0,008;91,151;160,075;844,162
081:0,009;175,142;282,059;773,063
082:0,009;145,112
083:0,009;88,157;175,142
084:0,009;190,227;496,173;773,063;1148,103
085:0,009;116,147;161,027;282,059;760,265
086:0,009;55,081;282,059;496,173
087:0,009;160,076;282,059;899,257
088:0,009;189,178;282,059;337,181
089:0,009;130,183;145,112;282,059;802,104;853,110
090:0,009;119,156;337,181;773,063
091:0,010;73,219;169,107;196,053;293,025;336,193;406,027;601,128
092:0,010;269,071;419,220;466,136
093:0,010;196,053;293,025;451,135;466,208;477,027;1190,115
094:0,010;293,025;406,027;971,113
095:0,010;183,074;196,053;285,187;293,025;360,128
096:0,010;293,025;406,027;1078,271
097:0,010;44,266;293,025;336,081;346,144;350,175
098:0,010;196,053;221,085;293,025;336,123
099:0,010;124,143;293,025;454,274
100:0,010;221,085;648,033
101:0,011;23,099;793,169;875,236;1031,126
102:0,011;23,099;254,054;1062,136;1193,250
103:0,011;35,230;1077,035
104:0,011;109,160;254,054;667,077;686,040;712,275
105:0,011;37,120;109,160;137,086;565,251
106:0,011;35,230;254,054;1002,063;1082,235
107:0,011;52,169;728,271
108:0,011;137,086;227,220;254,054;1031,126;1173,258
109:0,011;61,224;467,227;493,054;1077,035
110:0,011;44,266;61,224;712,275;903,064;1077,035
111:0,012;93,248;561,121
112:0,012;183,074;730,273;773,063;883,137
113:0,012;100,138;183,074;716,154;897,076
114:0,012;87,159;100,138;696,221;883,137;1077,035
115:0,012;183,074;810,262
116:0,012;12,258;93,248
117:0,012;12,258;363,162;954,209;1007,275
118:0,012;59,262;87,159;183,074;716,199
119:0,012;169,149
120:0,012;106,265
121:0,013;32,247;91,151;251,211
122:0,013;86,119;113,140;189,068;251,218;357,271;381,182;758,233
123:0,013;251,211
124:0,013;251,218
125:0,013;113,140;141,271;378,049;457,179
126:0,013;112,148;120,095
127:0,013;189,068;507,079
128:0,013;120,095;189,068;457,179;1152,237
129:0,013;129,047;189,068;507,079
130:0,013;381,182
131:0,014;69,084;253,071;357,057;587,178;1067,042
132:0,014;336,270;357,057;555,065;722,104;746,091;1067,042
133:0,014;182,100;357,057;722,104;1067,042
134:0,014;229,060;253,071;300,226;357,057;667,077
135:0,014;186,173;300,226;1067,042
136:0,014;219,238;357,057;587,178;1140,051
137:0,014;182,100;186,173;229,124;357,057;683,093;708,258;1140,051
138:0,014;229,124;253,071;290,175;751,111
139:0,014;15,152;42,014;197,261;357,057;746,091;977,181
140:0,014;193,100;219,238;1134,204;1140,051
141:0,015;244,227;345,029;814,034;1078,104
142:0,015;104,053;133,148;166,030;568,114;814,034;1074,176
143:0,015;162,159;166,030;533,093
144:0,015;97,246;690,099;917,065;1078,104;1124,178
145:0,015;214,206;1057,047;1167,155
146:0,015;104,053;166,030;555,065
147:0,015;104,053;141,077;166,030;534,199;772,097;814,034;1057,047
148:0,015;141,077;214,206;555,065;616,153;739,215;948,184;1030,248;1186,218
149:0,015;29,188;133,148;555,065;814,034;1155,101
150:0,015;29,188;555,065;1057,047;1190,221
151:0,016;9,139;104,053;125,241;173,244;1074,062
152:0,016;219,126;338,136;593,273;698,119;1074,062;1141,135
153:0,016;129,047;183,185;1074,062;1140,051
154:0,016;151,250;1070,143
155:0,016;143,113;427,039;537,086
156:0,016;148,215;411,124;1183,178
157:0,016;173,244;784,153
158:0,016;127,232;129,047;143,113;1193,097
159:0,016;129,047;189,068;443,185;1074,062
160:0,016;127,232
161:0,017;37,120;261,241;351,215
162:0,017;30,170;819,186;1065,247
163:0,017;140,165;161,027;288,172
164:0,017;75,067;288,172
165:0,017;75,067;161,027;308,219;379,259;398,040;411,124;511,158;595,220;892,144
166:0,017;69,253;75,067;233,122;253,071;398,040;409,119
167:0,017;74,148;75,067;172,273;398,040;892,144
168:0,017;201,107;398,040;872,254
169:0,017;161,027;398,040;932,214
170:0,017;83,121;233,122
171:0,018;79,077;95,110
172:0,018;5,184;18,065;22,082
173:0,018;60,214;870,183
174:0,018;5,122;71,249;1184,186
175:0,018;18,065;60,214;100,040;581,168;1026,088
176:0,018;68,015;95,110;100,040;469,262;512,040;843,118
177:0,018;23,202;126,118
178:0,018;41,237;100,040;385,069;870,183;917,082
179:0,018;25,178;581,168
180:0,018;18,065;126,118;318,029;321,131;942,092;1080,255
181:0,019;40,078;479,069;532,263;587,270;938,175
182:0,019;13,121;75,067;144,097
183:0,019;16,235;1007,254;1109,231
184:0,019;31,213
185:0,019;59,262;984,183
186:0,019;16,235
187:0,019;13,121;40,078;159,247;510,226;613,233;686,169
188:0,019;14,195;31,213;913,158
189:0,019;58,240;156,067;159,247;1173,093
190:0,019;14,195;58,240
191:0,020;82,233;485,097;518,249;706,064;1125,131
192:0,020;37,208
193:0,020;143,176;714,238;792,223;914,182
194:0,020;144,081;706,064
195:0,020;71,269
196:0,020;81,145;706,064
197:0,020;71,269
198:0,020;100,040;426,176;842,131
199:0,020;81,145;706,064
200:0,020;125,204;1061,246
