001:0,001;202,172;534,040
002:0,001;70,139;404,049;411,074
003:0,001;120,206;162,159
004:0,001;70,139;411,074;441,090;534,040
005:0,001;162,159;182,040;404,049;441,090
006:0,001;116,253;202,172
007:0,001;261,125;411,074;600,109;836,065
008:0,001;116,253;342,140;411,074;451,063
009:0,001;109,213;404,049;440,160;534,040
010:0,001;109,213;605,197;802,040
011:0,002;11,040;19,027;162,185;531,044;1016,274
012:0,002;11,040;19,027;60,045;232,074;304,207;513,074
013:0,002;39,267;60,045;78,085;264,045;432,055;513,074
014:0,002;72,217;121,043;171,121;242,073;316,121;331,227
015:0,002;29,234;31,027;60,045;64,023;146,105;232,074;274,105;316,121;352,039;550,133;606,250;745,129;817,139;886,258
016:0,002;19,027;49,246;60,045;123,110;264,045;266,091;432,055;513,074;527,229
017:0,002;11,040;50,101;242,073;369,176;432,055;551,262
018:0,002;19,027;60,045;72,217;121,043;123,110;126,042;162,185;264,045;331,227;432,055;572,152;600,035
019:0,002;19,027;121,043;242,073;304,207;509,059;513,074
020:0,002;26,086
021:0,003;420,256;646,047
022:0,003;177,112;245,044;646,047;703,258
023:0,003;121,261;341,053;544,157
024:0,003;70,084;224,080;232,074;245,044;525,112;531,044;646,047
025:0,003;125,267;341,053;544,157;641,059;703,258;704,264;980,106
026:0,003;70,084;125,267;420,256;519,048;678,088
027:0,003;130,112;341,053;531,044;641,059;646,047;678,088;782,116
028:0,003;139,201;531,044;782,116;827,075
029:0,003;432,055;488,133;641,059;760,243
030:0,003;224,080;245,044;704,264;836,063
031:0,004;112,256;143,142;182,040;491,057
032:0,004;128,146;389,057;440,160
033:0,004;89,210;389,057
034:0,004;91,182;182,040;389,057
035:0,004;61,236;78,023;91,182;112,256;389,057
036:0,004;143,142;171,241
037:0,004;159,127;182,040;473,148;869,158;972,215
038:0,004;189,118;389,057;641,059;841,148
039:0,004;101,216;128,146;1186,047
040:0,004;159,138;352,039;556,213
041:0,005;64,023;78,028;244,041
042:0,005;64,023;113,258;131,030;271,149;365,189;451,063;1091,206
043:0,005;126,042;131,030;244,041;591,073;593,255;610,149;1167,032
044:0,005;64,023;89,210;124,137;271,149;1160,057
045:0,005;64,023;221,275;353,088;451,063
046:0,005;78,028;172,055;244,041
047:0,005;11,040;28,255;244,041
048:0,005;64,023;124,137;126,042;131,030;221,275;593,255
049:0,005;113,258;126,042;244,041;277,135;451,063
050:0,005;64,023;78,028;131,030;244,041
051:0,006;130,038;167,069;228,140;326,047;381,048;446,192;684,071;1027,129;1143,227
052:0,006;130,038;200,067;213,155;684,071;987,064;1100,046;1148,070
053:0,006;114,078;130,038;219,107;987,064;1095,067
054:0,006;120,203;253,062;381,048;684,071;987,064;1145,147;1148,070;1193,266
055:0,006;101,216;123,263;200,067;219,107;987,064;1148,070
056:0,006;200,148;326,047;354,136;684,071;727,198
057:0,006;167,069;200,067;234,166;326,047;410,211;1148,070
058:0,006;114,078;130,038;279,122;1148,070
059:0,006;130,038;234,166;279,122;326,047;354,136
060:0,006;123,263;167,069;213,155;684,071;987,064
061:0,007;163,152;200,200;352,039;493,049;494,045;509,059;561,268
062:0,007;43,029;147,179;352,039;493,049;494,045;509,059;606,250;710,067;993,201;1020,268
063:0,007;200,200;493,049;549,045;601,070;776,124;986,055
064:0,007;128,189;710,067;993,161
065:0,007;147,179;232,074;300,148;494,045;525,250;549,045;585,189;776,124;993,201
066:0,007;183,222;554,151;583,217;986,055
067:0,007;258,232;352,039;381,048;403,217;601,070;710,067;986,055
068:0,007;167,069;183,250;601,070;745,129
069:0,007;128,189;163,152;403,217;494,045;525,112
070:0,007;183,250;493,049;509,059;554,151;601,070;710,067;986,055
071:0,008;96,150;989,203
072:0,008;96,150;137,075
073:0,008;179,120
074:0,008;137,075
075:0,008;81,080;137,075
076:0,008;16,257;742,066;758,238
077:0,008;100,046;111,019;123,202;595,205;960,105;977,226
078:0,008;100,046;137,075;750,175;960,241;998,146
079:0,008;100,046;106,145
080:0,008;81,080;137,075
081:0,009;180,077;200,067;224,206;254,102
082:0,009;337,043;419,048;949,169
083:0,009;238,208;337,043;455,188
084:0,009;254,033;268,173;489,205;527,106;902,077;1193,266
085:0,009;337,043;455,215
086:0,009;231,182;419,048;1009,264
087:0,009;29,234;167,069;182,096;733,031;769,262;1111,171
088:0,009;254,102;337,043;389,027;489,205;824,106
089:0,009;224,206;268,173;419,048;1054,040
090:0,009;228,143;254,033;385,043;477,171
091:0,010;26,160;228,140;411,074;507,084
092:0,010;26,160;141,214;1150,262
093:0,010;99,164;247,034;320,270
094:0,010;551,045;601,123;1100,046;1167,032
095:0,010;143,029;247,034;308,074;387,176;1100,046
096:0,010;112,211;320,270;601,123;1167,032
097:0,010;141,214
098:0,010;99,164;247,034;445,101;1100,046;1167,032
099:0,010;116,092
100:0,010;223,186;247,034;510,146;870,112;1104,138
101:0,011;287,222;389,027;510,197;779,222;1139,090
102:0,011;389,027;582,268;721,062;765,131
103:0,011;399,104;476,211;510,197;549,045;586,147
104:0,011;419,166;858,131;900,052
105:0,011;416,244;1134,093;1145,052
106:0,011;416,244
107:0,011;61,236
108:0,011;389,027;527,222
109:0,011;523,231
110:0,011;419,166
111:0,012;155,153;204,237;257,068;312,147;622,032;650,035;696,148;713,118
112:0,012;188,204
113:0,012;197,158
114:0,012;171,078;326,216;534,040;543,139;667,193;893,051
115:0,012;188,204;524,042;993,161
116:0,012;142,181;145,118;780,186;893,051
117:0,012;197,158;257,068;258,232;893,051
118:0,012;163,163;257,068;326,216;948,026;1099,181
119:0,012;156,125;622,032;667,193;893,051
120:0,012;130,038;145,118;171,078;1161,051
121:0,013;100,230;1060,114
122:0,013;247,034;251,191;404,049;421,264;609,072;947,152
123:0,013;235,047;455,062;514,035;614,100
124:0,013;235,047;296,103;419,048;421,264;428,062;609,072;860,223
125:0,013;235,047;253,062;619,152;837,034;1058,179
126:0,013;226,208;235,047;255,235;514,035;716,203;1067,101
127:0,013;369,183;514,035;609,072;900,052
128:0,013;100,046;127,242;900,052
129:0,013;248,253;514,035;609,072;900,052;1165,098
130:0,013;271,019;309,098
131:0,014;70,102;253,062;549,049;776,200;789,047;973,140;1104,047
132:0,014;81,177;524,047
133:0,014;70,102;121,274
134:0,014;40,210;43,029;399,104;509,043;524,047;572,153
135:0,014;45,141;509,043;572,153
136:0,014;43,029;460,062;509,043;524,047;1196,170
137:0,014;73,211;253,062;642,180
138:0,014;81,177;253,062;642,180
139:0,014;121,274;137,029;437,026;524,047;612,139;776,200
140:0,014;40,210;43,029;430,177
141:0,015;469,260;622,032;650,035
142:0,015;539,076;622,032;735,189
143:0,015;417,080;470,093
144:0,015;121,261;650,035;677,237
145:0,015;180,077;650,035
146:0,015;588,083;633,260
147:0,015;521,138
148:0,015;470,093;588,083
149:0,015;468,165;521,138;650,035;1127,140
150:0,015;427,165;469,260;650,035
151:0,016;162,130;308,074;361,072;381,048;393,253;548,043;764,247;1042,102
152:0,016;151,218;179,032;181,066;333,076;740,066;948,026
153:0,016;147,089;361,072;419,147;548,043;549,045;733,031;788,132;832,057;848,264
154:0,016;147,089;151,218;179,032;257,089;509,043;733,031;740,066;793,192;948,026
155:0,016;171,241;204,153;361,072;404,049;502,175;548,043;816,105;833,202
156:0,016;153,153;181,066;293,227;308,074;341,087;502,175
157:0,016;179,032;204,237;361,072;559,265;733,031;740,066;837,034;948,026
158:0,016;181,066;254,033;353,088;364,086;625,048;941,230
159:0,016;121,043;134,243;179,032;185,175;293,227;308,074;361,072;511,099;837,034;1070,247;1122,241
160:0,016;181,066;308,074;333,076;511,099;548,043;740,066;788,132;948,026
161:0,017;16,257;831,194;836,065
162:0,017;16,220;76,055;217,061;446,192;836,065
163:0,017;19,186;844,078;892,231
164:0,017;64,023;217,061;558,074;836,065
165:0,017;19,186;76,055;196,184
166:0,017;33,196;217,061;709,041;734,274;850,074;963,067;992,209
167:0,017;16,220;509,059;524,042;992,209
168:0,017;76,055;217,061;534,040;868,150
169:0,017;33,196;76,055;181,066;196,184;524,042
170:0,017;23,018;76,055;323,249;524,042;1064,170
171:0,018;277,135;302,042;341,053;523,178;581,087
172:0,018;78,028;155,219
173:0,018;369,088;488,108;764,247
174:0,018;257,068;274,152
175:0,018;285,194
176:0,018;264,045;307,094;549,049;832,205
177:0,018;305,182;400,061;488,108
178:0,018;281,264;302,042;414,245
179:0,018;302,042;341,087;759,257
180:0,018;323,221;816,105
181:0,019;440,226;837,034;1054,155
182:0,019;424,186;437,026;560,077;959,114;1054,155
183:0,019;343,126;398,269;437,026;440,226;1020,205;1095,067
184:0,019;399,114
185:0,019;159,127
186:0,019;398,269
187:0,019;362,043;394,223;414,084;437,026;531,206;1095,067
188:0,019;414,084;556,219;679,184;1095,067
189:0,019;45,141;123,202;953,178
190:0,019;437,026;543,256
191:0,020;258,271;591,073;752,099
192:0,020;338,137;542,082
193:0,020;327,034;338,137;448,073;542,082;591,073;721,062
194:0,020;266,091;327,034;536,131;721,062;1183,163
195:0,020;327,034;329,131;402,034;448,073;549,049;721,062;1168,234
196:0,020;303,019;343,126;448,073;536,131;721,062;1171,190
197:0,020;244,041;306,231;329,131;448,073;789,139
198:0,020;242,073;302,042;327,034;488,073;513,074;527,106;549,049;773,074;793,242;873,188
199:0,020;245,044;528,188;549,049;591,073;807,177;935,118
200:0,020;272,178;966,200;1171,190
