001:0,001;394,096;826,033;965,204;986,265
002:0,001;161,070;219,272;376,001;549,155;638,187;1058,071
003:0,001;627,042;839,228
004:0,001;584,262;627,042;801,023;1007,221;1058,071
005:0,001;533,131;826,033;934,074
006:0,001;560,199;1191,071
007:0,001;512,017;553,096;667,131;1058,071
008:0,001;560,199;627,042;826,033;1058,071
009:0,001;378,069;394,096;457,073;479,261;627,042;869,146;900,006;934,074
010:0,001;558,271
011:0,002;112,138;161,055;167,064;247,015;395,047;508,101;526,037
012:0,002;102,026;161,055;167,064;218,195;247,015;489,029;736,038;751,009;838,260;908,041
013:0,002;174,163;247,015;466,103;489,029;508,101;737,009;837,117;848,029
014:0,002;102,026;172,224;247,015;408,014;466,103;814,149;1126,033;1152,051;1158,189
015:0,002;126,180;395,047;648,179
016:0,002;102,026;167,064;216,258;247,015;395,047;489,029;737,009;837,117;1126,033
017:0,002;102,026;126,180;161,055;172,224;218,195;247,015;489,029;737,009;844,115
018:0,002;101,236;102,026;110,239;247,015;407,221;737,009;860,179;1126,033
019:0,002;110,239;216,258;489,029;709,075;737,009;1145,090
020:0,002;108,134;395,047;438,024;593,167
021:0,003;248,266;489,155;646,054;709,075;818,107;840,064;848,029
022:0,003;240,236;351,047;373,031;489,155;498,002;635,140;1011,263;1099,252
023:0,003;291,234;373,031;413,099;820,189;848,029
024:0,003;179,260;263,030;271,151;635,140;677,069;840,064;848,029
025:0,003;261,046;283,171;498,002;591,138;850,104;855,234;985,017
026:0,003;218,075;234,138;263,030;299,131;447,046;498,002;573,169;848,029;902,045
027:0,003;388,068;447,046;498,002;677,069;689,049;705,217;718,167
028:0,003;373,031;443,086;848,029
029:0,003;263,030;291,234;447,046;498,002;677,069;701,243;728,075;840,064;919,231;944,118
030:0,003;234,138;447,046;498,002;577,187;677,069;709,075;798,161
031:0,004;98,262;135,249;211,051;261,023;308,183;329,065;353,167;512,017
032:0,004;98,038;117,149;261,023;329,065;331,018;420,274;512,017
033:0,004;90,099;98,038;261,023;314,056;331,018;402,087;1194,017
034:0,004;71,176;98,038;238,244;308,183;331,018;396,240;841,017
035:0,004;230,005;291,250;314,056;353,167;512,017
036:0,004;99,156;211,051;261,023;286,080;329,065;331,018;417,184;463,036;512,017
037:0,004;98,038;211,051;267,159;463,036;512,017
038:0,004;98,038;211,051;261,023;265,257;314,056;331,018;396,240;420,274;463,036;512,017
039:0,004;75,072;90,099;261,023;329,065;402,087
040:0,004;117,149;193,068;261,023;305,088;331,018;455,153;463,036;512,017
041:0,005;414,247;431,020;538,129;568,058;569,038;900,006;1056,249;1103,063
042:0,005;330,029;418,164;431,020;537,136;807,138;934,074
043:0,005;431,020;569,038
044:0,005;406,065;569,038
045:0,005;406,065;479,020;542,006;592,089;890,028;981,171
046:0,005;406,065;431,020;443,086;488,227
047:0,005;374,053;387,211;406,065;454,260
048:0,005;204,058;295,249;431,020;537,136;569,038;890,028;956,137
049:0,005;418,164;431,020;512,017
050:0,005;431,020;614,104;890,028;981,171;984,038;999,260;1013,116
051:0,006;167,064;210,081
052:0,006;260,041
053:0,006;255,128;260,041
054:0,006;255,151;260,041
055:0,006;255,128;803,038
056:0,006;102,026;210,081
057:0,006;232,136;260,041;801,023;807,102;900,168
058:0,006;226,021;232,136;237,051;284,105;529,067;764,103
059:0,006;275,089;477,041
060:0,006;255,151;260,041;494,132;737,009;801,023;812,174
061:0,007;333,040;374,053;461,262;489,029;496,142;524,030;913,100;1038,040;1090,026
062:0,007;326,069;524,030;689,049;902,075;998,121;1038,040;1068,129;1090,026
063:0,007;333,040;337,175;847,066;913,240
064:0,007;336,235;342,069;374,053;421,213;689,049;1011,263
065:0,007;235,028;566,153
066:0,007;316,048;333,040;363,109;524,030;689,049;962,077
067:0,007;421,213;461,262;599,260;689,049;1014,068;1090,026
068:0,007;326,069;333,040;374,053;506,274;709,075;738,269
069:0,007;326,069;524,030;677,186;847,066;884,058
070:0,007;314,056;326,069;363,109;805,072;1038,040;1090,026
071:0,008;194,070;205,048;218,075;285,106;559,080;838,045;1003,143
072:0,008;174,163;189,065;205,048;218,075;263,030;266,090;268,072;558,265;565,115;902,045
073:0,008;179,260;205,048;251,212
074:0,008;205,048;218,075;290,117;438,071;742,230;815,155
075:0,008;120,039;161,078;189,065;218,083;268,072;559,080;902,045
076:0,008;209,158;272,078;408,040;490,076;701,243;822,038
077:0,008;84,043;150,173;189,065;218,075;272,078;305,088;1027,106
078:0,008;211,207;268,072;408,040;508,233;1103,063
079:0,008;205,048;383,041;408,040;677,186;860,058;959,155
080:0,008;161,070;226,021;266,090;268,072;490,076
081:0,009;83,263;516,194;720,048;895,088
082:0,009;120,039;135,035;498,115;645,005;726,221;1025,252;1103,063
083:0,009;135,035;471,058;645,005;731,216;754,230
084:0,009;139,170;731,216
085:0,009;120,039;228,222;235,028;590,196;645,005;798,267;799,061;1103,063
086:0,009;240,246;529,067;645,005;786,208;799,061;1111,216;1137,104
087:0,009;135,035;459,254;497,026;529,067;645,005;720,048;971,268
088:0,009;135,249;228,222;235,028;276,005;279,254;645,005;725,212;799,061;1103,063
089:0,009;83,263;120,039;135,035;182,194;235,028;529,067;645,005;724,224;799,061;1174,200
090:0,009;182,194;645,005;743,261;1014,068;1099,098
091:0,010;355,116;457,073;497,026;503,032;591,071;801,023;821,151;846,092;900,006;1009,195;1084,056
092:0,010;325,039;732,074;846,092;902,075;998,121
093:0,010;325,039;438,071;545,043;782,038;842,265;864,056;900,006;975,225
094:0,010;325,039;518,184;732,074;801,023;842,265;1084,056
095:0,010;328,125;384,208;457,073;497,026;554,181;566,108;821,151;837,093;864,056;900,006;1083,220
096:0,010;381,028;566,108;801,023;1030,037;1052,213
097:0,010;47,155;431,020;545,043;732,074;847,066;900,006;944,083
098:0,010;328,125;438,071;457,073;476,071;545,043;762,155;794,153;801,023;837,093;1084,056
099:0,010;320,235;325,039;438,071;732,074;847,066;864,056;900,006;1009,195
100:0,010;47,152;351,047;384,208;438,071;468,016;497,026;514,157;545,043;737,009;864,056;900,006;975,163;1084,056
101:0,011;315,153;351,228
102:0,011;330,029;590,010;755,220;868,036;1102,057
103:0,011;315,153;674,195;902,045
104:0,011;316,014;487,207;530,006;590,010;622,106;1052,212;1102,057
105:0,011;377,110;590,010;856,029;1049,078;1102,057
106:0,011;377,110
107:0,011;226,046;460,079;590,010;792,252;1041,250;1102,057
108:0,011;330,029;441,225;1152,051
109:0,011;79,150;590,010;755,220
110:0,011;301,044;408,159;590,010;902,110;956,037;1152,051
111:0,012;75,072;226,021;249,187;631,053;835,204
112:0,012;139,135;161,070;200,018;242,033;494,229
113:0,012;57,042;75,072;168,250;200,018;202,072;535,046;668,237
114:0,012;57,042;82,251;126,203;200,018;226,021;236,241;242,033;408,040;478,211;535,046;613,231;631,053;877,047
115:0,012;47,155;57,042;126,203;200,018;226,021;242,033;471,058;696,191
116:0,012;72,185;202,072;226,021;242,033;478,199;527,261;781,155;838,077;1016,234;1152,051
117:0,012;57,042;175,143;202,072;226,021;264,028;462,143;535,046;592,089;631,053;877,047
118:0,012;177,115;200,018;206,173;535,046;554,181;668,237;720,048;877,047
119:0,012;75,072;161,070;200,018;226,021;249,187;550,068;588,273;631,053;811,229;877,047
120:0,012;75,072;177,115;202,072;237,165;242,033;478,211;720,048;840,064;919,231
121:0,013;318,098;902,075
122:0,013;350,224;728,101;729,067;763,035
123:0,013;378,069;536,173;902,075
124:0,013;331,018;378,069;478,003;484,085;763,035
125:0,013;350,224;351,047;503,032;629,225;719,128
126:0,013;351,047;378,069;621,177;826,033;1004,241;1111,191
127:0,013;378,069;532,202
128:0,013;351,047;373,031;389,190;503,032;682,134;763,035;902,075
129:0,013;389,190;763,035
130:0,013;135,035;484,085;763,035;902,075
131:0,014;330,029;421,157;478,003;488,122;631,065;678,047;748,060;1054,130
132:0,014;478,003;487,207;489,044;600,009;603,039;661,070;678,047;709,179;748,060;1038,040;1046,064;1054,130
133:0,014;478,003;489,044;600,009;678,047;699,122;1066,051
134:0,014;478,003;489,044;600,009;631,174;661,070;678,047;755,250;1046,064;1076,092;1091,202
135:0,014;301,044;478,003;523,100;530,006;595,214;600,009;603,039;745,193;1066,051
136:0,014;503,032;593,167;603,039;631,065;690,175;748,060;1046,064;1066,051
137:0,014;488,122;600,009;614,144;631,065;661,070;701,208;1046,064;1180,189
138:0,014;478,003;494,229;506,103;560,051;600,009;631,065;1004,241;1046,064;1066,051;1112,275
139:0,014;484,259;566,030;600,009;699,122;769,050;820,189;1126,033;1179,091
140:0,014;331,018;431,137;478,003;484,259;603,039;661,070;696,195;748,060;1112,275
141:0,015;193,068;219,272;447,046;659,111
142:0,015;186,037;226,046;414,045;533,129;646,054
143:0,015;204,058;263,256;414,045;438,024;498,115;518,184;612,149;968,117
144:0,015;186,037;193,068;212,005;423,273;438,024;535,150;608,123;890,028;1024,061
145:0,015;186,037;226,046;423,273;438,024;506,260;512,017;646,054
146:0,015;193,068;204,058;414,045;438,024;510,247
147:0,015;200,018;204,058;226,046;438,024;608,123;646,054
148:0,015;102,178;186,037;204,058;226,046;434,108;438,024;659,111;875,104
149:0,015;216,155;312,080;414,247;646,054
150:0,015;102,178;414,045;438,024;620,161
151:0,016;331,053;362,038;716,031
152:0,016;326,069;362,038;756,272
153:0,016;342,245;526,037
154:0,016;200,018;209,246;257,017;331,053;342,245
155:0,016;351,228;362,038;384,177;526,037
156:0,016;472,267;689,049;716,031;1018,251
157:0,016;349,174;453,038;498,002;706,104;716,031
158:0,016;384,177;716,031
159:0,016;331,053;362,038;526,037;716,031
160:0,016;346,136;362,038;526,037
161:0,017;382,108;392,009;484,261;520,051;757,243
162:0,017;247,015;392,009;468,016;520,051;805,072;956,137;980,149;983,053
163:0,017;301,044;392,009;468,016;490,173
164:0,017;295,050;332,014;392,009;468,016;471,058;702,217
165:0,017;295,050;330,148;468,016;471,195;629,136;934,074
166:0,017;314,001;332,207;392,009;488,227;520,051;769,050;805,072;940,259
167:0,017;275,089;301,044;330,148;468,016;579,106;590,010;769,050;880,223
168:0,017;295,050;301,044;392,009;468,016;591,112
169:0,017;283,171;295,050;315,144;392,009;468,016;472,263;737,009;772,094;805,072;1073,226
170:0,017;346,193;392,009;471,058;772,094
171:0,018;79,150;206,022;273,068;628,026;771,046;928,156
172:0,018;206,022;318,098;466,137;628,026;771,046;818,262
173:0,018;84,043;124,268;206,022;273,068;628,026;781,195;801,065;1044,254
174:0,018;124,268;206,022;261,023;274,128;384,039;499,149;636,256
175:0,018;97,122;273,068;628,026;771,046;801,065;1177,183
176:0,018;78,124;206,022;320,235;801,023;1076,101
177:0,018;84,043;206,022;273,068;520,051;730,158;771,046;900,168;1014,068;1167,184
178:0,018;71,176;273,068;374,053;446,145;489,044;600,009;723,234;1064,187
179:0,018;78,124;84,043;209,158;273,068;636,256;1014,068;1167,184
180:0,018;84,043;97,122;206,022;326,193;771,046;801,065;1064,187
181:0,019;465,265;634,093;670,027;860,058
182:0,019;481,093;530,006;629,150;670,027;729,067;801,065;838,045;868,036;1172,214
183:0,019;465,265;530,006;610,151;670,027;729,067;794,192;838,045;860,058;1172,214
184:0,019;546,169;790,090
185:0,019;189,065;292,172;530,006;597,139;794,192;868,036;1108,241
186:0,019;431,020;530,006;597,139;670,027;790,090;811,225;860,058
187:0,019;242,033;342,211;471,195;687,010;748,119;868,036;1084,058
188:0,019;530,006;629,150;670,027;838,045;896,176
189:0,019;449,199;530,006;634,093;729,067;810,254;1076,092
190:0,019;444,166;741,052;812,174;1141,234
191:0,020;337,175;470,077;741,052;869,035
192:0,020;341,118;1004,128;1037,217;1171,026
193:0,020;362,158;590,010;741,052;870,051;983,053
194:0,020;316,048;317,214;476,071;499,077;938,260;983,053
195:0,020;349,077;476,071;615,010;870,051;1013,116;1135,204
196:0,020;161,055;178,275;307,113;316,048;351,269;867,049;894,051;1003,143;1193,217
197:0,020;335,216;564,201
198:0,020;302,231;316,048;336,146;498,002;564,201;741,052;769,050;850,217;941,237
199:0,020;206,022;265,257;476,071;736,251;870,051;1004,037;1056,223;1099,051;1150,245
200:0,020;307,113;316,048;317,214;870,051;983,053
