001:0,001;223,147
002:0,001;122,033;195,068;643,146;1177,199
003:0,001;195,068;618,097
004:0,001;127,172;407,041;548,081;1163,170;1187,083
005:0,001;191,121;195,068;587,168
006:0,001;87,251;179,194
007:0,001;179,194;285,093
008:0,001;81,213;223,147;756,115
009:0,001;150,132;222,069;285,093;887,206;970,267
010:0,001;91,266;112,213;536,230
011:0,002;261,033;590,097;894,212
012:0,002;245,216;671,143;734,070;789,143;891,070
013:0,002;228,070;229,112;485,213
014:0,002;12,217;880,074;1180,031
015:0,002;221,185;228,070
016:0,002;153,092;228,070
017:0,002;12,217;814,026;829,219
018:0,002;228,070;230,263;416,158;578,070
019:0,002;202,143
020:0,002;128,197;438,244
021:0,003;28,151
022:0,003;46,114;775,039;861,095
023:0,003;71,146;92,270
024:0,003;30,069;150,132;210,214;327,047;344,135;996,118
025:0,003;128,197;1053,133
026:0,003;115,253;226,099;487,119
027:0,003;30,069;57,118;784,271
028:0,003;92,270;115,253;925,092
029:0,003;28,151;71,146;192,043;473,157;484,186
030:0,003;57,118;1110,196
031:0,004;131,034;843,259;1064,098
032:0,004;63,128;626,034
033:0,004;71,084;626,034
034:0,004;135,211
035:0,004;112,168;131,034
036:0,004;32,058;135,211;387,128
037:0,004;32,058;82,211;123,063;238,257;626,034
038:0,004;82,211;91,266;131,034;594,255
039:0,004;32,058;90,078;766,234;1016,193;1064,112
040:0,004;47,257;131,034
041:0,005;52,134
042:0,005;265,110;563,048;877,108;929,204
043:0,005;299,225;744,248;775,039;878,240
044:0,005;197,090;305,177;551,084;563,048;695,246;702,177;875,227
045:0,005;322,109;695,246;1001,253
046:0,005;305,177;775,039;929,204
047:0,005;475,043;581,243;877,108
048:0,005;490,243
049:0,005;278,181;563,048;682,150;698,156;775,039;866,164
050:0,005;322,109;563,048;947,198
051:0,006;18,244;455,195;462,036
052:0,006;47,257;195,068;448,168;462,036
053:0,006;23,174;93,073;256,141;624,026;1017,137;1023,036
054:0,006;16,220;526,036;839,033;934,084
055:0,006;16,224;462,036;541,203
056:0,006;26,215;1106,078
057:0,006;16,220
058:0,006;23,174;26,215;265,110;462,036
059:0,006;72,157;97,221;204,193
060:0,006;93,073;153,035;200,156;822,036
061:0,007;195,029;343,052;731,138;1047,239;1094,261
062:0,007;204,193;667,160;827,263;1132,242
063:0,007;127,166;195,029;343,052;1132,242
064:0,007;197,090;217,267;731,138
065:0,007;205,123;648,112;716,246;758,135
066:0,007;195,029;255,173
067:0,007;213,261;343,052;658,096;896,197
068:0,007;219,142;343,052;1074,244
069:0,007;213,261
070:0,007;127,166;195,029;225,245
071:0,008;16,078;36,199;112,075;426,268;690,091;1071,139
072:0,008;9,050;16,078;366,199
073:0,008;10,121
074:0,008;10,120;153,035;213,139
075:0,008;22,234;366,089;407,041;465,186;592,160
076:0,008;301,112
077:0,008;153,035;175,079;218,248;258,089
078:0,008;36,199;936,089
079:0,008;50,170;153,035;185,159;635,121;805,146
080:0,008;10,120;1104,203;1159,253
081:0,009;74,184;848,177;1158,119
082:0,009;63,161;892,032;933,239
083:0,009;115,228;219,142;235,238
084:0,009;30,069;63,225
085:0,009;123,063;168,171
086:0,009;63,161;892,032;915,181
087:0,009;32,058;89,236
088:0,009;59,142;115,228;892,032;948,077
089:0,009;90,195
090:0,009;91,209;286,267;453,184
091:0,010;23,194;26,155;49,159
092:0,010;20,093;179,032;192,043;263,248;331,050;1012,196
093:0,010;49,159;103,076;331,050;1082,220
094:0,010;81,256;353,190
095:0,010;103,076;797,067
096:0,010;69,099;206,237;331,050;1063,127
097:0,010;29,178;87,089;192,043;314,098;451,259;545,119;797,067
098:0,010;26,155;179,032;192,043;242,205;314,098;675,069;726,083;767,042;797,067
099:0,010;23,194;179,032;331,050;353,190;797,067;1063,127
100:0,010;179,032;331,050;1110,201
101:0,011;178,243;222,222;784,168
102:0,011;181,222
103:0,011;92,116;145,208;234,154;1069,065;1176,088
104:0,011;132,239;346,046;651,186;858,255;1006,215;1069,065;1121,041;1176,088
105:0,011;127,050;225,245;346,046;490,243;516,212;710,173;736,251;841,194;1121,041
106:0,011;234,154;1121,041
107:0,011;145,208;178,243;331,050;463,263;880,074
108:0,011;176,089;346,046;630,167
109:0,011;92,116;1051,271;1069,065;1092,047
110:0,011;181,149;346,046;544,052;784,271;880,074;1069,065;1121,041
111:0,012;123,224
112:0,012;94,133;122,033;306,182
113:0,012;94,133;898,174
114:0,012;122,033;597,135;697,120
115:0,012;11,221;130,240;242,123
116:0,012;86,259;179,032;306,182
117:0,012;86,259
118:0,012;130,240;489,061;540,105;726,253;1041,273;1168,270
119:0,012;78,165;122,033;635,248;718,224
120:0,012;63,103;122,033;599,214
121:0,013;93,073;127,050;231,126
122:0,013;222,262;462,058;663,176
123:0,013;123,063;127,050;235,275;462,058;701,096
124:0,013;119,143;300,135;431,245;1195,193
125:0,013;15,202;89,236;247,091;880,074
126:0,013;119,143;127,050;222,069;247,091;462,058;688,230;956,116
127:0,013;222,069;270,241;462,058;663,176;1076,080
128:0,013;15,202;21,212;109,235;462,058;676,078;1160,079
129:0,013;106,227;1157,225
130:0,013;114,171;222,262
131:0,014;91,162;201,074;373,115;833,246
132:0,014;91,162;201,074;331,071;943,214;1046,272
133:0,014;57,230;681,128;939,096;976,195
134:0,014;108,157;195,064;201,074;373,273;1006,032;1129,240
135:0,014;91,214;260,205;407,041;558,270;667,071;839,033;1046,272
136:0,014;125,174;734,193;788,222;839,033;1006,032;1163,170
137:0,014;107,235;154,244;195,064;264,252
138:0,014;181,034;195,064;264,252;1006,032;1149,177
139:0,014;57,230;252,270;373,115;407,041;839,033
140:0,014;108,157;129,174;195,064;206,237;1110,201
141:0,015;91,209
142:0,015;143,124;312,103;921,216;986,237
143:0,015;69,099
144:0,015;87,089;99,223;327,047;331,071;926,191
145:0,015;78,081;137,048;217,210;473,157;489,061;538,083;694,158
146:0,015;77,238;327,047;400,158;523,099
147:0,015;77,238;137,048;245,144
148:0,015;78,081;137,048;201,074;312,103;489,061;538,083
149:0,015;137,048;245,144;489,061;637,216;892,032;921,216
150:0,015;99,223;327,047;335,173;643,267
151:0,016;9,050;52,134;93,073;97,041;154,251;1017,137
152:0,016;9,050;27,241;47,070;95,090;97,041;178,092
153:0,016;47,160;624,026;901,185
154:0,016;106,232
155:0,016;9,050;47,070;171,051;320,081;337,150;624,026;729,210
156:0,016;95,090;97,041;106,232;624,026;993,123
157:0,016;20,093;38,251;47,070;100,175;171,051;307,257
158:0,016;12,191;171,051;324,139;434,092;574,244;851,211;875,160;892,081
159:0,016;38,251;47,070;337,150
160:0,016;27,241;47,160;123,063;146,225;171,051;305,172;320,081;566,251;624,026;960,268;993,091
161:0,017;101,005;112,075;609,234
162:0,017;30,091;64,100;81,126;112,075;331,218;333,042;837,273
163:0,017;81,126;313,119;333,042;629,204;675,069;1084,140
164:0,017;70,246;394,080
165:0,017;313,119;505,042;675,069;725,098
166:0,017;70,246;106,227;396,068;533,042;892,179
167:0,017;30,091;112,075;394,080;675,069;694,158;718,105
168:0,017;112,075;179,149;1194,241
169:0,017;64,100;333,042;858,180
170:0,017;50,124;333,042;887,206
171:0,018;170,219;871,218
172:0,018;56,155;142,175;475,043;779,260;1041,029;1084,215
173:0,018;72,122;1080,113
174:0,018;21,263;94,203;908,225;1041,029;1080,113
175:0,018;13,211;44,267;252,251;388,241
176:0,018;44,267;164,165;1041,029;1119,149
177:0,018;157,218;982,257
178:0,018;52,079
179:0,018;21,212;1076,132;1116,138
180:0,018;82,260;1041,029;1136,181
181:0,019;67,114;81,165;186,234;718,236;1037,067
182:0,019;187,188;843,033;1175,141
183:0,019;47,070;84,203;339,237;626,133;1097,239
184:0,019;41,248;187,188
185:0,019;18,244;79,268
186:0,019;52,111;97,041;198,207;250,132
187:0,019;79,268;245,216;298,207
188:0,019;250,132;716,232
189:0,019;198,207
190:0,019;41,248
191:0,020;28,062;42,119;222,069;234,242;243,070;276,263;764,172;1180,031
192:0,020;109,086
193:0,020;28,062;44,102;77,156;365,076;593,174;1083,137
194:0,020;81,229;109,086;182,116;475,043;626,166;796,112;934,180
195:0,020;28,062;42,119;182,120;234,242;369,070
196:0,020;67,135;331,071;1092,047;1180,031
197:0,020;28,062;44,102;331,071;1027,077;1180,031
198:0,020;230,085;243,070;331,071;415,238;809,103;1092,047
199:0,020;21,263;243,070;764,172
200:0,020;30,069;77,156;90,195;243,070;475,043;626,166;1006,032;1092,047;1167,156
