001:0,001;441,015;467,013;504,051;605,200;840,050
002:0,001;424,056;441,015;467,013;504,051;563,075;817,073;860,072
003:0,001;431,118;441,015;467,013;489,043;504,051;512,190;910,166;934,072
004:0,001;312,045;337,213;441,015;489,043;964,198;1025,068;1121,232
005:0,001;512,190;817,073;840,050
006:0,001;441,148;467,013;489,043;860,072
007:0,001;441,015;467,013;489,043;747,125;817,073;860,072
008:0,001;441,055;463,027;467,013;489,043;504,051;605,200;1114,055
009:0,001;441,015;467,013;489,043;548,131;877,072;1108,058;1168,236
010:0,001;151,068;361,196;441,015;467,013;532,166
011:0,002;860,070
012:0,002;813,031;831,206
013:0,002;860,070
014:0,002;576,046;820,055;920,073;1185,060
015:0,002;813,031;820,055;920,073
016:0,002;291,065;327,204;350,049;388,201;820,055;860,070
017:0,002;862,236;920,073
018:0,002;860,070;862,236;920,073
019:0,002;813,031;860,070
020:0,002;813,031;820,055;920,227;1025,068;1143,274
021:0,003;109,002;121,139;144,074;204,006;211,040;239,082;1046,003
022:0,003;106,064;211,040;228,050;622,149;696,054;830,158;1072,003
023:0,003;106,064;228,050;572,221;962,259;1046,003
024:0,003;106,064;144,074;190,062;223,033;235,272;393,048;548,131;560,051;631,074;748,057;1046,003
025:0,003;144,074;190,062;223,033;228,050;670,267;959,024;1046,003
026:0,003;116,011;121,139;1110,067
027:0,003;135,160;190,062;211,040;287,267;631,189;668,272;783,056;1046,003
028:0,003;144,074;186,023;211,040;223,033;239,082;393,048;517,036;568,200;572,221;631,074;1046,003
029:0,003;111,087;135,160;393,048;567,181;1046,003
030:0,003;106,064;254,249;287,267;892,075;959,033;997,077
031:0,004;98,028;246,211;285,034;336,226;644,025;748,057;1118,270
032:0,004;98,028;347,036;391,157;512,068;605,142;644,025;796,209;806,142
033:0,004;108,071;280,047;367,002;644,025;691,135
034:0,004;84,030;108,071;280,047;391,157
035:0,004;104,271;404,043;481,118;644,025;765,167
036:0,004;98,028;285,034;336,130;503,068;566,119;748,057;979,251;1154,094
037:0,004;84,030;503,068;644,025;1079,161
038:0,004;84,030;98,028;280,047;347,036;422,042;638,238;644,025;784,275
039:0,004;84,030;108,071;373,036;392,096;503,068;554,029;644,025;748,057;1147,265
040:0,004;246,211;285,034;347,036;425,184;1160,064
041:0,005;19,228;208,225;537,025;556,112;866,224
042:0,005;55,193
043:0,005;8,048;55,193;537,025;567,147;631,074;1065,235
044:0,005;19,228;564,233;573,002;1000,035
045:0,005;8,048;13,131;151,068;422,042;423,272;684,002;864,088;1000,035;1043,092
046:0,005;8,048;324,018;348,070;444,071;537,025;587,189;1147,107
047:0,005;8,048;151,068;373,111;524,215;613,044;1034,243;1183,224
048:0,005;13,131;151,068;423,272;424,056;537,025;545,089
049:0,005;33,133;382,160;537,025;641,251;880,089
050:0,005;8,048;169,001;208,225;528,037;567,147;641,251
051:0,006;302,029;328,055;348,070;520,086;571,060;591,037;592,053;931,073;1119,183
052:0,006;322,207;336,049;528,053;586,057;592,053;696,054;828,240
053:0,006;348,070;423,049;517,036;586,057;592,053;864,187
054:0,006;335,156;336,049;528,053;591,037;1185,060
055:0,006;329,202;571,060;591,037;1161,033
056:0,006;336,049;528,053;586,057;652,199;1000,035;1044,254;1192,069
057:0,006;173,031;330,259;348,070;457,179;528,037;1177,158
058:0,006;328,055;433,039;560,220;591,037
059:0,006;328,055;329,202;336,049;343,053;517,036;528,037;817,073;869,147
060:0,006;336,049;517,036;586,057;604,129;681,053;1093,247;1185,060
061:0,007;189,220;324,041;421,220;431,231;443,204;763,064;827,061;967,110;1019,065;1025,068;1108,058
062:0,007;109,030;377,194;421,220;528,037;579,141;660,208;840,050;1185,060
063:0,007;184,044;248,242;324,041;447,189;504,051;604,206;825,012;893,041;1019,065;1114,030;1184,058
064:0,007;109,030;404,043;490,162;822,040;827,061;893,041;1019,065;1025,068;1114,030
065:0,007;113,083;223,178;324,041;444,153;763,064;827,061;924,160
066:0,007;152,124;184,044;189,220;412,043;944,037;1003,041;1025,068;1108,058;1114,030
067:0,007;137,132;280,271;324,041;404,043;444,071;545,092;763,064;835,061;1019,065;1169,207;1184,058;1186,253
068:0,007;109,030;184,044;211,229;404,043;487,098;1019,065;1114,030
069:0,007;109,030;324,041;416,119;609,153;763,064;893,041;1074,116;1108,058;1173,070
070:0,007;109,030;404,043;468,018;487,098;548,172;1005,104;1186,253
071:0,008;78,257;83,026;255,039;274,151
072:0,008;83,026;90,256;109,026;237,232;693,067;908,126
073:0,008;90,256;274,151;404,228;444,071;569,196;718,053;732,186
074:0,008;5,039;35,088;83,026;223,033;237,232;255,039;268,069;322,207
075:0,008;42,064;253,262;523,040;535,036;585,038;725,227
076:0,008;42,064;78,257;621,151;631,104;693,067;976,107;1073,163
077:0,008;35,088;83,026;268,069;321,086;554,118;674,224;791,008;1073,163;1165,187
078:0,008;42,064;81,014;83,026;255,039;268,069;300,085;581,201;693,067;885,027;1191,087
079:0,008;61,262;255,039;323,120;667,069;774,148
080:0,008;42,064;286,104;693,067;960,127;1184,058
081:0,009;130,098;322,033;591,217;910,212;958,249;1125,045
082:0,009;236,245;665,247;1156,097
083:0,009;313,084;553,064;631,074;1054,203
084:0,009;244,070;322,033;489,043;504,156
085:0,009;241,217;821,178
086:0,009;228,050;515,038;553,064;744,273
087:0,009;236,245;553,064;638,249
088:0,009;322,033;553,064;679,141;717,074;1125,045
089:0,009;356,133;553,064;623,065;885,027
090:0,009;130,098;322,033;526,135;756,048;991,059;1168,223
091:0,010;159,008;190,062;217,121;315,026;381,024;405,169;1114,055
092:0,010;135,075;180,103;217,121
093:0,010;145,208;159,008;269,140;315,026;381,024;405,047;573,087;575,191;1114,055
094:0,010;135,075;159,008;196,227;315,026;552,057;575,191;980,042;1046,003
095:0,010;146,232;154,001;159,008;266,239;269,140;381,024;405,047;524,215
096:0,010;159,008;244,070;315,026;381,024;466,275;563,075;778,175;924,160;1150,055
097:0,010;159,008;230,233;244,070;315,125;381,024;405,047;484,057;563,075;676,197;840,050
098:0,010;135,075;146,232;159,008;180,103;313,023;338,273;381,024;484,057;634,094;1166,193
099:0,010;159,008;381,024;405,047;441,148;484,057;592,087;627,075;676,197;1114,055
100:0,010;61,262;135,075;159,008;299,164;338,273;381,024;382,064;405,047;529,055;563,075;745,169;1150,047
101:0,011;42,178;186,023;268,069;289,131;321,027;371,051;459,223;761,038;836,256;968,038;1161,033;1194,122
102:0,011;186,023;298,183;321,027;371,051;420,026;459,058;515,038;545,093;825,012;946,063
103:0,011;186,023;270,205;310,274;537,025;564,233;825,012;884,180;968,038;1161,033
104:0,011;202,162;342,085;515,038;545,093;629,223;761,038;825,012;860,163;968,038;1149,006
105:0,011;186,023;310,274;321,027;384,172;459,058;486,227;784,057;861,101
106:0,011;343,253;825,012;836,256;968,038
107:0,011;186,023;212,217;321,027;371,051;477,274;515,038;537,025;743,246;761,038;825,012;946,063
108:0,011;298,183;459,058;743,246;822,040;946,063;1161,033;1189,067;1194,122
109:0,011;8,048;186,023;202,162;761,038;906,235;946,063
110:0,011;233,119;371,051;425,210;638,238
111:0,012;174,208;312,045;326,088;791,008;862,110;959,033;1084,204
112:0,012;175,213;199,063;457,179
113:0,012;109,030;186,023;199,063;556,212;791,008;962,259;1188,073
114:0,012;173,031;246,088;425,063;565,133;667,069;730,241;791,008;868,254;918,221;959,024;1102,188
115:0,012;159,008;173,031;199,063;499,208;503,068;515,209
116:0,012;164,247;791,008;1034,208
117:0,012;223,178;265,208;667,069;716,086;1136,073
118:0,012;175,213;327,186;565,133;791,008;866,224;959,033;1000,035;1034,208
119:0,012;173,031;199,063;667,069;695,041;721,140;791,008;825,012;862,110;959,033;1004,091
120:0,012;144,074;327,186;791,008;833,190
121:0,013;36,126;344,032;445,174;640,085;791,075;1064,107
122:0,013;49,204;552,008;640,085;791,075;1000,091;1145,070;1192,069
123:0,013;23,239;197,028;222,222;498,082;543,032;576,046;880,177;889,134;951,063
124:0,013;5,039;27,156;543,032;552,008;593,205;1099,207;1152,045;1192,069
125:0,013;20,079;503,068;552,008;576,046;931,104
126:0,013;19,083;351,254;1176,150
127:0,013;12,176;552,008;576,046;889,134
128:0,013;5,039;19,083;20,079;108,071;258,181;543,032;552,008;569,196;1192,069
129:0,013;5,039;34,200;543,032;552,008;630,157;858,121;1130,189
130:0,013;34,200;280,047;351,254;445,174;552,008;756,249;791,075;1035,150;1192,069
131:0,014;422,042;535,036;600,271;959,024;1074,223;1116,097;1149,006
132:0,014;419,134;515,044;586,141;897,120;958,244;1018,180;1149,006
133:0,014;423,080;515,044;571,060;634,102;786,141;959,024;1116,097
134:0,014;427,199;634,102;959,024;1069,109
135:0,014;422,042;535,036;709,218;959,024;1149,006
136:0,014;246,088;318,014;420,026;515,044;588,030;903,123;1149,006
137:0,014;406,261;420,026;541,028;588,030;893,041;1091,168;1149,006
138:0,014;371,051;398,078;443,026;514,058;515,044;577,182;959,024;1149,006
139:0,014;420,026;427,199;535,036;599,244
140:0,014;406,261;420,026;422,042;577,182;588,030;959,024;1054,038;1059,221;1069,109;1149,006
141:0,015;343,053;388,098;449,028;606,245;980,042;1125,045
142:0,015;266,259;388,098;449,028;612,165;756,048
143:0,015;265,163;286,172;296,266;359,258;571,060;586,178;885,027;1136,040
144:0,015;342,086;449,028;585,038;604,004;910,212
145:0,015;373,123;449,028;585,038;661,131;756,048;1034,040
146:0,015;265,163;293,116;343,053;442,222;748,057;1034,040
147:0,015;296,266;313,023;343,053;373,123;756,048;1034,040
148:0,015;303,203;885,027;1034,040
149:0,015;293,116;585,038;592,087
150:0,015;164,247;178,015;286,172;1034,040
151:0,016;299,164;424,056;429,027;506,124;523,040;542,144;562,032;715,261
152:0,016;343,253;405,038;429,027;520,060;552,008;596,027;604,004;696,054;823,065;1162,049;1190,038
153:0,016;393,048;562,032;596,027;667,230;823,065;1173,134
154:0,016;405,038;429,027;486,227;520,060;523,040;596,027;604,004;767,271;863,196;996,034;1190,038
155:0,016;429,027;444,071;529,055;537,025;557,115;1190,038
156:0,016;405,038;424,056;432,027;523,040;529,055;590,161;603,027;604,004;696,054;860,072;996,034;1162,049
157:0,016;405,038;443,143;596,027;604,004;667,230;823,065;1162,049
158:0,016;424,056;471,027;484,057;562,032;597,272;604,004;692,205;715,261;1161,033;1190,038
159:0,016;520,060;523,040;562,032;590,161;604,004;674,224;696,054;823,065;996,034;1162,049
160:0,016;428,206;520,060;529,055;545,089;604,004;679,239
161:0,017;145,028;313,023;403,039;573,210;663,060;1143,274
162:0,017;277,235;382,064;403,039;514,058;644,025;752,221;783,056;1104,259;1193,123
163:0,017;277,086;327,117;403,039;571,070;663,060;1183,041
164:0,017;264,223;403,039;588,030;663,060;1193,123
165:0,017;277,235;313,023;382,064;521,139;714,130;783,056;1059,113;1183,041
166:0,017;264,223;313,023;327,117;459,058;467,013;507,141;514,058;629,112;663,060
167:0,017;285,034;313,023;335,239;663,060;695,041;726,235;1127,130
168:0,017;244,070;331,274;381,024;382,064;507,141;514,058;571,070;695,041;716,086
169:0,017;288,226;313,023;409,265;695,041;783,056;1127,130
170:0,017;265,169;461,021;571,070;623,065;625,030;919,205;1183,041
171:0,018;416,119;431,181;822,040;826,123;1028,120
172:0,018;377,194;392,077
173:0,018;486,078;765,167;922,071
174:0,018;266,259;310,083
175:0,018;431,231;571,070;577,066;957,148;1110,067
176:0,018;347,036;475,121;577,066;822,040;858,037;922,071;1110,067
177:0,018;417,133;528,053;577,066;833,090;922,071;1134,003
178:0,018;359,154;571,070;577,066;837,120;884,180;1129,243
179:0,018;23,239;1110,067
180:0,018;392,077;922,071
181:0,019;333,067;343,053;362,064;463,159;521,075;528,053;655,047;863,228;1183,041
182:0,019;137,132;318,075;373,196;521,075;554,029;592,053;825,012;827,061;841,218
183:0,019;312,045;318,075;391,265;1150,047
184:0,019;286,104;362,064;375,060;463,159;655,047;791,075;828,240;962,179;1036,158
185:0,019;291,065;302,029;318,075;362,064;375,060;521,075;559,085;613,044;960,131
186:0,019;291,065;324,163;333,067;374,090;521,075;751,142;996,034;1150,047
187:0,019;302,029;313,023;318,075;333,067;392,096;521,075;655,047;899,223
188:0,019;184,044;300,270;318,075;328,055;333,067;375,060;522,270;554,029;654,210;655,047;897,120;1150,047
189:0,019;302,029;312,045;362,064;375,060;554,029;613,044;881,090
190:0,019;291,065;300,270;362,064;613,044;863,228;1163,047
191:0,020;371,050;461,021;468,018;520,257;1125,045
192:0,020;371,247;461,021;468,018;469,045;524,059;584,043;854,062;980,042;1082,270;1184,188
193:0,020;344,032;468,018;469,045;550,130;791,075;991,059;1160,064
194:0,020;400,130;469,045;524,059;623,065;854,062;989,095
195:0,020;344,032;427,052;461,021;468,018;469,045;817,229
196:0,020;378,275;461,021;468,018;512,103;991,059;1102,188;1160,064
197:0,020;427,052;441,015;461,021;530,176;854,062
198:0,020;42,178;174,208;222,103;328,055;344,032;468,018;512,103;1160,064
199:0,020;359,258;425,184;427,052;461,021;468,018;524,059;550,130;623,065;779,096;854,062;991,059;1160,064
200:0,020;344,032;427,052;461,021;469,045;524,059;557,168;623,065;815,158;980,042
