001:0,001;296,065;370,024;386,031;632,198;812,052;1066,227
002:0,001;370,024;466,188;812,052;1025,151;1098,036;1148,166
003:0,001;129,239;266,004;359,220;825,267;929,028;1152,225;1170,060;1200,246
004:0,001;303,223;370,024;385,214;466,188;842,058;849,240;1082,176
005:0,001;374,201;632,198;707,216;746,190;796,198;812,052;929,028;1157,205;1170,060
006:0,001;319,248;370,024;385,214;386,031;428,176;686,120;929,028;1098,036;1182,058
007:0,001;125,084;929,028;1182,058
008:0,001;370,024;386,031;424,253;691,051;738,181;812,052;1038,272;1182,058
009:0,001;494,159;929,028
010:0,001;309,189;386,031;494,159;691,051;825,267;1170,060;1182,058
011:0,002;465,113;588,005;606,115;935,032
012:0,002;490,147;526,074;569,089;886,063;1052,214;1063,058;1122,032;1123,251
013:0,002;656,235;1063,165
014:0,002;564,256;762,041;1008,240
015:0,002;526,074;569,089;858,033;1063,165
016:0,002;506,120;526,074;546,061;762,036;921,102
017:0,002;101,160;728,010;762,041;1042,265
018:0,002;361,050;445,187;526,074;609,238;649,074;719,160;858,033;1029,049;1063,058;1168,095;1192,151
019:0,002;463,194;762,041;1116,172
020:0,002;573,134;609,238;656,235;858,033;1122,032
021:0,003;269,034;358,209;402,109;1097,044
022:0,003;238,058;329,270
023:0,003;181,108;262,017;269,034;334,103;340,030;385,056;507,243;648,026;746,274;1097,044;1196,249
024:0,003;196,176;234,131;238,058;361,050;648,026;746,143;785,093;1097,044;1186,048
025:0,003;120,028;269,034;403,262;444,270;504,017;557,211;808,072;996,055;998,113
026:0,003;120,028;307,081;361,050;684,029;788,062;1103,146;1186,048
027:0,003;238,058;269,034;345,002;361,050;648,026;728,228
028:0,003;266,088;361,050;507,243
029:0,003;196,176;358,209;361,050;809,253;1057,070;1097,044
030:0,003;186,122;238,058;269,034;340,030;402,109;1044,228
031:0,004;158,036;648,026;706,010;776,263;1022,067;1089,189
032:0,004;436,168;466,038;742,096;1029,006;1099,208
033:0,004;321,035;372,038;431,006;699,049;706,010;809,096;1022,067;1081,233;1122,032;1185,068
034:0,004;372,038;393,055;422,198;515,038;564,256;580,193;676,206;706,010;780,226;842,058;1010,263;1029,006;1096,111
035:0,004;393,055;431,019;439,252;609,077;699,049;706,010;771,258;780,226;842,058;1029,006;1185,068
036:0,004;466,038;771,180;842,058;1022,067;1029,006;1176,251
037:0,004;384,219;464,036;573,046;581,140;706,010;786,245;813,081;1029,006;1074,038;1101,062
038:0,004;490,101;1029,006;1117,224
039:0,004;393,055;403,262;699,050;706,010;753,057;813,081;1029,006;1084,248
040:0,004;372,038;403,227;706,010;898,138
041:0,005;752,233
042:0,005;762,192;821,031;868,051;1029,006;1067,038
043:0,005;758,151;821,035;935,032
044:0,005;326,122;593,205
045:0,005;821,031;868,051;1040,190;1067,038;1172,217
046:0,005;765,196;821,035;901,220
047:0,005;821,035;868,051;1116,240
048:0,005;758,151;868,051;1067,038;1122,213
049:0,005;172,059;199,109;287,005;655,264;821,035;875,009;885,254;935,032;1101,062
050:0,005;765,196;935,032;1067,038;1101,062
051:0,006;125,054;138,136;152,046;160,072;226,114
052:0,006;110,110;291,067;374,048;394,070;405,143
053:0,006;98,049;176,187;480,035;606,183;701,042;783,172
054:0,006;181,108;374,048;492,131
055:0,006;91,032;125,054;134,049;176,187;183,062;291,067;421,266;1039,042;1111,232
056:0,006;91,032;97,247;98,049;121,027;138,136;172,059;183,098;340,030;405,143;480,035;848,070
057:0,006;125,054;152,046;160,072;217,260;374,048;606,183;808,072
058:0,006;170,037;225,092;421,266;480,035;756,183
059:0,006;98,049;129,239;160,072;225,092;291,067;408,232
060:0,006;91,032;128,150;152,046;195,179;279,217;373,087;480,035;814,192
061:0,007;259,104;324,049;371,233;546,061;558,205;571,032;683,107;910,095;1064,039
062:0,007;373,087;546,061;571,032;672,166;695,060;749,044;844,120
063:0,007;170,037;247,107;321,035;385,056;586,257;606,186;695,060;749,199
064:0,007;144,039;170,037;315,073;406,220;546,061;615,058;625,104;1064,039
065:0,007;152,046;170,037;186,122;247,107;308,096;321,035;385,056;518,161;525,227;571,032;657,012;910,095
066:0,007;170,037;267,050;324,049;333,110;372,038;519,082;695,060;733,146;1186,048
067:0,007;200,062;307,087;321,035;324,049;385,056;562,263;798,243;953,237;1064,039
068:0,007;267,050;315,073;333,110;672,166;1034,246;1064,039
069:0,007;279,217;315,073;455,141;546,061;625,104;629,110;706,010;751,206
070:0,007;175,165;267,050;315,073;324,049;385,056;390,041;546,061;571,032;671,178
071:0,008;56,190;169,139;171,058;172,059;283,145;638,074
072:0,008;172,059;380,259;600,037;1191,118
073:0,008;207,053;406,187;431,019;502,119;559,039;638,074
074:0,008;155,256;207,053;381,146;600,037;664,036;697,167
075:0,008;171,058;183,062;207,053;443,034;600,037;638,074
076:0,008;56,190;183,062;308,096;403,227;431,019;441,263;443,034;628,207;638,074
077:0,008;171,058;197,183;431,019;483,225;600,037
078:0,008;171,058;197,183;207,053;431,019;466,038;483,225
079:0,008;175,131;183,062;372,021;431,019;443,034;558,054;591,217;600,037;1122,032
080:0,008;169,139;431,019;443,034;600,037;1088,045
081:0,009;260,070;372,037;376,051;587,185;611,263;630,062;1000,144;1123,047
082:0,009;175,131;260,070;404,044;587,185;1123,047
083:0,009;218,112;390,041;628,118;1057,049
084:0,009;222,039;263,093;404,044;630,062;897,053;907,035;1063,177;1086,110
085:0,009;205,010;260,070;372,037;431,129;1043,122
086:0,009;22,188;260,070;376,051;573,112;907,035;1048,075;1086,110
087:0,009;206,093;404,044;573,112;615,058;630,062;1033,226;1123,047
088:0,009;225,082;439,252;630,062;706,010;826,192;891,147;907,035;1123,047;1185,068
089:0,009;218,112;225,082;372,037;376,051;568,042;585,077;615,058;643,103;1100,050
090:0,009;178,043;312,188;376,051;404,044;824,269;907,035;1029,090
091:0,010;261,095;388,072;430,194;449,065;682,079;726,030
092:0,010;232,074;395,153;657,012;688,202
093:0,010;211,080;232,074;388,072;416,065;669,052;688,202;726,030
094:0,010;308,190;397,248;657,012;705,100;858,033;1034,246
095:0,010;275,237;416,065;657,012;726,030
096:0,010;261,095;726,030
097:0,010;254,144;378,237
098:0,010;254,144;657,012;729,259
099:0,010;232,074;416,065;657,012;713,215;1090,161
100:0,010;232,074;388,072;395,153;416,065;657,012;721,175;845,026;1026,216;1063,058;1159,047
101:0,011;173,059;334,103;480,035;691,051;875,009;908,186;1009,048;1100,050
102:0,011;144,063;171,058;196,219;533,144;559,253;1100,050
103:0,011;129,035;144,063;149,140;431,006;519,141;726,217
104:0,011;144,063;254,147;865,029;875,009;895,188;1152,144
105:0,011;158,036;718,095;762,036;853,271;875,009;902,037;936,067;971,220;1100,050
106:0,011;178,189;223,032;259,104;339,055;359,213;403,047;466,116;762,036;821,031;875,009;902,230;936,067;985,112
107:0,011;158,036;478,004;660,264;762,036;875,009;894,157;984,072
108:0,011;149,140;158,036;726,217;913,231;936,067;984,072
109:0,011;144,063;158,036;585,040;640,062;984,072;1186,048
110:0,011;178,189;527,116;875,007;913,231;936,067;984,072
111:0,012;238,134;663,121;753,075;788,058;1001,013;1163,103
112:0,012;193,016;403,048;478,004;504,017;551,039;703,068;886,063;1008,013;1029,059
113:0,012;262,059;312,250;403,048;478,004;504,017;519,067;549,058;597,262;703,068;886,063;1090,161
114:0,012;181,251;478,004;504,017;551,039;663,121;1001,013;1161,120
115:0,012;188,001;238,236;504,017;528,219;703,068;886,174;1001,013;1136,216
116:0,012;194,223;370,024;391,105;703,068;740,045;753,075;886,174;1001,013;1052,272
117:0,012;220,260;403,048;424,138;478,004;541,204;740,045;753,075;826,128;1001,013;1054,260
118:0,012;307,047;478,004;494,248;504,017;800,142;1029,059
119:0,012;121,027;150,049;229,232;292,031;424,138;430,134;504,017;730,193;753,075;800,142;1029,059
120:0,012;125,054;238,236;478,004;504,017;549,058;587,218;740,045;784,119;886,063;1001,013;1029,059
121:0,013;301,058;303,272;753,057;840,029;1109,035;1161,134
122:0,013;323,206;379,135;808,072;875,009;900,080
123:0,013;302,153;307,047;625,242;664,036;670,044;879,085;897,053;1066,127
124:0,013;41,047;77,017;280,075;301,058;359,213;537,042;670,044;803,024;813,044;840,029;1109,035;1162,113
125:0,013;280,075;301,058;302,153;309,090;840,029;1132,226;1138,168
126:0,013;296,233;301,058;323,206;835,120;840,029;1138,168
127:0,013;286,033;379,135;753,057;808,072;1109,035
128:0,013;207,053;280,075;313,047;664,036;670,044;853,026;1048,075
129:0,013;303,272;466,038;707,201;900,080;1039,042;1109,035;1132,226
130:0,013;309,090;670,044;741,203;1161,134
131:0,014;341,032;405,247;699,050;848,070;1098,036;1141,108
132:0,014;351,084;394,070;674,171
133:0,014;349,230;394,070;759,093;848,070;1198,234
134:0,014;352,199;431,129;466,038;699,050;907,118
135:0,014;349,230;850,219;976,050;1198,234
136:0,014;373,150;394,070;1111,156
137:0,014;341,032;412,068;705,257;976,050
138:0,014;116,087;341,032;394,070;699,050;740,045;749,128;848,070;850,219;1101,062
139:0,014;405,247;412,068;657,012;699,050
140:0,014;99,045;155,256;175,165;341,032;373,150;412,068;674,171;699,050;821,035;1078,152
141:0,015;144,039;301,207;549,058;551,039;627,246;701,042;875,007;948,125;1029,049
142:0,015;107,231;121,027;142,106;235,152;518,161;897,053;1021,102
143:0,015;127,232;307,047;313,046;446,256;549,058;585,040;752,233;826,129
144:0,015;121,027;127,232;144,039;296,233;370,024;371,071;585,040;699,049;707,216;875,007;934,150
145:0,015;144,039;371,071;465,113;875,007;897,053;976,050;986,256
146:0,015;144,186;875,007;987,122
147:0,015;279,138;307,047;549,058;585,040;664,036;701,042;703,068;875,007;906,116;1025,151;1029,049
148:0,015;164,248;279,138;371,071;549,058;595,179;691,051;701,042;911,051;1002,201;1117,125
149:0,015;107,231;371,071;581,261;875,007;948,125
150:0,015;144,039;367,169;875,007;897,053;1029,049;1137,177
151:0,016;68,080;90,214;129,035;171,184;370,024;390,190
152:0,016;97,247;99,045;129,035;201,152;339,055;390,041;535,212;638,153
153:0,016;90,214;99,045;171,184;376,051;508,029;615,058;669,194
154:0,016;79,171;91,032;163,180;339,055;340,030;477,259;567,044;615,138
155:0,016;99,045;178,043;340,080;615,138;781,230
156:0,016;206,267;339,055;369,193
157:0,016;64,096;307,081;385,056;508,029;687,224
158:0,016;63,226;332,194;508,029;762,041;1029,049
159:0,016;64,096;68,080;129,035;220,191;600,037;687,224;1084,267
160:0,016;104,092;163,180;267,050;332,194;339,055;370,142;390,041;508,029;1048,075;1078,152
161:0,017;280,075;326,122;510,064;558,205;669,052;747,139;775,024;785,084;1170,063
162:0,017;286,259;313,225;341,075;393,055;431,006;588,120;719,183;726,058;763,227;1088,045
163:0,017;180,259;296,065;310,123;341,075;478,115;519,067;726,058;775,024;1029,090;1170,063
164:0,017;296,065;299,168;669,052;726,058;747,139;775,024;992,041;1088,045;1111,156
165:0,017;313,225;319,248;420,053;431,006;510,064;519,067;565,212;723,162;775,024;1000,116;1088,045;1170,063
166:0,017;292,165;341,075;388,072;478,115;519,067;755,221;775,024;1042,081;1098,036;1177,215
167:0,017;299,168;431,006;537,042;694,251;726,058;775,024;1072,211
168:0,017;142,106;420,053;431,006;537,042;669,052;743,037;775,024;1026,216
169:0,017;341,075;507,091;510,064;527,253;533,266;537,042;775,024;1042,081;1170,063
170:0,017;134,049;142,142;296,065;386,069;420,053;431,006;510,064;551,039;669,052;763,227;775,024;1012,209
171:0,018;41,212;120,028;340,080;615,075;691,054
172:0,018;60,251;120,028;121,255;134,049;278,261;282,117;292,031;500,197;615,075;691,054
173:0,018;63,188;120,028;282,117
174:0,018;41,047;60,251;211,239;604,136;1200,117
175:0,018;120,028;172,059;430,130;507,091
176:0,018;41,047;131,179;178,043;292,031;372,037;430,130;505,213;615,075;682,079
177:0,018;41,047;101,160;691,054
178:0,018;121,255;134,049;178,043;292,031;605,039;615,075;691,054
179:0,018;48,086;178,043;295,077;420,053;431,006;604,136
180:0,018;41,212;134,049;214,167;260,070;723,162
181:0,019;283,171;544,055;961,210;1022,067;1125,151;1170,063
182:0,019;193,016;313,046;446,154;1039,042;1137,177
183:0,019;193,016;322,241;446,154;544,055;1125,151
184:0,019;193,016;336,142;403,048;478,004;657,176
185:0,019;211,080;312,244;313,046;374,048;386,069;502,119;976,050;1089,274
186:0,019;193,016;312,250;313,046;386,069;544,055;1089,112;1119,153
187:0,019;193,016;340,067;386,069;552,055
188:0,019;356,085;367,169;544,055;961,210;1039,042;1063,058;1137,147
189:0,019;193,016;322,241;412,068;661,273;1001,013;1083,266;1139,162
190:0,019;98,049;193,016;313,046;837,055;1083,266
191:0,020;177,210;213,026;237,237;248,033;381,146;419,021;434,226;450,029;573,046;809,147
192:0,020;184,215;223,032;238,134;248,033;372,021;435,251;695,060;720,071;845,026;1048,075;1085,154;1185,068
193:0,020;168,141;431,019;434,226;450,029;475,180
194:0,020;98,019;165,274;223,032;312,244;372,021;422,198;423,069;573,046;788,058;845,026;1001,013;1069,178;1097,044;1109,259
195:0,020;160,072;166,242;248,033;291,067;372,021;423,069;450,029;573,046;628,213;1163,198
196:0,020;183,098;213,026;372,021;423,069;558,054;586,257;720,071;753,057;788,058;812,052;1009,048;1163,198;1170,060
197:0,020;104,092;165,274;213,026;248,033;372,021;567,245;788,058;845,026;1009,048;1085,154;1155,202
198:0,020;166,242;168,141;213,026;223,032;442,189;558,054;628,213;720,071;811,218;1009,048;1152,144
199:0,020;176,246;184,215;257,032;292,031;372,021;423,069;450,029;784,140;845,026;945,201
200:0,020;223,032;299,108;372,021;475,180;558,054;573,046;720,071;755,221;761,091;783,172;1014,193;1136,131
