001:0,001;123,030;132,058;239,164;354,033;402,035;487,066;523,179;686,051
002:0,001;150,217;354,033;501,029;571,051
003:0,001;126,204;132,058;237,269;354,033;457,022;487,066;808,110;869,051
004:0,001;182,198;487,066;501,029;581,128;693,186;833,244
005:0,001;182,146;354,033;571,051;617,064;837,236;1075,038
006:0,001;132,058;201,043;242,111;304,037;402,035;571,051;1118,252;1146,271;1200,208
007:0,001;133,154;487,066;630,115
008:0,001;150,217;571,051
009:0,001;131,028;169,193;354,033;501,029;571,051
010:0,001;41,075;93,228;402,035;597,098
011:0,002;125,087;171,191;255,238;508,071;513,040;519,143
012:0,002;70,266;144,074;255,238;540,178
013:0,002;125,087;1073,197
014:0,002;78,148;362,127;403,003;685,254;933,117
015:0,002;81,098;513,040;970,124
016:0,002;71,235;144,074;344,264;508,071;540,178;711,115;941,032;975,183;1116,265
017:0,002;60,005;144,074;278,203;508,071;525,197
018:0,002;58,205;859,171
019:0,002;81,098;144,074;332,269;513,040;957,149
020:0,002;58,205;508,071;513,040;975,183
021:0,003;271,081;414,071;450,103;617,033;646,221;932,073;1055,271
022:0,003;260,040;440,088
023:0,003;347,184;414,071;464,174
024:0,003;34,152;813,099;1026,262
025:0,003;243,119;899,264
026:0,003;246,173;260,040;450,096;513,040;932,073;1023,275
027:0,003;260,040;414,071;435,267;450,103;646,221;932,073;1053,168;1072,116
028:0,003;243,119;260,040;665,108;881,224
029:0,003;298,160;932,073;1023,275
030:0,003;34,152;344,264;932,073;1078,135
031:0,004;122,110;123,030;183,218
032:0,004;82,073;183,218;822,124
033:0,004;118,072;129,239;799,266;855,195;917,241
034:0,004;72,243;139,110;737,171;822,198;838,061;989,102;1012,048;1072,189;1157,268
035:0,004;123,030;180,213;479,214;548,180;720,184
036:0,004;123,030;139,110;394,058;531,070;548,180;742,045;889,131
037:0,004;239,164;270,252;311,035;355,046;720,184
038:0,004;112,256
039:0,004;95,112;112,256;531,070;550,192
040:0,004;79,252;95,112;531,070;652,064;801,195
041:0,005;265,114;458,216;931,251;1181,186
042:0,005;219,104;586,134
043:0,005;180,112;375,052;931,251
044:0,005;160,175
045:0,005;139,134;635,034
046:0,005;159,161;635,034
047:0,005;16,053;260,078;635,034
048:0,005;265,114;635,034
049:0,005;99,272
050:0,005;164,223;219,104;304,037;458,216;515,175
051:0,006;184,149
052:0,006;198,044;292,262;851,080
053:0,006;135,062;182,211;198,044;279,065;385,028;846,156
054:0,006;198,044;385,028;742,165
055:0,006;194,158;385,028;818,265;1075,038
056:0,006;364,168;1075,038
057:0,006;254,106;1059,132
058:0,006;198,044;353,100
059:0,006;184,149;385,028;865,132
060:0,006;210,156;264,198;366,042;368,270;598,044;818,265;1075,038
061:0,007;140,063;211,032;343,042;394,058;524,150
062:0,007;16,043;58,158;84,051;132,058;209,162;211,032;791,216
063:0,007;18,200;209,091;211,032;865,260
064:0,007;84,051;209,091;685,254;1196,241
065:0,007;31,185;84,051;140,063;197,037;209,162;211,032;582,133;1080,048;1148,081
066:0,007;16,043;18,200;197,037;213,041;232,118;289,275;343,042;394,058;584,212;1012,048;1141,246
067:0,007;58,158;84,051;211,032;928,145
068:0,007;16,222;31,185;255,062;492,093
069:0,007;16,043;84,051;140,063;213,273;416,130
070:0,007;16,043;105,203;197,037;232,118;343,042;416,130;708,212
071:0,008;16,043;115,041;380,235;490,053;646,152
072:0,008;172,236;598,044;622,268;860,072
073:0,008;129,083;136,089;382,131;490,053;639,196
074:0,008;115,041;382,131;490,053;501,029;560,164;1189,156
075:0,008;136,089
076:0,008;136,188
077:0,008;296,135;474,182
078:0,008;129,209;136,188
079:0,008;115,041;388,214;1185,174
080:0,008;115,041;364,168;490,053;771,192
081:0,009;29,046;43,234;224,059;275,255
082:0,009;35,180;101,207;275,255;470,073;788,166
083:0,009;39,168;224,059;300,206
084:0,009;41,075;70,266;151,105;224,059;300,206
085:0,009;86,183;255,062;391,166;798,119
086:0,009;41,075;79,252
087:0,009;41,075;101,207;197,037;255,062;385,201
088:0,009;29,046;35,180;255,062;398,099
089:0,009;29,046;151,105
090:0,009;43,234;139,027;224,059;255,062;385,201
091:0,010;278,208;750,061;1116,265
092:0,010;279,065;413,259;693,035;750,061;1117,161;1119,178;1129,147;1136,174;1173,066
093:0,010;285,200;750,061;941,032
094:0,010;279,065;440,162;617,064;774,157;941,032
095:0,010;250,057;304,095;681,068;774,117;1014,222;1173,066
096:0,010;72,243;406,140
097:0,010;441,209;1173,066;1199,090
098:0,010;276,211;278,208
099:0,010;210,156;750,061;941,032
100:0,010;279,065;406,140;786,268;921,186;941,032
101:0,011;55,251;414,065;481,107;574,035;659,187
102:0,011;37,201;175,053;239,172;385,028;856,087
103:0,011;9,191;355,046;744,092
104:0,011;121,093;414,065;505,220;519,143;574,035;761,198
105:0,011;16,053;414,065;574,035;778,262;1085,048;1087,198
106:0,011;16,053;429,075;481,107;571,255;744,092;1084,189
107:0,011;5,095;16,053;355,046;989,161;1096,254
108:0,011;9,191;37,201;39,168;131,028;311,272;355,046;761,198;776,202;917,034
109:0,011;5,095;355,046;414,065;507,234
110:0,011;55,251;121,093;131,028;239,172;507,234;618,035;860,157
111:0,012;61,037;118,072;364,106;457,022;481,085;650,037;1097,041
112:0,012;116,178;396,055;598,044;781,199
113:0,012;61,037;99,272;279,065;331,212;396,055;650,037
114:0,012;16,222;61,037;82,073;396,055;490,053;598,044;746,041;961,126
115:0,012;65,038;118,072;371,210;401,102
116:0,012;65,038;118,072;399,101;403,003;650,037;1160,218
117:0,012;61,037;118,072;401,102;412,055;613,203
118:0,012;65,038;116,178;396,055;616,168;746,041
119:0,012;82,073;190,150;746,041
120:0,012;65,038;82,073;190,150;481,085;598,044;746,041
121:0,013;172,224;457,022;599,259
122:0,013;256,159;457,022;561,207;742,045;931,161
123:0,013;314,271;414,071;429,075;545,209;617,064;735,132;879,268
124:0,013;310,231;429,075;561,211;662,103
125:0,013;201,043;377,080;488,111
126:0,013;98,147;429,075;506,138;574,035;712,027;928,104
127:0,013;98,147;457,022;506,138;561,207;650,037;979,219
128:0,013;201,043;385,086;457,022;474,182;494,110;862,255
129:0,013;166,055;198,223;201,043;429,075;457,022;662,103;907,082
130:0,013;201,043;314,271;385,086;457,022;488,111
131:0,014;109,035;360,071;382,263;505,067;541,273;707,057;876,079
132:0,014;84,051;135,062;177,033;243,167;552,240;910,028
133:0,014;106,116;707,057;870,028
134:0,014;109,035;870,028
135:0,014;135,062;189,098;276,053;430,213;505,067;564,182;860,082;870,028
136:0,014;109,035;304,037;321,257;505,067;552,240;870,028;963,202;1051,028
137:0,014;106,116;109,035;365,033;373,158;707,057;724,096;870,028;966,249;1017,144
138:0,014;135,062;242,111;304,051;393,153;707,057;870,028;1017,144
139:0,014;109,035;321,257;505,067;531,070;541,273;717,057;860,082;1059,214
140:0,014;136,174;393,153
141:0,015;156,026;395,160;419,263;443,235;1116,087
142:0,015;152,267;156,026;327,056;537,087;545,137;856,203;981,162
143:0,015;177,033;327,056;537,171;715,235
144:0,015;177,033;311,091;327,056;471,121
145:0,015;152,267
146:0,015;177,033;322,236;948,103;1009,106
147:0,015;156,026;348,127
148:0,015;265,187;353,071;530,147
149:0,015;156,026;343,042;389,083;876,079
150:0,015;201,269;297,167;327,056;537,171;886,259
151:0,016;166,055;251,093;352,027
152:0,016;29,046;89,247;166,055;196,222;215,202;365,052;724,096
153:0,016;166,055;174,108;352,027
154:0,016;199,113;365,052;956,253
155:0,016;235,227;761,151;937,133
156:0,016;181,109
157:0,016;266,275;353,071;365,052;964,199;999,088;1122,135
158:0,016;196,222;1173,066;1194,125
159:0,016;174,108;352,027
160:0,016;215,202;353,071;365,052;947,116
161:0,017;127,176;258,200;276,109;304,051;428,243;440,074;478,245;681,068;981,162;1012,048
162:0,017;126,204;440,074;590,244
163:0,017;139,027;331,212;681,068;857,241;1153,253
164:0,017;127,043;186,245;617,033;681,068;910,125
165:0,017;127,043;149,072;225,069;345,088;617,033;659,187;715,130;1176,147
166:0,017;125,081;127,176;131,028;268,163;910,125;987,266
167:0,017;127,043;139,027;186,245;304,051;398,149;440,074;513,128;1012,048
168:0,017;125,081;139,027;258,200;738,224;863,208;946,121
169:0,017;139,027;160,053;419,244;617,033;711,120;1012,048
170:0,017;127,043;139,027;239,244;254,106;260,040;304,051;440,074;543,032;751,105;952,127
171:0,018;250,057;281,073;501,225
172:0,018;70,028;122,076;281,073;316,113;337,173
173:0,018;70,028;89,247;250,057;352,027;692,189;742,045;952,273
174:0,018;103,109;250,057;389,132;672,176
175:0,018;76,171;271,081;281,073;742,045;783,232
176:0,018;70,028;118,172;209,165;403,003;662,186
177:0,018;70,028;250,057;389,132;779,041
178:0,018;102,095;281,073;617,064;667,172
179:0,018;81,192;281,073;799,266
180:0,018;140,063;209,165;250,057;353,071;394,058;501,225;692,189;742,045;913,272
181:0,019;54,069;57,139;403,003;665,108
182:0,019;57,139;403,003;690,202
183:0,019;54,069;355,046;437,176;762,196;1068,224;1137,117
184:0,019;54,069;96,124;403,003;668,242
185:0,019;96,124;847,205
186:0,019;54,069;327,056;856,109
187:0,019;46,106;54,069;403,003;655,219
188:0,019;46,082;61,069;78,148;402,035;403,003;707,167;973,205
189:0,019;54,069;349,146;707,167
190:0,019;46,082;256,159;262,224;1034,164
191:0,020;22,129;97,045;402,035;405,178;408,072
192:0,020;22,129;79,137;673,027
193:0,020;97,045;377,080;408,072
194:0,020;88,190;281,073;836,037
195:0,020;97,045;472,230
196:0,020;79,137;97,045;487,080
197:0,020;94,227;110,235;408,072
198:0,020;88,190;92,104;94,227;750,027;761,151
199:0,020;92,104;97,045;408,072
200:0,020;249,173;472,230
