001:0,001;105,120;132,069;141,210;255,231
002:0,001;105,120;763,065;1108,076
003:0,001;132,069;157,051;202,052;230,047;317,157;415,231;763,065;882,155;1064,273;1191,247
004:0,001;171,074;202,052;284,172
005:0,001;132,069;155,112;188,064;263,261;399,141;409,062;540,004;639,054;663,271;1026,240;1069,087
006:0,001;144,179;361,174;374,087;410,144;882,155
007:0,001;157,051;197,224;202,052;284,172;317,157
008:0,001;188,064;255,231;336,050;350,137
009:0,001;171,074;188,064;241,237;665,037;769,247
010:0,001;157,051;187,039;241,237;352,120;725,144;763,065;891,225
011:0,002;236,030;364,032;648,085
012:0,002;236,030;448,092;571,055;655,151
013:0,002;188,147;215,059;291,061;339,266;614,242;902,196;1028,251
014:0,002;236,030;287,225;565,241
015:0,002;202,052;210,235;236,030;372,079;435,149;621,095;648,085;655,151;1077,266
016:0,002;263,100;291,061;359,263;524,252;544,208;599,004;621,095;662,059;755,106
017:0,002;236,030;263,100;291,061;344,070;572,156;691,115
018:0,002;236,030;359,263
019:0,002;228,241
020:0,002;72,030;137,209;339,266
021:0,003;550,189;641,042;946,083;1002,082
022:0,003;628,250
023:0,003;639,054;641,042;893,056;944,055;995,165
024:0,003;639,054;725,124;773,104
025:0,003;551,187;647,045;823,185
026:0,003;215,059;361,133;447,003;700,098;893,056;1047,049;1195,155
027:0,003;620,263;739,004;893,056;1002,086
028:0,003;8,198
029:0,003;617,267;639,054;641,042;896,191
030:0,003;578,175;641,042;893,056;1002,082
031:0,004;11,224;742,004;794,092;1105,046;1165,032
032:0,004;799,061;905,257;955,071
033:0,004;605,249;799,061;939,204;1105,046
034:0,004;799,061;876,093;955,071;1105,046
035:0,004;810,192;955,071;1148,182
036:0,004;793,087;834,245
037:0,004;152,174;487,026;521,173;629,004;834,245;851,094;955,071;1114,043;1162,223;1165,032
038:0,004;793,087;1105,046;1165,032
039:0,004;811,228;821,117;1165,032
040:0,004;876,093
041:0,005;90,067;120,091;143,048;273,053;1082,049
042:0,005;103,105
043:0,005;102,069;129,073;379,224
044:0,005;90,067;98,036;102,069;125,165;143,048;316,008;537,096;573,254;578,135;800,132
045:0,005;98,036;143,048;246,071;449,187
046:0,005;135,147;143,048;400,159
047:0,005;90,067;102,069;115,082;715,053;1067,107;1072,056
048:0,005;90,067;98,036;153,095;273,053;1072,056
049:0,005;96,157;138,078;273,053;278,031;580,182
050:0,005;138,078;291,061;307,053;905,100
051:0,006;48,251;74,041;105,214;129,073;246,071;407,070;752,092;788,255;961,112
052:0,006;105,214;207,035;246,071;558,118;589,077
053:0,006;46,136;74,041;115,211;273,053;1047,049;1195,243
054:0,006;194,139;586,093;793,073;1137,103;1167,065
055:0,006;50,246;74,041;197,015;407,070;486,101;647,045;786,140;900,063;940,028;1167,065
056:0,006;46,203;129,073;207,035;253,047;407,070;586,093;647,045;793,073;961,112;1198,029
057:0,006;48,251;74,041;85,175;207,035;457,253;517,036;647,045;1040,166;1047,049;1167,065
058:0,006;77,080;129,073;221,183;407,070;630,167;657,185;1047,049
059:0,006;94,096;115,211;129,073;194,139
060:0,006;46,136;50,246;189,242;207,035;246,071;486,101;969,053;987,188;1167,065
061:0,007;153,050;181,228;472,052;857,251
062:0,007;183,060;345,149;538,073;592,192;819,188
063:0,007;182,189;472,052;623,230
064:0,007;140,024;264,273;616,067;688,175
065:0,007;13,106;99,055;181,228;183,060;264,273;616,067;795,246
066:0,007;174,220;345,056;469,227;623,230
067:0,007;10,196;183,060;331,173;472,052;648,265
068:0,007;153,050;174,220;472,052;616,067;713,273;778,109
069:0,007;153,050;303,077;622,137;716,154
070:0,007;153,050;182,189;616,067;641,042;648,265;1142,103
071:0,008;144,179;906,057
072:0,008;517,166;630,167;793,073;887,186
073:0,008;336,050;399,141;463,192;630,044;679,177
074:0,008;463,192;479,073;562,240;630,044;760,208
075:0,008;537,096;906,057
076:0,008;405,154;817,207;822,101
077:0,008;522,166;543,174;568,017;630,044;792,157;906,057
078:0,008;438,025;506,227
079:0,008;319,085;529,228
080:0,008;404,220;418,174;906,057
081:0,009;228,099;366,056;449,207;527,226;784,036
082:0,009;195,149;210,102;336,050;364,246;366,056;407,113;784,036
083:0,009;191,209;238,188;240,035;258,260;366,056;457,104;784,036;973,058;1029,255
084:0,009;210,102;862,029
085:0,009;194,238;336,050;345,056;615,146;667,202;683,167;782,275
086:0,009;193,096;409,062;527,228;585,118;1062,250
087:0,009;195,149;258,260;364,246
088:0,009;194,238;336,050;345,056;366,114;409,062;532,200;893,056;990,036
089:0,009;228,099;273,136;409,062;501,152;784,036
090:0,009;273,136;366,114;1170,275
091:0,010;147,184;239,032;622,272;636,020;719,186;802,143
092:0,010;164,252;239,032;521,173;568,017;635,040;636,020;679,109;717,051;879,061;1132,153
093:0,010;146,242;151,044;407,070;410,150;568,017;636,020;786,140
094:0,010;151,044;636,020;702,051;902,048;974,144
095:0,010;151,044;568,017;636,020;826,051;837,037
096:0,010;239,032;568,017;636,020;702,051;896,273
097:0,010;151,044;568,017;702,051;879,061;1054,268
098:0,010;70,255;79,136;169,044;587,048;636,020;857,051;1032,066;1054,268
099:0,010;164,252;636,020;802,143;879,061;1056,123
100:0,010;39,080;239,032;568,017;636,020;679,109;879,061;1038,220;1052,255;1190,224
101:0,011;102,035;157,171;289,075;557,048;1016,085;1035,069
102:0,011;118,116;120,091;557,048;1023,237
103:0,011;156,085;557,048;1022,091
104:0,011;188,147
105:0,011;94,096;102,035;179,154;441,110;557,048;1004,133
106:0,011;218,210;1035,069;1140,210
107:0,011;114,196;122,131;156,085;289,075;607,126;729,266;763,065;844,195;954,043;1035,069
108:0,011;122,131;289,075;608,220;741,213
109:0,011;102,035;118,116;608,220;934,194;968,139;1035,069;1193,032
110:0,011;102,035;147,122;289,075;649,020;741,213
111:0,012;240,170;304,051;585,029
112:0,012;288,239;304,051;479,073;571,055;592,237;665,037;711,029;961,142
113:0,012;239,137;304,051;595,229;1026,029;1153,206
114:0,012;18,011;110,030;171,074;177,012;239,153;609,046;893,056;973,058;1023,237;1085,212
115:0,012;291,161;304,051;585,029;665,037;787,249
116:0,012;283,158;479,073;585,029
117:0,012;266,138;428,051;580,182;941,193;1068,204
118:0,012;246,274;273,053;374,159;479,073;585,029;713,273;973,058;1105,046
119:0,012;283,158;665,037;724,232
120:0,012;239,137;571,055;585,029
121:0,013;310,032;314,119;358,026;735,169
122:0,013;98,036;137,112;141,210;187,039;199,247;348,200;584,254;626,119;735,169
123:0,013;237,208;763,227;767,043
124:0,013;172,176;358,026;632,115;688,035;767,043
125:0,013;175,088;199,247;619,026;808,177;1108,077
126:0,013;192,200;358,026;688,035;767,043
127:0,013;237,208;437,026;734,272
128:0,013;187,039;358,026;688,035;767,043
129:0,013;303,161;314,119
130:0,013;79,248;192,200;250,140;688,035;819,188;849,154;853,217
131:0,014;102,056;146,031;275,117;826,089;944,055;1017,256
132:0,014;101,138;146,031;182,212
133:0,014;102,056;155,084;202,055;228,185;762,126
134:0,014;146,031;221,202;1005,060
135:0,014;103,018;146,031;202,055;221,063;281,229;842,077;912,036;1007,235
136:0,014;102,056;222,144;504,159;630,044;740,233;1005,060
137:0,014;143,270;188,064;312,152;649,027;808,184;1005,060
138:0,014;102,056;202,055;252,175;702,051;731,233
139:0,014;101,138;202,055;286,094
140:0,014;146,031;287,225;752,092;1005,060
141:0,015;309,131;345,056;348,106;379,069;423,070;459,234;568,017;800,132;837,037
142:0,015;379,069;960,210
143:0,015;361,166;379,069;793,073;940,166
144:0,015;318,248;321,124;837,037;944,055;1070,066
145:0,015;304,051;308,253;607,126
146:0,015;309,131;760,248;837,037
147:0,015;351,110;379,069;832,269
148:0,015;360,180;379,069;798,205
149:0,015;187,039;321,124;379,069;844,195;1184,132
150:0,015;329,032;348,106;351,110;491,073;566,255;803,232;854,037
151:0,016;146,242
152:0,016;132,069;225,218;438,025;475,081;765,066
153:0,016;159,080;438,025;467,027;475,081
154:0,016;195,156;1033,066;1054,197
155:0,016;146,181;467,027;765,066;891,240;1017,114
156:0,016;163,112;225,218;438,025;573,254;765,066
157:0,016;153,095;467,027;856,188;891,240
158:0,016;195,156;438,025;503,129
159:0,016;238,188;438,025;467,027;765,066
160:0,016;183,060;312,152;438,025;537,163;765,066
161:0,017;115,082;166,248;279,034;333,046;434,259
162:0,017;36,164;72,030;188,223;279,034;386,275;509,063;973,058;1053,216;1072,056;1175,061
163:0,017;95,207;171,074;276,095;333,046;435,063;1099,153
164:0,017;79,136;95,207;1175,061
165:0,017;36,164
166:0,017;72,030;182,212;435,063;1109,159;1175,061
167:0,017;79,182;122,087;333,046;435,063;1175,061
168:0,017;85,175;279,034;333,046;435,063;1053,216
169:0,017;72,030;279,034;333,046;915,118
170:0,017;122,087;560,259
171:0,018;140,024;266,193;1072,056
172:0,018;157,051;195,047;479,066;694,089;940,028
173:0,018;140,024;157,171;195,047;467,027;808,201;940,028
174:0,018;148,140;195,047;483,234;694,089;799,061;879,211;928,201
175:0,018;112,124;140,024;195,047;510,258;940,028
176:0,018;140,024;148,140;437,196;479,066;689,083
177:0,018;140,024;224,193;873,130;879,211
178:0,018;102,069;127,216;140,024;151,076;479,066;683,252
179:0,018;151,076;163,226;621,258;940,028
180:0,018;140,024;260,180;479,066;873,130
181:0,019;95,071;113,038;151,240;313,070;409,267
182:0,019;99,055;171,191;313,070;393,095;609,046;1048,209
183:0,019;95,071;174,079;609,046;1025,095
184:0,019;151,240;173,275;1064,249;1171,100
185:0,019;113,038;174,079;313,070;361,090;609,046;966,162
186:0,019;157,092;215,059;415,097;977,057;1038,194
187:0,019;99,055;116,174;215,059;399,115;798,187;1169,165
188:0,019;95,071;113,038;173,275;366,056;367,194;750,035;827,220
189:0,019;99,055;113,038;157,092;215,059;392,196;767,102
190:0,019;99,055;104,226;313,070;367,194
191:0,020;118,203;278,031;279,150;588,056;710,217;886,271
192:0,020;108,063;278,031;588,056;709,125
193:0,020;128,115;457,104;635,040;725,148;944,055;1004,133
194:0,020;108,063;278,031;392,135;410,099;469,036;635,040;711,196
195:0,020;95,071;108,063;278,031;410,099;588,056;615,146
196:0,020;108,063;392,135;615,036;662,059;709,125;912,146
197:0,020;155,077;469,036;653,042;662,059;760,248;780,097
198:0,020;123,191;169,063;307,176;588,056;635,040;728,086;1140,085
199:0,020;146,181;469,036;571,055;601,118;910,109
200:0,020;123,191;438,025;469,036;662,059;725,148
