001:0,001;213,158;726,053;881,265
002:0,001;520,198
003:0,001;287,253;495,172;682,123;851,171;968,083;1062,062;1078,213
004:0,001;263,216;726,053;889,241;1124,112
005:0,001;203,218;340,245
006:0,001;267,248;1192,204
007:0,001;31,092;610,179;1062,062;1081,088
008:0,001;220,206;253,074;790,148;914,061;1062,062
009:0,001;31,092;726,053;1049,084
010:0,001;208,206;213,158;990,084;1017,163;1162,203
011:0,002;80,121;129,033;286,071;421,262
012:0,002;69,181;86,274
013:0,002;86,137;1151,071;1159,222
014:0,002;86,274
015:0,002;83,246;108,010;116,096;129,033;171,224;211,071
016:0,002;55,186
017:0,002;60,241;62,052;90,126;129,033;211,071
018:0,002;57,184;123,152;129,033;211,071
019:0,002;6,272;171,224;335,035;394,126
020:0,002;83,246;976,240;1054,087
021:0,003;321,178;1030,170
022:0,003;209,219;804,061
023:0,003;216,271;239,239
024:0,003;247,100;804,061
025:0,003;208,222;610,189;703,137;804,061
026:0,003;9,231;925,061
027:0,003;9,231;804,061
028:0,003;222,207;225,042;239,239;247,100
029:0,003;208,042;567,253
030:0,003;208,222
031:0,004;90,181;108,010;148,104;236,246
032:0,004;33,103;257,185;567,207
033:0,004;38,170
034:0,004;5,220;108,010;138,123;1050,029;1116,215
035:0,004;38,090;108,010;208,042;421,159;1035,235
036:0,004;37,120;776,078
037:0,004;37,120;108,010;135,072;244,140;298,087;800,172;816,134;1050,029
038:0,004;5,220;108,010;120,207;793,105;1050,029
039:0,004;8,236;108,010;148,104;208,042;257,185
040:0,004;38,090;856,056;1032,111
041:0,005;96,089
042:0,005;107,187;135,072;279,120
043:0,005;135,072;246,193;276,273
044:0,005;135,072;276,273
045:0,005;171,238;1120,093
046:0,005;33,195;179,056;246,193
047:0,005;115,183
048:0,005;124,261;312,059;332,123;367,189;406,225;648,223;771,102
049:0,005;96,089
050:0,005;112,166;197,197
051:0,006;128,115;477,060;795,241;832,033;923,108;964,060
052:0,006;51,197;385,248;481,186;720,054;832,033;857,202;1077,128;1121,241
053:0,006;57,098;98,081;233,115;378,138;563,098
054:0,006;35,170;347,057;378,138;720,054;851,249
055:0,006;51,197;141,045;373,179;477,060;700,251
056:0,006;80,255;141,045;347,057;465,164;477,060;720,054;808,257;964,060
057:0,006;18,163;141,045;477,060;631,182;743,126;828,185;844,085
058:0,006;18,163;964,060
059:0,006;98,081;253,074;347,057;373,179;637,138;720,054;832,033;851,249
060:0,006;73,228;80,255;141,045;391,161;832,033;964,060
061:0,007;115,131;129,040
062:0,007;148,244;791,058;890,073;1103,217
063:0,007;173,272;309,244;926,233
064:0,007;24,059;173,272;791,058;926,233
065:0,007;116,184;791,058;903,139
066:0,007;115,131;146,062;275,040;580,184;1005,114
067:0,007;205,116;351,147;890,073;1069,040
068:0,007;129,040;702,096;718,197;890,073;1160,197
069:0,007;129,040;745,243;890,073
070:0,007;129,040;135,072;291,147;587,185;648,264;1103,217
071:0,008;167,182;568,165
072:0,008;143,106
073:0,008;67,256;489,109
074:0,008;7,186;253,106
075:0,008;148,244;179,056;844,254
076:0,008;128,117;209,056;1089,236
077:0,008;179,056
078:0,008;126,116;136,109
079:0,008;136,109;179,056;1170,180
080:0,008;167,117
081:0,009;62,052;112,059;339,134;1043,265;1074,029
082:0,009;185,260;971,184
083:0,009;94,263;112,059;130,073;218,223;253,074;352,253;728,225;997,197;1035,105
084:0,009;312,059;363,168;963,248
085:0,009;62,052;112,059;181,173;544,063;653,209;896,258
086:0,009;58,114;253,074;367,180;726,053;896,258;1199,065
087:0,009;18,165;62,052;82,119;130,073;312,059;496,191;1153,128
088:0,009;112,059;130,073;217,171
089:0,009;57,098;185,260;463,216;791,058;975,185
090:0,009;104,116
091:0,010;25,084;63,143;1033,221
092:0,010;63,143
093:0,010;108,225
094:0,010;24,059;39,155;361,037
095:0,010;52,248;361,037
096:0,010;30,141;1199,065
097:0,010;13,221
098:0,010;24,059;140,270;361,037
099:0,010;25,084;59,011;131,144
100:0,010;39,155;205,105;361,037
101:0,011;146,062;299,098;1041,254;1108,199
102:0,011;175,118;324,163;1111,262
103:0,011;186,082
104:0,011;149,119;308,208;792,055;869,244;911,174;1015,238
105:0,011;108,010;121,264;347,057;352,118;969,158
106:0,011;185,124;186,082
107:0,011;9,140
108:0,011;9,140;160,062;185,124
109:0,011;146,062;308,208;936,260
110:0,011;200,209;590,055;924,193
111:0,012;147,136;152,121
112:0,012;199,180;418,142
113:0,012;152,121;786,144;961,133;1139,163
114:0,012;113,211;247,070;275,091;453,087;1062,191
115:0,012;247,070;275,091
116:0,012;222,122;866,062;956,242;1086,159
117:0,012;247,070;262,211
118:0,012;113,211;866,062;911,208
119:0,012;42,258;237,075;247,070;315,080;545,159
120:0,012;42,258;866,062;961,133
121:0,013;105,077;1188,139
122:0,013;32,203;105,077;119,169;249,088;740,077;900,119;1045,202
123:0,013;32,203;1175,202
124:0,013;119,169
125:0,013;99,245;100,128
126:0,013;99,245;553,264
127:0,013;100,128;905,202;994,208;1030,166
128:0,013;130,270;293,195
129:0,013;102,103;145,083
130:0,013;156,247;203,218
131:0,014;130,073;178,087;299,238;651,056;967,204
132:0,014;142,083;262,071;975,112
133:0,014;149,266;187,046;256,084;262,071
134:0,014;335,164
135:0,014;129,040;237,075;249,088;890,073;1010,199;1092,176
136:0,014;262,071;456,101
137:0,014;168,120;187,046;211,101
138:0,014;187,046;211,101;237,075;247,189;1010,199
139:0,014;69,181;256,084
140:0,014;237,075;262,071;340,223
141:0,015;70,168;398,178;469,172;478,113
142:0,015;167,219;191,167
143:0,015;79,210;91,046;154,268;165,126;167,182;471,114;656,176;761,250;1199,065
144:0,015;70,141;1003,230;1065,211;1199,065
145:0,015;91,046;187,114;1082,250
146:0,015;118,167;127,114;167,219;311,173;1199,065
147:0,015;23,107;129,040;434,176;1111,246;1130,085;1178,141
148:0,015;84,113;1170,180
149:0,015;91,046;112,166;118,167
150:0,015;82,142;542,168
151:0,016;226,165;688,104
152:0,016;122,172;207,140;232,104
153:0,016;264,102;893,223;947,137
154:0,016;228,162;264,102;611,040
155:0,016;91,046;152,268;208,042;231,127;611,040;631,182;1050,029
156:0,016;207,097;611,040
157:0,016;207,097
158:0,016;260,156
159:0,016;251,235;611,040;868,088
160:0,016;228,162;231,127;611,040
161:0,017;121,157;146,062;544,063;579,107
162:0,017;202,085;544,063;791,093
163:0,017;124,043;544,063;579,107
164:0,017;124,043;202,085;859,100;898,102
165:0,017;124,043;229,247;544,063;780,258;820,173;842,096;854,178
166:0,017;124,043;674,266
167:0,017;145,078;972,117
168:0,017;123,152;145,078;767,090
169:0,017;121,181;124,043;544,063;834,240
170:0,017;24,059;124,043;544,063;674,266
171:0,018;37,264;590,055;921,152
172:0,018;82,119;251,235;423,074;521,182;590,055;880,261;1200,241
173:0,018;99,227;423,074;908,162
174:0,018;122,172;886,228
175:0,018;152,166;312,059;335,035;488,129;590,055;900,119
176:0,018;86,230;423,074;535,080;823,148
177:0,018;73,171;86,230
178:0,018;160,153;908,162
179:0,018;114,156;269,062;335,035;423,074;822,116
180:0,018;73,171;160,153;335,035;420,075;423,074;886,228;1154,230
181:0,019;8,198;222,122;329,075;607,239;1045,128;1062,062
182:0,019;187,046;198,195;575,105;950,182
183:0,019;169,041;329,075;807,235
184:0,019;169,041;329,075;520,198
185:0,019;229,250;773,253;911,173
186:0,019;169,041;329,075;604,096
187:0,019;169,041;412,261
188:0,019;325,271;853,081;1174,077
189:0,019;83,012;118,118
190:0,019;169,041;229,250;329,075;598,081
191:0,020;38,269
192:0,020;21,105;623,147
193:0,020;36,191;211,071;261,227;294,166
194:0,020;49,150;1078,072
195:0,020;49,150;841,174;1078,072
196:0,020;85,174;866,062;1078,072
197:0,020;22,149
198:0,020;38,269
199:0,020;22,149
200:0,020;143,126;706,080;1078,072
