001:0,001;215,198;232,124;240,053;542,148
002:0,001;217,029;232,035;240,053;522,047;901,233
003:0,001;202,243
004:0,001;93,071;202,243
005:0,001;202,213;943,169
006:0,001;202,213;363,053;520,032;604,268;965,225
007:0,001;215,198;217,029;264,165
008:0,001;235,203
009:0,001;6,158;123,001;217,029;277,202
010:0,001;217,029;264,165;546,044;584,224
011:0,002;164,122;227,028;713,169;1022,074
012:0,002;227,028;896,074;1121,241
013:0,002;164,122;690,084;1051,168;1121,268
014:0,002;227,028;669,214;854,165;896,074
015:0,002;262,043;690,084;1121,241
016:0,002;232,124;343,032;669,214
017:0,002;227,028;678,121;784,101;896,074;1181,108
018:0,002;227,028;262,043;739,167
019:0,002;241,234;265,071;369,131;739,167;896,074
020:0,002;262,043;343,032;548,129;1018,266
021:0,003;123,140;242,056;967,163;977,078
022:0,003;80,133;110,063;295,153
023:0,003;86,087;343,032;534,265;719,083;815,151;816,056;896,049;1052,190
024:0,003;87,043;110,063;359,121;695,201;741,121;967,163
025:0,003;79,131;110,063;242,056;978,126
026:0,003;79,131;87,043;110,063;295,153
027:0,003;95,215;110,063;539,186
028:0,003;86,087;87,043;242,056;997,227
029:0,003;87,043;110,262;242,056;1031,236;1052,190
030:0,003;121,242;997,227
031:0,004;377,068;568,234;704,038;755,093
032:0,004;329,027;330,185;619,154;664,151;690,059;697,062;704,038;789,107
033:0,004;335,064;399,072;449,138;474,035;778,128;1182,031
034:0,004;410,150;474,035;479,177;697,062;740,118
035:0,004;335,064;399,072;697,062;704,038;1114,117
036:0,004;399,072;420,060;690,059;740,118;755,093
037:0,004;335,064;362,218;377,068;402,269;697,062;828,185
038:0,004;330,185;377,068;406,144;410,150;453,185;474,035;501,245
039:0,004;236,092;335,064;368,171;399,072;690,059;697,062;785,168
040:0,004;377,068;474,035;704,038;939,174
041:0,005;158,046;397,227;774,100;896,049;1038,169
042:0,005;96,030;703,053;784,142
043:0,005;63,010;96,030;717,230
044:0,005;283,274;717,230;1101,072
045:0,005;117,103;158,046;320,075;411,250;784,142;919,049;1026,263
046:0,005;132,096;240,050;407,200
047:0,005;62,109;96,030;774,100
048:0,005;119,116;158,046;388,087
049:0,005;109,172;158,046;344,259
050:0,005;96,030;733,219
051:0,006;236,240;271,039;290,158;894,050
052:0,006;162,241;271,039;275,072;1121,119
053:0,006;146,032;152,212;703,053;837,200;1007,042;1064,248
054:0,006;91,247;287,083;1178,041
055:0,006;162,241;275,072;703,053;856,254
056:0,006;216,136;236,240;271,039;287,083;703,053;856,254;894,050
057:0,006;91,247;894,050
058:0,006;153,090;265,184;275,072;398,266;1123,253;1178,041
059:0,006;213,260;1178,041
060:0,006;151,209;188,060;265,184;877,067;894,050
061:0,007;83,209;92,047;185,179
062:0,007;83,209;240,050;401,251
063:0,007;61,055;92,047;132,050;185,179;512,187;1065,197
064:0,007;92,140;204,187;577,043;634,156;760,042;803,120;889,077
065:0,007;87,055;138,160;784,042
066:0,007;99,170;132,050;213,260;216,132;456,070;655,040;779,213
067:0,007;130,133;141,060;366,245;456,230;655,040;760,042
068:0,007;132,050;188,143;262,043;703,187;760,042
069:0,007;92,047;132,050;227,186;331,043;655,040;803,120;894,050;1122,258
070:0,007;185,181;655,040;760,042;1137,080
071:0,008;275,146
072:0,008;299,204
073:0,008;306,167;444,047
074:0,008;65,103;444,047
075:0,008;257,115;444,047
076:0,008;299,204
077:0,008;240,053;514,185
078:0,008;249,125;285,080;1121,119
079:0,008;271,146;306,167;307,236;444,047
080:0,008;307,236
081:0,009;123,173;303,189
082:0,009;26,230;613,203;682,032;894,127
083:0,009;178,264
084:0,009;178,264;220,127;1178,041
085:0,009;97,165;123,217
086:0,009;343,032;597,104
087:0,009;123,173;165,042;310,129;328,167;597,104
088:0,009;223,114
089:0,009;123,217
090:0,009;220,127;671,105;860,038
091:0,010;10,121;546,044;613,054;934,102;1099,118
092:0,010;140,151;209,047;239,037;321,183;546,044;592,088;859,034;1171,167
093:0,010;135,077;672,060;759,132
094:0,010;92,140;116,108;140,151;209,047;241,234;315,240
095:0,010;105,268;236,197;258,089;277,202;335,231;391,245;631,054;928,172
096:0,010;146,094;175,133;209,047;239,037;315,240;613,054;859,034;1028,209
097:0,010;94,225;239,037;287,216;613,054;896,049;927,218
098:0,010;153,205;511,033;625,101;896,049;998,094
099:0,010;209,047;321,183;546,044;701,265
100:0,010;181,091;859,034;917,254;928,172
101:0,011;93,071;1122,258
102:0,011;93,071;1099,033
103:0,011;94,246;323,208;436,049;779,109;799,090
104:0,011;57,081;86,070;98,177;436,049;782,107;935,125
105:0,011;98,177;436,049;836,187;876,071;1159,197
106:0,011;57,081;86,070;153,208;979,187
107:0,011;93,071;1158,256
108:0,011;86,070;139,014;266,078;818,240;1099,033
109:0,011;131,189;436,049;799,090;992,086;1058,137;1099,033
110:0,011;86,070;93,071;1099,033
111:0,012;185,156;293,246;430,035;473,046;582,147;694,057;812,079;1131,035
112:0,012;293,261
113:0,012;80,133;280,156;473,046;635,099;694,057;822,080;968,189;977,129
114:0,012;240,050;485,197;1131,035
115:0,012;223,114;240,050;463,100;548,197;708,113
116:0,012;293,242;430,035;694,057;708,113
117:0,012;245,231;329,027;486,263;605,123;1043,213
118:0,012;329,027;473,046;605,123
119:0,012;240,050;329,027;430,035;555,261;733,219;1131,035
120:0,012;329,027;529,116;694,057;704,038;778,244;784,054;846,164
121:0,013;50,174;141,060;146,032;282,088;346,111;371,194;442,168;508,056;637,211;682,032;958,086;1088,073
122:0,013;50,174;232,035;346,161
123:0,013;112,216;141,060;309,075;529,116;607,078;1031,079;1062,072;1088,073
124:0,013;116,108;282,088
125:0,013;95,114;98,237;146,032;207,275;309,075;527,201;848,099;859,034;897,136
126:0,013;98,237;146,032;228,060;309,075;343,225;1167,246
127:0,013;99,147;141,060;509,221
128:0,013;141,060;322,201;682,032;897,136;1088,073
129:0,013;112,216;309,075;690,263;1088,073
130:0,013;91,048;119,080;309,075;607,182;635,099
131:0,014;322,041;531,097;601,141;686,184;731,061
132:0,014;406,133;686,066;718,154;731,061
133:0,014;68,207;322,041;500,154
134:0,014;326,124
135:0,014;331,111
136:0,014;322,041;420,060;686,066;690,059;731,061
137:0,014;407,125;1187,090
138:0,014;68,207;420,060;694,235;731,061
139:0,014;420,060;778,244;1131,035
140:0,014;322,041;589,087;686,066;694,235
141:0,015;32,193;56,208;233,032;314,038;578,134;752,201
142:0,015;25,077;50,184;137,038;593,164;731,061
143:0,015;33,141;82,056;137,038;542,124;599,161;765,264;1084,253;1117,252
144:0,015;56,208;82,056;99,234;233,032;244,233;584,145;613,054;661,242;737,208;808,252;831,071;967,165
145:0,015;25,077;137,038;613,117
146:0,015;82,056;91,048;137,038;227,028;244,233;1197,253
147:0,015;23,187;82,056;111,194;250,257;271,039;319,103;342,257;403,246
148:0,015;23,187;214,071;233,032;275,072;697,062;907,061
149:0,015;32,193;82,056;91,048;137,038;406,144;593,164;952,235
150:0,015;50,184;91,048;124,125;137,038;233,032;303,155;513,035;731,252
151:0,016;92,047;113,132;240,051;389,048
152:0,016;262,163;389,048;883,102
153:0,016;236,092
154:0,016;240,051;266,078;456,070;604,268
155:0,016;249,215;456,070;880,253
156:0,016;262,163;456,070;877,067;906,181
157:0,016;256,214;456,070;959,096
158:0,016;239,037;240,051;256,214;389,048;868,066;883,102;906,181
159:0,016;240,051;278,093;389,048;456,070;959,096
160:0,016;236,197;490,048;877,067;997,161
161:0,017;215,257
162:0,017;99,147;637,112;1019,148
163:0,017;388,097;511,033;715,275
164:0,017;162,145;511,033;791,087;849,006;965,133
165:0,017;169,125;511,033;705,249
166:0,017;152,212;232,147;388,097
167:0,017;152,004;156,093;389,048;812,270
168:0,017;33,141
169:0,017;169,231;511,033;715,275;865,145
170:0,017;169,125;215,257;225,018;705,249
171:0,018;146,094;199,018;462,101;596,018;626,082;695,140;849,006;898,082
172:0,018;638,051;849,006;868,066;1019,062;1064,067
173:0,018;638,051;849,006;884,115;1019,062;1075,194
174:0,018;695,140;849,006;868,066;994,247
175:0,018;406,133;638,051;868,066;910,151;1003,115;1064,067
176:0,018;675,193;1019,062;1157,110
177:0,018;626,082;638,051;686,066;709,072;868,066;1019,062;1064,067
178:0,018;649,134;849,006;877,067;935,197;1019,062;1114,259;1159,129
179:0,018;462,101;638,051;896,208;1157,110
180:0,018;671,105;849,006;898,082;948,218;952,137;1064,067
181:0,019;121,242;180,098;232,035;366,224;764,054;926,071;1097,174
182:0,019;79,009;150,001;212,205;285,173;682,032;860,038
183:0,019;102,115;276,145;1062,047
184:0,019;108,168;860,038
185:0,019;180,098;232,035;378,210;1087,231
186:0,019;35,220
187:0,019;76,164;102,115;169,231;238,035;403,155
188:0,019;161,203;598,018;697,062;849,006;1087,231
189:0,019;90,215;275,260;378,210;845,032;940,098
190:0,019;118,234;182,194;701,032;860,038
191:0,020;97,165;240,053;402,137;1019,039;1182,031
192:0,020;36,265;473,046;532,172;709,072
193:0,020;94,225;310,129;507,151
194:0,020;30,089
195:0,020;34,085;61,055;165,042;507,151;534,265;603,100;709,072
196:0,020;30,105;165,042;402,137;420,060;451,273;664,077;1019,039
197:0,020;36,110;165,042;430,035;534,175;1019,039;1170,270;1182,031
198:0,020;61,055;225,238;451,273;709,072;741,179;771,089;948,072
199:0,020;41,100;709,072
200:0,020;29,240;36,110;61,055;165,042;478,112;1019,039;1133,234;1182,031
