001:0,001;185,027;220,143;294,270;339,184;353,052;415,205
002:0,001;170,196;1042,236
003:0,001;178,156;182,033;223,018;238,044;364,219
004:0,001;353,052;450,102;666,248;716,039;1042,236
005:0,001;48,155;182,033;445,242;927,186;997,182;1097,105
006:0,001;51,179;170,196;182,033;183,177
007:0,001;185,027;189,268
008:0,001;51,179;284,215;643,061;864,208
009:0,001;182,033;191,113;353,052;450,187;925,105;974,097
010:0,001;185,027;284,215
011:0,002;25,142;426,050;485,176
012:0,002;63,104;201,049;404,258
013:0,002;34,094;90,170;201,049;358,138;620,258
014:0,002;78,141;201,049;396,272;683,141;764,041
015:0,002;43,169;201,049;390,149;764,041
016:0,002;56,174;78,141
017:0,002;45,126
018:0,002;25,142;43,169;396,272;531,104
019:0,002;34,094;539,155
020:0,002;63,104;764,041
021:0,003;198,241;257,072;295,102;453,026;646,069;686,071;704,217;983,230
022:0,003;4,076;357,148;375,047;686,071;1047,124;1171,111
023:0,003;199,085;375,047;686,071;1036,111
024:0,003;294,270;657,234;686,071;936,263
025:0,003;203,160
026:0,003;4,076;704,217
027:0,003;199,085;375,047;657,234;686,071;936,263;1055,068
028:0,003;198,241;375,047;646,069;825,185;1055,068
029:0,003;248,240;257,072;357,148;646,069;759,085;1121,204
030:0,003;257,072;364,219;375,047;524,030;545,183;586,239;1062,230
031:0,004;151,069;174,183;453,026;750,030;822,042;831,233
032:0,004;101,153;822,042;893,084
033:0,004;100,148;151,069;344,231;750,030;822,042;875,089
034:0,004;208,047;294,211
035:0,004;91,069;93,231;185,027;308,209
036:0,004;5,079;151,069;208,047;367,201;432,273;792,153
037:0,004;147,233;208,047;294,211;558,115
038:0,004;185,156;280,114;335,175;750,030;940,191
039:0,004;174,183;750,030;923,084;1138,153;1169,198
040:0,004;5,079;100,148;151,069;211,075;267,106;308,209;1016,099;1023,211
041:0,005;5,252;1105,093
042:0,005;39,074;712,043;745,076;810,135;987,104
043:0,005;5,252;691,102;868,242
044:0,005;14,179;39,074;602,159;634,102
045:0,005;62,080;534,213;602,159;745,076;769,173
046:0,005;39,074;621,250;1076,143
047:0,005;105,121
048:0,005;13,001;158,115;444,181
049:0,005;14,179;39,074;632,270;712,043;727,135
050:0,005;39,074;158,115;767,213;876,207;910,121;1139,259
051:0,006;49,195;910,170;1008,186
052:0,006;62,200;267,106
053:0,006;62,200;117,209;157,061;391,248
054:0,006;117,209;157,061;433,257
055:0,006;57,150;353,052;433,257
056:0,006;49,157
057:0,006;120,114;429,125;535,187
058:0,006;130,156;157,061;530,260;684,099;988,222
059:0,006;49,157;631,195
060:0,006;49,227;157,061;363,213
061:0,007;367,051;538,199;840,036;1084,044
062:0,007;367,051;511,058;873,134;1034,116
063:0,007;178,156;367,051;542,270;556,058;725,214;840,036;1120,256
064:0,007;370,274;511,058;1194,224
065:0,007;511,058;840,036;1071,233
066:0,007;469,260;511,058;972,187;1084,044;1156,083
067:0,007;367,051;607,119
068:0,007;364,066;397,174;1084,044;1126,118
069:0,007;397,174;720,070;965,095
070:0,007;71,055;309,212;316,169;369,166
071:0,008;74,155;91,096
072:0,008;56,033;132,182;923,087;963,082
073:0,008;56,033;251,207
074:0,008;91,096;435,034;674,119;1021,134
075:0,008;56,033;163,086;268,043;435,034;703,132;980,261;1087,213
076:0,008;56,033;84,176;657,125;1000,096
077:0,008;65,172;320,113;917,140
078:0,008;56,033;132,182;435,034;1004,189
079:0,008;119,259;445,177;736,140
080:0,008;56,033;84,176;435,034;646,069;658,087
081:0,009;178,068;263,131;264,136;426,050;472,173;678,144
082:0,009;178,068;264,136;529,070;696,231
083:0,009;140,163
084:0,009;178,068;887,244;1009,232
085:0,009;174,134;491,136;1093,208
086:0,009;311,275
087:0,009;238,044;426,050;515,186;612,229;1037,208;1049,252
088:0,009;238,044;418,167
089:0,009;174,134;515,186
090:0,009;19,202;178,068;238,044;418,167
091:0,010;186,114;199,264;459,182;574,056;720,070;1057,052
092:0,010;232,099;720,070;1010,088;1142,216
093:0,010;194,082;249,168;574,056;712,043;773,083;807,106;1057,052
094:0,010;191,110;540,051;619,097;940,051;1142,216
095:0,010;263,275;538,103;574,056;785,159;871,113
096:0,010;199,264;1057,052
097:0,010;70,105;191,110;540,051;720,070;989,088
098:0,010;249,168;308,189;540,051;639,224
099:0,010;70,105;232,099;540,051;639,224;1142,087
100:0,010;194,082;989,275;1047,229
101:0,011;46,194;80,226;211,075;250,140;257,072;524,030;972,157
102:0,011;380,091;863,269
103:0,011;155,039;257,081
104:0,011;49,145;257,081;524,030;937,203
105:0,011;80,226;266,133;349,039
106:0,011;49,145;71,055;346,235;365,144;457,221;524,030;596,229;701,205;770,141;803,086;1055,068
107:0,011;15,136;211,075;266,133;524,030;647,173
108:0,011;15,136;46,194;112,177;120,140;349,039
109:0,011;71,055;349,039
110:0,011;112,177;349,039
111:0,012;347,093
112:0,012;374,198;658,211;721,124
113:0,012;364,066;445,230;637,260;1194,051
114:0,012;315,267
115:0,012;341,166;374,198;400,249;1194,051
116:0,012;369,086
117:0,012;308,161;315,267
118:0,012;182,033;308,161;364,066;400,249;1194,051
119:0,012;66,129;364,066;422,155;938,159
120:0,012;358,151;364,066;429,125;1194,051
121:0,013;112,052;242,135;643,061;712,043;785,201
122:0,013;112,052;311,162
123:0,013;147,149;467,133;868,162
124:0,013;112,052;167,166;211,075;281,237;343,162;643,061;1011,272
125:0,013;156,190;751,163
126:0,013;156,103
127:0,013;138,156;147,149;367,051;453,026;732,204
128:0,013;186,240;785,159;953,160;1064,041
129:0,013;135,269;453,026;710,071;1011,272
130:0,013;112,052;156,103;172,155;242,135;643,061;918,120
131:0,014;218,147;598,245;1057,052
132:0,014;400,154;576,032;724,091;945,043;983,116;1057,141
133:0,014;170,245
134:0,014;264,250;273,036;335,175;378,080;851,205
135:0,014;181,206;576,032;586,255;1059,131
136:0,014;230,164;553,070;636,197
137:0,014;230,164;529,070;618,140;797,097;982,191;1015,255;1025,083;1042,219;1164,190
138:0,014;170,245;529,070;576,032;773,259;809,103
139:0,014;299,172;529,070;576,032;703,061;953,132
140:0,014;181,206;840,036;1059,131
141:0,015;203,172;265,196;418,147
142:0,015;91,069;170,122
143:0,015;91,069;101,153;262,221;273,036;365,144;822,042;1134,076
144:0,015;78,123;91,069;255,232;897,102
145:0,015;150,197;1122,189
146:0,015;113,239;351,193;596,122;764,041
147:0,015;132,261;273,036;351,193
148:0,015;78,123;113,239;1134,076
149:0,015;102,124;915,229
150:0,015;170,122;273,036;358,138
151:0,016;54,070;125,014;221,185;986,190;1084,044
152:0,016;63,269
153:0,016;90,170
154:0,016;53,210;221,185;334,208;967,099
155:0,016;78,147;208,047;358,087;723,146;800,099;943,188;1003,125
156:0,016;54,070;152,055;218,237
157:0,016;53,210;54,070;103,230;358,087;641,136
158:0,016;103,230;997,250
159:0,016;54,070;132,018;267,243
160:0,016;63,269;78,147;406,243
161:0,017;120,140;155,039;225,026;308,189;363,129
162:0,017;49,227;162,138;225,026;360,121;638,273;945,043
163:0,017;132,261
164:0,017;155,039;257,072;501,235;967,051;1124,113
165:0,017;114,154;268,043;363,213;369,086;775,214;945,043;1036,171;1137,261
166:0,017;155,039;310,094;759,085
167:0,017;41,184
168:0,017;162,138;225,026;339,221;501,235
169:0,017;122,092;225,026;268,043;488,232
170:0,017;114,154;945,043;1036,171
171:0,018;637,211;646,069;693,134;999,081
172:0,018;360,143;1036,043
173:0,018;370,118;1036,043
174:0,018;442,105;1146,043
175:0,018;148,078
176:0,018;370,118;1036,043
177:0,018;360,143
178:0,018;574,056;743,080
179:0,018;148,260;577,133;641,157;805,154;1036,043
180:0,018;334,208;853,182
181:0,019;94,089;639,051;1088,244
182:0,019;78,188;1055,068
183:0,019;78,188;639,051;1016,235
184:0,019;93,244
185:0,019;96,150
186:0,019;144,083
187:0,019;80,181
188:0,019;384,259
189:0,019;94,089;639,051;1132,116
190:0,019;93,244;639,051
191:0,020;88,243;156,190
192:0,020;71,055;335,199;785,201;907,133;1186,146
193:0,020;96,037;345,146;567,055;582,254
194:0,020;18,160;96,037;435,226;567,055;576,032;662,164
195:0,020;426,050;432,273;507,106;633,198
196:0,020;18,160;309,212;344,231;567,055;682,133
197:0,020;96,037;335,199;385,166;435,226;918,120;1059,083;1071,106
198:0,020;109,221;424,163;567,055;724,222
199:0,020;88,243;268,043;345,146
200:0,020;96,037;582,254
