001:0,001;163,226;204,014;244,198
002:0,001;88,102;238,049;281,165;627,186
003:0,001;204,014;309,080
004:0,001;114,257;150,225;204,014;282,101;874,202;930,066
005:0,001;163,226;476,273;930,066;1012,148
006:0,001;33,031;66,122;204,014;236,240;678,038;751,070
007:0,001;150,225;204,014;261,187;829,056
008:0,001;163,087;165,236;213,189;678,038;825,169
009:0,001;68,210;749,260;930,066
010:0,001;121,133;202,050;204,014;222,231;383,165;450,274;678,038;784,103
011:0,002;66,054;171,273;377,062;568,275;659,195;712,250
012:0,002;84,158
013:0,002;85,101;302,068;395,043;470,236;550,205;587,081;677,241
014:0,002;83,265;333,270;377,062;395,043;531,249
015:0,002;81,096;103,094;302,068;395,043;709,076;751,070
016:0,002;141,248;377,062;459,260;797,187
017:0,002;158,076;163,251;1166,256
018:0,002;47,222;141,248;302,068;391,048;395,043;532,114;930,066;1015,233
019:0,002;47,222;302,068;377,062;395,043;582,112;610,240
020:0,002;103,094;113,061;163,251;377,062;448,205;827,175;899,220
021:0,003;173,096
022:0,003;277,151;1146,184
023:0,003;133,175;768,056
024:0,003;186,188;760,187;768,056
025:0,003;269,212;277,151
026:0,003;149,106;1004,121
027:0,003;168,120;852,058;1004,121
028:0,003;150,163;269,212
029:0,003;173,096
030:0,003;165,076;186,188;768,056
031:0,004;9,097;610,047;893,263;1118,058
032:0,004;204,014;259,097;427,061;532,047;1156,275
033:0,004;263,071;532,047;893,263
034:0,004;317,273;516,165;532,047;978,184;1135,084
035:0,004;249,111;263,071;448,209
036:0,004;230,266;420,103;587,241;659,129;720,111;810,269;926,100;1113,234
037:0,004;248,126;249,111
038:0,004;269,162;363,228;532,047;1057,089;1118,058
039:0,004;282,214;532,047;699,100;1118,058
040:0,004;248,201;263,071;282,214;1151,217
041:0,005;155,069;225,143
042:0,005;191,169;222,026;238,049;258,050;282,103;802,186;969,203
043:0,005;65,202;202,169;258,050;433,105
044:0,005;228,267;258,050;281,264;634,040;666,178;1009,204
045:0,005;195,193;222,026;387,154;634,040;657,132;715,146;1050,251
046:0,005;162,257;365,058;451,196;634,040;746,159;979,119
047:0,005;222,026;281,264;387,154
048:0,005;212,243;657,132
049:0,005;95,048;164,229;231,026;365,058;541,089
050:0,005;333,270;451,196
051:0,006;202,268
052:0,006;145,055;155,069;240,164;625,034
053:0,006;207,147
054:0,006;12,254;155,069;329,106;542,143;625,034;638,205
055:0,006;145,055;238,049;643,209;708,175
056:0,006;81,096;84,192;88,083;240,164;1125,058
057:0,006;145,055;206,127;207,147;1116,268
058:0,006;163,087;206,127
059:0,006;145,055;238,049;297,107;625,034;674,184
060:0,006;153,102
061:0,007;74,237;212,053;355,254
062:0,007;201,119;212,053;559,156
063:0,007;33,031;452,201
064:0,007;84,192;155,129
065:0,007;114,219;765,164
066:0,007;66,054;145,212;269,032;298,087
067:0,007;12,254;330,029;485,172
068:0,007;155,129;212,053;263,071;1111,216
069:0,007;83,246;290,048;485,172;591,198;809,160
070:0,007;74,195;212,053;349,090;355,254
071:0,008;128,233;330,029;490,100;550,250;647,217
072:0,008;209,095;333,054;491,212;577,042
073:0,008;158,209;211,028;389,061;550,250;870,111
074:0,008;330,029;466,193;783,098
075:0,008;163,105;330,029;389,061;577,042
076:0,008;204,014;212,194;333,054;369,197;389,061;577,042;783,098
077:0,008;63,261;746,103;752,202;795,042
078:0,008;183,234;211,028;330,029;472,251;866,152;921,087;1002,139
079:0,008;211,028;333,054;365,058;389,061;450,272;577,042
080:0,008;63,261
081:0,009;19,171;33,031;519,177;870,169;902,175;1013,103;1138,213
082:0,009;9,097;33,031;439,108;1177,210
083:0,009;29,109;239,199
084:0,009;162,273;236,128
085:0,009;28,010;40,151;46,269;410,095;438,199;1025,211;1088,266
086:0,009;138,274;469,108;476,094;891,072
087:0,009;29,109;33,031;410,095;1172,089
088:0,009;46,269
089:0,009;24,126;33,031;96,005;128,233
090:0,009;19,171;141,158
091:0,010;133,211;377,104;1021,228
092:0,010;125,111;174,255;258,050;377,104
093:0,010;164,143;333,054;396,181;634,040;639,257;754,234;916,168
094:0,010;128,267;200,143;214,213;1193,269
095:0,010;165,236
096:0,010;174,255;997,095;1198,261
097:0,010;142,199;386,267
098:0,010;121,133;128,267;1082,230
099:0,010;39,042;41,274;326,126;387,226
100:0,010;124,170;295,210;460,240;603,086
101:0,011;36,234;113,061;163,105;771,073;932,083
102:0,011;113,061;265,170;521,057;617,152
103:0,011;36,234;521,057;551,223
104:0,011;45,239;68,112;521,057;633,099
105:0,011;28,139;771,073;1128,152
106:0,011;101,114;145,055;151,099;873,106
107:0,011;28,139;101,114;771,073;890,272
108:0,011;212,238;617,152;684,223;890,272;944,099
109:0,011;113,061;206,093;212,238;771,073;932,256
110:0,011;68,112;521,057;613,217;852,058;932,256;976,159
111:0,012;86,051;252,183
112:0,012;207,148;290,048;507,195;593,255
113:0,012;198,189;544,094;625,034;627,186;773,241;996,169
114:0,012;235,262
115:0,012;214,207;290,048;542,220;598,236
116:0,012;207,148;402,233;822,086;1198,226
117:0,012;213,076
118:0,012;151,099;152,056;214,207;507,195;1187,187
119:0,012;198,231;290,048;543,139
120:0,012;202,268;481,117
121:0,013;224,149;257,252;839,042;867,238
122:0,013;95,048;233,036;420,081;429,234
123:0,013;257,252;503,074;776,230;1181,061
124:0,013;242,227
125:0,013;233,036;317,045;593,120;614,162;739,042;867,238
126:0,013;312,208;1181,061
127:0,013;233,036;312,208;317,045;503,074;775,123
128:0,013;80,055;83,136;317,045;503,074;842,183;866,112;1117,222
129:0,013;233,036;328,079;417,270
130:0,013;239,049;309,165;317,045;503,074;775,123;1118,058;1181,061
131:0,014;183,116;245,109;413,070;581,203;864,195
132:0,014;167,094;513,266;1181,061
133:0,014;155,069;255,242;556,125;873,117;1046,082
134:0,014;142,004;299,266;768,056;852,058;979,032;1180,095
135:0,014;21,121;152,056;234,124;768,056;904,076;993,201
136:0,014;152,056;238,190;413,070;755,227;979,032;1053,199;1150,092
137:0,014;21,121;66,122;105,109;413,070;824,092
138:0,014;146,228;413,070;556,125;979,032;1025,211
139:0,014;183,116;759,203;1001,219
140:0,014;152,056;238,190;365,124;714,172;763,152;846,218;852,058;1029,159
141:0,015;79,159;80,055;101,113
142:0,015;77,159;521,057;582,112
143:0,015;80,055;109,201;593,177
144:0,015;84,098;751,070
145:0,015;80,055;117,119
146:0,015;101,113;481,200
147:0,015;83,136;117,119;127,146;671,183;726,222;994,085;1029,076;1196,179
148:0,015;94,088;678,038;751,070
149:0,015;127,146
150:0,015;94,088;515,113
151:0,016;148,176;318,055;362,092;768,056;798,091;891,072;904,134
152:0,016;45,239;202,050;253,236;344,128;717,059;925,178
153:0,016;202,050;295,141;318,055;413,141;522,218
154:0,016;65,092;212,194;213,028;318,055;366,242
155:0,016;225,084
156:0,016;141,128;186,091;202,050;317,099;540,059;978,171;1006,172
157:0,016;148,176;540,059;904,134
158:0,016;65,092;141,128;318,055;540,059;798,091
159:0,016;186,091;211,028;295,141;891,072;917,149
160:0,016;126,275;540,059;891,072;1045,091
161:0,017;177,200;662,084;677,101
162:0,017;197,162;269,032;790,110
163:0,017;73,266;269,032;674,179
164:0,017;68,086;695,034;741,219
165:0,017;95,048;408,081
166:0,017;41,001;95,048;243,241;695,034
167:0,017;95,048;269,032;669,189;790,110
168:0,017;71,237;695,034
169:0,017;41,158;108,265;284,102;695,034
170:0,017;73,266;222,026;243,241;269,032;509,252
171:0,018;48,204;1060,042;1131,161
172:0,018;39,042;88,083;1002,214
173:0,018;39,042;48,204;365,058;369,148
174:0,018;57,117;65,212;82,082;1121,210
175:0,018;65,212;66,054;133,175;177,222
176:0,018;33,210;77,171
177:0,018;39,042;59,202
178:0,018;82,082;304,116;1131,161
179:0,018;57,117;493,228;1053,252
180:0,018;53,235;459,260;652,210;1136,216
181:0,019;39,168;365,058;542,220;1034,129
182:0,019;64,051;78,206;204,160;764,162;812,128
183:0,019;130,155
184:0,019;127,126
185:0,019;87,257;979,032;1012,105
186:0,019;39,168;1028,268;1103,194
187:0,019;64,051;269,032;311,162
188:0,019;64,051;91,213;255,119;325,194
189:0,019;49,231;64,051;204,160;829,108
190:0,019;64,051;130,155
191:0,020;128,135;413,049;522,218;826,120
192:0,020;143,212;178,043;218,117;341,085
193:0,020;178,043;211,181;413,049;543,141;675,078;1185,061
194:0,020;164,159;785,168;904,209;1136,080
195:0,020;187,079;211,181;353,231;413,049;675,078
196:0,020;66,054;161,211;178,043;292,275
197:0,020;206,187;631,212
198:0,020;263,071;413,049;846,181
199:0,020;155,085;413,049;744,242;1127,120
200:0,020;178,043;187,079
