001:0,001;120,058;140,124;572,054;1124,177;1132,202;1147,054
002:0,001;109,036;110,080;124,148;420,211;462,065;493,097
003:0,001;237,101;558,054;652,219
004:0,001;215,188;576,076
005:0,001;120,058;186,268;785,054;914,268
006:0,001;120,058;166,253;278,130;305,158;535,157;557,183;850,169;906,086
007:0,001;110,080;120,058;863,189
008:0,001;48,019;63,236;233,115;469,225;837,202;941,172;978,208;1170,027
009:0,001;278,130;376,046;488,086
010:0,001;124,148
011:0,002;26,157;235,072;243,251
012:0,002;26,115;1135,108
013:0,002;189,078
014:0,002;265,131
015:0,002;207,091;262,090
016:0,002;306,193;572,054;595,243;768,055;928,216
017:0,002;211,162;463,174;783,076;918,090
018:0,002;127,041;228,140;242,077;432,138;842,265;928,216;1025,202;1073,149
019:0,002;335,205;564,108
020:0,002;128,077;175,103;234,075;243,251;648,150;957,263;1165,184
021:0,003;90,074;459,192;518,172;1084,120
022:0,003;90,074;151,071;336,216;345,130;459,192;852,258;879,194;1066,209
023:0,003;77,169;386,162;796,222;926,174;1046,228
024:0,003;90,074;207,091;1108,062
025:0,003;196,063;205,019;234,230;277,082;458,216;698,188;1063,265
026:0,003;90,074;151,071;220,105;655,054;726,061;902,190;972,143
027:0,003;151,071;261,104;485,061;613,224;902,190
028:0,003;226,122;336,216;440,153;443,106;781,248;814,157;836,027
029:0,003;174,108;1075,026;1114,145
030:0,003;88,087;676,162
031:0,004;243,273;248,075;332,198;371,103;618,123;965,267
032:0,004;66,202;217,075;226,225;499,153;613,154
033:0,004;66,202;701,266;726,148;948,027;959,185
034:0,004;248,154;605,212
035:0,004;248,154
036:0,004;332,212
037:0,004;243,273;490,248
038:0,004;363,102
039:0,004;377,109;469,207
040:0,004;196,129;704,078;993,255
041:0,005;301,094;655,026;850,241
042:0,005;215,188
043:0,005;226,210;402,075;506,250;814,177;1140,054
044:0,005;35,257;97,001;156,083;263,147;853,081
045:0,005;53,102;226,210
046:0,005;255,120;301,094;446,210;655,026
047:0,005;219,211;382,193;406,176
048:0,005;220,258;373,066;390,092;838,139;866,135;1076,223
049:0,005;237,079;364,118
050:0,005;255,120;477,246;655,026
051:0,006;5,179;35,142;241,190;690,059;737,244;922,230
052:0,006;71,214;127,041;158,230;207,228
053:0,006;57,246;481,133;861,229
054:0,006;53,102;504,045;530,239
055:0,006;118,019;127,041;165,028;169,107
056:0,006;5,179;225,205
057:0,006;42,014;43,124;63,014;158,230
058:0,006;134,135;165,028;235,168;690,059;750,257;1011,065
059:0,006;71,214;127,041;165,028;241,190;690,059;788,143;801,247;1079,205
060:0,006;96,078;151,071;224,266;402,195;549,121;777,063;801,247
061:0,007;81,019;83,003;98,184;109,036;240,161
062:0,007;104,132;109,036;125,053;441,117;508,069;742,055;1094,085
063:0,007;98,184;411,041;447,033;480,099;1085,271
064:0,007;125,053;480,099;679,153;680,129;1094,085
065:0,007;120,019;125,053;411,041;441,117;442,122;651,029;904,256
066:0,007;96,268;153,075;411,041;840,228;951,099
067:0,007;109,118;409,064;413,237;437,273;742,055;945,054;965,065;1165,184
068:0,007;125,053;411,041;495,234
069:0,007;104,132;552,109;742,055;968,196
070:0,007;109,036;255,273;296,122;742,055;1000,157
071:0,008;48,258
072:0,008;23,117;196,063;281,254;438,068;677,110;819,131;962,261;977,098
073:0,008;102,001;192,211
074:0,008;153,085;196,063;261,029;421,150;668,088
075:0,008;139,255;795,033;958,264;1108,062
076:0,008;139,255;421,150;616,179;1033,123
077:0,008;10,004;218,142;376,046;639,177;659,120
078:0,008;109,149;515,255;525,065;550,124
079:0,008;196,063;293,169
080:0,008;113,176;495,221;675,029;773,142
081:0,009;22,014;32,205;184,266;561,231
082:0,009;32,205;273,098;292,231;438,068;537,221;591,029;777,178
083:0,009;31,111;57,172;459,266
084:0,009;43,109;591,029;775,113;1171,172
085:0,009;57,172;591,029;813,209
086:0,009;32,076;625,087
087:0,009;9,228;438,068;495,267;744,255
088:0,009;43,144;154,104;591,029;777,178
089:0,009;9,228;74,231
090:0,009;47,012;74,231;189,078;276,157;1013,142;1018,157
091:0,010;24,132;86,026;209,184;255,075;405,232;725,274;756,033;854,187;871,138;993,226;1077,084
092:0,010;24,077;86,026;184,072;484,128;756,033;993,226;1000,129;1004,274;1172,215
093:0,010;69,104;184,072;475,221;524,131;526,115;615,188;638,260;710,128;969,043;985,149
094:0,010;86,026;186,060;365,207;631,069;756,033;868,092;1132,041
095:0,010;24,132;69,104;86,026;220,105;477,082;718,026
096:0,010;45,090;86,026;184,072;437,227;723,158;755,106
097:0,010;35,142;114,005;184,072;540,265
098:0,010;62,248;655,026;863,189;962,175
099:0,010;58,092
100:0,010;112,004;115,183;581,046;725,274;1015,175
101:0,011;80,204;251,029;274,250
102:0,011;78,159
103:0,011;80,204
104:0,011;125,270;1123,173
105:0,011;77,103;503,169;600,268;1021,167
106:0,011;79,217
107:0,011;78,159
108:0,011;79,217;470,124;505,261
109:0,011;6,197
110:0,011;89,268;240,270;714,153;877,055;1163,201
111:0,012;21,107;89,019;96,201;1090,194
112:0,012;78,252;86,026;98,090;103,177;130,004;167,127;259,236;474,045;508,069;698,100;756,033;822,043;823,033;836,196;1140,239
113:0,012;98,198;474,045;544,271
114:0,012;21,107;297,136;525,065;548,202
115:0,012;77,169;203,067;525,065;750,121
116:0,012;96,201;111,111;142,090;203,067;329,256;474,045;511,097;750,183
117:0,012;167,127;508,069;970,065;1030,274
118:0,012;98,198;203,067;297,136;474,045;508,069;821,138
119:0,012;59,212;203,067;298,146;321,053;432,138;508,069;640,254
120:0,012;127,263;1125,041
121:0,013;5,063;151,071;199,133;376,046;726,061;924,273
122:0,013;9,158;298,076;540,179;924,273
123:0,013;5,063;153,075;418,120;1005,150
124:0,013;42,156;376,046;583,057;662,216;726,061;734,223
125:0,013;5,063;166,131;177,065;203,147
126:0,013;97,226;313,187;376,046;726,061;921,093
127:0,013;5,063;153,075;313,187;795,121;840,157;885,248;1177,202
128:0,013;9,158;166,131;363,098;525,065;601,199
129:0,013;46,140;1014,207
130:0,013;6,197;153,075;574,265;768,029;787,266
131:0,014;103,177;798,270;805,133;1012,115
132:0,014;97,174;106,065;503,260
133:0,014;215,141;322,194;1150,079
134:0,014;97,174;558,054
135:0,014;106,065;585,081;775,113;1055,054;1150,270
136:0,014;97,262
137:0,014;62,248;429,216;607,116
138:0,014;97,262
139:0,014;58,215;106,065;525,088;558,054;1103,222
140:0,014;106,065;498,246;503,260;558,054;1160,094
141:0,015;64,141;362,033;435,184;1119,026;1128,198
142:0,015;16,194;362,033;435,184;924,239;1008,174
143:0,015;4,244;362,033;481,133;599,192
144:0,015;77,121;709,194;747,027;913,043;972,026
145:0,015;31,111;362,033;546,088;724,254;887,116
146:0,015;4,244;84,195
147:0,015;78,019;257,158
148:0,015;23,117;176,203;253,244
149:0,015;71,119;81,005;152,203;396,033;471,061;783,185;1199,098
150:0,015;16,194;71,004;77,121;127,263;384,081;1009,026;1066,226
151:0,016;44,147;225,058;413,155;945,054
152:0,016;64,219;378,066;405,064;411,065;435,101;645,027
153:0,016;151,144;405,064;471,061;542,167
154:0,016;43,235;471,061;645,135
155:0,016;44,147;53,145;119,273;228,065;245,081;480,217;645,027
156:0,016;43,235;74,146;225,058;559,227
157:0,016;119,273;196,144;225,058;405,064;499,168;1169,027;1194,187
158:0,016;50,195;362,033;584,128;645,027;972,166
159:0,016;64,219;270,067;299,072;471,061;645,027
160:0,016;53,145;225,058;405,064;413,155;751,061;967,203;1034,254
161:0,017;13,164;70,050;186,060;350,084;1119,099
162:0,017;59,212;70,050;199,157;348,170;694,026;875,264
163:0,017;251,199;366,137
164:0,017;79,014;113,079
165:0,017;70,050;186,060;366,137;610,267
166:0,017;125,236;554,094;615,271;769,102;1053,270
167:0,017;74,146;315,205;318,199;606,215;1053,081
168:0,017;49,002;70,050;153,065;157,108;186,060;332,029;410,222;807,228;831,267;930,121;1013,138
169:0,017;95,063;264,098;902,222
170:0,017;176,081;350,084;690,059;763,177;960,192
171:0,018;32,141;165,028;301,160;693,182;871,065;1108,062;1125,041
172:0,018;40,099;405,053;563,116;626,221;720,063;820,175;990,172
173:0,018;182,149;247,083;599,059;618,123;1125,041
174:0,018;93,246;258,225;314,160;871,065;1072,201
175:0,018;15,156;495,267;583,057;599,059;615,182;673,027;750,207;785,245;889,187;1149,260
176:0,018;86,106;251,029;599,059;720,063;788,143;1101,045;1108,062;1125,041
177:0,018;24,077;251,029;485,126;583,057;768,216;820,175;837,172;871,065;977,091;1101,045
178:0,018;40,099;63,179;599,059;691,222;752,098;1046,183;1101,045;1108,062;1130,113
179:0,018;78,109;251,029;452,215;583,057;615,182;720,063;871,065;1073,191;1101,045
180:0,018;13,164;86,106;720,063;1153,180
181:0,019;220,206
182:0,019;252,215;822,043;1156,181
183:0,019;252,215;337,110;822,043;1064,047;1095,161;1135,187
184:0,019;141,134;822,043;1095,197
185:0,019;277,082
186:0,019;141,134;822,043;1081,173
187:0,019;306,193;310,201;842,026;1027,215
188:0,019;384,214;1101,045
189:0,019;45,090;366,079;967,203
190:0,019;239,110;438,068;440,208;652,197;727,082;1122,268;1156,181
191:0,020;216,153;763,223;774,153
192:0,020;94,266;196,235;370,139;1064,047;1101,243;1104,101
193:0,020;81,004;201,261;601,208
194:0,020;33,008;56,139;373,066;443,187;957,150
195:0,020;216,153;228,241;1039,210;1104,139
196:0,020;99,170;223,229;682,118
197:0,020;99,170;373,066;389,265;412,245;1064,047;1104,101
198:0,020;223,229;1064,047;1104,139
199:0,020;228,241;373,066;412,245;556,140
200:0,020;82,004;141,243;621,138;676,174;976,147
