001:0,001;133,066;167,074;186,212;203,031;242,178;1185,068
002:0,001;132,152;133,066;167,074;222,032;348,006;350,262;799,216;822,029;925,068;1006,221;1026,028;1146,117
003:0,001;60,047;224,143;227,074;435,004;487,236;584,123;778,017;781,128;822,029
004:0,001;133,066;181,228;188,108;348,006;428,023;476,060;573,121;822,029;911,012;944,054
005:0,001;113,057;137,079;203,031;348,006;487,236;822,029
006:0,001;133,066;203,031;263,043;348,006;374,222;420,060;470,079;648,244;757,236
007:0,001;136,016;167,074;203,031;330,228;348,006;351,040;447,244;656,218
008:0,001;75,020;110,004;139,268;203,031;337,127;602,178;679,030;693,143
009:0,001;132,152;167,074;210,052;295,274;348,006;364,228;520,023;609,190;680,064;753,046;763,057
010:0,001;139,268;175,053;209,052;330,228;344,053;348,006;374,222;943,034;1125,044;1143,151
011:0,002;104,052;180,209;513,056;553,024;594,041;956,227;984,260
012:0,002;60,047;200,203;553,024;710,121
013:0,002;211,053;553,024;633,058;739,046;823,040;877,268;1008,060;1051,075;1190,171
014:0,002;147,055;237,162;430,070;488,038;513,056;594,041;780,027;791,210;823,040;850,080;1011,059
015:0,002;237,162;302,072;337,023;430,070;513,056;553,024;686,155;751,033;782,006;850,080;918,032;1086,036;1153,214
016:0,002;212,231;430,070;505,062;553,088;834,171;991,029;1047,086
017:0,002;199,107;211,053;594,041;739,046;784,264;901,059;959,109
018:0,002;211,053;553,024;614,041;823,040;1010,094
019:0,002;7,008;26,082;639,121;647,090;861,085;1008,168;1053,132;1191,068
020:0,002;211,053;567,174;594,041;866,157;1086,036;1134,173
021:0,003;212,050;308,149;817,012;1052,071;1077,193;1181,036
022:0,003;219,264;222,059;351,040;397,136;435,004;561,159;637,074;671,085
023:0,003;148,016;210,207;222,059;365,188;444,063;619,075;709,114;817,012
024:0,003;215,217;222,059;296,075;325,020;397,053;544,127;817,012
025:0,003;237,167;612,017;817,012;1057,097;1087,013;1108,195
026:0,003;195,233;362,073;386,049;446,204;619,075;671,085;817,012
027:0,003;75,016;137,250;365,188;444,063;514,084;523,255;619,075;710,042;846,160;1175,128
028:0,003;205,112;222,059;317,223;386,049;514,084;715,009;817,012
029:0,003;18,010;59,160;217,015;241,090;417,059;444,063;640,233;796,050;1157,156
030:0,003;195,233;212,050;295,181;931,066;1050,171;1106,028;1152,232
031:0,004;187,187;217,015;226,113;255,068;297,021;360,093;606,083;612,017;724,070;794,229;960,047;967,089
032:0,004;171,024;217,015;235,010;297,021;316,037;320,051;360,093;428,203;787,073;813,113
033:0,004;88,006;171,024;194,052;201,025;271,218;605,028;612,017;917,122;923,041;1055,238
034:0,004;66,060;122,261;130,067;171,024;179,102;217,015;222,073;271,218;487,097;550,125;612,017;885,152;1046,071;1080,110;1136,202
035:0,004;151,181;158,047;171,024;201,025;209,035;214,244;215,217;222,073;257,195;297,021;612,017;787,073;819,270;879,075;910,121;1055,238;1087,013;1136,202
036:0,004;162,183;171,024;186,071;201,025;225,182;297,021;550,125;583,107;602,137;612,017;923,041;1087,013
037:0,004;166,047;171,024;186,212;201,025;225,182;254,260;255,068;297,021;520,262;612,017;784,264;821,012;877,101;1087,013;1155,162
038:0,004;199,094;201,025;222,073;281,116;414,026;487,097;787,073;809,057;820,012;1075,089
039:0,004;143,002;151,181;171,024;225,190;255,068;257,195;297,021;612,017;885,152;1087,013;1151,215
040:0,004;122,261;171,024;186,160;201,025;217,015;222,073;297,021;586,031;606,083;923,041;1071,077;1084,090;1180,069
041:0,005;229,156;302,072;686,155
042:0,005;117,028;209,035;242,038;562,060;573,168;692,131;698,066;811,169;898,047
043:0,005;38,003;117,028;242,038;553,024;616,211;667,173;898,047;1051,206;1137,057
044:0,005;103,081;209,035;302,072;464,161;698,066;1054,055;1081,224;1088,044;1094,057
045:0,005;161,252;251,032;302,072;311,133;568,275;822,066;1058,226;1107,002;1146,172
046:0,005;327,092;898,047;1011,172;1021,047
047:0,005;209,035;263,165;832,032;864,112
048:0,005;117,028;242,038;556,068;698,066;940,047;989,136;1034,177;1069,232;1086,036;1129,211
049:0,005;117,028;187,187;209,035;242,038;551,035;568,275;572,074;660,245;738,072;803,049;811,169;918,047
050:0,005;117,028;178,129;379,012;391,094;521,140;622,009;768,230;769,199;866,157;898,047;1058,226
051:0,006;197,202;206,037;252,024;390,089;412,005;491,009;561,234;612,017;740,008;797,272;901,034;1008,060;1048,197
052:0,006;175,235;187,184;252,024;348,006;356,226;412,005;471,269;491,009;734,016;751,033;778,062;847,183;901,034;1037,144;1062,072;1080,053;1089,180
053:0,006;412,005;431,064;488,068;561,234;734,016;739,046;852,106;1008,060;1130,137
054:0,006;242,178;252,024;412,005;453,112;491,009;734,016;751,033;815,171;834,143;888,163;1080,053;1088,044;1184,204
055:0,006;223,039;252,024;386,184;408,052;412,005;431,064;491,009;734,016;907,096
056:0,006;194,071;252,024;390,089;412,005;491,009;740,008;751,033;811,041;819,055;901,034;929,256;931,054;1089,155;1110,072;1149,026
057:0,006;187,213;197,202;205,028;252,024;431,064;491,009;734,016;740,008;757,163;901,034;999,047;1080,053
058:0,006;187,184;252,024;408,052;431,064;491,009;740,008;774,083;778,062;797,272;1008,060;1011,012;1178,068
059:0,006;252,024;370,068;412,005;449,226;453,112;594,009;734,016;751,033;790,165;1048,197
060:0,006;252,024;480,262;483,200;491,009;734,016;740,008;778,062;842,176;851,155;858,017;860,234;875,113;1068,059;1089,180
061:0,007;30,027;46,229;141,037;232,193;304,135;384,069;459,255;554,027;709,047;840,197;939,029;983,031;1101,026;1178,068
062:0,007;236,200;370,068;509,045;654,266;1101,026;1170,064
063:0,007;154,135;698,066;821,255;929,040;995,043
064:0,007;192,055;410,213;570,045;620,058;676,197;939,029;1178,068
065:0,007;149,132;384,069;478,113;553,039;554,027;570,051;657,048;767,184;939,029;995,043;1141,012
066:0,007;149,049;218,245;237,229;333,021;362,138;709,047;883,174;929,040;977,032;997,160;1178,068
067:0,007;160,121;384,069;396,041;469,225;554,027;656,218;854,229;929,040;995,043;1157,264
068:0,007;57,016;167,068;168,019;237,122;384,069;460,072;620,058;745,245;816,153;847,239;852,038;929,040;939,029;983,031;992,203;1155,012
069:0,007;84,050;106,186;410,213;551,035;709,047;717,009;863,125;883,174;995,043;1101,026;1190,257
070:0,007;142,028;237,122;579,233;584,176;620,058;743,139;745,244;983,031;995,043;1152,162
071:0,008;91,051;118,002;130,067;217,015;376,063;415,056;437,051;700,111;738,017;879,075;1086,036;1101,149
072:0,008;42,204;73,051;130,067;183,064;223,039;332,095;412,005;416,242;437,051;727,203;780,017;881,134
073:0,008;23,063;90,026;176,244;207,069;223,039;393,184;437,051;463,059;620,070;626,223;871,233
074:0,008;17,011;42,204;44,062;73,051;90,026;124,234;176,244;286,168;327,092;400,023;521,070;654,260;679,030;700,111;1053,044
075:0,008;44,062;130,067;272,266;556,027;679,030;712,041;732,114;1033,028;1046,071;1053,044
076:0,008;39,113;44,062;87,199;91,051;110,047;111,196;145,002;183,064;214,273;311,024;352,056;437,051;740,008;911,205;945,070;1031,094
077:0,008;90,026;91,051;212,025;223,039;286,168;386,049;534,205;551,035;797,245;1116,002
078:0,008;53,082;73,051;90,026;112,056;138,179;376,063;437,051;654,076;879,075;1046,071;1053,044;1157,264
079:0,008;44,062;73,051;87,199;123,050;183,064;214,273;223,039;272,266;376,063;403,051;526,063;551,035;679,030;693,056;871,233
080:0,008;90,026;130,067;269,244;376,063;437,051;534,205;660,179;700,275;711,153
081:0,009;91,051;107,149;166,018;216,131;217,015;261,031;320,057;386,096;519,070;643,059;799,216;877,268
082:0,009;112,201;166,018;175,235
083:0,009;125,049;150,053;166,018;179,102;319,024;370,054;386,096;400,142;945,070;1165,177;1171,059
084:0,009;126,232;166,018;239,241;304,074;361,219;370,054;403,260;435,210;519,070;740,008;758,036;810,141;820,048;945,070;951,219;1191,002
085:0,009;54,007;150,053;166,018;216,131;290,082;304,074;320,057;416,242;619,071;658,188;862,012;945,070;993,088
086:0,009;18,010;83,267;166,018;187,231;320,057;357,055;361,219;519,070;810,141;929,050
087:0,009;112,201;126,232;304,074;370,054;400,142;510,009;671,032;953,054;1099,151
088:0,009;83,267;150,053;166,018;184,229;239,241;268,123;519,070;849,090
089:0,009;115,175;218,050;275,180;320,057;370,054;468,196
090:0,009;107,149;150,053;167,219;275,180;320,057;479,242
091:0,010;81,174;84,050;96,032;127,112;168,019;290,220;481,137;502,053;512,142;605,026;744,118;1045,159
092:0,010;23,063;64,028;84,050;123,049;194,052;259,210;478,049;481,137;681,261;922,068;1161,026
093:0,010;64,028;122,078;123,049;303,128;345,046;422,253;446,043;489,062;527,233;589,032;605,026;643,059;666,031;685,184;716,055;885,042;929,256;1019,028;1193,107
094:0,010;64,028;74,243;96,032;112,056;122,085;168,019;194,052;252,234;345,046;404,111;478,049;816,202;823,040;1069,222
095:0,010;74,243;235,010;281,118;290,220;345,046;435,029;499,090;642,026;716,055;885,042;917,199;924,012;1080,078
096:0,010;64,028;112,056;168,019;235,010;311,174;317,037;478,049;594,265;605,026;643,059;681,261;816,017;885,042;890,046;922,068;970,075;988,133;1019,028;1108,043;1116,190
097:0,010;81,174;82,001;123,049;168,019;194,052;235,010;237,167;323,075;366,131;716,055;988,133;1053,044;1080,078;1124,059;1175,002
098:0,010;84,050;96,032;123,049;168,019;194,052;235,010;316,099;351,057;357,233;457,108;478,049;643,059;743,149;922,068;990,057;1019,028;1046,071;1058,105
099:0,010;17,008;24,273;45,004;96,032;127,112;168,019;235,010;254,260;478,049;559,009;622,190;714,041;865,125;885,042;922,068;923,041;1036,133
100:0,010;74,274;112,056;143,188;168,019;235,010;252,234;258,024;332,047;345,046;439,206;685,184;822,066;829,217;922,068;1079,120
101:0,011;51,060;87,045;199,027;231,246;366,032;568,067;731,050;898,257;1104,074
102:0,011;51,060;87,045;199,027;366,032;594,267;649,199;731,050;835,092;855,275
103:0,011;103,168;107,050;147,055;273,257;568,067;731,050;758,049;874,118
104:0,011;51,060;107,050;217,015;231,246;802,038;1082,268
105:0,011;51,060;54,222;87,045;222,032;281,051;366,032;451,169;568,067;778,062;787,073;802,038;855,275;1104,074
106:0,011;114,241;199,027;255,267;281,051;311,174;435,029;451,169;479,062;802,038;922,163;950,266;1013,041;1087,013;1140,210;1190,036
107:0,011;87,045;103,168;107,050;173,190;255,068;568,067;815,194;874,153;1013,012
108:0,011;56,004;103,081;136,196;281,051;351,040;366,032;435,029;531,226;575,122;899,059;969,072;1022,150
109:0,011;54,222;183,064;199,027;222,032;286,038;315,037;435,029;439,023;568,067;731,050;894,271;974,249;1103,242;1104,074;1129,211
110:0,011;51,060;107,050;178,129;222,032;318,191;366,032;500,023;568,067;636,051;743,139;802,038;852,106;1104,074
111:0,012;158,031;217,020;395,127;449,058;610,086;777,006;788,017;817,239;820,048;884,066;890,046;931,054;1105,002
112:0,012;175,053;256,222;323,050;382,248;497,078;516,050;618,177;630,106;693,056;710,042;830,221;1018,036;1057,191;1105,002
113:0,012;124,234;217,020;283,081;285,058;381,210;403,026;449,058;524,104;553,024;630,106;656,159;693,056;737,145;777,006;796,062;827,066;984,047;1024,027;1105,002
114:0,012;158,031;173,190;217,020;256,222;285,058;369,267;403,026;435,004;476,060;516,050;643,130;710,042;777,006;873,184;995,064
115:0,012;158,031;376,063;435,004;483,173;702,048;710,042;777,006;841,038;879,232;890,046;895,240;1105,002
116:0,012;175,053;217,020;285,058;364,228;435,004;449,058;516,050;597,064;777,006;820,048;916,012;951,219;1018,036;1105,002
117:0,012;167,003;185,107;186,071;217,020;285,058;325,020;403,026;435,004;497,078;516,050;641,083;693,056;777,006;1057,191;1105,002
118:0,012;115,175;150,053;158,031;186,216;217,020;252,169;403,026;435,004;476,060;572,074;777,006;845,194;1018,036;1104,074;1105,002
119:0,012;158,031;175,053;201,025;263,249;392,046;409,104;435,004;476,060;484,126;554,027;605,026;656,159;734,016;817,126;890,046;992,232;1047,106;1090,069;1143,230;1185,155
120:0,012;217,020;263,249;369,267;386,257;392,041;449,058;573,273;714,027;795,244;820,048;895,240;1017,123
121:0,013;107,198;716,055;783,200;1010,055
122:0,013;87,005;110,096;275,028;333,055;340,081;369,021;505,023;511,160;768,230;1026,029;1087,013;1134,246
123:0,013;89,062;100,045;102,052;150,014;292,158;333,055;362,073;456,044;595,171;696,032;1019,028;1130,103
124:0,013;102,052;177,215;200,070;260,022;275,028;435,191;671,032;778,036;993,269;1088,012
125:0,013;49,017;102,052;113,057;173,114;200,070;340,081;537,038;621,041;623,180;764,192;955,122
126:0,013;107,198;113,057;135,048;200,070;212,050;275,028;392,041;425,115;671,032;1010,055
127:0,013;113,057;135,048;173,096;189,139;200,070;292,158;306,043;471,269;566,009;632,220;671,032;709,047;764,192;819,055;823,072;838,107
128:0,013;157,040;251,147;333,055;392,041;408,052;446,204;492,060;595,171;671,032;1010,055
129:0,013;102,052;113,057;275,028;333,055;408,023;565,107;819,055;1055,044;1115,083
130:0,013;135,048;156,002;173,198;200,070;332,021;483,200;594,041;666,087;749,032;819,055;955,122;1010,055
131:0,014;251,187;259,157;436,212;470,032;551,035;670,069
132:0,014;135,003;174,133;234,196;307,204;409,208;420,060;497,071;619,075;653,134;670,069
133:0,014;353,248;403,051;419,049;543,266;551,060;625,070;642,228;756,067;771,069
134:0,014;245,098;251,187;351,153;670,069;740,008;756,067;757,196;1109,047;1177,105
135:0,014;275,234;352,075;409,208;485,064;497,071;644,253;739,046;756,067;920,128;1055,235
136:0,014;307,204;325,020;403,051;417,059;420,060;470,032;644,253;756,067;855,123;1116,190
137:0,014;217,020;242,165;417,059;420,060;470,032;497,071;639,197;670,069
138:0,014;259,157;281,051;385,132;417,059;420,060;476,275;497,071;531,226;830,221;842,188;922,068;1002,057;1177,176
139:0,014;351,153;392,041;403,051;417,059;470,032;639,197;670,069
140:0,014;174,133;379,056;470,032;497,071;650,211;670,069
141:0,015;46,229;182,047;200,185;231,073;287,208;323,050;332,047;452,067;597,064;753,224;763,057;982,041;1052,202;1080,053;1127,064;1135,215
142:0,015;48,161;201,025;332,047;452,067;479,062;637,153;763,057;964,012;1093,165;1181,036
143:0,015;48,161;60,047;225,074;253,072;323,050;366,032;373,161;479,062;547,071;710,118;814,230
144:0,015;182,047;223,205;332,047;479,062;564,225;597,064;819,055;878,212;922,067;931,054;1118,173
145:0,015;23,063;26,146;60,013;130,109;146,002;253,072;281,068;332,047;373,161;430,070;436,212;444,063;558,225;632,220;751,017;763,057;851,129;957,034;993,269
146:0,015;92,007;128,012;200,185;225,074;275,230;308,149;323,050;383,232;452,067;479,062;585,265;597,064;754,128
147:0,015;60,047;212,050;218,245;253,072;299,028;339,056;344,226;464,223;599,191;608,082;763,057
148:0,015;51,270;95,092;223,205;314,179;323,050;452,067;584,123;851,129;959,057
149:0,015;58,106;253,072;323,050;332,047;500,138;589,088;763,057;1018,036;1085,161;1181,036
150:0,015;9,012;23,063;44,062;51,270;58,106;83,005;95,092;225,074;283,068;332,047;807,160;931,054;1085,059;1181,036
151:0,016;116,228;133,014;242,031;263,056;362,073;424,145;460,072;992,112;1063,122;1151,012
152:0,016;196,125;225,074;254,043;481,140
153:0,016;208,210;263,056;481,140;509,045;701,201
154:0,016;263,056;460,072;1135,012
155:0,016;203,123;447,038;509,045;616,211;620,058;678,250;973,064
156:0,016;209,248;253,124;362,073;424,145;470,032;519,204;973,064
157:0,016;53,009;107,050;116,257;263,056;275,028;376,168;415,043;678,250;1041,057;1046,104
158:0,016;102,052;116,257;143,188;186,071;231,120;254,043;460,072;838,159
159:0,016;44,014;47,248;254,043;562,079;898,257;973,064
160:0,016;186,071;242,165;254,043;263,056;447,244;509,045;642,072;1119,210
161:0,017;114,077;138,179;208,025;245,098;397,136;454,261;676,036;910,034;1034,177;1145,050;1162,181
162:0,017;118,040;497,164;562,009;584,176;929,050
163:0,017;111,196;118,040;348,071;460,038;588,114;716,072;754,179;763,119;801,017;822,066;830,245
164:0,017;44,062;90,005;97,270;348,071;393,044;649,199;845,027;929,050;1154,252
165:0,017;118,040;348,071;393,044;497,164;606,119;703,031;751,033;757,224;901,059;955,068;1087,185
166:0,017;122,139;351,040;354,168;370,068;668,240;672,067;676,036;951,171
167:0,017;97,270;393,044;608,103;676,036;991,186;1016,072
168:0,017;118,040;384,069;454,261;666,087;676,036;872,012;1171,057
169:0,017;114,077;393,044;627,179;912,012;1061,054;1075,214;1077,193;1109,177
170:0,017;87,045;230,115;348,071;370,068;606,119;929,050;957,027;1004,252
171:0,018;89,062;141,037;485,063;572,074;811,117;817,012;829,192;850,067;879,232;1101,026;1179,075
172:0,018;118,054;141,037;438,267;630,205;875,038;907,253
173:0,018;89,062;130,138;169,075;297,097;432,021;460,172;481,031;710,042;731,124;758,049;850,067;1050,169;1152,125
174:0,018;47,248;141,037;431,064;438,162;512,032;657,048;850,067;973,064;1177,059
175:0,018;115,056;166,018;212,251;572,074;613,209;758,049;1028,047;1187,145
176:0,018;41,002;167,193;463,023;481,031;758,049;975,185;1189,057
177:0,018;100,098;133,004;150,053;167,068;169,075;402,149;425,133;481,031;820,205;832,088;850,067;1006,075
178:0,018;89,062;118,054;169,075;481,031;778,124;982,169;1071,077
179:0,018;73,051;99,174;118,054;141,037;438,267;478,049;573,168;608,094;657,048;758,049;817,239;894,075
180:0,018;89,062;118,054;141,037;169,075;297,021;438,162;476,060;572,074;657,048;778,124;850,067;982,169;1004,068;1152,125;1182,075
181:0,019;30,027;31,010;33,014;42,250;54,263;337,023;629,146;664,058;731,050;834,059
182:0,019;126,043;200,109;212,075;397,037;552,231
183:0,019;30,027;32,014;54,263;126,043;181,069;337,023;498,094;716,036;755,070;834,059;1088,047;1091,012
184:0,019;30,027;73,068;107,050;116,228;276,110;304,074;312,021;499,009;501,177;732,064;811,252;1131,136
185:0,019;60,178;73,068;126,043;224,124;337,023;408,052;464,163;766,139;774,262;875,059;1189,205
186:0,019;23,003;30,027;42,250;126,043;275,262;302,245;337,023;523,269;553,024;562,241;583,070;777,006;834,059;1033,057;1090,047
187:0,019;49,260;173,114;612,017;852,168;1087,013;1159,222
188:0,019;60,178;99,001;127,169;181,069;260,022;276,110;337,023;513,056;522,219;834,059;972,041;974,249
189:0,019;73,068;135,048;181,069;308,132;332,056;337,023;562,241;780,006;860,205;989,136;1186,137
190:0,019;30,027;73,068;127,169;181,069;337,023;589,132
191:0,020;145,216;260,022;282,085;378,012;463,039;597,104;769,234;793,201;815,072;1170,147
192:0,020;183,078;378,012;394,023;463,039;590,182;597,104;678,027;690,030;769,234
193:0,020;147,055;260,022;325,020;378,012;463,039;523,023;569,028;695,116;780,017;908,157;983,031;984,260
194:0,020;147,055;217,025;282,085;325,020;378,012;387,049;449,060;452,090;678,027;695,116
195:0,020;147,055;252,024;286,051;325,020;381,097;386,049;441,198;463,039;530,063;569,028;678,027;817,012;873,017;879,075
196:0,020;187,213;260,022;284,163;378,012;485,089;678,027;1105,002
197:0,020;32,172;260,022;321,206;325,020;384,264;715,027
198:0,020;32,172;167,068;351,205;378,012;457,108;463,059;464,223;652,168;912,124
199:0,020;167,068;260,022;318,100;378,012;389,101;463,039;569,028;640,233;642,228;678,027;1164,165
200:0,020;146,108;235,010;260,022;282,131;325,020;378,012;381,047;431,060;445,177;463,039;569,028;678,027
