001:0,001;27,019;107,234;146,057;152,241;222,072;299,032;437,157;536,055;570,026;696,254;713,012;1054,071;1129,072;1151,070
002:0,001;152,241;250,034;331,051;519,274;536,055;570,026;679,032;905,132;1054,071
003:0,001;78,003;87,247;146,057;222,072;299,032;409,201;411,067;536,055;701,275
004:0,001;135,268;139,002;146,057;207,237;226,049;339,079;530,074;598,092;787,029;789,172
005:0,001;146,057;249,172;588,036;679,032;867,074;888,142;1011,253;1046,090
006:0,001;233,062;293,014;324,061;461,166;579,049;598,092;651,068;658,211;741,053;789,172;1182,107
007:0,001;189,254;263,212;409,201;570,026;679,032;885,085
008:0,001;158,165;222,072;229,108;428,201;679,032;1052,136
009:0,001;130,046;158,165;222,072;299,032;377,041;570,026;734,218;1054,071;1182,107
010:0,001;128,044;135,268;146,057;229,108;299,032;437,232
011:0,002;181,044;231,060;274,037;318,105;435,021;441,096;580,175;770,050;804,045;824,088;917,012;1047,220;1093,131
012:0,002;167,020;231,060;274,037;290,001;325,044;425,131
013:0,002;181,044;187,223;230,072;231,060;241,133;274,037;301,225;325,044;435,021;441,096;470,046;582,050;854,213
014:0,002;194,267;224,047;230,072;231,060;277,273;290,001;371,137;624,050;822,179;1075,197;1092,173
015:0,002;172,164;264,061;290,001;325,044;371,137;409,188;435,021;438,066;746,112
016:0,002;181,044;195,117;230,072;231,041;290,001;435,021;495,245;575,020;577,175
017:0,002;181,044;290,001;495,245;563,268;569,050;624,004;899,168;1019,074
018:0,002;241,133;339,013;438,066;463,052;660,121
019:0,002;195,117;231,060;290,001;438,066;463,052;660,121;667,016;775,126
020:0,002;26,014;126,001;172,164;230,072;290,001;407,214;435,021;518,028;682,070;786,124;1097,071;1155,180
021:0,003;246,013;394,010;568,170;647,249;671,054;743,203;744,077;1054,071
022:0,003;171,071;236,266;377,041;464,031;665,004;671,054;914,086
023:0,003;236,266;381,072;464,031;532,010;546,237;549,092;551,020;600,144;817,069;874,026;940,127
024:0,003;151,123;171,071;191,018;246,013;411,108;551,020;636,016;671,054;843,231;874,026;968,045;1147,028
025:0,003;165,038;171,071;237,100;246,013;377,041;549,092;551,020;602,004;689,039;817,069;968,045
026:0,003;210,019;246,013;377,041;459,241;464,031;475,182;803,049;1010,194;1148,068
027:0,003;215,205;246,013;377,041;422,011;450,205;551,020;689,039;828,214;940,127;1131,200
028:0,003;205,025;208,141;246,013;290,001;312,130;360,268;551,020;591,036;657,217;671,054;828,214;918,210;968,045;1133,249;1180,055
029:0,003;246,013;551,020;744,077;771,054;796,012;843,231
030:0,003;237,100;246,013;385,114;464,031;551,020;599,256;689,039;817,069;824,049;1004,070
031:0,004;248,152;331,051;562,075;639,059;676,220;854,041;918,163;932,028
032:0,004;76,018;238,043;362,174;562,075;627,204;652,248;887,120;1088,063
033:0,004;290,129;488,042;666,241
034:0,004;231,060;238,043;374,129;389,097;451,131;606,165;854,041;932,028
035:0,004;144,006;249,122;297,215;585,075;932,028;1023,033;1132,103;1151,039
036:0,004;248,152;621,126;664,035;704,120;920,048;956,260;1178,094
037:0,004;183,035;238,043;429,147;430,215;1129,028
038:0,004;322,116;804,045;821,227;854,041;969,205
039:0,004;238,043;331,051;362,174;562,075;574,020;589,181;623,141;627,204;791,032;842,052;886,238;892,050;932,028
040:0,004;297,215;331,051;576,095;1192,055;1198,272
041:0,005;99,010;192,088;199,041;253,082;841,021;856,154;1074,067
042:0,005;139,068;236,042;246,202;253,082;530,035;841,021;904,236;943,034
043:0,005;197,091;204,062;208,267;400,030;475,214;489,199;727,070;819,205;841,021;893,148
044:0,005;210,193;236,042;505,162;627,073;649,173
045:0,005;156,214;236,042;361,065;489,199;543,222;686,096;841,021;943,034;1074,067
046:0,005;199,041;236,042;500,071;512,028;530,035;717,016;725,053;755,236;841,021;936,206;1074,067
047:0,005;193,135;199,041;243,011;435,021;469,235;943,034;1074,067
048:0,005;204,221;236,042;739,264;943,034
049:0,005;136,026;156,214;487,271;508,222;841,021;1026,252;1102,067
050:0,005;199,041;236,042;797,195
051:0,006;9,010;116,178;398,042;629,080;877,053;897,049;1091,106
052:0,006;4,013;79,006;272,048;983,034
053:0,006;303,033;415,146;500,071;544,084;696,254
054:0,006;272,048;340,046;446,105
055:0,006;143,128;205,062;272,048;456,042;524,052;530,035;629,139;644,158;678,271;725,053;796,193;815,029;877,053;972,090;1151,039
056:0,006;272,048;1142,105
057:0,006;284,019;349,074;460,212;877,053;1011,263
058:0,006;272,048;774,064;796,193;936,012;974,149
059:0,006;272,048;1067,045;1084,037;1151,039
060:0,006;230,019;456,169;640,041;798,084;1151,039
061:0,007;215,049;303,070;357,067;361,065;362,011;405,126;792,212;847,228;883,224;888,087;938,140;989,275
062:0,007;211,166;215,049;348,134;357,067;361,065;655,133
063:0,007;226,250;317,235;331,218;360,087;542,188;659,016;682,070;1066,055
064:0,007;109,013;215,049;277,040;303,070;433,238;530,035;558,003;566,229;671,054;843,146;907,033;1066,055
065:0,007;266,199;275,055;277,083;682,070;821,227
066:0,007;211,166;266,199;277,040;357,067;381,272;602,004;894,040
067:0,007;201,257;243,049;361,065;493,241;682,070;753,209;1066,055
068:0,007;189,139;277,040;303,070;361,065;660,048;976,065;1154,034
069:0,007;14,220;277,083;433,238;483,065;545,254;673,067;680,166;754,016;780,252;843,146;970,033
070:0,007;215,049;386,034;453,270;492,051;562,257;625,035;644,110;772,016;793,032;852,184;954,219;984,047;1153,274
071:0,008;179,031;221,076;264,061;524,052;529,119;744,029;874,026;937,111;1181,112
072:0,008;169,210;421,219;536,055;621,050;744,029;881,050;1024,258;1171,260
073:0,008;155,253;277,065;300,074;425,119;640,041;820,087;841,021;952,076
074:0,008;138,066;179,031;264,061;648,026;744,029;875,075;881,050;886,116;1106,258
075:0,008;179,178;193,135;277,030;300,181;640,041;790,253;854,213;947,247;1076,211;1127,072
076:0,008;138,066;264,061;624,107;758,211;952,076;984,119
077:0,008;179,031;207,050;421,219;640,041;685,210;978,213;1055,180;1122,137;1149,226
078:0,008;138,066;207,050;300,181;333,027;423,034;474,275;685,210;744,029;1044,102
079:0,008;29,014;170,269;207,050;215,268;337,069;386,034;439,051;583,250;679,032;744,029;881,050;972,040;1109,034
080:0,008;138,066;179,031;221,076;264,061;658,211
081:0,009;25,014;136,175;193,011;233,031;257,045;292,060;337,069;411,067;587,036;703,101;973,248;976,210;1021,068;1115,183
082:0,009;130,046;292,060;372,170;411,067;553,010;596,122;621,067;922,105;1106,122
083:0,009;122,262;130,046;136,175;233,031;244,049;264,061;269,084;292,060;346,059;394,010;427,249;629,058;701,104;713,012;739,205;894,040;1021,068;1162,178
084:0,009;129,146;130,046;292,060;293,014;332,232;463,052;629,058;665,217
085:0,009;165,038;233,031;312,130;321,006;363,139;1074,067
086:0,009;128,136;130,046;322,176;372,170;854,129;875,139
087:0,009;165,038;233,031;291,180;310,128;486,050;516,172;587,138;1090,033;1132,139
088:0,009;112,012;122,262;130,046;302,055;337,069;533,138;879,209;887,116
089:0,009;130,046;165,038;236,231;291,180;618,142;703,050;861,212;939,046;1015,129;1021,068
090:0,009;130,046;233,031;312,032;348,019;411,067;629,058;675,227;701,013;743,263;937,111;1021,068
091:0,010;132,030;205,025;227,050;279,019;298,059;394,010;743,203;855,165;1146,070
092:0,010;205,025;298,055;394,010;636,016;810,170
093:0,010;205,025;275,055;298,059;363,074;401,093;507,030;579,049;618,199;636,016;644,075;701,013;723,129
094:0,010;205,025;227,050;275,055;385,196;394,010;554,035;579,049;639,178;846,021;883,050;1027,271
095:0,010;189,018;213,213;233,031;275,055;368,089;394,010;636,016;810,128;844,156;1149,211
096:0,010;194,007;205,025;227,050;275,055;303,043;352,019;385,196;394,010;724,110;975,040;1153,100
097:0,010;61,004;227,050;263,088;298,059;401,093;420,074;445,056;491,111;510,061;636,016;725,053;846,021;883,222
098:0,010;205,025;263,088;298,059;394,010;579,049;636,016;753,004;812,275;828,004;849,012;853,046;964,147
099:0,010;117,005;143,153;199,041;205,025;277,040;298,059;415,141;912,050
100:0,010;300,133;394,010;636,016;844,156;1067,133
101:0,011;558,003;734,064;758,035;805,128;842,052;859,108
102:0,011;351,019;385,167;558,003;587,133;613,050;797,205;804,045;859,108;951,132
103:0,011;292,060;321,197;337,069;397,267;435,021;472,240;523,105;557,020;558,003;578,050;580,191;640,041;653,240;662,187;690,112;1136,226
104:0,011;385,167;734,064;842,052;883,097;1103,191
105:0,011;458,125;558,003;618,142;734,064;804,045;849,065;1136,268
106:0,011;440,249;842,052;881,050;994,052;1172,212
107:0,011;332,019;368,030;404,185;558,003;571,103;587,133;734,064;780,046;842,044;849,065;883,097
108:0,011;7,010;558,003;613,061;690,112;734,064;804,045;849,065;994,052;1102,118
109:0,011;429,152;438,066;443,057;489,191;849,065;1008,052;1074,252;1172,212
110:0,011;458,125;558,003;571,103;689,039;773,266;804,045;855,165;858,012;994,052;1103,191
111:0,012;166,160;338,013;411,187;618,028;687,165;714,067;778,085;923,101;1108,043
112:0,012;240,226;285,049;303,135;333,027;363,203;467,030;492,153;521,046;622,264;825,058;1043,075;1083,033
113:0,012;189,139;353,068;381,072;481,252;512,028;640,075;891,188;967,048;1060,207
114:0,012;166,160;333,027;353,068;430,165;466,166;492,153;825,058;894,040;902,216;955,047;1086,101
115:0,012;136,026;144,007;214,234;338,011;342,233;353,068;430,165;640,075;876,058;902,216
116:0,012;153,158;240,226;357,067;381,072;512,028;644,158;825,058;974,028;1043,075;1126,156
117:0,012;18,008;35,017;110,185;341,013;381,072;464,031;491,009;500,056;512,156;656,191;921,047
118:0,012;156,227;640,075;790,253;803,049;825,058;985,168;1043,075;1131,200
119:0,012;151,193;272,048;290,247;303,135;333,027;342,233;353,068;409,188;778,085;803,049;1043,075;1066,055
120:0,012;94,007;142,253;153,158;246,013;463,186;512,028;640,075;734,064;803,049
121:0,013;164,263;175,047;250,034;282,087;311,037;360,268;1167,063
122:0,013;175,047;262,150;263,201;282,087;994,052;1009,070;1084,037
123:0,013;136,005;218,146;357,067;368,255;443,057;628,234
124:0,013;45,014;98,258;124,075;227,006;235,110;295,254;367,060;443,057;641,149;780,046;1084,037
125:0,013;98,258;124,075;263,201;311,037;357,048;443,057;594,224;780,046;908,142
126:0,013;164,263;367,060;531,271;747,053;826,219
127:0,013;124,075;138,066;175,047;262,206;296,042;310,061;364,150;713,012;900,103;966,096;1198,272
128:0,013;204,062;250,034;272,033;311,037;338,013;443,057;545,051;594,224;725,053;998,234
129:0,013;124,075;175,047;250,034;295,254;367,060;447,072;508,222;519,065;624,107;780,046;863,044;869,106;921,047;990,220
130:0,013;124,075;221,019;311,037;363,187;980,012;1084,037
131:0,014;56,042;174,010;207,050;263,212;445,056;587,036;601,192;625,035;965,203
132:0,014;14,220;301,225;371,151;445,056;462,041;590,106;720,012;840,075;857,247
133:0,014;4,006;56,042;106,138;136,026;204,121;625,035;686,096;1031,028
134:0,014;146,256;311,229;636,016;804,247;911,062;976,048;1088,068
135:0,014;168,171;283,019;353,068;371,151;524,048;611,042;625,035;854,041;911,062;1155,254
136:0,014;56,042;143,128;337,048;587,036;634,258;841,021;847,228;1071,071;1168,171
137:0,014;124,132;587,036;687,140;911,062;927,157;947,121;991,012;1052,136
138:0,014;105,234;205,025;311,229;386,034;562,137;798,236
139:0,014;48,006;56,042;136,026;168,171;474,275;562,075;601,192;911,062;927,157;1104,043;1115,111
140:0,014;92,012;106,138;386,034;557,076;564,075;587,036;625,035;825,049
141:0,015;137,119;402,051;464,031;485,080;623,073;770,065
142:0,015;108,017;128,044;238,147;293,014;364,177;658,016;829,240;1027,219
143:0,015;132,030;202,003;314,158;623,073;770,065;806,182
144:0,015;128,044;187,275;253,043;293,014;403,040;588,226;770,065;796,142;904,033;1036,121
145:0,015;133,216;187,006;208,141;293,014;403,040;465,058;529,169
146:0,015;109,017;277,065;293,014;345,249;425,035;447,188;485,080;629,058;660,004;904,033;914,154
147:0,015;128,248;293,014;364,177;582,259;623,073;777,167;933,094
148:0,015;132,030;206,157;277,065;314,158;403,040;582,259;770,065;777,167;909,240
149:0,015;128,248;151,017;293,014;357,011;454,041;623,073;722,075;916,187
150:0,015;99,199;128,044;175,047;271,072;324,013;403,040;584,116;740,054;746,048;765,095;773,188;877,053;902,253;1074,034;1160,252;1190,039
151:0,016;204,062;267,011;444,255;542,057;561,122;952,245;1192,043
152:0,016;139,068;298,059;326,046;530,074;1104,043;1154,072
153:0,016;99,199;263,019;300,074;425,119;491,009;530,074;1088,028;1133,237;1136,043
154:0,016;135,170;204,062;300,074;475,270;560,065;599,061;804,154;860,021;1104,043
155:0,016;139,068;246,202;257,045;326,046;491,009;530,074;561,122;566,052;635,068;803,145;1104,043
156:0,016;138,273;139,068;257,045;326,046;530,074;1114,264
157:0,016;204,062;257,045;317,235;463,052;491,009;530,074;1142,063
158:0,016;132,017;274,037;317,097;491,009;505,162;786,035;886,053;952,245
159:0,016;151,123;435,021;491,009;545,260;869,075;910,082;1031,033
160:0,016;76,004;81,001;84,017;138,273;257,045;277,065;300,074;449,186;491,009;621,111;883,012;982,106
161:0,017;125,018;172,004;277,030;463,056;657,068;722,012;1053,263
162:0,017;137,156;290,264;551,020;774,244;968,045;1115,183;1182,039
163:0,017;277,030;566,237
164:0,017;311,112;417,040;441,248
165:0,017;311,112;445,056;650,137
166:0,017;137,156;186,035;277,030;491,009;547,096;636,016;746,224
167:0,017;277,030;612,185;640,041;707,016;957,193
168:0,017;138,216;254,054;299,240;887,140
169:0,017;290,001;388,134;904,033
170:0,017;290,264;303,070;384,261;814,012;869,106;957,193
171:0,018;262,114;272,033;429,221;474,151;498,030;544,042;665,164;820,044;878,075;885,088;909,040;1182,042
172:0,018;208,017;227,084;262,114;272,033;498,030;500,071;519,065;552,068;839,217;1000,074;1075,197;1182,042
173:0,018;379,211;498,030;552,068;811,119;830,234;938,046;1111,132;1155,068
174:0,018;278,048;303,079;478,089;519,065;530,239
175:0,018;132,030;237,132;279,147;480,010;519,065;552,068;725,053;765,035;785,070;817,069;820,044;898,226;1137,227
176:0,018;311,138;321,014;426,145;796,035;820,044;921,047
177:0,018;243,194;272,033;369,056;425,035;427,256;429,221;552,068;796,046;1003,225
178:0,018;261,110;272,033;427,256;498,030;500,071;626,103;1056,040;1098,209
179:0,018;72,007;206,025;240,081;425,035;448,101;921,047;1163,216;1182,042
180:0,018;97,146;225,213;325,044;425,035;519,065;667,147;788,075;820,044;944,040;1098,209;1182,042
181:0,019;362,056;428,243;444,255;465,058;546,257;661,069;672,060;764,257;838,035;959,180
182:0,019;129,017;201,257;229,004;277,030;292,060;403,098;421,051;457,139;465,058;519,010;553,234;672,060;701,013;713,012;855,032;1020,063;1121,102;1133,175
183:0,019;390,273;406,050;602,004;639,059;661,069;676,167;701,013;728,182;959,180;1020,063
184:0,019;406,050;661,069;710,261
185:0,019;312,208;356,051;406,050;465,058;639,059;668,127;672,060;701,013;760,172;764,257;890,046;1132,103
186:0,019;362,056;428,243;465,058;582,152;672,060;701,013;766,203;810,082;1007,248;1020,063
187:0,019;250,200;362,056;398,225;427,181;575,275;624,105;639,059;713,012;1108,163
188:0,019;227,084;362,056;713,012;1149,126
189:0,019;216,006;250,200;390,273;406,050;689,039;701,013;713,012;959,203;1020,063
190:0,019;398,225;639,059;661,069;701,013;713,012;1155,153
191:0,020;173,027;186,173;212,035;254,054;433,251;602,004;791,092;894,040;943,034;1004,070;1127,072
192:0,020;256,144;270,072;321,006;339,221;414,117;559,234;576,095;602,004;879,189;898,226;904,033;1006,012;1020,181
193:0,020;41,017;64,003;254,054;321,006;416,050;602,004;621,067;733,016;760,004;874,026;911,241;954,040;1127,072;1172,125
194:0,020;171,071;206,116;331,161;602,004;933,094;954,145;1084,037
195:0,020;173,027;207,237;321,006;353,271;507,173;522,117;1004,070
196:0,020;183,035;326,089;524,052;621,067;791,092;854,131;1006,157;1127,072
197:0,020;186,173;321,006;339,221;353,271;367,060;544,238;756,054;811,119;1076,070
198:0,020;254,054;321,006;331,218;370,046;414,117;421,040;507,173;524,052;542,229;546,261;602,004;885,122;1127,072
199:0,020;173,027;183,035;254,054;321,006;326,046;567,087;602,004;894,040;969,205;1110,261
200:0,020;173,027;183,035;256,144;321,006;331,161;544,010;601,253;621,067;860,065;872,149;996,253;1004,070
