001:0,001;223,259;277,123;1156,032
002:0,001;278,262;1035,106
003:0,001;488,183;623,217;650,093;785,187
004:0,001;204,125;209,001;223,259
005:0,001;277,123;490,086;535,053;709,043;834,119
006:0,001;228,202;278,262;327,056;535,053;759,108;808,082
007:0,001;6,243;198,019;235,162;535,053;730,187;885,246
008:0,001;27,136;204,125;535,053;839,114
009:0,001;240,132;1071,150
010:0,001;281,078;436,233
011:0,002;65,005;255,137;595,190
012:0,002;21,247;162,006;213,082;1082,123
013:0,002;53,188;61,034;172,105;556,217;877,076
014:0,002;61,034;67,213;210,045;378,174;381,035;580,072;726,114;933,040;974,193;1190,134
015:0,002;20,210;273,163;1133,143
016:0,002;67,213;990,096
017:0,002;6,243;57,234;61,034;160,060;210,045;254,064;273,163
018:0,002;61,250;95,016;112,144;145,044;210,045;381,035;595,190;675,136
019:0,002;61,034;164,189;237,241;245,179;307,233;497,239
020:0,002;6,273;121,087;870,036;973,131
021:0,003;273,110;516,124;853,044;870,036;1029,207
022:0,003;70,225;189,085;379,199;470,147;502,072;789,183;1087,070
023:0,003;74,085;92,059;137,205
024:0,003;35,019;74,085;443,202;502,072;641,255;662,085;668,113;937,173
025:0,003;70,225;388,150;870,036;959,084
026:0,003;50,196;1118,204
027:0,003;123,201;885,190;894,214;1135,254
028:0,003;52,042;70,226;870,036;930,235;1005,253
029:0,003;47,102;502,072;744,173;1113,267
030:0,003;58,118;112,050;123,201;690,103;803,088
031:0,004;57,234;91,059;129,097;254,064;357,220
032:0,004;51,007;59,061;164,214;338,126;652,205
033:0,004;59,061;338,126
034:0,004;59,150;813,089
035:0,004;78,200;150,224;964,220
036:0,004;143,147;733,055;743,108
037:0,004;24,233;338,060;357,220;438,105
038:0,004;13,090;60,103;97,075;111,249;172,049;256,199;1040,243
039:0,004;60,103;91,059;150,224
040:0,004;59,150;91,059;204,177
041:0,005;33,227;61,005;163,252;524,246;794,116;1089,112
042:0,005;173,208;181,032;353,122;504,110
043:0,005;79,132;116,153
044:0,005;77,210;149,053;181,032;302,231;902,202
045:0,005;116,153;181,032;599,128;674,252
046:0,005;149,053;302,231;687,100;700,126;743,254;871,112
047:0,005;56,075;149,053;222,219;255,153;819,202
048:0,005;80,079;318,193;986,134;988,064;1118,245
049:0,005;102,133;687,120
050:0,005;79,132;268,061;377,181;381,035;687,100;1077,151
051:0,006;136,186;154,227;178,039;353,122;593,211;599,147;896,036;1010,203;1093,275
052:0,006;343,140;522,045;734,174;803,103;935,033;1082,194
053:0,006;178,039;195,061;202,192;522,045;643,032;852,122
054:0,006;342,127;354,244;587,070;599,173;935,033;1049,211
055:0,006;27,232;269,168
056:0,006;27,232;211,006;298,215;643,032;850,078;1002,187;1037,193
057:0,006;178,039;205,138;643,032;877,118;935,033
058:0,006;154,227;599,173;643,032;853,211;935,033;1010,203
059:0,006;337,165;643,032;844,243;1172,216;1197,105
060:0,006;269,168;522,045;756,174
061:0,007;70,161;92,246;382,089;766,098;823,066;900,153
062:0,007;92,246;145,044;204,109
063:0,007;76,098;89,032;382,089;860,054;1047,229
064:0,007;69,223;89,032;145,044;190,180;397,239;487,198;823,066;860,054;1195,200
065:0,007;69,223;89,032;162,155;448,043;1046,078
066:0,007;76,098
067:0,007;76,078;448,043;873,145
068:0,007;70,249;145,044;190,180;448,043;813,112;823,066;873,145;963,180
069:0,007;45,047;124,115;221,138;298,151
070:0,007;37,067;65,077;89,032;121,087;308,173;448,043;726,259;823,066;917,216
071:0,008;97,212;584,118;721,130
072:0,008;99,108;149,051;270,161;673,170
073:0,008;121,118
074:0,008;143,091;1059,070;1159,188
075:0,008;102,001;133,127;607,241
076:0,008;68,161
077:0,008;84,129;149,051;177,113;679,040;1176,118
078:0,008;61,253
079:0,008;61,253;69,179;149,051;180,131;784,218
080:0,008;69,179
081:0,009;77,178;300,197;832,029;1105,240
082:0,009;39,266;52,175;78,010;91,114;574,044;862,064;1149,260
083:0,009;52,175;131,006;172,257;280,200;574,044;862,064;1152,191
084:0,009;213,252;323,251;409,185;967,196;1149,260
085:0,009;68,041;157,173;330,138;394,219;681,220;800,177;867,110;1046,119
086:0,009;52,042;91,114;137,174;196,033;280,200;348,269;574,044;862,064;1152,191
087:0,009;77,178;680,197
088:0,009;52,042;68,041;129,239;623,113;664,043;862,064;896,070;1078,261;1181,171
089:0,009;68,041;191,158
090:0,009;52,245;68,041;137,174;574,044;844,201
091:0,010;111,035;112,050;149,117;160,060;235,273;517,233;593,040;781,154
092:0,010;111,035;160,060;268,105;273,189;492,038;543,088;1021,100
093:0,010;112,050;422,171;926,113
094:0,010;112,050;228,254;593,040;1009,169
095:0,010;202,041;235,273;593,040;1042,175
096:0,010;133,208;160,060;202,041;287,130;537,043;589,084;593,040;708,055;710,267
097:0,010;111,035;127,269;202,041;276,219
098:0,010;64,208;74,001;111,035;160,060;228,254;375,208;960,226
099:0,010;122,218;705,045;781,154
100:0,010;113,261;195,115;276,219;317,096;331,215;411,083;593,040;697,032;758,159
101:0,011;1,012;25,247;64,133;91,059;177,206;642,255;723,225
102:0,011;188,076;439,133;859,044;907,150
103:0,011;60,207;188,076;922,237;982,213;1139,027
104:0,011;25,158;69,211;373,142;837,047;875,098;935,185;1139,027
105:0,011;89,119;386,085
106:0,011;24,235;446,142;477,118;555,172;830,220;837,047;1031,223;1139,027
107:0,011;69,211
108:0,011;131,135;215,196;604,044;876,064;1139,027
109:0,011;64,133;115,059;139,081;181,032;352,185;837,047;853,029;1052,176
110:0,011;24,233;113,261
111:0,012;16,116;136,062;159,220;282,142;359,070
112:0,012;68,007;160,043;218,237;417,247;535,112;929,040;1073,195
113:0,012;74,139;116,083;160,043;196,033;359,070
114:0,012;68,034;80,079;160,043;266,253;274,263
115:0,012;196,033;699,104;966,199;1073,195
116:0,012;58,086;211,192;771,040;1104,271;1150,169
117:0,012;58,086
118:0,012;44,194;160,043;282,142;437,207;470,116;691,218;1062,187
119:0,012;44,194;50,013;190,090;359,070;491,093;795,070
120:0,012;74,139;196,033;340,178;359,070;1062,230
121:0,013;129,140;136,062;158,263;337,165;380,090
122:0,013;136,062;294,083;371,127;837,047;842,142
123:0,013;136,062;149,117;158,263;205,139;664,234;870,105;1014,247
124:0,013;157,187;763,217
125:0,013;13,090
126:0,013;136,062;201,246;924,129
127:0,013;130,139
128:0,013;84,129;1086,121
129:0,013;128,075;204,214;1096,138
130:0,013;36,186;157,187;241,136;395,094;449,235
131:0,014;27,136;783,121;879,171
132:0,014;21,004;44,185;104,121
133:0,014;104,121;472,237;677,213;699,127;707,271;826,158;832,029;1113,173;1132,214
134:0,014;300,197;425,070;464,216;543,088;632,171;827,181
135:0,014;231,204;876,161
136:0,014;40,174;44,185;89,001;149,051;185,052;209,202;562,247
137:0,014;78,151;316,132;810,193;832,029;1183,243
138:0,014;9,124;52,042;86,266;541,128;552,202;834,213;942,143;1065,084
139:0,014;65,112;605,121;749,149;832,029;860,054
140:0,014;9,124;764,094;832,029;1097,168;1101,175;1145,107
141:0,015;25,191;120,006;264,172;886,271;919,233;1083,080
142:0,015;56,075;92,162;289,204
143:0,015;40,174;56,075;65,155;70,226;334,056;495,252;938,054;1075,156
144:0,015;108,222;354,200
145:0,015;27,214;37,067;65,155;247,143;338,080;476,199;831,107;935,109
146:0,015;51,083;488,183
147:0,015;37,067;56,075;328,271
148:0,015;37,067;56,075;338,080
149:0,015;27,214;56,075;264,172;481,070;802,231
150:0,015;25,191;61,034;142,143
151:0,016;52,042;119,048;255,129;510,268
152:0,016;111,203;134,159;149,053;172,049;323,251
153:0,016;134,159;287,130
154:0,016;117,006;516,078;753,251
155:0,016;159,095;516,078
156:0,016;119,048;287,107
157:0,016;37,067;121,156
158:0,016;278,116;1095,029;1124,082
159:0,016;75,142;119,048;121,156;159,095;172,049;304,109;555,131
160:0,016;117,272;119,048;159,220;172,049;260,257;412,056;521,207;940,263;1122,218
161:0,017;21,169;152,207
162:0,017;25,192;119,048;185,052;269,084;408,035;502,072;733,212;742,118;829,263;860,054;1177,245
163:0,017;10,053;157,040;199,244
164:0,017;10,053;133,127;185,052;242,182;272,250;327,056;426,230;596,206
165:0,017;68,096
166:0,017;10,053;174,222;280,225;416,035;541,128
167:0,017;157,040;219,247;722,262
168:0,017;21,169;334,120;625,138
169:0,017;47,102;157,040;185,052;202,041;272,250;426,230;1006,200;1144,174
170:0,017;10,053;334,120;728,239;847,206;1136,225
171:0,018;97,077;160,043;215,171;434,237;436,115;507,119;798,275
172:0,018;48,267;365,157;664,223
173:0,018;45,047;149,006;338,060;365,260;492,038;567,106
174:0,018;14,217;574,045;723,225;1050,114
175:0,018;68,016;134,099;492,038;522,045;798,275;1047,070;1110,133
176:0,018;16,116;45,047;139,269
177:0,018;4,170;210,045;334,235;857,226;1126,231
178:0,018;36,265;45,047;185,268;338,060;365,157;621,079
179:0,018;26,198;97,077;338,060;436,115
180:0,018;45,047;134,099;492,038;664,223;982,159
181:0,019;254,064;327,056;358,135;669,156;857,172
182:0,019;129,239;269,149;782,180;1156,032
183:0,019;309,079;1118,185
184:0,019;230,094;327,056;328,271;406,180;899,254;1081,104
185:0,019;251,206;327,056;577,234
186:0,019;256,189;277,261;381,035;542,053;557,170;803,114;814,230
187:0,019;269,149;304,237
188:0,019;177,113;462,254;1156,032
189:0,019;254,064;318,193;438,112;488,043;568,184
190:0,019;209,135;894,208;1156,032
191:0,020;102,061;409,103;708,055;746,134
192:0,020;18,134;54,138;102,061;423,181;601,043;622,086
193:0,020;21,268;178,039;337,091;354,263;441,212
194:0,020;48,180;102,061;122,006;145,044;237,241;1064,235
195:0,020;102,061;441,229;708,055;741,264
196:0,020;54,138;157,040;200,119;873,135
197:0,020;59,061;64,208;423,181
198:0,020;21,268;646,076;708,055;762,104
199:0,020;18,134;48,180;182,001;230,094;954,054;1038,115;1044,139
200:0,020;11,253;22,011;26,198;708,055;941,212;946,269;1163,110
