001:0,001;133,234;192,020;450,024;453,069;534,223;723,039;987,054;1083,111;1113,029;1125,042
002:0,001;83,062;192,020;333,158;646,057;699,269;739,017;858,001;962,178;1019,272;1066,028
003:0,001;138,033;154,210;176,145;192,020;397,232;484,052;633,248;987,054;1066,028;1125,042
004:0,001;174,077;192,020;246,012;299,207;380,189;608,125;646,057;677,029;723,039
005:0,001;137,011;192,020;445,242;514,040;634,016;756,104;1066,028;1106,208;1125,042
006:0,001;127,048;190,079;332,070;333,158;418,071;534,223;624,017;650,120;723,039;832,017;861,181
007:0,001;127,048;154,210;192,020;325,069;523,072;561,082;593,036;673,197;782,039;1118,043
008:0,001;192,020;389,176;418,071;650,227;953,217;987,054;1050,045;1066,028
009:0,001;19,009;76,018;83,062;214,209;397,208;418,071;436,193;440,015;565,185
010:0,001;83,062;94,019;127,048;176,145;389,176;523,072;805,148;904,150
011:0,002;168,165;283,038;507,032;583,228
012:0,002;311,106;507,032;677,029;1158,046;1168,034
013:0,002;189,037;287,177;507,032;675,028;718,112;921,026;933,029
014:0,002;178,072;341,001;484,246;680,125;708,048;861,248;1021,187
015:0,002;140,003;153,002;154,031;168,165;251,034;367,069;631,218;677,029
016:0,002;264,262;507,032;697,158
017:0,002;283,038;290,034;366,212;523,072;583,228;631,218;1167,029
018:0,002;231,233
019:0,002;180,181;264,262;397,051;550,184;660,058;677,029
020:0,002;180,256;251,034;406,159;677,029
021:0,003;261,032;344,025;356,210;414,069;789,148;1028,044;1067,227;1096,072
022:0,003;191,074;381,063;433,199;605,062;705,126;774,180
023:0,003;220,137;261,032;344,025;368,231;718,048;850,254
024:0,003;212,100;344,025;377,126;393,055;486,157;711,048;956,152;1125,042
025:0,003;63,007;77,216;395,053;429,056;705,126
026:0,003;250,159;344,025;358,128;368,231;395,053;582,065;605,062;999,033;1169,110
027:0,003;208,120;261,032;395,053;433,199;443,048;582,231;585,017;646,242;780,009;853,235;1028,044;1032,140;1088,267;1110,251;1137,163
028:0,003;261,032;344,025;395,053;465,058;476,131;485,056;534,009;664,175;818,033;1137,163
029:0,003;191,074;246,220;344,025;377,126;486,157;605,062;1028,044;1046,190
030:0,003;124,001;191,074;220,137;344,025;402,272;968,049;1028,044;1056,114
031:0,004;210,210;534,009;856,125;983,148;1188,047
032:0,004;177,186;287,169;534,009;801,245;856,125;983,029;1055,069
033:0,004;213,272;300,056;387,257;534,009;608,065;763,122;818,033;976,271;1055,069
034:0,004;204,037;210,100;234,193;534,009;818,033;1055,069
035:0,004;294,037;332,020;340,205;502,035;509,052;531,027;534,009;827,029;889,150;1055,069
036:0,004;12,012;51,195;59,050;64,167;75,007;116,008;177,186;210,210;300,056;371,136;395,063;487,031;572,245;825,050;935,116;940,049;1066,178
037:0,004;51,195;298,020;382,055;492,144;534,009;774,039;977,190;1129,126
038:0,004;184,121;534,009;811,001;920,099
039:0,004;162,086;300,056;338,007;395,031;397,075;534,009;805,006;816,173
040:0,004;210,225;817,062;1151,139;1181,237
041:0,005;122,084;285,035;405,180;521,024;522,204;640,009;716,223;816,034;863,251
042:0,005;84,035;109,153;137,039;318,065;323,031;371,249;387,257;593,036;663,028;671,238;929,034;987,054;1011,034;1049,054;1163,083
043:0,005;138,050;175,052;291,053;323,031;549,225;593,036;638,147;933,049;1006,180
044:0,005;122,084;291,053;318,065;378,135;663,028;1020,256
045:0,005;137,039;223,067;246,231;279,035;338,094;663,028;972,032;982,050;1173,108
046:0,005;109,153;137,039;210,176;279,035;318,065;323,031;438,223;522,204;535,049;544,252;603,082;933,049;1146,028
047:0,005;119,105;405,180;972,032;990,227
048:0,005;111,004;132,048;137,039;272,174;279,035;291,053;318,065;372,208;590,067;663,028;933,049;935,059;1043,095
049:0,005;210,176;323,031;593,036;663,028;972,032;1009,262;1175,215
050:0,005;42,020;105,138;147,051;223,120;367,069;389,001;422,267;465,058;544,252;629,068;933,049;972,032;1078,113
051:0,006;210,087;386,075;422,082;656,074;683,220;779,001;940,090;1185,043
052:0,006;134,029;147,112;166,063;321,056;331,068;422,082;435,039;518,194;583,061;762,064;1065,040
053:0,006;166,063;407,040;435,039;486,229;553,049;585,017;646,275;656,074;663,028;707,069;754,136;762,064;998,173;1065,040;1074,046;1146,232
054:0,006;166,063;300,056;339,063;386,075;447,269;707,069;754,136;825,050;925,077;1065,040;1104,048
055:0,006;140,030;228,217;277,186;339,063;386,075;585,017;626,062;791,071;825,050;1032,049;1053,195
056:0,006;228,217;382,055;390,203;580,187;585,017;716,047;755,172;950,090
057:0,006;166,063;315,073;361,192;435,039;554,209;585,017;656,074;707,069;723,062;791,266;961,037;1006,222
058:0,006;166,063;325,069;464,237;606,061;825,050;1194,140
059:0,006;208,189;361,192;435,039;449,071;534,254;585,017;659,151;753,071;825,050
060:0,006;64,018;124,145;126,006;189,199;386,075;471,048;580,187;585,017;647,139;656,074;755,172;762,064;1032,140
061:0,007;41,003;101,198;109,059;397,051;462,192;588,081;701,034;975,190;1022,078;1118,043
062:0,007;21,018;31,130;83,062;109,059;221,042;247,012;318,065;326,001;587,016;773,033;805,265;828,034
063:0,007;109,059;360,255;367,109;462,010;606,235;697,158;701,034;706,196;726,053;899,207;953,026;997,047
064:0,007;192,204;194,037;331,068;462,010;723,091;728,048;865,033;1118,043
065:0,007;110,110;117,015;239,139;462,010;595,055;662,196;773,033;778,009;835,192;912,039;943,205;997,047;1050,045;1075,075;1118,043
066:0,007;97,234;462,010;595,055;676,094;701,034
067:0,007;93,218;109,059;281,032;307,199;331,068;397,051;462,010;514,040;701,034;818,242;997,047;1118,043;1127,047
068:0,007;19,033;29,007;137,204;306,046;331,068;382,055;452,174;462,010;588,081;701,034;818,033;858,267;997,047;1140,209
069:0,007;107,213;109,059;294,102;331,068;360,255;462,010;536,266;595,055;605,062;637,260;723,091;787,240;797,032;835,192;1080,154;1107,028
070:0,007;103,078;380,196;397,051;438,041;440,015;542,184;611,231;778,028;784,062;823,034;1142,047
071:0,008;174,077;192,065;276,221;315,073;367,171;803,124;888,051;954,225;1010,271
072:0,008;129,062;157,228;276,221;338,007;426,173;691,202;882,070;1030,029;1051,153;1149,045
073:0,008;129,062;338,007;382,253;588,068;677,253;1030,075;1106,208;1125,050;1149,045
074:0,008;129,062;236,020;317,041;338,007;383,128;402,160;588,068;649,040;800,028;998,053;1025,151;1035,267
075:0,008;157,228;192,065;224,148;315,073;338,007;435,144;588,068;649,040;796,006;797,029;947,039;976,070
076:0,008;139,213;335,041;338,007;502,035;649,040;880,050;950,226
077:0,008;145,082;315,073;360,235;502,035;665,095;1149,045
078:0,008;109,059;129,062;145,082;192,065;240,134;296,035;340,095;588,068;691,202
079:0,008;251,034;315,073;338,007;360,235;502,035;649,040;819,242;1004,039
080:0,008;129,062;183,039;338,007;402,160;502,035;641,009;701,034;1149,045
081:0,009;251,124;410,069;435,226;535,049;623,071;946,031;1005,046;1037,059
082:0,009;258,151;523,072;541,124
083:0,009;72,019;93,125;535,049;623,071;732,246;754,223;810,046;843,203;1030,075;1052,048
084:0,009;258,246;394,094;407,275;433,027;499,222;933,049;1085,220
085:0,009;93,125;171,063;195,174;258,246;385,031;494,167;646,057;849,033;1105,112
086:0,009;247,196;282,275;435,226;515,031;725,006;893,127;1030,075
087:0,009;301,201;367,069;385,031;606,129;946,031;1085,220
088:0,009;251,124;545,009;706,047;714,006;732,246;946,031;1125,050;1126,269
089:0,009;247,196;385,031;623,071;810,046;935,082;1001,039;1030,075
090:0,009;282,275;382,253;384,063;385,031;535,049;623,071;810,046;948,166
091:0,010;53,001;130,114;150,018;178,072;358,216;640,222;773,028;775,210
092:0,010;84,035;150,018;180,130;1042,102;1112,161;1165,040
093:0,010;71,129;288,028;323,031;324,238;351,007;355,084;1015,262
094:0,010;70,018;130,114;150,018;259,160;288,028;349,024;365,270;838,222;1084,047
095:0,010;84,035;101,149;332,037;353,228;459,052;490,041;539,048;544,052;590,085;1084,114
096:0,010;84,035;114,033;133,232;604,016;836,026;1112,161
097:0,010;7,006;48,139;134,046;150,018;189,037;243,144;387,246;589,047;834,089;927,131;975,039
098:0,010;101,149;178,072;327,037;381,125;773,033;972,154
099:0,010;48,139;84,035;149,051;150,018;170,130;178,072;288,028;365,270;454,145;589,047
100:0,010;36,015;84,035;85,015;90,019;95,108;150,018;182,224;288,028;334,169;440,015;442,145;589,047;787,240;980,155;1165,035
101:0,011;198,195;891,256;958,192
102:0,011;177,046;353,049;448,188;496,024;630,128;929,179
103:0,011;116,016;146,204;177,046;556,076;660,009;897,076;1014,225
104:0,011;119,059;177,046;353,049;382,055;390,203;442,135;514,040;557,272;891,039;901,097;999,236
105:0,011;154,031;189,037;382,055;494,268;556,076
106:0,011;57,017;162,203;189,037;196,104;367,069;376,089;429,056;514,040;744,001;891,256
107:0,011;189,037;353,049;513,129;565,216;665,062;810,217;849,252;983,059;999,236;1187,172
108:0,011;162,203;177,046;371,249;549,009;605,247;845,225
109:0,011;177,046;382,055;502,115
110:0,011;177,046;189,037;382,055;389,045;464,064;619,258;726,039;1053,193
111:0,012;48,057;59,050;121,236;156,004;208,201;392,048;551,065;744,001;961,037;994,053;1165,224
112:0,012;48,057;59,050;88,267;246,012;392,048;646,242;708,048;791,266;994,053;1065,040;1138,151
113:0,012;19,033;93,055;138,050;198,257;208,201;218,155;397,051;429,056;609,209;708,048;856,232;990,054;1072,237;1101,048
114:0,012;59,050;94,055;246,012;250,001;433,052;527,237;543,249;595,055;638,136;645,228;774,187;994,053;1086,028
115:0,012;19,033;48,009;133,087;744,001;866,263;1074,046
116:0,012;88,267;93,055;178,152;246,012;488,058;551,065;638,136;708,048;908,112;961,037;1030,155;1056,059;1074,046
117:0,012;6,006;19,033;80,187;96,178;246,012;551,065;856,232;1074,046
118:0,012;42,123;48,057;59,050;96,178;109,008;173,193;246,012;392,048;462,010;563,181;744,001;904,212;938,132;994,053;1181,237
119:0,012;46,129;59,050;93,055;366,148;392,048;603,134;708,048;744,001;1050,045;1052,233
120:0,012;19,033;42,123;48,057;71,009;110,110;246,012;299,264;467,058;548,102;551,065;744,001;920,099;1033,075
121:0,013;93,036;123,052;465,058;483,044;627,151;810,056;939,272
122:0,013;81,174;123,052;602,254;1124,043;1131,034
123:0,013;91,259;616,036;743,111;943,059
124:0,013;93,036;138,050;208,178;1108,185;1165,039;1172,031;1191,046
125:0,013;91,259;93,036;123,052;128,015;134,029;181,219;483,044;591,120;619,214;810,056;955,101;1174,272
126:0,013;125,189;483,044;555,009;606,177;739,158;849,131;883,082
127:0,013;66,003;123,052;619,214;723,039;762,064;1017,142;1051,181
128:0,013;48,057;95,108;134,029;194,112;390,254;528,052;554,065;634,189
129:0,013;123,052;370,049;390,254;501,131;1172,031
130:0,013;66,111;93,036;137,259;150,018;157,155;339,063;501,131;572,245;589,047;782,214;810,056;830,078;1036,077;1172,031
131:0,014;84,181;374,038;587,075;607,135;621,084
132:0,014;97,229;374,038;551,101;684,133
133:0,014;61,005;71,026;112,214;230,228;257,020;367,109;373,052;374,038;383,128;587,075;590,067;762,132
134:0,014;77,092;242,070;416,159;483,044;521,212;900,202;946,031;975,217;1052,048
135:0,014;140,030;242,070;374,038;531,174;590,067;807,145;1188,046
136:0,014;168,239;590,067;786,062;1025,177;1052,048
137:0,014;27,002;95,003;165,085;211,039;242,070;265,090;707,069;744,001;929,111
138:0,014;66,111;71,026;97,229;132,078;138,169;214,030;218,009;265,090;374,038;587,075;590,067;744,009;808,085
139:0,014;71,026;140,030;242,070;346,211;442,047;531,174;587,075;723,171;730,270;1052,048
140:0,014;71,026;138,169;140,030;242,070;251,034;339,133
141:0,015;65,245;110,043;127,048;163,158;222,063;234,001;526,261;571,061;773,033;798,207;870,265;1078,182
142:0,015;101,133;166,092;234,001;531,229;544,207;566,153;730,030;792,260;955,064;971,056;1042,165
143:0,015;110,043;160,069;205,067;234,001;568,160;571,061;646,057;730,030;770,009;774,187;805,265
144:0,015;110,043;150,018;196,197;234,001;494,232;550,170;990,183
145:0,015;113,117;160,069;199,209;205,067;278,020;377,103;585,017;639,053;730,030;759,072;763,215;1178,059
146:0,015;101,133;215,153;571,061;639,053;792,260;961,037;971,056;990,183
147:0,015;111,043;205,067;234,001;377,103;534,178;769,171
148:0,015;48,057;65,245;103,267;120,009;123,185;205,067;234,001;639,053;730,030;1006,059;1043,122
149:0,015;88,052;90,174;160,069;215,153;234,001;556,191;571,061;703,105;730,030;845,225;905,050;1111,170;1191,075
150:0,015;160,069;179,009;196,197;199,209;639,053;703,105;810,056;811,001;941,057;971,056;1078,182;1194,035
151:0,016;192,065;216,043;261,027;324,110;468,033;742,132;826,051;971,056;1055,026
152:0,016;396,185;438,041;460,182;648,072;925,237;1050,045;1068,108;1192,090
153:0,016;42,010;61,270;338,007;366,071;402,116;407,040;445,221
154:0,016;198,136;407,040;445,221;468,033;674,072;797,032;826,051;955,269;1050,045;1104,255
155:0,016;213,162;216,043;242,070;366,071;402,116;438,041;449,071;468,033;490,041;606,177;946,031;994,151;1121,075;1158,125
156:0,016;208,120;216,043;226,223;323,052;449,071;597,175;648,072;826,051;904,059;925,237;1050,045
157:0,016;191,074;226,223;407,040;460,182;638,047;648,072;691,071;843,203;904,059;955,269
158:0,016;216,043;291,053;366,071;490,041;545,199;797,032;826,051;904,059
159:0,016;216,043;304,099;438,041;468,033;490,041;547,170;648,072;929,179
160:0,016;231,200;366,071;396,185;797,032;826,051;904,059
161:0,017;10,003;26,242;114,033;173,178;188,003;221,042;294,164;570,106;714,006;899,218;1165,040
162:0,017;26,242;52,011;147,051;236,257;239,027;565,189;660,221;714,006;836,026
163:0,017;143,218;239,027;677,246;714,006;871,212;1165,040
164:0,017;122,059;147,051;196,020;221,042;239,027;535,049;687,107;714,006;839,268
165:0,017;114,033;147,051;239,027;254,247;437,024;582,179;714,006;914,026
166:0,017;93,055;114,033;147,051;221,042;279,083;714,006;839,268;1076,189
167:0,017;143,218;174,015;184,121;239,027;570,106;1046,050;1161,048
168:0,017;114,033;176,111;299,207;920,089
169:0,017;135,043;145,174;226,040;316,130;794,070;904,059;1093,033;1165,040
170:0,017;147,051;221,042;254,247;339,078;714,006;875,213;1133,042
171:0,018;102,164;239,139;744,001;773,070;1027,072
172:0,018;81,174;88,052;106,244;134,046;164,101
173:0,018;61,270;77,216;134,046;186,164;333,193;430,133;575,090;672,053;773,070;1077,112
174:0,018;134,046;170,148;438,047;532,212;573,093;773,070;1068,108;1143,059
175:0,018;88,052;90,009;116,137;134,054;143,152;993,248;1098,026
176:0,018;102,164;134,054;184,249;229,242;279,035;331,045;438,047;506,024;639,053;810,217;968,187;1037,185;1089,122
177:0,018;71,129;134,046;229,242;429,056;525,142
178:0,018;88,052;107,213;438,047;502,035;525,142;872,128
179:0,018;88,052;97,234;106,244;132,055;164,101;234,105;364,144;438,047;560,065;697,156
180:0,018;55,017;116,137;134,054;140,015;184,249;256,001;287,032;295,129;647,083
181:0,019;265,092;331,045;526,102
182:0,019;143,011;147,167;154,031;165,085;226,040;367,187;464,064;567,207;580,032;660,058;747,244;773,070;852,017;1027,072;1142,043;1200,271
183:0,019;147,219;226,040;367,187;421,115;699,194;979,046;1176,059
184:0,019;226,040;323,031;331,045;447,269;495,163;549,059;702,102;762,064;1034,217
185:0,019;70,007;86,017;104,201;154,031;240,088;253,229;331,045;440,015;495,163;979,046;1140,209
186:0,019;168,096;353,049;421,115;447,078;464,064;706,135;1027,072;1044,075
187:0,019;196,104;198,020;286,070;440,015;448,117;660,058;699,194;898,172
188:0,019;189,003;212,206;283,038;440,015;458,083;549,059;671,238;800,039;807,145;979,046
189:0,019;138,050;212,206;226,040;440,015;464,064;549,059;600,016;655,163;1027,072;1145,221
190:0,019;104,201;110,043;175,117;240,088;363,063;418,071;440,015;546,175;549,059;660,058;736,196;810,046;929,064;1027,072;1137,075;1172,031
191:0,020;117,015;246,012;285,020;325,069;347,024;548,141;558,048;587,016;846,252;941,057;1029,035;1171,253
192:0,020;51,107;283,041;344,025;347,024;587,213;739,017;935,203;1029,035
193:0,020;117,015;134,029;234,001;347,024;587,016;766,001;918,119;1011,049;1075,142;1145,034
194:0,020;117,015;346,268;347,024;542,035;594,103;595,055;654,109;802,006;836,026;1078,113
195:0,020;46,006;51,107;240,129;283,041;322,040;325,069;347,024;587,016;739,017;865,096;1029,035
196:0,020;24,007;83,004;88,017;117,015;214,214;283,041;347,024;473,058;489,093;587,016;739,017;934,028;1019,267;1078,089;1153,154
197:0,020;117,015;182,224;192,020;252,268;272,174;347,024;587,016;739,017;919,227;1029,035
198:0,020;117,015;259,214;283,041;346,268;347,024;587,016;739,017;941,057;980,155;1029,035
199:0,020;283,038;325,069;465,058;587,016;732,065;739,017;910,171;979,046;1056,084;1077,039
200:0,020;117,015;286,169;294,112;295,129;502,268;739,017;836,026;933,211;941,057;1063,213;1099,187
