001:0,001;2,007;224,256;569,045;1189,186
002:0,001;42,128;81,045;171,161;178,023;191,187;240,026;260,250;485,135;569,045
003:0,001;40,108;81,045;269,100;287,033;338,181;910,026
004:0,001;151,030;240,026;291,153;472,074;569,045;685,057;807,141;869,045
005:0,001;33,156;178,023;187,050;278,195
006:0,001;77,202;81,045;240,026;269,060;291,153;305,167;685,057;772,138;791,195;891,210;964,076
007:0,001;40,108;81,045;187,050;220,036;249,063;441,066;537,256;569,045
008:0,001;33,156;870,121;955,182;1161,026
009:0,001;24,005;68,077;76,013;116,275;124,062;235,099;288,086;411,007;685,057;832,135
010:0,001;42,207;569,035;1036,192
011:0,002;67,072;150,053;185,202;614,193;812,076;828,053;844,073;909,268;910,026
012:0,002;156,032;247,026;273,028;366,076;966,034
013:0,002;16,019;204,208;621,126
014:0,002;211,163;654,270;802,086;910,026;1193,116
015:0,002;158,082;352,256;385,241;614,151;1089,073
016:0,002;107,019;213,105;390,215;559,033;570,272;1086,275
017:0,002;156,032;646,150;800,190;873,080;907,257
018:0,002;193,147;442,253;1151,029
019:0,002;133,017;159,133;910,026
020:0,002;206,093;292,060;362,203;1143,151
021:0,003;101,237;117,084;178,023;492,103
022:0,003;83,006;97,265;101,237;139,064;207,084;659,269;895,128;914,026;1009,119
023:0,003;187,033;411,175;517,047
024:0,003;122,100;187,033;474,104
025:0,003;147,018;219,179;356,260;1131,222
026:0,003;92,197;124,002;139,064;187,033;369,235;844,062;895,128
027:0,003;100,233;492,103;692,214
028:0,003;82,016;92,197;187,050;209,193;402,048;456,185;725,190;783,089;869,042;1034,225
029:0,003;117,084;320,007;369,235;432,054;456,185
030:0,003;119,112;139,064;187,033;419,226;607,089;717,141;1126,214
031:0,004;78,003;98,052;163,214;290,058;564,070;914,171
032:0,004;121,028;290,058;330,122;402,048;633,115
033:0,004;109,076;116,216;290,058;429,126;564,070;763,247;815,137
034:0,004;109,076;422,066;471,191;690,262
035:0,004;98,052;121,028;173,150;290,058;564,070;648,143;763,247;844,062;910,194
036:0,004;116,216;121,028;163,214;398,248;409,048;748,025;815,137;844,062;1057,142
037:0,004;98,052;187,078;616,224;810,150;973,121
038:0,004;122,216;290,058;633,136;724,052;783,212;796,150
039:0,004;98,052;121,028;462,263
040:0,004;98,052;173,150;249,063;429,126;560,033;633,115;844,062;942,096
041:0,005;48,072;77,186;243,133;455,056;595,045;944,271
042:0,005;64,141;339,228;589,027;764,086
043:0,005;36,008;48,072;200,252;222,188;301,051;372,144;437,043;455,056;508,231;540,051;645,172;842,197;977,254;1069,073
044:0,005;42,014;57,247;68,077;437,043;455,056;587,007;715,251;1041,028;1084,089
045:0,005;45,183;187,033;215,058;255,027;274,080;539,056;610,236;825,229;955,047;1084,089
046:0,005;62,215;177,211;455,056;688,165;835,140;955,047
047:0,005;48,072;215,058;274,080;355,040;437,043;755,035;859,264;955,047;997,053;1044,197
048:0,005;45,183;119,112;250,036;301,051;329,140;355,040;455,056;535,106;715,242;1021,161;1034,152
049:0,005;48,072;215,058;246,073;339,228;372,144;426,068;429,173;437,043;482,251;735,042;978,193
050:0,005;77,186;355,040;455,056;621,126;955,047
051:0,006;136,059;192,027;229,171
052:0,006;153,162;705,128;884,162;909,235
053:0,006;143,121;153,009;156,142;192,027;333,215
054:0,006;136,059;298,190;964,073
055:0,006;55,248;1151,166
056:0,006;41,220;51,006;173,207;192,027;264,157;569,232;718,025;929,203;1169,047
057:0,006;73,146;103,135;298,190;303,063;358,028;414,189;622,186;844,073
058:0,006;153,162;462,058;525,033;623,111
059:0,006;136,059;192,027;421,202;617,016;622,186;671,027;779,131;844,073;1123,209
060:0,006;136,059;143,121;844,073
061:0,007;41,220;701,168;721,113;832,075;980,242
062:0,007;403,136;501,007;650,039;869,202
063:0,007;92,249;158,007;758,154
064:0,007;654,071;818,183;868,199;954,053;1142,252
065:0,007;351,262;654,071;701,168;859,133
066:0,007;697,047;901,079;954,053;955,137;1035,212;1036,192;1080,055;1103,251
067:0,007;721,113;954,053
068:0,007;807,111;1081,235;1082,026;1105,126
069:0,007;654,071;717,211;832,075;885,124
070:0,007;717,211;869,202
071:0,008;220,036;224,050;380,033;765,097;789,163;926,087;1011,028;1057,043
072:0,008;224,050;396,271;400,047;851,107;1011,028;1077,135
073:0,008;224,050;438,170;581,127;851,107;858,030;926,087;1122,026
074:0,008;220,036;251,073;262,173;380,033;547,028;633,033;858,030;887,055;1057,043
075:0,008;220,036;385,067;445,035;850,158;858,030;868,164;1011,028;1045,055
076:0,008;166,048;187,050;195,226;380,033;385,067;428,058;616,228;765,097;1057,043
077:0,008;258,244;269,060;385,067;456,033;725,127;1011,028;1177,045
078:0,008;220,036;360,060;362,197;380,033;445,035;786,059;858,030
079:0,008;224,050;230,114;252,036;258,244;380,033;1045,232
080:0,008;224,050;362,203;445,035;868,164
081:0,009;377,157;484,032;661,212;929,250
082:0,009;213,105;1114,096
083:0,009;280,048;318,268
084:0,009;240,052;411,222;604,230;1102,110
085:0,009;303,179;484,032;584,217;675,080
086:0,009;128,231;484,032;727,219
087:0,009;251,189;286,211;484,032;662,047;718,031;797,197
088:0,009;270,240
089:0,009;247,197;355,040;380,084;1014,266
090:0,009;251,189;484,032;485,033;487,142;901,212
091:0,010;163,116;212,030;258,152;280,048;312,127;359,266;409,166;422,066;637,039;681,166;1070,272
092:0,010;171,161;618,064;646,094
093:0,010;127,030;278,113;352,214;979,151
094:0,010;25,015;59,002;166,099;618,064;637,039;880,123;1013,029
095:0,010;144,064;145,117;422,066;637,039;689,140;828,042;889,237;1013,029
096:0,010;145,117;422,066;618,064;637,039;734,163;832,075;1014,082
097:0,010;77,011;152,258;618,064;681,166;832,075;880,123;1013,029
098:0,010;109,007;126,116;220,036;312,190;422,066;661,053;832,075;847,056;894,073;1013,029
099:0,010;129,016;164,254;618,064;699,256;753,222
100:0,010;112,240;391,233;411,136
101:0,011;177,090;457,270
102:0,011;163,044;180,039;516,163;783,206;836,055
103:0,011;44,259;130,006;174,101;617,016;671,207
104:0,011;170,124;280,048;319,082;484,091;617,016;651,246;802,034;1025,047
105:0,011;37,019;145,159;180,039;457,270;617,016;802,034;1188,238
106:0,011;170,124;180,039;543,149;617,016;645,035;719,138;802,034;836,055;1066,026;1090,230
107:0,011;298,089;790,236;1045,162
108:0,011;168,243;187,078;280,048;374,082;411,007;617,016;836,055;954,053;1144,121
109:0,011;200,252;512,078;836,055
110:0,011;156,032;176,233;356,231;617,016;646,262;802,034
111:0,012;52,135;194,101;246,245;316,049;400,047;720,248;760,246;872,136;1073,141;1158,040
112:0,012;39,042;52,135;97,062;246,245;301,051;316,049;470,158;1001,053
113:0,012;55,248;97,062;214,096;275,043;413,068;527,183;896,238;1149,073
114:0,012;45,188;320,042;403,220;512,133;654,071;657,042;777,156
115:0,012;39,042;161,123;657,042;851,198;1011,055
116:0,012;54,020;85,212;128,263;316,049;541,224;566,081;657,042;977,254
117:0,012;47,185;131,007;180,131;400,047;978,220
118:0,012;39,042;47,185;97,062;275,043;368,063;420,154;559,231;595,045;598,249;978,220
119:0,012;39,042;85,212;97,062;180,131;275,043;400,047;598,249;839,035;855,251;1082,053
120:0,012;128,263;420,154;470,158;755,152;838,246
121:0,013;156,221;240,052;404,230;439,099;453,230;503,080;764,059;794,048;840,186
122:0,013;132,266;283,028;386,181;794,048;853,121;1143,183
123:0,013;201,247;299,063;324,112;724,052;764,059;806,146
124:0,013;43,223
125:0,013;219,111;320,041;424,182;496,141;724,052;884,162;1122,207
126:0,013;44,259;724,052;743,035;880,166;1186,047
127:0,013;114,250;196,098;764,059;799,101;874,244
128:0,013;196,098;794,048;828,058;996,231
129:0,013;140,215;320,041;400,259;564,070;887,183
130:0,013;136,059;201,247;219,111;320,041;385,067;424,182;764,059;794,048;874,244
131:0,014;60,020;127,030;222,192;297,252;657,042;706,152
132:0,014;92,249;127,030;201,086;402,048;497,007;571,039;604,076;624,106
133:0,014;61,061;143,271
134:0,014;98,052;133,167;226,135;518,206;565,187
135:0,014;10,274;139,064;194,157;338,238;564,070;565,187;998,183;1001,045;1188,143
136:0,014;61,061;127,030;132,266
137:0,014;61,061;127,030;246,007;341,267;402,048;512,156;571,039;617,257
138:0,014;133,167;404,214;540,051;543,149;571,039;614,193;859,264
139:0,014;201,086;281,273;540,051;575,128;634,161;648,226
140:0,014;97,140;143,271;350,041;421,253;540,051;630,271;755,183;763,070;859,108;991,045;1166,138
141:0,015;149,137;216,269;701,204
142:0,015;165,145;292,007;295,100;594,007;637,159;1158,040;1197,246
143:0,015;172,248;320,041;453,165
144:0,015;21,273;338,141;434,007;590,091;657,042;894,235;1037,236;1125,053
145:0,015;216,269;432,054;485,224;810,045;889,165;1158,040
146:0,015;146,072;260,250;432,054;500,007;649,210;1158,040
147:0,015;275,043;432,054;484,250;1092,229
148:0,015;132,089;202,007;786,056;922,268;1017,260
149:0,015;117,219;118,113;617,016;718,025;832,119;1066,210
150:0,015;118,113;157,053;178,076;305,099;319,039;425,151;811,248;832,034
151:0,016;240,052;381,258;595,053;1033,273
152:0,016;169,234;178,023;196,121;246,073;348,246;547,028;552,027;786,056;1099,256
153:0,016;156,211;190,145;320,052;360,191;575,226;741,192;786,056;1080,255
154:0,016;178,023;215,058;240,052;404,230;649,210;749,217;1112,047;1124,079
155:0,016;97,006;106,176;246,073;446,192;796,233;1074,251
156:0,016;96,007;102,188;156,032;210,234;249,063;564,070;595,053;864,056;1065,073;1124,079
157:0,016;169,234;178,023;210,234;299,043;529,262;547,028;584,217
158:0,016;156,123;240,052;246,073;409,166;552,027;786,056;1057,043;1102,245
159:0,016;178,023;214,096;547,028;595,053;938,200;1044,109;1066,034
160:0,016;178,023;249,063;411,175;552,027;696,242;843,075;1169,201
161:0,017;197,211;239,033;246,170;324,112;975,056;981,193;992,084
162:0,017;260,147;320,042;424,082;1102,232;1113,080;1167,161
163:0,017;32,137;61,061;163,044;187,050;197,130;320,042;575,128;718,031;811,270;1046,056;1195,188
164:0,017;32,137;163,044;212,262;229,057;484,141;598,161
165:0,017;301,164;391,074;686,091
166:0,017;171,122;391,074;622,082;718,031;818,178;971,127;1057,043
167:0,017;182,104;246,170;581,222;816,168
168:0,017;163,044;207,171;224,050;320,042;391,074;640,140;682,256
169:0,017;163,044;180,039;209,245;214,027;301,164;391,074;548,068;552,027;591,179;718,031;841,199
170:0,017;171,122;276,063;464,260;483,256;507,269;595,053;818,178
171:0,018;196,057;569,232;573,131;769,084;820,181
172:0,018;196,204;1195,091
173:0,018;242,140;933,172;1002,253
174:0,018;180,039;436,054;445,035;591,109
175:0,018;65,109;194,028;277,205;316,049;573,131;871,045;933,167
176:0,018;65,109;166,221;194,028;385,042;404,118
177:0,018;194,028;242,140;255,128;491,154;825,161;935,056;1034,243;1051,044;1130,129;1197,026
178:0,018;160,213;196,057;539,221;632,070;1086,275;1132,237
179:0,018;194,028;196,057;244,118;631,070;946,167
180:0,018;196,057;553,135;861,058;1112,145;1130,129
181:0,019;179,032;386,068;753,268;828,058
182:0,019;73,146;103,011;140,128;570,068;718,025;796,233
183:0,019;150,053;203,090;320,077;386,068;829,116;830,110
184:0,019;140,128;150,053;179,032;395,074;491,162;718,025;829,116
185:0,019;81,045;166,048;195,241;718,025;828,058
186:0,019;39,006;134,210;192,027;231,081;548,028;679,207;752,142;1187,111
187:0,019;231,081;718,025;1065,132;1140,026;1154,093;1162,150
188:0,019;42,207;150,053;195,241;240,026;264,100;301,051;385,205;456,068;581,127;718,025;830,110;964,058
189:0,019;134,210;179,032;386,068;716,077;718,025;828,058
190:0,019;111,101;179,032;218,007;289,176;386,068;846,182;1018,200
191:0,020;69,223;283,048;300,036;318,267;1030,058
192:0,020;114,250;127,030;166,048;170,155;518,093
193:0,020;269,060;435,229;1110,047
194:0,020;137,063;222,192;571,039;578,256;645,172;1051,044
195:0,020;112,013;129,271;137,063;150,206
196:0,020;111,101;137,063;166,237
197:0,020;145,200;269,060;443,091;547,104;1051,044;1153,128;1191,154
198:0,020;170,155;246,073;282,238
199:0,020;21,273;137,063;166,048;182,260;455,066;578,256;685,057;767,132
200:0,020;5,009;120,091;152,258;269,060;340,127;441,033;518,093;843,091;859,223;951,263;1051,044;1179,260
