001:0,001;179,258;210,148;520,049;733,171
002:0,001;172,168;474,273;1122,086
003:0,001;99,114;341,177;657,049;690,071;833,248
004:0,001;375,083;555,075;610,194;690,071;945,258
005:0,001;257,172;422,051;463,074;520,049;644,048;752,190
006:0,001;99,114;117,271;348,250;520,049;690,071;980,162
007:0,001;174,145;275,099;390,196;520,049;698,078;805,070;885,153
008:0,001;179,258;288,004;352,051;359,154
009:0,001;163,062;201,244;357,004;375,083;461,004;618,194;779,034;933,085
010:0,001;172,168;272,075;363,196;585,104;597,271;600,014;636,037;705,223
011:0,002;209,249;452,244;763,031;807,220;833,134;1119,064;1148,215
012:0,002;196,135;302,014;356,184;543,074;734,005;799,196;814,271
013:0,002;174,145;309,130;362,169;529,207;553,042;591,217;734,005;763,031;873,233;1054,039
014:0,002;210,193;465,074;520,043;670,116;734,005;763,031;878,252
015:0,002;250,093;734,005;855,243
016:0,002;309,130;461,116;878,252
017:0,002;147,200;484,085;678,014;734,005;833,134;1009,128;1090,178
018:0,002;171,205;196,135;734,005;828,142;849,042;1114,055;1163,182
019:0,002;186,169;602,014;734,005;836,212
020:0,002;147,200;208,052;484,085;734,005;815,082
021:0,003;122,188;134,072;167,029;228,131;272,053;340,098;379,060;599,014;667,062;751,099;770,258;842,135;898,029;963,087
022:0,003;74,119;167,029;217,095;239,059;422,058;444,258;738,071;823,163
023:0,003;100,223;239,059;444,258;599,014;784,203
024:0,003;85,169;167,029;234,122;239,059;349,194;379,060;482,186;599,014;842,135
025:0,003;128,182;197,078;239,059;272,053;349,194;422,058;599,014;802,242;820,236
026:0,003;74,119;167,029;272,053;525,231;1136,196;1191,204
027:0,003;103,101;379,060;422,058;599,014;830,091
028:0,003;85,169;167,029;236,132;239,059;422,058;599,014;807,034;1077,199
029:0,003;9,010;103,101;422,058;497,050;904,213;1006,056;1014,030;1072,091;1183,067
030:0,003;128,182;239,059;599,014;820,236;886,075;1003,203;1014,030;1043,108;1077,199
031:0,004;69,209;203,070;243,267;759,026;779,034;822,184;858,123
032:0,004;152,252;288,004;618,273;667,062;772,165
033:0,004;551,253;1139,190
034:0,004;597,156;636,037;724,039;1069,031
035:0,004;300,189;360,139;551,253;626,058;654,218
036:0,004;1,006;16,002;187,026;197,236;232,004;533,059;636,037;687,148;719,196;724,039
037:0,004;597,156
038:0,004;572,086;724,039
039:0,004;572,086;626,058;656,148;932,165;991,190;1005,158;1165,055
040:0,004;243,267;339,053;469,056;581,134;626,058;636,037;683,123
041:0,005;83,144;133,049;293,271;434,004;596,148;625,020;711,193;1066,071;1069,042;1078,211
042:0,005;139,123;213,013;269,238;389,259;859,214;877,188;949,055;1122,086
043:0,005;124,180;133,049;209,270;632,051;963,271;1082,153
044:0,005;107,016;209,270;632,051;930,064;967,065
045:0,005;82,159;1139,130;1197,067
046:0,005;237,220;864,070;1035,106;1183,243
047:0,005;164,081;596,148;611,033;724,175
048:0,005;138,250;149,012;210,148;374,037;632,051;962,056
049:0,005;124,180;237,220;406,178;632,051;967,065;1014,030;1124,165
050:0,005;133,049;480,182;962,056;1174,267
051:0,006;391,273;555,182;810,067;835,139
052:0,006;63,054;118,099
053:0,006;63,054;88,265;213,038;240,072;316,210
054:0,006;82,137;197,045;240,072;527,254;721,207;862,070;1143,224
055:0,006;152,252;195,123;197,045;213,038;240,072;259,119;318,045;556,195;792,070
056:0,006;82,137;197,045;213,038;244,159;279,131
057:0,006;82,265;318,045;348,202;463,074;835,139
058:0,006;63,054;83,042;300,189;318,045;597,271;834,039;882,162
059:0,006;88,093;213,038;240,072;463,074;671,092
060:0,006;63,054;118,099;197,045;211,090;259,119;318,045;452,149;463,074;774,079
061:0,007;176,074;377,233;451,031;629,143;750,070;846,046;1100,141
062:0,007;64,003;75,173;295,068;514,117;747,067;971,124;1155,259
063:0,007;176,074;357,004;451,031;629,196
064:0,007;176,074;267,031;295,068;461,100
065:0,007;176,074;305,069;391,136;697,266;846,046;987,157
066:0,007;244,216;331,056;588,274;603,048;727,132;812,055;846,046;1022,164
067:0,007;176,074;414,194;588,274;812,055
068:0,007;176,074;295,068;508,122;597,055;603,048;623,020;641,270;1132,164
069:0,007;176,074;377,233;451,031;622,055;697,266;750,070;812,055
070:0,007;75,002;172,188;295,068;451,031;603,048;812,055;1155,259;1173,171
071:0,008;80,191;214,089;268,243;509,075;527,133;530,070;626,058;696,077;1184,027
072:0,008;63,176;179,027;324,202;530,070;531,033;568,059;592,180;694,118;1184,027
073:0,008;80,191;90,056;179,027;357,026;450,167;527,133;940,261;1091,031
074:0,008;69,007;90,056;115,249;179,027;357,026;387,243;481,092;704,077
075:0,008;87,208;90,056;201,206;307,033;369,040;530,070;687,213;1184,027
076:0,008;52,069;63,144;200,010;214,089;284,027;299,072;328,259;530,070;616,042;828,250
077:0,008;77,005;115,249;456,004;530,070;641,219
078:0,008;189,218;227,014;334,201;466,042;530,070;599,014;694,118
079:0,008;156,049;190,223;357,026;385,043;397,114;603,048;710,179;830,068;915,198;1144,079
080:0,008;111,221;353,009;356,117;389,040;413,092;530,070;719,169;1184,027
081:0,009;88,093;121,001;137,269;398,033;438,055;655,032;1069,042;1104,212;1200,077
082:0,009;365,097;962,056;1142,031;1183,067
083:0,009;397,123;607,081;655,032;1139,223
084:0,009;471,210;489,067;691,224;724,032;1089,160;1199,242
085:0,009;370,196;381,159;438,055;623,020;655,032;1166,215;1196,247
086:0,009;63,176;168,104;295,068;352,120;355,037;482,150;671,125;941,039;1007,204;1184,027
087:0,009;357,026;365,097;438,055;1066,071;1183,067
088:0,009;428,058;438,055;576,079;655,032;1066,071;1120,195
089:0,009;302,040;358,173;1183,067
090:0,009;374,165;438,055;671,125;792,154;856,125;931,223;1066,071;1107,134
091:0,010;140,113;227,051;260,040;393,175;497,050;855,090;924,214;941,135;1138,204
092:0,010;136,080;171,205;260,040;395,167;497,050;509,232;573,049;770,258;1085,268;1099,222
093:0,010;139,185;227,051;260,040;460,043;497,050;716,237
094:0,010;128,158;227,051;258,012;260,040;385,053;431,058;495,223;662,240
095:0,010;108,240;128,158;611,159;843,064;914,037;1150,051
096:0,010;117,271;227,051;497,050;830,068;836,212;902,206;1014,030;1015,247
097:0,010;75,274;115,001;136,080;227,051;266,228;779,034;873,151
098:0,010;98,210;227,051;497,050;509,232;565,028;637,228;962,056;1150,051
099:0,010;48,018;106,147;227,051;554,179;779,034;830,068;857,032;1007,190;1029,184;1150,051
100:0,010;29,001;98,210;178,084;264,014;295,229;811,032;830,068;904,273;952,042;1115,130
101:0,011;69,221;83,042;127,045;200,010;247,221;319,075;527,254
102:0,011;34,027;50,239;1089,071;1111,253
103:0,011;47,122;50,239;83,042;157,272;406,108;565,028;658,271;661,185;780,060;804,268;857,051;946,236;967,064;987,209
104:0,011;44,012;113,104;127,045;216,077;345,053;565,028;671,165;814,075;941,039;988,205;1121,258;1124,172
105:0,011;17,211;47,122;127,045;176,074;214,014;336,065;426,081;832,205;1039,064
106:0,011;113,104;565,028;572,111;710,078;941,039;1039,064
107:0,011;17,211;216,077;379,060;406,108;780,060;859,214;1039,064
108:0,011;83,042;127,045;314,210;328,117;336,065;471,165;734,005;766,071;780,060;832,205;941,039;1039,064
109:0,011;54,204;157,272;848,050;935,092
110:0,011;62,097;252,013;306,222;336,065;480,104;763,031;941,039;946,146
111:0,012;359,154;475,066;499,247;780,060;792,130;1093,263
112:0,012;270,060;438,043;475,066;482,186;528,229;570,105;993,173;1004,206
113:0,012;305,105;914,037;967,065;1028,206;1174,066;1177,041
114:0,012;266,071;272,075;914,037;1043,108
115:0,012;203,070;224,192;266,071;307,218;565,192;914,037;1093,263
116:0,012;272,075;914,037;1053,196;1061,109
117:0,012;270,060;272,075;658,258;733,259;737,216
118:0,012;266,071;270,060;272,075;298,125;343,266;475,066;565,192;1064,205
119:0,012;133,049;230,139;264,009;266,071;279,131;475,066;490,238;521,082;724,039;873,233
120:0,012;343,266;398,082;414,173;445,188;449,045;560,075;792,130;919,268;1053,082
121:0,013;305,069;326,177;355,037;508,043;664,094;712,052;716,167;1117,070;1132,120
122:0,013;287,123;305,069;357,147;608,126;749,042;881,109;907,186
123:0,013;267,031;350,072;461,097;521,202;1177,041
124:0,013;355,037;582,237;727,132;749,042
125:0,013;355,037;612,049;685,255;773,064;967,128
126:0,013;233,012;267,031;341,113;1066,071
127:0,013;336,151;341,113;381,090;530,055;608,126;749,042;978,221;1080,151;1163,258
128:0,013;272,053;716,167
129:0,013;267,031;355,037;594,158;1012,188;1085,270
130:0,013;198,026;287,123;749,042
131:0,014;251,111;338,033;623,020;662,206;858,029;910,229
132:0,014;394,191;621,148;659,072;746,121;887,222;1172,234
133:0,014;382,141;466,042;663,098;832,062;858,029;971,124
134:0,014;482,150;623,020;694,184;759,026;828,207;832,062;867,046;910,229
135:0,014;394,191;466,042;623,020;644,037;659,072;725,253;832,062;877,234
136:0,014;69,209;382,141;516,058;604,014;623,020;659,072;720,067;877,234;928,133;1175,188
137:0,014;372,128;466,042;623,020;659,072;759,026;777,084
138:0,014;160,007;234,252;395,004;481,074;572,111;759,026;858,029;945,133
139:0,014;358,213;858,029;932,117
140:0,014;254,156;466,042;623,020;663,098;832,062;879,266;891,248;1009,056
141:0,015;8,103;57,095;208,052;555,075;1048,093
142:0,015;93,235;145,051;208,052;266,009;494,110;1098,039
143:0,015;68,179;118,004;145,051;179,192;208,052;385,043;626,075;846,046;1050,172;1054,255
144:0,015;68,179;145,051;259,262;712,052;975,039;1183,041
145:0,015;40,004;360,139;385,043;712,052;739,186
146:0,015;49,098;145,051;208,052;385,043;555,075;596,216;868,227;1050,172
147:0,015;57,095;93,235;171,007;208,052;385,043;660,185
148:0,015;49,098;195,114;403,094;444,136;555,075;582,237;655,032;927,253;1106,039;1191,170;1200,271
149:0,015;67,213;145,051;504,222;889,046;1050,220
150:0,015;8,103;179,192;389,056;593,131
151:0,016;50,146;422,051;455,045;611,074;759,266
152:0,016;340,190;773,064;1104,198
153:0,016;200,010;318,089;858,191;968,070;1143,224
154:0,016;197,078;200,010;261,275;489,067;904,055;1199,242
155:0,016;162,038;200,010;261,275;363,161;489,067;773,064;1150,051
156:0,016;50,146;67,213;145,164;200,010;315,208;317,004;363,161;423,051;539,169;773,064
157:0,016;125,072;162,038;340,190;420,228;489,067;829,121
158:0,016;145,164;200,010;367,183
159:0,016;123,112;162,038;268,243;275,009;376,231
160:0,016;162,038;200,010;230,122;603,048;691,268
161:0,017;106,043;250,151;416,244;712,052;906,100;964,192
162:0,017;6,001;106,043;163,062;265,224;752,050;1001,138;1152,238
163:0,017;25,197;58,066;106,043;224,137;336,065;420,206;471,207;787,227;801,032;831,087;985,171;1164,170
164:0,017;26,262;58,066;106,043;248,177;339,045;471,207;495,223;716,014;735,109;823,241
165:0,017;35,018;81,275;127,045;167,106
166:0,017;29,207;163,062;416,244;420,206;945,109;1164,236
167:0,017;52,255;58,066;90,056;101,223;178,098;285,075;389,262;485,058;536,196;671,239
168:0,017;25,197;58,066;81,275;106,043;217,146;288,224;356,184;434,139;480,182;499,106;735,109;946,079;1053,070;1091,120
169:0,017;26,262;106,043;167,106;197,009;202,224;219,013;259,138;922,106;990,105
170:0,017;29,207;58,066;163,062;224,137;683,050;787,227
171:0,018;37,013;39,201
172:0,018;179,027;398,178;1096,173
173:0,018;187,026;270,060;354,171;667,062;746,039;758,116;760,138;1177,041
174:0,018;39,201;307,033;679,170;1177,041
175:0,018;187,026;206,039;211,094;667,062;841,089
176:0,018;211,094;240,081;251,090;1177,041
177:0,018;187,026;461,116;506,141;936,064;987,157
178:0,018;206,039;240,227;354,171;377,045;735,178;971,256;1091,203
179:0,018;206,039;273,098;307,033;642,241;1069,031
180:0,018;187,026;307,033;667,062;724,142
181:0,019;69,221;175,062;212,117
182:0,019;40,177;212,117;279,027;331,056;545,171;746,121;750,070;1186,051
183:0,019;34,027;40,177;52,069;125,072;234,247;266,071;331,056;544,095
184:0,019;125,072;533,059;565,028;610,069;672,188
185:0,019;52,069;130,093;305,069;341,188;533,059;606,050;610,069;789,255;820,050;911,181;1147,055
186:0,019;34,027;52,069;125,072;493,188;533,059;610,069;682,051;801,075;810,255;1166,095
187:0,019;62,097;331,056;437,177;476,084;649,219;667,223;672,188;750,070;946,146;1016,185;1055,210;1100,159
188:0,019;30,008;34,027;93,216;690,071;748,005;761,181
189:0,019;87,081;203,070;331,056;398,240;694,269
190:0,019;52,069;203,070;234,247;341,188;387,168;610,069;655,032;684,256
191:0,020;67,013;143,082;694,191
192:0,020;72,084;106,043;130,219;179,261;513,191;719,244;756,067;892,104
193:0,020;150,004;210,039;430,235;846,046;1001,070;1025,130;1069,031;1174,066
194:0,020;138,250
195:0,020;8,002;35,206;269,238;1174,066
196:0,020;58,066;130,219;156,269
197:0,020;99,100;162,038;179,261;1039,221;1174,066
198:0,020;156,004;285,185;519,045;528,175;763,031;926,169;967,065;1069,031;1174,066
199:0,020;96,138;206,039;292,088;430,235
200:0,020;72,084;686,067;743,184
