001:0,001;106,086;351,033;563,103
002:0,001;86,168;111,120;129,125;191,029;311,052;330,024;443,092
003:0,001;92,174;705,175
004:0,001;109,161;201,053;330,242;738,187;919,102;1011,229
005:0,001;98,094
006:0,001;261,191;334,073;344,135;1041,141
007:0,001;40,053;92,174;329,086;755,097;995,269;1007,122;1037,117
008:0,001;86,168;98,094;160,019;266,268;1067,136
009:0,001;12,070;226,273
010:0,001;111,120;226,273;534,028;995,269
011:0,002;255,148;349,033;359,046;582,081;741,059;795,089
012:0,002;135,019;160,138;801,042;1049,263
013:0,002;96,249;293,130;321,060;359,046;532,028;708,237;801,042;1117,212
014:0,002;273,167;877,039;946,078;1183,130
015:0,002;280,119;626,268;741,059;824,131
016:0,002;279,209;313,037;359,046;567,230
017:0,002;255,133;265,076;295,074;321,060;406,098;749,249
018:0,002;203,095;247,064;254,205;273,167;359,046;643,028;708,237;820,125;824,131
019:0,002;279,209;321,060;349,033;532,028;745,098;826,230;1191,099
020:0,002;247,064;305,146;321,060;349,033;532,028;801,042;946,078
021:0,003;113,180;433,032;783,108
022:0,003;49,253;986,060;1013,157
023:0,003;201,053;433,032;670,192
024:0,003;14,010;201,053;280,215;433,032;652,238;928,235;986,060;1002,205
025:0,003;92,196;433,032;686,072;746,245
026:0,003;49,253;419,113
027:0,003;71,095;140,144;433,032;652,145
028:0,003;118,212;201,053;398,106
029:0,003;71,095;517,109;661,263;1146,033
030:0,003;62,233;569,077;686,072;815,273;1022,185
031:0,004;24,069;58,235
032:0,004;64,149;1168,219
033:0,004;27,159;68,005;182,236;211,196;352,084;830,039;848,232
034:0,004;136,054;734,088
035:0,004;27,159
036:0,004;24,069;136,054;613,196
037:0,004;12,144;136,054;283,243;960,202
038:0,004;58,235;136,054;570,104;734,088;842,042
039:0,004;12,144
040:0,004;24,069;64,149;383,118;403,136;700,142
041:0,005;45,052;202,120;266,037;355,097;775,185;1016,046;1039,151;1102,161
042:0,005;212,228;218,232;978,135
043:0,005;79,032;266,037;425,261
044:0,005;152,077;214,132;389,024;605,087
045:0,005;157,233;191,182;250,222;266,037;355,097;649,087
046:0,005;145,212;163,222
047:0,005;35,275;951,199
048:0,005;170,207;330,024;439,095
049:0,005;196,112;213,186;401,072;501,185;1055,217
050:0,005;213,186;816,262
051:0,006;11,133;986,060;1089,072
052:0,006;76,117;928,193
053:0,006;15,001;43,155;102,014;160,072;301,183;342,057;708,137;777,130
054:0,006;56,225;103,110;147,223
055:0,006;11,157;1016,046
056:0,006;31,213;56,225;895,079;1089,072;1094,223
057:0,006;23,155;52,007;183,079;1089,072;1100,154
058:0,006;96,217;183,079;193,049;342,057;520,231;888,186;1100,154;1160,205
059:0,006;60,208;342,057;569,081;975,118;1089,072;1193,177
060:0,006;11,157;76,117;220,261;342,057;607,131;708,137;927,178
061:0,007;222,054;679,252
062:0,007;47,247;253,171;320,178;332,071;353,250;608,162
063:0,007;113,254;610,050;633,135;788,231
064:0,007;53,049;64,136;924,170
065:0,007;7,008;32,265;113,254;167,227;332,071;426,100;566,098;739,190;1100,033;1192,244
066:0,007;230,110;334,073;488,101;794,193;801,042;844,097;854,128
067:0,007;152,114;375,228;393,090;824,045;825,117
068:0,007;167,227;332,071;339,200;1189,217
069:0,007;253,171;334,073;349,033;375,109;542,185;620,118
070:0,007;170,124;332,071;334,073;434,262;488,101;1091,192
071:0,008;61,123;86,076;99,256;219,220;454,235;577,109
072:0,008;30,017;86,215;330,024;400,240;408,074;454,051;890,096
073:0,008;180,195;272,193;330,024;470,202;839,189;1120,094
074:0,008;24,017;86,076;454,051;603,132;1183,200
075:0,008;61,123;63,230;180,195;454,051;567,230;590,263;905,068
076:0,008;86,215;266,228;330,024;470,202
077:0,008;216,084;810,237;819,130;890,096
078:0,008;49,032;111,143;282,049;330,024;454,051;598,255;603,132;970,090
079:0,008;182,132;468,151;761,186
080:0,008;63,230;330,024;571,215
081:0,009;64,220;1164,275
082:0,009;14,043;54,178;70,074;182,132;197,141
083:0,009;26,112;70,074;180,252;610,119;986,060;1062,140
084:0,009;14,043;20,246;70,074;197,168;625,055;881,126
085:0,009;14,207;159,159;446,057;526,064;1102,082
086:0,009;180,252;948,088;1036,268
087:0,009;14,043;106,141;625,055;881,126
088:0,009;14,043;42,232;197,168;625,055;804,147;870,136;1083,103;1094,151
089:0,009;68,129;70,074;142,257
090:0,009;26,112;42,232;280,049;329,171
091:0,010;193,156;328,195;367,254;610,050;643,275;739,256
092:0,010;36,014;49,113;416,256;478,036;791,200;847,223;1066,261;1078,175
093:0,010;49,113;331,074;416,256;610,050;705,039;895,250
094:0,010;73,193;193,156
095:0,010;160,104;489,046;511,228
096:0,010;57,127;160,104;726,141;946,081
097:0,010;74,228;554,039;883,147
098:0,010;71,112;96,217;1045,122
099:0,010;57,127;73,193
100:0,010;58,220;66,188;882,100;1018,046;1139,219
101:0,011;139,105;322,183;671,188;760,204;765,272;780,204;833,242
102:0,011;172,129;208,064;319,150;625,055;723,099;739,105;741,059;1161,239
103:0,011;75,145;208,064;381,145;1054,105
104:0,011;139,105;208,064;294,105
105:0,011;168,263;216,052;300,127;794,243
106:0,011;96,249;316,180;367,098;393,196;625,242;1079,033
107:0,011;172,129;208,064;250,169;319,150
108:0,011;100,260;799,163
109:0,011;75,145;160,260
110:0,011;81,216;169,157;254,205;579,028;723,099
111:0,012;136,130;808,149
112:0,012;8,182
113:0,012;12,070;99,029;329,089;906,137;1154,190;1196,243
114:0,012;105,199;738,045;1064,239
115:0,012;49,231;60,163;229,077;266,163;886,125;1013,241
116:0,012;12,070;60,163;625,055;883,101
117:0,012;25,131;610,050;635,264;1189,273
118:0,012;11,133;105,199;349,166;392,199;990,225
119:0,012;24,069;193,049;254,184;1014,188
120:0,012;8,239;12,070;31,213;255,128;290,134;308,249;795,188
121:0,013;85,100;197,050;220,261;256,179
122:0,013;30,262
123:0,013;49,032;203,100;224,233;746,245;1016,046
124:0,013;54,148;82,179;1039,033;1072,275;1170,172
125:0,013;12,070;44,237;91,018;106,086;136,052;186,221;424,174;1090,113
126:0,013;82,179;197,050;337,259;1122,046
127:0,013;74,236;1177,196
128:0,013;49,032;85,224;197,050;337,259
129:0,013;49,032;186,221;1016,046
130:0,013;50,011;70,238
131:0,014;207,052;555,098;563,057;737,122;990,108
132:0,014;136,166;164,054;290,134
133:0,014;229,082;563,057;735,086
134:0,014;255,128;800,122
135:0,014;132,093;208,064;292,246;563,057;808,211
136:0,014;85,100;923,215;976,190
137:0,014;133,274;207,052;339,200;563,057;979,217;1174,250
138:0,014;132,093
139:0,014;176,155;207,052;360,265
140:0,014;201,233;207,052;366,102;736,156;756,184;764,134;1133,046;1191,200
141:0,015;96,029;225,166;255,148;686,072;732,035
142:0,015;99,007;193,049;278,053;427,115;477,148;517,102;558,183
143:0,015;96,029;197,050;207,188;398,125
144:0,015;72,121;225,166;670,192;765,055;913,115
145:0,015;93,222;172,085;193,049;349,113;732,035
146:0,015;72,121;96,029;151,043;207,251;350,033;739,190;846,127
147:0,015;137,248;732,035
148:0,015;96,029;193,049;439,247;624,102
149:0,015;99,256;406,024;497,145;630,119;732,035
150:0,015;103,110;173,002;207,251
151:0,016;45,052;211,019;237,151;433,210;437,045;1122,180
152:0,016;44,214;212,137;437,045;1103,266
153:0,016;45,052;142,257;338,024;433,210;791,183
154:0,016;37,003;44,214;353,175;542,045;570,091
155:0,016;45,052;199,049;354,263;437,045;935,164
156:0,016;212,137;301,169;354,263;627,176;735,139;756,093;1031,232;1103,266
157:0,016;64,223;109,002;353,175;437,045;753,172
158:0,016;14,207;208,053;237,151;833,042;1047,088
159:0,016;20,246;45,052;64,223;314,184;437,045;1107,089
160:0,016;63,032;106,115;986,091;1053,273;1112,189
161:0,017;53,049;64,005;105,039;152,077;645,246;952,181
162:0,017;48,013;75,270
163:0,017;53,049;54,178
164:0,017;107,125;607,032;645,246;710,254;1013,033;1051,147
165:0,017;105,039;136,102;330,242;606,148
166:0,017;74,142;79,210;105,039;216,084;229,082;647,155;909,257;948,164;1013,033;1080,140;1177,176
167:0,017;104,189;985,236
168:0,017;79,210;105,039;241,143;686,072;710,254;1013,033
169:0,017;33,118;875,211;880,035;952,181;1013,033
170:0,017;53,049;74,142;943,144
171:0,018;77,001;151,092;160,072;269,158;478,036;572,170;1066,150
172:0,018;112,085;151,092;160,072;187,197;335,024;372,241;1061,205;1148,134
173:0,018;146,119;160,072;185,074;474,134;478,036;588,139
174:0,018;112,085;436,128
175:0,018;137,151;185,074;187,197;267,074;537,204
176:0,018;154,269;398,241;892,184
177:0,018;115,181;154,269;185,074;381,127;1046,172;1125,035
178:0,018;137,151;185,074;269,158;689,228
179:0,018;160,072;194,240;478,036;693,092;936,275;1022,033
180:0,018;112,204;115,181;185,074;505,064;606,215;759,083;1168,132
181:0,019;332,096;387,072;561,256;951,117;967,174;1098,068
182:0,019;444,187
183:0,019;85,098;552,092;554,039;741,059;842,156;890,035;905,068
184:0,019;487,243;779,098
185:0,019;468,182;532,028;554,039;972,216
186:0,019;367,264;387,072;650,175;905,068
187:0,019;330,024;367,264
188:0,019;85,098;340,054;387,072;554,039;905,068
189:0,019;387,072;675,229
190:0,019;201,272
191:0,020;53,167;59,258;405,161;1144,137
192:0,020;123,170;128,019;363,142;618,057;632,196;836,225
193:0,020;152,114;473,064;536,155
194:0,020;40,053;123,170;151,043;274,162;330,060;405,161;473,064;532,176
195:0,020;40,053;59,258;402,074;407,083;420,162;446,045;512,214
196:0,020;47,124;151,043;301,189;373,124;382,174;398,265;473,064;512,214
197:0,020;53,167;62,090;151,043;274,162;635,189;786,045;1030,197
198:0,020;40,053;47,124;473,064;593,169
199:0,020;66,188;151,043;266,037;407,083
200:0,020;62,090
