001:0,001;64,250;66,066;156,023;236,137;1141,265;1167,267
002:0,001;55,094;66,066;102,006;156,023;188,168;426,059;509,028;639,104
003:0,001;66,066;159,147;922,072;973,108
004:0,001;87,103;156,023;182,237;347,097;426,059
005:0,001;35,008;45,227;71,040;105,066;156,023;193,132;599,164;616,058;619,080;646,065;906,209;975,072;1020,034;1042,115;1084,237
006:0,001;7,014;71,040;105,066;156,023;181,189;426,059
007:0,001;71,040;105,066;193,132;236,137;574,091
008:0,001;55,094;66,066;75,119;156,023;253,136;260,142;313,026;328,148;425,142;426,059
009:0,001;46,030;79,006;178,080;966,179
010:0,001;75,119;87,103;181,189
011:0,002;118,036;257,040;482,084;981,041;1017,168;1158,152
012:0,002;118,036;251,261;257,040;349,202;542,059;553,181;1009,115
013:0,002;118,036;137,120;452,152;536,112
014:0,002;189,226;550,038;563,079
015:0,002;137,120;257,040;347,207;377,115;830,241;1165,071
016:0,002;105,066;119,196;544,198
017:0,002;118,036;223,166;1052,046;1059,219
018:0,002;118,036;139,045;284,206;609,148;683,034;1137,043;1150,245
019:0,002;257,040;366,084;409,039;452,152
020:0,002;9,011;223,166;790,034;1085,256
021:0,003;156,023;234,115;475,232;534,237;610,132;847,023;860,016;886,254
022:0,003;192,274;860,016;995,218;1013,103
023:0,003;264,164;741,085;822,065;860,016;1001,077
024:0,003;262,237;405,039;461,262;623,062;847,023;856,220;860,016;989,079
025:0,003;186,255;405,039;479,223;623,062;856,220;857,196;860,016;1147,157
026:0,003;186,255;847,023;938,093;1001,077;1176,071
027:0,003;65,076;417,042;421,228;479,223;662,064;729,186;760,061;822,065;847,023;886,254;1081,124;1166,058
028:0,003;27,008;148,075;182,274;271,050;400,274;623,062;847,023;860,016;914,087
029:0,003;216,112;623,062;923,253
030:0,003;164,057;263,157;405,039;461,262;480,217;847,023;974,103
031:0,004;82,052;107,214;227,048;270,240;389,080;392,041;420,052;503,058;1137,043
032:0,004;82,052;152,144;227,048;266,212;310,062;339,106;392,041;420,052;503,058
033:0,004;82,052;118,036;251,261;783,133;824,181;1063,085
034:0,004;113,218;124,006;180,198;266,212;392,041;1040,200;1137,043
035:0,004;82,052;101,161;109,234;181,034;215,151;227,048;392,041;420,052;661,164
036:0,004;107,214;113,218;392,041;1063,085;1137,043
037:0,004;127,126;198,233;227,048;250,051;341,194;414,047;503,058
038:0,004;109,234;132,035;301,175;392,041;944,065;1159,086
039:0,004;97,190;127,126;132,035;321,200;420,052;503,058
040:0,004;115,271;132,035;267,086;392,041;1057,221;1111,193;1137,043;1159,086
041:0,005;8,014;68,138;270,065;300,192;705,048;711,241;1017,168
042:0,005;159,121;425,153
043:0,005;76,061;269,075;425,153;909,136
044:0,005;66,066;76,061;135,003;159,121
045:0,005;71,174;76,061;246,067;321,159;819,124;1195,240;1200,193
046:0,005;54,006;76,061;153,020;300,192;704,055
047:0,005;58,031;76,184
048:0,005;58,031;76,061;300,253;567,156
049:0,005;76,061;321,113
050:0,005;76,061;323,159;356,064;430,208;711,241;823,055
051:0,006;106,268;202,065;392,049;448,002;473,234;543,180;617,037;820,182
052:0,006;71,174;143,031;233,225;436,039;444,180;577,038;687,185
053:0,006;53,144;132,051;488,030;520,149
054:0,006;132,051;617,037;878,036;1037,149
055:0,006;284,139;460,051;608,065;671,252;878,036;903,034;1000,166
056:0,006;132,051;737,185;1045,055;1085,105;1160,066
057:0,006;130,221;353,038;439,175;617,037;914,261;1036,046;1128,097
058:0,006;106,268;617,037;878,036;1035,174;1128,097
059:0,006;281,051;660,126;878,036;1060,220
060:0,006;189,151;202,065;473,234
061:0,007;109,142;173,029;198,139;228,061;259,068;269,097;416,002;463,068;557,073
062:0,007;93,054;133,106;317,064;446,061;451,049;557,073;694,061;836,260
063:0,007;250,038;363,211;557,073;824,040;969,231;1096,066;1100,141;1107,251
064:0,007;117,029;259,068;317,064;390,051;408,238;463,068;824,040;1100,141;1193,189
065:0,007;57,096;117,029;250,038;446,061;470,209;694,061;824,040;1015,099;1116,051
066:0,007;93,054;117,029;250,038;446,061;463,068;557,073;1064,226
067:0,007;57,096;117,029;200,232;259,068;317,064;504,087;574,074;702,112;824,040;987,249
068:0,007;200,232;694,061;1192,224
069:0,007;93,054;198,080;250,038;276,034;284,067;409,235;423,058;463,068;561,253;694,061;700,073;1095,062
070:0,007;113,194;366,257;446,061;475,087;505,041;614,218;1146,177
071:0,008;81,217;139,045;149,003;174,240;246,067;548,091;606,265;814,223
072:0,008;81,217;246,067;531,120;707,058;814,223;923,073;938,120
073:0,008;119,033;156,180;228,063;299,163;679,047;785,224
074:0,008;164,057;174,104;751,208;938,120
075:0,008;139,045;164,057;246,067;528,051;539,201;940,068
076:0,008;174,104;604,042;716,037;810,242
077:0,008;123,075;239,087;250,038;302,059;416,132;626,041;686,028;883,143
078:0,008;80,006;89,131;321,221
079:0,008;139,045;200,092;202,065;456,193;881,036;1057,096
080:0,008;139,045;164,057;199,263;424,035;456,193
081:0,009;50,150;85,075;112,067;186,049;594,234;659,031;890,169;1000,062;1065,228
082:0,009;97,115;126,207;252,230;503,006;534,051;609,085;895,037;951,068
083:0,009;50,150;503,006;532,048;580,185;608,065;653,180
084:0,009;8,014;105,263;112,067;186,049;503,006;596,269;826,052;1000,062;1200,058
085:0,009;74,100;85,075;120,180;186,049;503,006;795,041;845,252;1000,062
086:0,009;18,002;115,271;169,057;194,177
087:0,009;72,099;503,006;596,262;922,258
088:0,009;112,067;229,128;471,049;503,006;561,103;979,040;1127,133
089:0,009;85,075;126,207;608,065;912,115;915,080
090:0,009;40,021;81,071;85,075;105,263;186,049;503,006;608,065;847,023;848,258;979,040;1107,244;1116,249;1122,250
091:0,010;34,172;39,145;80,206;934,057;944,065;971,104;990,055;1038,107;1069,104
092:0,010;26,012;55,091;142,034;484,195
093:0,010;34,172;55,091;142,034;524,259;695,210;795,273;822,065;935,107;944,065;998,047;1028,204
094:0,010;59,117;361,246
095:0,010;39,145;109,008;142,034;503,006;606,058;631,245;662,064;743,218;869,273;944,065
096:0,010;36,151;119,033;220,181;259,068;361,246;934,057;987,065;1054,265
097:0,010;29,258;234,131;934,057;975,187
098:0,010;289,217;389,184;584,240;860,203
099:0,010;77,213;119,033;243,199;401,034;1024,065
100:0,010;80,206;118,036;119,033;142,034;690,028;699,268;1117,031;1177,230
101:0,011;202,065;283,155;302,059;527,002;562,196;892,046;978,159
102:0,011;198,113;299,042;815,184;829,093;892,046;964,066;972,152;998,047;1041,193;1106,075;1160,187
103:0,011;259,068;276,202;289,129;299,042;829,093;998,047
104:0,011;351,061;396,002;575,048;855,194;892,046;1033,195;1110,059
105:0,011;113,194;139,031;276,202;299,042;759,037;953,122
106:0,011;64,027;134,106;139,031;227,160
107:0,011;221,231;299,042;738,058;903,224;998,047;1097,160
108:0,011;227,160;892,046;1019,266;1038,241
109:0,011;139,031;302,059;482,067;642,163
110:0,011;139,031;302,059
111:0,012;33,003;49,037;56,161;89,046;225,109;228,051;256,119;455,002;545,115;1019,028
112:0,012;49,037;50,256;56,161;92,265;660,253;725,095;833,051;1010,260
113:0,012;92,265;109,016;240,107;267,050;289,061;366,030;725,095;833,051;1019,028
114:0,012;78,235;289,061;423,067;474,047;833,051
115:0,012;56,128;78,235;366,030;402,005;474,047;659,107
116:0,012;49,037;58,136;132,051;239,087;240,107;267,050;394,217;689,259;1114,271
117:0,012;89,046;116,174;133,214;267,050;289,061;474,047;833,051;1166,174
118:0,012;71,040;89,046;197,020;225,109;1019,028;1119,051
119:0,012;97,077;272,127;289,061;366,030;375,049;394,275;474,047;805,174;826,201;912,051;1166,174
120:0,012;49,037;56,128;366,030;656,227;775,072;924,046;969,098
121:0,013;108,223;396,002;742,273;1031,058;1166,186
122:0,013;188,105;248,043;396,002;550,038;597,047;625,174;701,026;824,040;942,073;1021,237;1090,071
123:0,013;51,077;170,030;248,043;423,139;872,058;979,041;1021,237;1048,240;1090,071
124:0,013;170,030;248,043;396,002;539,196;701,026;837,242;952,116;1090,071
125:0,013;120,199;396,002;701,026;948,056;975,169
126:0,013;50,256;396,002;550,038;701,026;920,250
127:0,013;120,199;170,030;349,089;396,002;399,005;436,156;644,131
128:0,013;152,230;396,002;550,038;718,267;948,056;1010,066
129:0,013;349,089;366,084;948,056;987,163;1080,066
130:0,013;76,061;125,116;170,030;248,043;396,002;446,034;492,031;544,198;550,038;694,061;861,265;1090,071
131:0,014;78,163;378,030;455,126;554,067;640,244
132:0,014;38,071;123,075;151,055;159,213;188,105;640,244;964,267;1036,046
133:0,014;86,154;89,081;378,030;537,069;678,210
134:0,014;198,233;221,231;378,030;610,034;647,028;1000,062;1036,046;1117,031
135:0,014;38,071;152,152;364,067;513,224;647,028;934,229;1099,075
136:0,014;78,163;123,075;152,152;378,030;537,069;565,258;647,028;959,172;1036,046;1166,134
137:0,014;38,071;124,195;554,067;574,074;662,064;801,180;863,133;883,143;949,177;1002,262
138:0,014;38,071;123,075;124,195;260,038;480,255;537,069;574,074;647,028;662,064;852,202;1181,262
139:0,014;89,081;534,002;537,069;554,067;585,191;852,202
140:0,014;1,008;123,075;258,253;435,190;554,067;574,074;663,073;860,016;969,231;994,259;1007,242;1019,028;1031,215
141:0,015;46,030;69,232;93,063;246,096;253,136;289,273;504,030;893,240
142:0,015;111,018;246,096;269,075;443,031;451,028;610,110;744,072;914,132;923,073;1006,251
143:0,015;77,213;93,063;279,075;388,102;443,031;614,201;744,072;914,132;923,073;963,179;1192,220
144:0,015;53,030;93,063;267,050;289,273;643,047;669,099;699,268;830,088
145:0,015;46,030;271,134;451,028;627,099;744,072;1087,082
146:0,015;69,232;109,142;443,031;525,002;532,214;748,048;830,088;929,154
147:0,015;93,063;174,240;923,073;1019,266
148:0,015;31,129;443,031;523,209;923,073;970,051
149:0,015;40,021;46,030;156,023;216,116;287,225;297,120;410,147;451,028;610,110;768,028;914,216;1166,186
150:0,015;198,139;396,002;399,078;433,062;451,028;744,072;934,057;969,098;1050,058
151:0,016;287,026;405,039;418,237;424,035;481,121;926,066;1162,121
152:0,016;271,134;365,046;485,211;554,034;642,271;1184,134
153:0,016;332,116
154:0,016;248,043;295,186;1160,200
155:0,016;312,252;365,046;424,035;436,156;482,205
156:0,016;267,127;365,046;479,245;695,230;736,221;908,104;926,066;1040,200
157:0,016;89,046;93,054;121,186;450,052;554,034;608,065;613,082;683,034;1065,228
158:0,016;132,035;188,241;554,034;695,230;1185,133
159:0,016;121,186;286,116;479,245;554,034
160:0,016;286,266;365,046;482,205;926,066;1159,167
161:0,017;40,021;68,138;127,063;299,042;434,120;610,091;641,031;885,196;979,040;1095,139
162:0,017;35,159;40,021;56,057;57,062;98,251;174,026;327,213;414,047;448,204;641,031;886,078;1089,062
163:0,017;54,200;57,062;64,027;174,026;467,270;826,052;894,262;1089,062
164:0,017;56,057;57,062;98,251;174,026;614,249;641,031;826,052;1004,078
165:0,017;40,021;57,062;65,076;342,034;361,061;414,047;461,235;483,117
166:0,017;35,159;56,057;101,161;150,067;187,200;317,064;483,117;1040,159
167:0,017;40,021;64,027;93,122;174,026;414,047;424,035;440,102;607,059;913,229;1089,062
168:0,017;56,014;69,183;71,040;72,099;269,075;461,235;837,037;909,136;964,088;1178,124
169:0,017;40,021;41,003;56,057;269,075;414,047;430,218;698,128
170:0,017;40,021;57,062;64,027;69,183;248,049;327,213;336,005;498,083;641,031;826,052;919,154;961,264;1089,062
171:0,018;117,257;306,217;407,215;540,208;760,200;940,068;1099,075;1118,246
172:0,018;151,055;198,113;382,261;387,034;407,215;847,023;924,112;1099,075
173:0,018;151,055;532,048;922,036
174:0,018;128,063;151,170;310,062;774,124;934,028;940,264;989,137
175:0,018;138,092;287,075;309,265;318,062;474,047;702,048;1046,218
176:0,018;59,117;93,258;97,144;310,062;482,169;625,174;946,059;1099,075
177:0,018;213,135;430,208;467,270;532,048;860,016;939,036;940,068
178:0,018;150,003;151,055;177,161;187,200;761,059;765,141;940,068
179:0,018;151,170;310,062;651,263
180:0,018;116,190;532,048;895,140
181:0,019;53,144;58,031;60,225;240,117;268,077;278,224;418,237;691,041;1066,211
182:0,019;10,001;23,133;56,057;73,060;93,108;100,047;141,020;278,224;295,020;423,221;535,116;603,180;707,181;779,198;948,056;968,100
183:0,019;58,031;64,250;958,140;1029,153
184:0,019;73,060;100,047;254,090;335,150;926,066;1076,253
185:0,019;73,060;79,252;195,016;324,078;904,267
186:0,019;58,031;73,060;100,047;208,016;294,065;410,222;892,016;968,100
187:0,019;46,030;117,257;134,047;216,034;222,244;585,113;1059,096;1148,219
188:0,019;58,031;100,047;231,016;360,026;424,035;505,128;810,028;837,203;1083,230;1166,205
189:0,019;23,133;1150,154
190:0,019;60,225;93,108;136,011;141,241;254,090;797,026;812,172;865,016;1019,210
191:0,020;340,148;922,072;1026,065;1114,113
192:0,020;336,005;423,058;426,212;524,123;704,055
193:0,020;317,043;336,005;423,058;492,096;922,072;999,066
194:0,020;302,059;336,005;423,058;443,031;545,159;822,065
195:0,020;322,040;328,148;336,005;449,257;701,026;704,055;1117,031;1188,141
196:0,020;112,067;194,177;245,257;628,152;734,149;922,072;1096,259
197:0,020;317,191;633,258;762,055;832,222;990,208
198:0,020;115,011;241,082;336,005;524,123;675,214;704,055;934,028;979,040;990,208
199:0,020;313,153;336,005;426,212;922,072;923,253;934,028;1006,251;1094,028;1117,031
200:0,020;241,082;336,005;459,081;704,055;850,037;934,028
