001:0,001;60,010;83,104;808,077
002:0,001;262,204;928,051;1002,241;1034,116
003:0,001;456,266;460,114;679,164;879,234;1128,241
004:0,001;166,138;587,230
005:0,001;241,217;270,263
006:0,001;50,122
007:0,001;166,151
008:0,001;188,143;928,051;983,161;1086,200;1142,141
009:0,001;202,238;456,266;656,175;928,051;996,213;1022,254;1050,105;1181,197
010:0,001;383,114;987,194;1040,243
011:0,002;196,101;344,039;735,159;786,038;880,228
012:0,002;31,243;1195,213
013:0,002;198,118;729,034;786,038;912,031;954,242
014:0,002;220,094;1181,200
015:0,002;220,094;309,065;560,195;1139,208
016:0,002;269,091;344,039;718,050;786,038;970,268
017:0,002;216,229;306,065;476,104;880,228;885,058;912,031;945,095;969,032;1034,270
018:0,002;196,101;313,105;992,210;1075,074;1077,140
019:0,002;74,141;93,005;216,229;269,091;344,039;729,034;825,255;837,033;952,241
020:0,002;344,039;729,034;735,159;786,038;954,242
021:0,003;71,139;86,042;103,029;112,253;717,177;1069,159;1170,112
022:0,003;111,108;129,051;179,056;280,197;462,268;510,200;591,217;648,029;698,200;926,096
023:0,003;137,102;151,177;1026,203;1037,159
024:0,003;86,042;198,132;226,273;1105,143
025:0,003;131,199;133,188
026:0,003;86,042;283,081;625,162;758,112
027:0,003;109,223;137,102
028:0,003;151,177;434,084;1077,272
029:0,003;32,010;86,042;158,149;543,154;841,100;930,114;1162,050
030:0,003;133,188;214,128;227,172;473,252;663,215;1034,219
031:0,004;100,058;186,056;397,152
032:0,004;46,123;77,010;178,172
033:0,004;56,169;61,163
034:0,004;18,183;38,063;82,105;100,058;257,212
035:0,004;18,183;35,010;51,157;100,058;252,190;644,204;662,172;676,100
036:0,004;82,105;84,183;242,202
037:0,004;51,157;362,152
038:0,004;46,123;252,190;262,204;562,116;980,190;1014,256
039:0,004;84,183;100,058;232,166
040:0,004;69,268
041:0,005;170,181
042:0,005;45,128
043:0,005;420,137;1064,127
044:0,005;99,226
045:0,005;110,110;539,209;558,187
046:0,005;221,217
047:0,005;154,203;442,096;629,200
048:0,005;100,263;260,013;539,209;679,081;877,231
049:0,005;100,263;982,164
050:0,005;110,110;756,058;924,186;925,108
051:0,006;103,131;128,028;140,130;369,058;1039,086
052:0,006;76,019;212,040;341,208;369,058;779,231;869,057;873,174;874,176;912,031;943,254;1060,050
053:0,006;137,178;151,002;192,108;296,131;502,266;869,057;874,176
054:0,006;137,160;144,071;212,040;369,058;829,165;869,057;1060,050
055:0,006;137,178;144,071;198,118;369,058;924,105
056:0,006;103,131;648,209
057:0,006;144,071;378,058;476,196;1060,050
058:0,006;144,071;239,260;411,060;450,174
059:0,006;140,130;341,208
060:0,006;198,132;239,260;869,057;901,159;1060,050
061:0,007;146,138;615,101
062:0,007;128,028;138,236;159,049;227,113;299,068;334,028;354,074;372,041;558,064;559,219;655,113;824,256;1081,119
063:0,007;133,273;152,056;299,068;354,074;511,251;756,139;864,181
064:0,007;128,028;174,176;342,026;372,041;639,163;908,267;1145,133;1164,234
065:0,007;106,010;152,056;342,026;372,041;558,064;655,113
066:0,007;195,029;224,239;227,113;299,068;334,028;354,074;425,171;447,039;558,064;590,115
067:0,007;74,141;230,059;334,028;342,026;372,041;615,101
068:0,007;128,028;132,262;152,056;334,028;342,026;373,119
069:0,007;63,046;132,262;152,056;289,192;354,074;372,041;559,219;1152,161;1155,249
070:0,007;249,256;299,068;342,026;677,236
071:0,008;67,057;149,252
072:0,008;38,220;67,057;145,212;251,243;492,094;637,179;645,058;1169,133;1181,270
073:0,008;38,253;154,065;217,013;269,223;686,266;786,038
074:0,008;38,220;39,250;544,033;712,251
075:0,008;129,084;262,163;341,089;368,077;684,084
076:0,008;67,057;342,026;359,178;544,033;679,164
077:0,008;67,254;89,002;109,245;320,036;524,060;854,193
078:0,008;81,237
079:0,008;55,259;67,254;854,193
080:0,008;38,253;67,057;152,176;302,229;579,036;689,122;709,081
081:0,009;84,059;190,246
082:0,009;40,179;630,233
083:0,009;63,046;130,099;411,060;978,275
084:0,009;63,046;69,268;77,219;84,059;173,065;231,200;328,038;410,080;479,173;1191,179
085:0,009;63,046;77,219;84,059;173,065;328,038;341,089
086:0,009;84,059;130,099;145,094;173,065;328,038;456,275;1196,034
087:0,009;7,055;63,046;145,094;160,034;173,065;184,207
088:0,009;107,105;160,034;184,002;187,174;378,069;389,207;1196,034
089:0,009;228,179
090:0,009;84,059;231,200;410,080;544,033;615,233
091:0,010;15,007;122,029;425,171;558,064;774,265
092:0,010;404,173;500,032
093:0,010;57,167;396,261;822,246
094:0,010;226,183;294,032
095:0,010;254,261;294,032;946,265;974,032
096:0,010;135,092;725,060;928,051;976,098;982,260
097:0,010;16,003;61,163;240,250;294,032
098:0,010;206,122;254,261
099:0,010;57,167;290,148;587,124
100:0,010;218,115;294,032
101:0,011;21,080;35,115;701,116;790,174;810,042;954,272;1181,237
102:0,011;16,203;88,066;234,170;1005,219;1032,102;1090,137
103:0,011;19,229;106,010;234,170;1006,175
104:0,011;88,066;236,080;324,069;695,108;721,112;783,108;898,190
105:0,011;17,260;178,058;301,137
106:0,011;35,115;88,066;187,213;231,034;324,069;659,210
107:0,011;17,260;19,229;142,012;226,165;858,102;918,067;1059,204
108:0,011;31,165;324,069;777,088
109:0,011;25,001;31,165;88,066;244,096;314,104;324,069;672,203
110:0,011;21,080;274,037;349,234;388,065;441,139;450,235;729,034
111:0,012;211,212;709,210;786,038;925,139
112:0,012;31,004;55,156;970,067;1003,099
113:0,012;192,108
114:0,012;200,105;687,253;718,050;841,166;952,186
115:0,012;147,131;274,037;326,169;471,208;565,131;923,249;936,163;1089,114
116:0,012;100,202;391,169
117:0,012;244,244;522,048
118:0,012;232,166;472,143
119:0,012;258,120
120:0,012;352,188;718,050;815,209;1192,172
121:0,013;244,096;444,074;631,121;692,094;1075,074;1096,123
122:0,013;224,086;542,156;837,033;965,204
123:0,013;444,074;618,224;864,067;992,206;1175,040
124:0,013;65,211;427,148;818,083;825,224;1085,178;1175,040
125:0,013;491,090;837,033
126:0,013;402,142;444,074;837,033;1085,178;1096,123
127:0,013;67,191;98,013;426,173;465,142;1075,074;1136,215;1196,034
128:0,013;439,069;664,092
129:0,013;224,086;1075,074;1175,040
130:0,013;430,203;491,090
131:0,014;176,087;212,029;238,187;733,260;1088,153
132:0,014;86,042;159,049;166,081;238,187;348,203;349,234
133:0,014;44,084;62,185
134:0,014;22,037;62,185;622,058;692,056;780,239
135:0,014;114,042;195,066;344,153;1040,089
136:0,014;44,084;631,201;706,194;861,214;1076,050;1181,224
137:0,014;75,224;110,179;176,087;344,153;586,036;631,201
138:0,014;48,168;444,074;706,194;981,212
139:0,014;51,255;830,236;846,161;1181,224
140:0,014;80,081;692,056;749,204;887,153
141:0,015;76,272;327,174;368,225;395,048;579,139;718,050;969,176;1046,196
142:0,015;53,051;323,267
143:0,015;53,051;212,040;311,151;395,048;633,239
144:0,015;42,001;244,181;682,148;867,067;952,083
145:0,015;126,156;395,048;631,121
146:0,015;53,051;265,152;371,167;972,067;1080,094
147:0,015;76,272;395,048;407,195;604,255;713,121
148:0,015;53,051;241,201;395,048;690,161;867,194
149:0,015;66,153;145,066;235,152;308,205;395,048;507,175
150:0,015;53,051;159,049;186,148;325,079
151:0,016;6,003;99,199;102,010;124,136;334,028;361,093;924,186
152:0,016;35,010;201,155;402,142
153:0,016;187,174;194,157;742,106;1125,194;1167,188
154:0,016;5,128;96,006;148,103;320,036;330,213
155:0,016;25,133
156:0,016;160,034;211,245;320,036;361,093;864,067;924,141
157:0,016;255,065;330,213;889,251;1036,252;1088,084
158:0,016;11,256;124,136;224,239;316,159;320,036;344,128;796,120
159:0,016;11,256;864,067;976,192
160:0,016;5,128;25,133;160,034;208,225;544,033;742,106
161:0,017;31,265;154,065;475,231
162:0,017;38,063;130,154
163:0,017;19,029;64,012;74,109
164:0,017;19,029;117,228;395,069;465,096;996,215;1172,195
165:0,017;92,162;154,065;159,049;238,174;318,228;373,119;537,109;864,067;1115,191
166:0,017;19,029;22,037;38,063;141,079;154,065;441,139;1116,228
167:0,017;38,063;202,098
168:0,017;22,037;38,063;122,230;368,039;445,211;869,038;999,198;1063,214
169:0,017;43,264;122,230;130,154;323,267;892,211
170:0,017;22,037;31,265;38,063;117,228;240,230;1012,195
171:0,018;7,055;43,079;137,160;328,038;331,190;903,131;962,162
172:0,018;7,055;169,249
173:0,018;7,055;71,235;467,229
174:0,018;192,253;212,040;268,197
175:0,018;39,250;131,013;158,149;810,042;927,206
176:0,018;163,127
177:0,018;24,192;579,036;810,042;915,133;1126,079
178:0,018;7,055;10,004;41,079;579,036;812,119;953,131
179:0,018;7,055;169,162
180:0,018;19,029;71,235;301,246;579,036;721,112;750,229;810,042;818,083
181:0,019;103,029;262,013;280,124
182:0,019;18,001;54,205;237,252;267,087;274,037;280,124;301,137;319,250
183:0,019;103,029;338,175;489,215;648,029;760,214;912,031;957,082
184:0,019;99,226;133,273
185:0,019;258,198
186:0,019;103,029;274,037;316,159;338,175;592,173
187:0,019;138,077;1039,177
188:0,019;103,029;169,249;819,179;1067,077;1196,034
189:0,019;115,215;809,214;856,266
190:0,019;54,205
191:0,020;27,152;127,217;230,059;382,108;648,029;676,100;692,056;1015,205
192:0,020;48,173;411,060;474,121;490,116;518,178;969,060;986,150
193:0,020;72,146;75,224;159,095;231,034;379,241;411,060;1198,100
194:0,020;91,259;920,060;986,150
195:0,020;127,217;208,013;490,116;636,151;721,209;762,185;820,116;1175,040
196:0,020;72,232;209,051;231,034;385,208;388,200;648,029;675,088;808,122;855,089;995,129
197:0,020;47,225;48,173;65,211
198:0,020;27,152;91,259;411,060;605,074;622,060;733,169
199:0,020;72,146;230,059;231,034;411,060;995,129
200:0,020;47,225;98,007;159,095;186,109;230,059;379,241;411,060;675,088;692,056;1036,230;1052,201;1190,250
