001:0,001;9,136;67,043;68,027;81,098;123,067;149,156;184,018;333,020;461,163;463,059;516,032;916,229;1185,029;1192,177
002:0,001;68,027;93,050;131,180;138,170;309,065;516,032;819,258;1013,029;1044,056
003:0,001;63,051;81,098;124,222;134,063;324,152;333,020;444,039;452,191;463,059;523,080;528,019;562,167;574,067;593,275;598,014;712,119;970,258
004:0,001;66,090;163,218;172,194;463,059;516,032;904,242;1044,056
005:0,001;53,010;68,027;131,180;333,020;475,184;928,205
006:0,001;66,090;86,014;93,050;172,194;462,187;516,032;594,016;1044,056
007:0,001;67,043;68,027;197,036;202,085;218,038;333,020;357,032;443,051;515,100;984,064
008:0,001;93,050;111,061;163,218;280,215;333,020;462,187;475,184;523,030;621,083;734,181;1050,242
009:0,001;63,051;68,027;138,170;169,005;229,031;281,249;333,020;463,059;508,061;516,032;522,014;648,249;1044,056
010:0,001;67,043;73,027;136,112;326,050;333,020;463,059;680,208;817,016;1090,258;1168,051
011:0,002;161,266;323,030;435,061;470,197;1076,028;1200,124
012:0,002;310,167;415,119;468,054;470,197;578,039;597,232;864,046;1118,072
013:0,002;323,030;526,009;536,242;864,046;1199,110
014:0,002;323,030;578,039;728,066;770,171;1118,072
015:0,002;250,068;310,167;529,037;557,180
016:0,002;128,031;161,234;323,030;625,016;843,148
017:0,002;442,143;545,194;578,039;598,223;623,014;642,244;952,265;1056,056;1118,072
018:0,002;153,005;161,266;323,030;340,036;657,129;864,046;1055,224;1200,124
019:0,002;273,033;393,188
020:0,002;352,092;557,180;650,115
021:0,003;222,270;275,069;276,177;357,103;405,099;505,015;541,219;712,157;728,066;744,042;975,036
022:0,003;142,220;177,016;351,075;397,182;670,047;671,273;728,066;815,067
023:0,003;192,016;308,061;397,182;744,042;899,127
024:0,003;43,013;80,107;351,075;424,040;514,231;605,163;728,066;776,234;984,064;1143,248
025:0,003;83,068;115,183;278,067;308,061;542,112;670,047;712,157;943,073;1002,052;1166,035
026:0,003;220,242;275,069;276,177;670,047;909,135;975,036
027:0,003;240,253;372,205;773,042
028:0,003;177,016;202,002;294,223;308,061;578,027;712,234;893,049;931,177
029:0,003;275,069;308,061;532,209;629,237;671,273;744,042;749,039;899,127;975,036
030:0,003;208,132;275,069;281,221;728,066;843,148;975,036;1037,067
031:0,004;155,086;169,059;184,171;198,058;207,002;278,115;670,047;698,167;736,203;869,027;1031,050;1056,083;1119,001
032:0,004;200,198;218,038;451,178;559,003;704,185;898,038;901,187
033:0,004;39,134;148,253;154,003;155,086;166,047;218,038;438,221;468,054;518,160;532,014;581,072;630,070;687,123;780,227;835,071;869,027;1119,001
034:0,004;202,177;259,063;267,091;834,175;1119,001
035:0,004;148,253;468,054;518,160;925,016;1177,003
036:0,004;198,040;218,038;370,042;375,057;405,099;420,061;471,174;752,054;869,027;998,203;1073,058;1119,001
037:0,004;117,159;375,057;408,087;552,038;699,190;752,054;937,156;1038,175;1119,001
038:0,004;10,018;39,134;95,018;153,191;198,058;291,199;292,056;314,246;375,057;536,083;552,038;598,171;802,071;969,119
039:0,004;198,058;211,066;218,038;468,054;548,229;748,016;752,054;1119,001
040:0,004;135,176;188,077;218,038;474,149;487,189;536,083;850,051;858,249;1119,001
041:0,005;76,071;185,106;309,065;469,253;658,057;672,037;712,039;855,064;945,049
042:0,005;73,016;89,202;264,010;416,057;426,055;462,031;672,037;793,044;864,122;922,059;1118,072
043:0,005;193,030;212,169;256,187;340,036;416,057;484,266;577,003;605,163;643,152;672,037;798,116;819,132;827,152;867,067;873,205;965,161;1027,212;1117,039;1180,063
044:0,005;244,154;309,065;430,275;467,061;469,253;494,019;597,031;686,106;712,039;922,059;935,052;1027,212;1117,039;1125,040
045:0,005;245,199;340,036;712,039;730,032;793,044;801,152;876,049;922,059;1114,089
046:0,005;237,197;333,258;416,057;672,037;793,044;859,214;883,272;922,059
047:0,005;336,259;462,031;544,032;658,057;712,039;757,071;801,152;802,071;922,059;1125,040;1176,143
048:0,005;234,222;309,065;338,020;340,036;712,039;1123,063;1125,040
049:0,005;212,169;244,154
050:0,005;245,199;268,049;340,036;825,067;1176,143
051:0,006;340,030;508,215;645,069;727,178;866,056;898,038;932,238;1038,178
052:0,006;112,189;131,049;352,117;676,062;879,051;898,038;919,239
053:0,006;118,250;260,055;323,204;462,031;797,095;871,001;905,146;1030,027
054:0,006;52,005;81,008;130,046;177,016;242,183;452,070;676,062;1183,128
055:0,006;131,049;260,055;351,224;414,135;452,070;493,051;552,058;588,158;645,069;676,062;1073,230
056:0,006;1,009;69,151;73,024;103,261;152,015;192,243;260,055;320,100;452,070;756,156
057:0,006;124,030;131,049;300,050;452,070;479,031;676,062;691,150
058:0,006;112,189;177,016;267,028;346,220;482,055;645,069;676,062;732,069;871,001;898,038;912,098
059:0,006;131,049;153,187;300,050;328,181;391,036;448,222;452,070;645,069;680,122;871,001;946,130
060:0,006;50,158;118,250;130,046;131,049;300,050;418,042;518,058;691,150;787,142;788,049;871,001;982,248;1030,050
061:0,007;73,024;85,104;95,059;182,178;261,040;585,067;612,007;655,131;1065,051;1104,088;1131,063;1138,215
062:0,007;68,236;73,234;75,130;95,059;237,067;411,181;807,125;969,236;1065,051
063:0,007;73,024;83,068;98,209;206,016;337,088;351,075;411,181;518,058;612,007;629,237;672,229;764,016;1045,029
064:0,007;33,003;73,024;95,059;250,240;261,040;548,095;612,007;634,144
065:0,007;73,024;83,068;164,064;178,015;202,241;326,270;541,003;577,034;598,107;612,007;676,264;713,115;807,131;1065,051
066:0,007;73,024;98,209;208,008;237,067;374,239;518,058;595,251;612,007;731,091
067:0,007;52,020;76,003;83,068;182,178;237,067;386,126;548,095;813,016;955,050;1193,057
068:0,007;83,068;237,258;244,002;261,040;577,034;789,145
069:0,007;68,236;73,024;83,068;204,192;261,040;526,009;577,034;612,007;643,107;646,253;869,027;969,236;1065,051
070:0,007;73,234;95,059;237,258;518,058;598,107;612,007;634,144;758,173;780,233;877,145;997,073
071:0,008;83,061;184,257;213,096
072:0,008;73,024;83,061;143,056;250,068;319,042;330,035;588,109;651,206;692,194;871,251
073:0,008;92,269;229,031;250,068;358,196;578,027;594,084
074:0,008;83,061;123,067;181,099;212,069;258,043;319,042;423,036;495,064;558,019;594,084;618,072;634,155;951,046;1136,067
075:0,008;83,061;143,056;207,018;229,031;250,068;319,042;578,027;602,108;634,155;656,174
076:0,008;123,067;135,047;143,056;212,069;255,105
077:0,008;112,137;358,196;501,072;643,107;670,047;676,023;714,173;891,116
078:0,008;63,051;92,269;201,137;258,043;340,239;996,040;1081,056;1083,123
079:0,008;229,031;258,043;319,042;440,065;501,094;578,027;667,242
080:0,008;123,067;213,096;229,031;255,105;319,042;460,099;577,034;661,254
081:0,009;248,269;320,010;341,147;408,113;425,052;494,019;762,232;864,057;1088,180
082:0,009;37,019;150,188;157,033;237,067;334,120;418,044;494,019;604,113;766,047;871,001;1046,222
083:0,009;150,188;157,033;248,269;316,065;425,052;574,265;871,147;961,252;1052,054
084:0,009;130,046;133,015;157,033;177,211;425,052;494,019;600,206;766,047;767,104
085:0,009;157,033;177,211;392,124;494,019;576,264;891,050;1007,096
086:0,009;63,051;93,228;116,009;132,015;314,246;864,057;950,178;1119,001
087:0,009;189,186
088:0,009;336,162;393,040;425,052;494,019;588,260;670,023;720,161
089:0,009;157,033;334,120;560,036;576,264;670,023;755,092
090:0,009;179,200;494,019;606,203;766,047;961,252
091:0,010;106,195;135,047;236,054;254,230;375,057;385,068;506,015;583,125;1190,034
092:0,010;88,263;124,030;135,047;261,147;330,035;552,038;589,016;790,088;869,027;916,089;1028,028;1190,034
093:0,010;124,030;166,268;202,085;208,065;232,110;376,072;577,026;589,016;791,211;1028,028;1190,034
094:0,010;41,001;62,167;124,030;232,110;236,054;261,147;287,039;333,020;494,019;577,026;589,016;1125,263
095:0,010;78,036;117,005;372,205;498,174;589,016;643,040;657,080;797,016;847,251;1028,028
096:0,010;73,009;124,030;135,047;208,065;288,236;291,056;396,084;583,125;589,016;984,064
097:0,010;129,120;166,268;208,065;228,125;331,035;393,188;577,026;589,016;836,049;848,051
098:0,010;88,263;106,195;135,047;143,056;208,065;221,189;330,035;570,111
099:0,010;103,200;135,047;236,054;248,071;330,035;559,133;589,016;883,067;942,016;984,064;1172,255
100:0,010;100,129;190,050;221,189;654,032;776,165
101:0,011;24,015;59,055;78,036;190,050;269,173;450,164;454,102;478,059;505,015;565,053;974,049;1021,267;1103,035;1123,063
102:0,011;52,016;84,035;135,173;294,222;401,060;445,065;450,164;480,031;505,015;565,053;871,001;876,153;979,040;1061,160
103:0,011;78,036;84,035;89,222;190,050;267,028;369,233;505,015;551,186;565,053;953,046;1011,007;1061,160;1139,040
104:0,011;59,055;68,027;84,035;216,156;505,015;581,119;744,042;788,049;943,054;1089,064;1091,108;1151,036;1152,188;1163,222;1170,235
105:0,011;59,055;84,035;122,009;177,090;178,063;238,167;267,028;439,046;523,030;527,175;960,184
106:0,011;100,267;141,002;190,050;401,060;451,162;523,030;776,184;788,049;973,057;979,040;1077,095;1136,098;1152,027
107:0,011;59,055;89,222;102,107;143,071;194,214;281,221;362,032;369,233;401,060;454,102;505,015;565,053
108:0,011;78,036;100,267;190,050;238,167;241,111;574,014;654,147
109:0,011;59,055;90,239;128,031;131,049;325,126;505,015;523,030;608,090;715,105;778,265;993,073;1077,095
110:0,011;8,006;70,163;84,035;216,156;235,033;267,028;358,209;505,015;725,141;877,144;969,062;1132,252;1193,233
111:0,012;143,156;211,066;232,064;236,010;245,041;329,010;370,028;466,070;489,151;669,272
112:0,012;13,004;138,072;188,064;272,129;279,073;370,028;426,055;574,067;698,110;1079,272
113:0,012;44,008;97,207;155,145;197,129;368,039;370,028;463,207;815,067;874,184
114:0,012;138,072;198,040;245,041;313,184;426,055;604,177;733,193;921,067
115:0,012;97,207;188,064;199,002;209,185;245,041;363,170;372,020;426,055;652,016
116:0,012;136,112;149,134;180,107;221,040;245,041;281,037;300,050;363,170;873,054;1123,162
117:0,012;138,072;158,032;209,185;474,272;815,067;909,016;984,064;1008,059;1139,196
118:0,012;149,134;188,064;198,040;294,197;368,039;385,068;474,272;540,082;574,067;662,245;864,046
119:0,012;157,002;197,129;198,040;370,028;452,233
120:0,012;155,145;188,064;249,169;368,039;426,055;574,067;709,053;815,067
121:0,013;222,001;273,033;313,072;460,266;605,040;625,004;637,093;814,016;816,267;923,188;937,058;1178,128
122:0,013;188,002;222,001;267,141;271,041;282,036;357,032;413,178;625,004;658,090;744,051;765,118;893,052;1123,063
123:0,013;102,015;197,116;268,017;282,036;330,080;357,032;424,106;482,033;620,274;625,004;793,129;937,058
124:0,013;138,072;226,218;273,033;349,092;419,020;424,106;443,051;577,026;605,040;625,004;656,205;916,103;1167,003
125:0,013;212,237;268,017;295,054;303,073;305,103;1050,027;1123,063
126:0,013;181,249;222,001;267,141;268,017;357,032;390,273;605,040;620,274;625,004;628,038;726,180;740,050;765,118;893,052;937,058;1155,185
127:0,013;188,249;222,001;268,017;273,033;282,036;313,072;625,004;628,038;893,052;1011,235
128:0,013;67,043;75,130;222,001;268,017;295,054;390,273;443,051;628,038;713,263
129:0,013;222,001;268,017;295,054;330,080;443,051;605,040;625,004;713,263;937,058;1092,059;1123,063
130:0,013;203,258;222,001;268,017;282,036;313,072;628,038;816,267;1028,028;1098,243
131:0,014;104,041;174,232;183,071;193,032;212,034;322,047;331,067;341,147;417,046;487,064;545,194;732,069;733,193;744,051;897,054;898,243;1167,003
132:0,014;104,041;183,071;193,030;212,034;248,162;336,259;487,064;532,097;541,003;655,073;748,051;828,221;893,052;1065,035;1167,003
133:0,014;41,006;104,041;164,186;183,071;212,034;366,189;444,039;541,003;639,225;670,023;732,069;744,051;915,062;1060,154;1167,003
134:0,014;104,041;194,158;322,047;351,224;371,044;480,226;487,064;511,070;541,003;709,037;904,169
135:0,014;132,068;174,232;237,034;326,270;388,226;397,152;417,046;523,030;532,097;541,003;654,209;670,023;732,069;757,071;777,051;997,268;1167,003
136:0,014;104,041;179,241;239,033;322,047;371,044;444,039;541,003;670,023;745,167;864,057;1143,226;1147,064;1167,003
137:0,014;126,033;164,186;194,158;209,040;270,002;322,047;371,044;417,046;485,033;487,064;554,114;670,023;882,050;1043,226
138:0,014;191,117;371,044;444,039;541,003;655,073;670,023;815,032;828,221
139:0,014;131,256;183,071;212,034;397,180;417,046;591,077;654,038;744,051;898,243;997,268;1049,064;1167,003
140:0,014;119,095;371,044;444,039;541,003;625,004;643,031;648,249;670,023;785,146;1118,211;1167,003
141:0,015;146,113;522,014;687,123;998,035
142:0,015;189,010;377,070;416,057;441,046;494,268;522,014;769,082;865,051;872,104;886,123;894,049;1147,135
143:0,015;4,011;27,159;189,010;392,124;505,072;511,144;522,014;679,121
144:0,015;146,113;205,058;319,241;432,214;452,061;522,014;577,062;652,069;732,226;766,047;931,177;948,214
145:0,015;189,010;333,061;401,060;441,142;482,033;573,120;998,035
146:0,015;189,010;368,039;424,120;495,107;522,014;567,070;662,180;679,121;720,038;780,113
147:0,015;189,010;377,070;482,033;495,107;522,014;712,132
148:0,015;189,010;456,072;624,156;886,113;1196,029
149:0,015;27,159;112,137;124,030;189,010;268,017;319,185;377,070;440,237;482,033;717,078;998,035
150:0,015;189,010;377,070;512,179;522,014;732,226;935,057;998,035
151:0,016;85,009;88,143;94,033;128,031;212,069;280,215;736,045;845,016;881,097;896,073;1061,119
152:0,016;88,143;94,033;135,073;374,269;491,096;773,042;798,176
153:0,016;94,033;128,031;135,073;295,054;358,141
154:0,016;94,033;125,133;128,031;135,073;228,119;374,269;708,038;760,073;763,163;792,073;1025,187
155:0,016;94,033;117,100;376,173;672,037;678,153
156:0,016;125,133;128,031;166,214;773,042;988,211;1152,251;1175,222
157:0,016;6,014;40,164;118,071;177,171;202,030;228,119;635,151;701,137;826,053;1094,146
158:0,016;33,019;41,101;58,003;274,208;768,246;838,195
159:0,016;135,073;361,050;547,036;701,137;788,049;994,050;1053,155
160:0,016;117,100;135,073;358,141;474,149;866,056;966,049;1013,029;1053,155
161:0,017;76,071;133,035;134,063;241,111;252,009;281,037;284,039;349,056;546,161;736,045;880,207
162:0,017;81,087;211,066;246,104;252,009;274,208;281,037;293,223;736,045;787,142;881,097;954,230;1011,007;1193,057
163:0,017;90,090;134,063;193,030;215,027;236,079;252,009;284,039;286,078;706,130;866,056;1037,171
164:0,017;193,030;197,036;215,027;236,079;252,009;281,037;284,039;433,167;805,032;833,054;1125,040
165:0,017;75,190;93,164;133,035;148,262;252,009;279,130;556,014;658,057;821,135
166:0,017;81,087;211,066;247,193;281,037;284,039;313,072;513,196;1011,007;1024,040;1193,057
167:0,017;133,035;218,103;281,037;327,153;396,065;442,245;778,062;866,056;954,230;962,198;1011,007;1020,177;1073,230;1193,057
168:0,017;75,190;133,035;134,063;197,036;252,009;279,130;284,039;358,090;504,070;786,166;880,207;1011,007;1100,260
169:0,017;76,071;173,252;197,036;215,027;218,103;252,009;257,067;284,039;391,061;542,112;667,088;736,045;773,198;988,058;1011,007;1018,036
170:0,017;76,071;193,030;215,027;247,193;252,009;273,002;286,078;811,016;908,071;963,027;1000,234;1011,007;1077,092;1137,001
171:0,018;218,142;345,257;385,068;510,152;779,051;802,071;864,062;1013,029
172:0,018;217,118;385,068;479,190;871,001;899,076;978,245;1013,029
173:0,018;220,242;655,073;1113,150
174:0,018;208,008;283,074;350,104;385,068;518,102;655,073;896,167;1144,200;1188,207
175:0,018;208,008;254,146;283,074;345,257;392,066;416,243;509,019;548,032;896,167
176:0,018;65,002;74,118;283,074;291,245;416,243;655,073;802,071;803,190;812,193;1091,108
177:0,018;68,006;74,118;93,050;163,162;186,016;208,008;237,082;248,071;283,074;392,066;448,202;757,071;789,145;819,194;932,238
178:0,018;208,008;236,054;323,222;324,010;392,066;396,020;518,058;552,038;655,073;982,275;1013,029
179:0,018;208,008;222,001;291,245;392,066;408,117;802,071;1003,219;1103,035
180:0,018;218,142;351,075;386,065;448,202;757,071;978,245;1120,079
181:0,019;101,003;103,205;115,012;130,046;208,008;238,234;258,043;312,191;755,092;843,016;855,064;864,057;1067,093;1183,059
182:0,019;212,069;248,071;335,020;383,142;494,019;526,009;547,199;563,192;577,062;712,050;1011,007;1012,229
183:0,019;164,064;177,016;259,063;309,065;335,229;463,207;488,082;526,009;577,062;612,007;623,014;712,050;848,047;855,064;902,186;996,062;1026,148;1065,051;1183,059
184:0,019;177,016;189,010;248,071;335,229;402,062;562,236;712,050;1117,039;1120,079
185:0,019;155,199;164,064;177,016;248,071;259,063;316,226;526,009;563,192;577,062;679,250;734,106;771,110;837,071;871,001;877,173;982,275;1183,059
186:0,019;39,012;157,246;198,058;213,081;259,063;316,033;401,268;415,036;488,082;712,050;941,244
187:0,019;153,187;208,008;282,010;300,050;337,152;402,062;501,094;505,015;526,009;575,261;712,050;1144,200
188:0,019;164,064;240,232;312,191;319,042;402,062;526,009;548,130
189:0,019;164,064;240,232;260,055;414,135;526,009;577,062;658,057;734,106;793,044;855,064;878,133;1183,059
190:0,019;41,101;164,064;177,016;248,071;401,268;402,062;695,153;819,111;1183,059;1190,034
191:0,020;171,109;773,042;839,049;1019,054;1030,027
192:0,020;188,077;205,002;282,056;529,037;643,040;672,116
193:0,020;158,032;282,056;529,037;589,016;643,040;771,195;1118,072
194:0,020;133,042;229,031;310,088;979,040;1035,110
195:0,020;133,042;139,003;158,032;335,227;935,059;1010,255
196:0,020;197,090;529,037;877,214;1030,027
197:0,020;94,033;255,112;335,227;353,241;529,037;643,040;752,054;1030,027
198:0,020;111,157;133,042;158,032;282,056;462,031;642,184;716,016;723,219
199:0,020;133,042;148,049;158,032;282,056;547,204;879,016;1005,137
200:0,020;111,157;529,037;687,228;696,062;951,150;979,040;1012,158
