001:0,001;114,267;118,068;123,035;151,042;206,066;338,053;359,066;572,072;863,159;976,069;1130,244
002:0,001;122,214;123,035;144,058;151,042;244,099;572,072;750,166;904,112
003:0,001;118,068;184,007;196,194;664,044;670,223;802,034;1002,226
004:0,001;80,039;85,007;206,066;522,153;802,034;976,069;1013,265;1025,039
005:0,001;195,175;410,035;518,146
006:0,001;151,042;206,066;518,146;633,030;664,044;1025,039
007:0,001;118,068;123,035;158,092;196,194;802,034;1025,039
008:0,001;20,019;33,052;123,035;138,002;195,175;280,201;339,036;623,181;664,044;839,054;947,057;976,069
009:0,001;33,052;114,267;118,068;151,042;247,188;664,044;966,057;1025,039
010:0,001;123,035;150,148;151,042;205,072;247,188;276,236;572,072;802,034;896,270
011:0,002;111,015;207,255;225,218;611,016;688,273;739,115;1014,219;1140,031
012:0,002;150,074;177,152;242,051;306,035;440,036;501,131;619,030;904,112;974,241;992,075
013:0,002;231,242;233,076;242,051;306,035;416,049;501,060;619,030;1112,275
014:0,002;225,218;579,242;693,166;738,141;1019,123
015:0,002;242,051;306,035;854,210;992,075
016:0,002;213,191;306,035;417,048;440,036;527,242;619,030;870,026;1035,039;1040,259
017:0,002;233,076;440,036;552,233;1053,075;1177,128
018:0,002;207,255;242,051;334,196;821,054;1150,169
019:0,002;51,250;306,035;334,196;442,031;501,131;724,048;738,141;840,069;852,187;870,026;1068,074;1150,169
020:0,002;84,254;177,152;213,191
021:0,003;136,059;271,169;405,061;416,049;446,064;545,266;616,031;621,098;720,088
022:0,003;136,162;224,168
023:0,003;11,212;181,125;577,174;648,016;720,088
024:0,003;123,035;181,125
025:0,003;136,059;144,058;276,228;541,052;577,174
026:0,003;63,197;136,059;405,061;446,064;541,052;630,128
027:0,003;136,059;145,070;208,069;271,169;405,061;416,049;504,037;526,262;541,213
028:0,003;145,070;173,220;446,064;704,168;847,269
029:0,003;108,057;144,058;215,097;416,049;505,072;523,138;541,052;630,128;1074,159
030:0,003;145,070;174,259;276,228;362,158;405,061;446,064;541,052;545,266
031:0,004;244,053;570,041;611,016;860,091
032:0,004;446,066;471,028;490,061;494,032;512,212;573,234;598,044;618,093;821,054;1079,251;1162,068
033:0,004;490,061;611,016;800,041;1057,255;1176,187
034:0,004;371,240;512,212;572,072;610,150;611,016;874,168;1141,075;1176,187;1181,059;1187,223
035:0,004;245,036;494,032;573,234;611,016;619,030;620,222;629,148;842,118;874,085;1091,065
036:0,004;340,164;598,044;611,016;800,263;821,054;1091,065
037:0,004;345,101;461,111;611,016;744,044;784,259;821,054;988,216;1091,065
038:0,004;321,056;340,164;490,061;570,041;598,044;611,016;842,118
039:0,004;386,238;494,032;570,041;611,016;860,091;1009,122;1162,068
040:0,004;386,238;440,036;461,111;490,061;575,116;997,163;1074,042
041:0,005;118,145;213,044;221,231;294,260;679,059;896,257;972,029;990,233
042:0,005;191,131;332,181;549,029;564,127;797,031
043:0,005;116,237;335,114;646,117;797,031
044:0,005;126,011;308,242;385,269;1003,071;1100,127
045:0,005;118,145;813,242
046:0,005;76,193;116,237;178,007;264,197;275,004;332,181;363,069;381,148;677,016;797,031;1085,057;1129,117
047:0,005;113,121
048:0,005;105,106;465,035;572,188;658,037;712,271;1003,071;1091,065
049:0,005;10,018;25,205;633,048;737,103;742,195;797,031
050:0,005;150,148;431,035;730,066;797,031;1152,143
051:0,006;48,161;602,063;622,026;633,254
052:0,006;37,176;244,031;358,233;755,221;1018,053;1174,084;1183,245
053:0,006;33,057;51,014;53,206;64,039;173,052;181,210;244,031;515,029;602,063;693,154;768,169;1018,053
054:0,006;26,011;33,057;64,039;66,016;97,002;117,213;185,211;190,043;276,236;694,060;768,169;884,214
055:0,006;33,057;58,119;515,029;749,158;914,198
056:0,006;25,056;44,066;64,039;150,007;173,052;180,162;350,031;673,111
057:0,006;25,056;44,066;90,188;244,031;731,270;1000,232
058:0,006;25,056;44,066;64,039;156,011;157,249;173,052;183,217;255,119;515,029;694,060;722,242;731,270;887,266;996,257
059:0,006;25,056;33,052;44,066;58,119;64,039;117,213;566,059;602,063;633,254;807,123
060:0,006;25,056;90,188;123,015;216,102;244,031;694,060;752,067;860,171;1018,053;1154,214
061:0,007;203,026;254,054;330,055;515,029;649,058;752,067;1141,145
062:0,007;204,044;443,237;573,069;655,035;764,122;873,189
063:0,007;145,043;204,044;457,141;706,016;752,067;849,160
064:0,007;252,268;330,055;450,082;1079,251;1102,118
065:0,007;99,003;147,131;330,055;514,186;550,029;702,038;777,138;1166,207;1194,102
066:0,007;95,011;128,103;204,044;348,059;853,065;1006,203
067:0,007;122,233;232,126;254,054;283,268;702,038;752,067;948,076
068:0,007;168,072;272,061;280,112;332,066;371,069;649,058;693,166;702,038;765,030;878,029;1187,042
069:0,007;227,210;254,054;279,036;280,112;330,055;505,095
070:0,007;248,215;254,054;366,052;450,082;1106,039
071:0,008;42,007;215,097;276,075;393,197;870,026;968,114
072:0,008;72,050;203,026;347,158;472,175;642,046;940,256;947,057;1066,077;1142,209
073:0,008;148,266;393,197;642,046;997,163
074:0,008;26,265;203,026;342,020;348,096;602,063;619,030;813,242;870,026
075:0,008;108,274;298,108;314,264;348,096;570,041;617,205;1162,068;1180,150
076:0,008;148,266;203,026;472,175;947,057;990,164
077:0,008;267,229;642,046;831,078;1010,205
078:0,008;91,239;311,006;330,203;642,046;1029,196;1136,231
079:0,008;91,239;203,026;344,253;350,076;645,046;947,057;972,136;1089,059
080:0,008;72,142;296,069;298,108;573,045;610,150
081:0,009;102,222;311,006;338,053;514,186;630,049;683,246
082:0,009;33,052;49,075;70,200;194,086;311,006;376,225;904,181
083:0,009;73,219;107,136;145,043;194,086;197,164;311,006;338,053;516,209;761,066;973,149
084:0,009;18,194;49,075;107,136;145,043;197,164;311,006;370,202;443,041;513,064;630,049;840,069;942,154;1100,036
085:0,009;73,166;92,002;138,177;311,006;411,173;527,209;1100,036;1162,068
086:0,009;38,067;49,075;177,186;203,059;338,053;630,049;743,140;813,070;840,069;899,046;934,152
087:0,009;13,014;18,194;145,043;170,188;177,186;311,006;461,237;1100,036
088:0,009;49,075;57,005;98,223;311,006;743,140;840,069;863,115;1100,036;1194,173
089:0,009;61,016;70,200;906,219;976,069;1136,119
090:0,009;70,143;575,116;792,072;827,067;942,154
091:0,010;95,146;276,075;632,250;694,060;818,071;1004,135;1058,093
092:0,010;60,270;142,220;147,069;214,240;501,060;653,042;831,153;1199,107
093:0,010;71,171;147,069;366,052;403,123;777,175;818,071;985,042;1180,216
094:0,010;51,077;60,270;276,075;386,248;418,267;504,037;821,214;942,258
095:0,010;4,015;51,077;95,146;147,069;335,267;421,063;504,037;818,071;965,054;985,042;1004,135;1138,067
096:0,010;142,220;216,185;234,114;392,104;410,063;467,085;564,268;627,035;783,150;831,153
097:0,010;26,265;147,069;431,227;613,029;684,115;818,071;985,042;1017,093;1044,136
098:0,010;50,227;163,007;276,075;392,104;410,063;501,060;554,241;1003,074;1199,107
099:0,010;71,171;452,211;501,060;504,037;877,200;985,042;1138,067;1188,263
100:0,010;68,227;410,063;489,245;494,032;504,037;864,260
101:0,011;151,115;156,028;203,270;218,044;410,063;450,080;817,136;988,074;1124,124;1141,145
102:0,011;385,269;753,072;817,136;841,175;990,164;1039,031;1055,224;1151,194
103:0,011;156,028;203,059;321,056;330,265;569,195;760,273;988,074
104:0,011;175,258;364,165;561,199;875,150;952,260;988,074;1055,224
105:0,011;203,059;215,226;321,056;363,031;569,195;659,037;744,197;1089,059
106:0,011;168,072;281,158;321,056;364,165
107:0,011;94,012;145,070;156,028;168,072;203,177
108:0,011;330,203;1011,069;1166,207
109:0,011;175,258
110:0,011;14,016;145,124;151,115;156,028;200,199;647,218;663,241;767,158;988,074;1090,221;1124,130
111:0,012;117,036;341,128;417,048;846,107;1009,029;1072,046
112:0,012;40,003;117,036;382,047;418,136;556,182
113:0,012;180,208;401,217;481,064;618,223;653,042;764,122;978,138;1097,270;1161,085
114:0,012;182,260;336,176;966,054;970,209
115:0,012;117,036;448,226;753,029;1072,046
116:0,012;117,036;417,048;872,125;1072,046
117:0,012;221,112;270,251;382,047;437,049;505,072;571,258;638,214;653,042;781,210
118:0,012;198,176;382,047;417,048;556,182
119:0,012;156,043;211,251;417,048;653,042;751,016;791,192
120:0,012;303,219
121:0,013;124,056;158,105;221,033;543,135;701,170;742,222
122:0,013;124,056;190,132;218,140;348,059;379,036;397,232;422,039;493,249;505,072;647,218
123:0,013;124,056;188,170;190,132;858,177
124:0,013;178,275;348,059;840,183;856,030;992,042
125:0,013;110,033;128,202;422,039;505,262;602,031;632,170
126:0,013;110,033;188,170;225,124;422,039;670,223
127:0,013;110,033;124,056;221,033;288,264;348,059;702,038;779,167;894,054;978,108
128:0,013;205,072;206,187;211,053;221,033;348,059;505,262;510,231;1174,084
129:0,013;110,033;118,068;206,187;251,020;280,271;348,059;846,041;975,130
130:0,013;124,056;205,072;221,033;501,232
131:0,014;109,094;933,029;1027,121;1066,160
132:0,014;87,002;100,157;108,057;157,004;249,100;867,114;947,061;1079,043
133:0,014;124,142;146,172;573,045;628,221
134:0,014;33,057;41,093;168,072;283,241;428,172;753,029;947,061;1072,046
135:0,014;99,002;109,094;229,059;323,103
136:0,014;118,068;202,078;573,045;622,260;914,225;1062,193
137:0,014;100,157;573,045;663,114;1031,265
138:0,014;146,172;168,036;178,253;753,029;947,061;1081,080
139:0,014;108,057;144,058;160,269;283,241;648,093;817,034;818,046;1062,193;1159,211
140:0,014;108,057;138,247;157,249;730,066;753,029;1029,080
141:0,015;171,054;244,099;262,117;526,265;612,201;1110,065;1171,043;1197,197
142:0,015;233,273;277,231;595,114;691,059;746,123;863,159;1188,042
143:0,015;34,056;68,045;163,034;256,267;278,033;375,040;536,111;547,198;672,211;1017,074;1164,188
144:0,015;171,054;182,268;198,185;235,257;1049,270;1071,042
145:0,015;171,054;187,201
146:0,015;160,142;187,201;233,273;348,066;410,055;641,231;735,205;785,203;906,044;1065,225
147:0,015;163,034;189,257;293,075;304,274
148:0,015;38,110;163,034;171,054;198,185;203,059;373,113;403,055;547,198;969,175;1164,188
149:0,015;262,117;1157,243
150:0,015;182,268;274,145;304,274;653,075;672,211;1173,075
151:0,016;169,156;205,026;285,085;372,208;617,075;804,163;962,101
152:0,016;221,230;992,075
153:0,016;169,156;382,047;402,230;617,075;850,041;857,248
154:0,016;73,166;75,013;105,106;390,078
155:0,016;249,100;516,031;617,075;793,029;804,163;827,065;1018,245
156:0,016;221,230;274,148;315,171;1125,078;1168,046
157:0,016;185,211;617,075;808,034;827,065;1017,093
158:0,016;210,090;216,102;827,065;977,034;1064,176;1140,065
159:0,016;205,252;768,059;962,101
160:0,016;232,126;278,031;426,273;827,065;1017,249;1018,053;1064,176;1138,067
161:0,017;63,197;244,053;335,020;347,129;440,028;622,026;642,077
162:0,017;63,140;119,254;163,034;166,078;173,052;303,085;622,026;637,145;704,104;947,061;999,243
163:0,017;45,002;63,140;659,037;688,034;731,235;933,100
164:0,017;62,034;91,215;211,053;231,156;688,034;691,267;710,016;730,066;988,216;1053,075;1070,192
165:0,017;118,226;200,199;211,053;517,254;630,049;730,066;792,235
166:0,017;69,226;156,028;187,261;211,053;226,159;417,048;835,067;1016,265;1085,057;1161,077
167:0,017;107,116;166,078;240,255;244,053;321,056;424,225;440,028;517,061;611,044;630,113;649,058;688,034;746,153;751,225;1085,057;1161,142
168:0,017;62,034;244,053;440,028;490,061;622,026;688,034;704,104;730,066;951,122
169:0,017;62,034;91,215;204,044;225,124;440,028;498,141;523,064;734,085
170:0,017;144,002;246,261;343,035;691,267;839,044;917,151;1085,057;1154,103
171:0,018;118,246;366,239;1003,071;1126,095
172:0,018;60,114;62,083;103,259;295,204;324,163;791,179;809,100;1014,042
173:0,018;66,253;150,074;233,061;366,239
174:0,018;27,002;114,011;150,074;233,061;344,033;371,217;800,041;1003,071;1175,170;1191,239
175:0,018;74,114;292,216;530,035;800,041;992,075;1057,255;1100,226
176:0,018;60,114;72,050;233,061;324,163;800,041;1002,162
177:0,018;62,083;233,061;480,201;505,072;763,149;1138,067
178:0,018;62,034;72,050;221,231;233,061;254,054;292,216;434,039;485,183;1003,071;1009,197
179:0,018;19,008;103,259;150,074;295,204;483,102;791,199
180:0,018;72,050;284,044;388,047;423,204;621,016;652,160;1042,171
181:0,019;38,067;41,045;114,179;296,069;585,072;895,263;1139,036;1151,194
182:0,019;41,045;80,012;98,216;110,189;721,263
183:0,019;25,012;41,045;98,216;206,066;510,263;734,085;813,070;1020,220;1052,039
184:0,019;38,067;41,045;95,063;192,168;205,072;211,077;967,026;1172,104;1183,067
185:0,019;38,067;41,045;95,063;177,222
186:0,019;50,249;54,001;215,226;553,037;587,151;813,070;958,102;1020,220;1089,059
187:0,019;50,012;110,189
188:0,019;2,015;245,212;296,069;632,170;649,058;728,091;780,155;1172,104;1184,067
189:0,019;20,008;84,254;95,063;206,066;290,044;296,069;780,155;807,102
190:0,019;95,063;167,028;192,168;475,053;533,138;758,016;813,070;1089,059
191:0,020;410,214;702,038;781,210;814,246
192:0,020;443,041;598,044;1005,162;1017,042;1129,196
193:0,020;51,015;95,195;366,052;443,041;625,179;824,044;846,107;1079,043
194:0,020;28,011;45,020;366,052;494,142;1079,043
195:0,020;389,222;443,041;473,181
196:0,020;375,040;418,136;436,069;501,153;570,041;756,228;1126,248
197:0,020;366,052;482,147;510,080;544,219;672,048;824,237;869,034;1047,249;1117,043
198:0,020;366,052;375,040;422,039;455,271;482,147;802,034;1079,043
199:0,020;455,271;930,141
200:0,020;375,040;410,214;443,041;548,128;625,179;756,228
