001:0,001;194,256;255,041;477,012;485,057;584,230;609,040;867,025;1056,224;1115,123
002:0,001;160,223;194,256;219,208;222,223;487,064;609,040;812,124;867,025;1106,091
003:0,001;150,035;267,124;445,056;613,267;689,272;867,025;977,045;1105,060
004:0,001;150,035;228,068;255,041;506,187;631,181;804,219;867,025;1061,225
005:0,001;166,066;255,041;303,002;319,232;331,007;380,050;450,209;575,042;602,067;868,176;1105,060
006:0,001;111,019;150,035;162,233;164,016;209,261;756,046;818,048;834,258;867,025;1122,210
007:0,001;219,255;609,040;721,132;740,168;867,025;1105,060
008:0,001;228,068;444,042;446,201;528,067;841,072;992,154;1012,028;1071,038;1188,067
009:0,001;150,035;348,261;444,042;476,058;579,216;612,043;740,168;867,025;1106,091
010:0,001;255,041;444,042;609,040;715,071;835,147;867,025;1115,123;1161,267
011:0,002;40,011;93,052;214,120;360,073;428,075;496,047;510,228;715,075;976,268
012:0,002;88,026;231,232;267,018;344,270;599,073;639,029;686,237
013:0,002;159,142;440,105;613,267;855,027;919,118;939,065;976,268;1007,255;1019,087;1179,082
014:0,002;84,220;144,226;599,073;939,065;1000,212
015:0,002;76,039;99,175;158,035;290,143;599,073;835,242;889,034;939,065;963,051;1020,061;1074,050
016:0,002;76,235;88,026;267,218;287,014;362,258;396,081;817,028;929,045;1062,052;1074,050
017:0,002;93,052;169,226;178,072;182,192;413,030;594,183;889,034;929,045;939,065;1007,255;1025,034;1074,050
018:0,002;88,026;182,192;263,069;305,062;460,137;599,073;686,237;715,075;889,034;939,065;1127,145
019:0,002;93,052;149,227;413,030;563,086;582,117;670,073;689,058;698,212;715,075;1005,133;1074,050
020:0,002;54,067;76,235;88,026;231,232;413,030;629,222;929,045;1000,212
021:0,003;161,145;185,057;286,047;288,241;299,271;316,050;511,072;607,059;615,058;766,086;881,077;1084,038;1106,142;1189,027
022:0,003;54,067;116,172;185,057;208,028;241,174;478,050;868,271;974,036
023:0,003;122,071;178,032;239,069;321,221;511,072;615,058;657,119;767,071;823,209;1014,029;1033,032
024:0,003;126,249;316,050;511,072;623,042;627,130;766,086;1014,029;1033,032
025:0,003;149,227;185,057;304,130;320,062;493,252;562,258;627,130;939,065;1010,182;1080,104;1106,142
026:0,003;176,016;185,057;299,271;528,019;646,170;709,158;865,012;871,260;1033,032;1067,068;1080,104
027:0,003;178,077;316,050;719,166;937,063;1014,029;1026,206
028:0,003;41,017;45,203;51,008;54,067;112,256;185,057;288,241;304,130;452,010;460,137;615,058;736,118;820,062;825,237;837,074;855,077;1033,032;1179,089
029:0,003;122,063;134,206;202,057;241,174;316,050;689,067;712,250;749,182;997,113;1030,052;1189,027
030:0,003;172,094;310,034;341,172;615,058;751,257;1014,029;1033,032;1183,182
031:0,004;33,069;51,066;244,075;354,216;547,002;623,246;1029,105
032:0,004;28,052;33,069;183,061;208,028;235,191;239,069;311,093;375,063;477,012;520,045;545,229;582,162;615,058;686,062;961,239
033:0,004;51,066;265,148;434,249;437,078;749,050;850,230;934,057;961,244;1110,163
034:0,004;28,052;43,224;125,052;183,061;212,018;239,069;329,131;375,063;471,152;477,012;514,257;539,060;547,002;602,087;661,161;767,036;799,062;934,057;1109,254
035:0,004;28,052;198,134;244,075;311,089;338,017;468,258;477,012;498,065;519,164;525,267;547,002;661,161;686,062;1060,118
036:0,004;33,069;150,263;183,061;244,075;306,070;375,063;524,073;539,060;547,002;677,217;725,200
037:0,004;51,066;198,134;239,069;244,075;279,072;306,070;433,268;477,012;493,202;850,230;1191,042
038:0,004;28,052;33,069;51,066;54,067;156,193;229,091;265,148;428,065;470,228;545,229;547,002;686,062;814,059
039:0,004;16,255;28,052;33,069;51,066;306,070;331,007;437,078;477,012;539,060;547,002;582,162;686,062;929,045;1114,134;1161,036
040:0,004;33,069;183,061;229,091;306,070;375,063;454,075;477,012;512,239;547,002;710,170;715,075;912,256;934,057;965,273;1017,068;1110,163
041:0,005;287,106;529,036;592,141;670,069;728,262
042:0,005;258,125;295,056;487,064;529,036;562,051;670,069;715,071;839,274;1030,052
043:0,005;143,016;240,008;295,056;401,057;564,092;600,249;1182,256
044:0,005;174,123;703,048;1030,052
045:0,005;240,008;295,056;477,012;487,064;604,102;1017,038;1098,084
046:0,005;257,079;292,041;338,096;487,064;529,036;614,145;670,069;770,205;823,029;902,116
047:0,005;240,008;295,056;487,064;523,052;529,036;562,051;682,228
048:0,005;240,008;289,121;295,056;487,064;562,051;621,050;686,146;709,017;718,059;780,188
049:0,005;240,008;315,094;529,036;564,092;1043,044
050:0,005;258,125;338,096;529,036;586,215;715,071;777,274;1030,052;1182,256
051:0,006;67,079;89,024;143,041;166,034;175,026;209,055;565,037;573,031;721,142;952,027;1111,057
052:0,006;32,019;45,051;89,024;166,034;209,055;442,250;542,028;614,067;834,106;868,176;897,067;1046,209;1072,197;1099,261
053:0,006;76,039;89,024;166,034;226,102;493,202;565,037;711,084;718,033;764,104;819,062;904,173;1129,181;1195,046
054:0,006;45,051;89,024;143,041;149,126;180,120;187,060;209,055;344,270;530,055;542,028;624,133;639,021;667,061;723,073;757,096;873,169;901,182
055:0,006;40,012;67,040;109,209;143,041;160,223;166,034;209,099;530,055;542,028;681,212;867,041;872,048;897,067;1032,112
056:0,006;45,051;67,079;89,024;174,272;303,002;357,081;530,055;718,033;793,247;911,153;1053,074;1091,267
057:0,006;8,007;45,051;113,157;242,012;305,192;528,067;817,094;897,067;911,153;1189,027
058:0,006;89,024;176,238;209,055;212,265;324,073;564,044;565,037;693,180;722,064;934,057;952,027;1072,197
059:0,006;52,188;89,024;149,126;530,055;542,028;664,169;952,027;1099,261;1171,038
060:0,006;23,122;45,051;113,157;143,041;180,120;205,005;226,102;282,055;442,250;565,037;667,061;711,084;718,033;747,065;831,087;986,053;1014,136
061:0,007;193,145;208,021;226,142;313,065;331,007;354,036;521,045;576,200;634,240;732,037
062:0,007;134,070;147,188;303,002;313,065;331,007;359,157;545,270;772,037;1088,031;1117,087
063:0,007;167,174;193,145;303,002;331,007;343,031;354,036;364,042;405,044;553,190;576,200;888,037
064:0,007;167,174;208,021;287,014;310,249;405,044;485,150;511,072;636,157;667,061;686,248;735,235;977,224;1088,031
065:0,007;54,027;133,098;208,021;287,014;303,002;354,036;432,205;496,047;535,044;715,182;834,174
066:0,007;178,032;208,021;287,014;303,002;313,065;331,007;354,036;528,019;557,093;562,051;725,248;736,118;850,129;1088,031
067:0,007;178,032;287,014;303,002;313,065;331,007;726,150;732,037;1182,172
068:0,007;122,071;179,274;208,021;270,221;287,014;331,007;339,166;359,157;735,072;810,269;829,118;1088,031;1161,079
069:0,007;133,098;173,273;178,032;179,274;208,021;270,221;287,014;303,002;339,166;354,036;405,044;424,185;496,047;663,206;732,037;810,269
070:0,007;33,069;120,096;147,188;159,012;178,032;208,021;313,065;424,185;622,003;677,108;732,037;1151,249
071:0,008;135,146;160,002;185,040;240,008;282,061;329,071;465,138;808,135
072:0,008;139,121;185,040;328,247;463,040;498,065;663,087;860,269;969,040;1075,171;1153,269
073:0,008;134,070;160,002;285,153;783,052;842,158;943,042;997,051;1132,268
074:0,008;114,016;122,071;178,072;329,071;351,113;385,041;482,242;926,025;946,159;1167,039
075:0,008;160,002;289,121;327,055;384,058;533,275;749,050;759,076;862,059;1014,252;1049,037;1167,039
076:0,008;131,080;134,070;157,113;178,072;329,071;337,188;384,058;463,040;498,050;701,199;713,253;783,052;899,251;1075,171;1167,039;1189,027
077:0,008;129,156;134,070;160,002;206,168;482,242;533,275;586,215;691,102;816,105;1167,039
078:0,008;150,263;160,002;178,072;185,040;302,123;463,040;468,220;498,065;646,264;858,028;905,258;1167,039
079:0,008;115,020;139,121;185,040;337,188;384,058;498,065;597,042;669,126;839,075;848,115
080:0,008;122,071;134,070;160,002;196,066;282,061;351,113;375,273;384,058;463,040;495,222;538,062;571,051;713,253;740,045;783,052;884,036;1051,061;1056,045;1167,039
081:0,009;9,047;39,261;89,272;394,045;603,115;811,029;895,232;961,244;1031,036
082:0,009;167,105;817,028;892,066;951,117;1085,226
083:0,009;89,003;126,168;159,142;192,017;257,057;258,054;271,217;726,072;805,027;919,044;948,239;1039,072;1196,229
084:0,009;39,261;258,054;328,065;409,174;867,041;879,240
085:0,009;89,272;135,146;139,019;149,235;875,112;1161,050
086:0,009;79,090;149,235;258,054;311,037;398,142;581,044;603,115;742,270;817,028;974,034
087:0,009;87,200;570,016;608,159;811,029;928,025;1037,263
088:0,009;136,265;194,012;271,217;386,042;485,273;557,093;811,029;834,114;867,041;901,164;1075,067
089:0,009;136,265;179,017;186,214;258,054;396,058;497,254;697,062;726,072;811,029;867,041;879,240
090:0,009;87,200;166,034;261,194;529,001;667,061;726,072;817,028;911,237;997,225;1112,224
091:0,010;176,073;212,065;296,190;935,137;1049,017
092:0,010;123,164;131,108;176,073;212,065;313,140;378,022;452,010;478,272
093:0,010;125,158;783,189;966,040;969,028;997,128;1049,017;1182,172
094:0,010;125,158;240,008;296,190;394,256;406,095;957,027;966,040;1049,017;1171,272;1194,185
095:0,010;43,224;89,024;260,051;313,140;626,059;631,116;738,027;928,156;969,028;975,053;1048,033;1049,017;1189,136
096:0,010;176,073;208,021;212,065;304,068;309,143;452,010;479,117;1049,017;1194,185
097:0,010;119,148;212,065;260,051;302,137;324,056;406,095;452,010;517,192;738,027;889,034;956,114;966,040;1085,226
098:0,010;187,187;212,065;270,027;302,137;452,010;468,220;515,244;897,067;903,127;969,028;997,128;1026,054;1049,017
099:0,010;131,108;176,073;260,051;358,241;969,028;1049,017;1195,228
100:0,010;119,148;204,238;260,051;282,061;322,091;452,010;515,244;738,027;939,037;946,148;1035,266
101:0,011;164,136;217,129;243,049;323,056;343,031;376,116;507,065;529,001;826,113;833,110;848,052;963,051
102:0,011;191,149;279,200;294,198;529,001;677,064;711,248;722,064;726,150;771,049;798,163;975,053;1055,266;1066,052;1129,128
103:0,011;143,041;191,149;324,073;677,064;747,065;761,098;873,052;975,053;1103,175
104:0,011;102,065;307,169;311,037;423,232;529,001;722,064;977,224;1017,038
105:0,011;169,026;210,248;324,073;343,031;354,036;405,170;498,063;529,001;673,160;681,055;738,027;825,012;883,203
106:0,011;243,049;311,037;376,116;529,001;550,019;575,266;1046,209
107:0,011;184,203;210,248;311,037;385,149;529,001;681,055;798,163;883,203;1017,038;1133,137
108:0,011;102,072;173,273;529,001;673,160;722,064;966,040;1014,136;1053,036
109:0,011;184,203;243,049;324,073;529,001;651,058;677,064;969,206;1017,038
110:0,011;164,136;243,049;343,031;385,149;509,152;553,031;689,161;871,260;910,073;971,087;1061,128
111:0,012;359,026;689,058;709,017;726,110;862,074;1068,054;1075,067
112:0,012;362,254;391,026;405,170;858,248;963,051;1111,057
113:0,012;359,026;709,017;775,074;927,025;981,257;1068,054;1099,051;1174,118
114:0,012;93,052;188,266;201,072;293,111;329,071;359,026;498,063;595,246;689,058;709,017;732,105;744,075;963,051;977,156;1009,063;1026,094;1033,258;1058,198;1176,067
115:0,012;134,070;135,189;498,063;548,131;929,048;1068,054;1111,237
116:0,012;390,185;395,022;428,120;452,010;495,111;749,050;816,192;977,146;1075,067
117:0,012;351,037;461,142;524,100;525,205;577,005;608,251;655,040;708,062;709,017;757,170;775,074;937,063;1068,134;1075,067
118:0,012;359,026;395,042;415,181;476,026;726,110;749,050;775,074;1068,054;1075,067;1111,057
119:0,012;122,072;337,007;359,026;689,058;709,017;815,066;963,051;1092,150
120:0,012;428,120;621,003;649,067;702,143;709,017;726,072;775,074;1082,246;1111,057
121:0,013;15,014;48,040;79,225;92,132;115,020;143,187;210,044;222,018;310,146;980,074;1125,152
122:0,013;48,040;75,167;152,033;208,028;214,177;286,047;305,062;506,187;575,042;723,073;884,036
123:0,013;60,005;152,033;193,204;208,028;232,190;258,054;286,047;305,062;565,204;575,042;723,073;981,120
124:0,013;48,040;73,055;172,027;286,047;351,151;518,029;549,019;552,031;577,005;621,125;884,036;1069,029
125:0,013;94,118;152,033;210,044;233,160;259,032;274,098;548,233;552,031;575,042;810,108
126:0,013;48,040;85,086;259,032;304,240;518,029;548,233;621,125;794,073;991,250
127:0,013;95,186;143,187;152,033;155,027;259,032;282,061;335,034;351,151;423,030;518,029;552,031;723,073;991,102
128:0,013;55,107;152,033;190,040;208,028;210,044;232,190;259,032;286,047;287,014;397,129;892,146;897,094
129:0,013;75,167;79,225;233,160;260,051;304,240;305,062;552,031;679,196;884,036;1009,242
130:0,013;92,132;94,118;193,204;239,069;288,183;832,196
131:0,014;102,072;132,027;183,061;275,259;413,030;434,249;594,057;597,201;745,047;809,044;1102,050;1116,082
132:0,014;3,003;74,245;594,057;636,056;708,255;981,068;1039,072;1069,064;1191,042
133:0,014;85,179;91,050;132,027;212,018;346,112;639,021;640,202;771,049;843,229;1069,064;1090,017;1191,042
134:0,014;115,210;212,018;423,169;544,067;594,057;631,221;694,077;747,065;765,113;809,044;830,194;1191,042
135:0,014;65,010;74,008;103,138;212,018;307,169;350,079;809,044;981,068
136:0,014;75,067;102,072;159,184;212,018;346,112;981,068;1069,064;1156,099;1191,042
137:0,014;102,072;132,027;350,079;373,258;590,272;636,056;694,077;745,047;765,113
138:0,014;70,191;76,066;84,233;103,138;212,018;311,089;457,027;468,145;597,201;772,036;809,044;1069,064;1127,101
139:0,014;84,233;212,018;314,154;577,005;771,049;830,194;981,068;1156,099
140:0,014;79,090;85,179;132,027;201,236;212,018;314,154;670,069;709,017;745,047;771,049;804,219;809,044;982,200
141:0,015;16,173;31,119;73,055;377,027;446,201;495,019;634,240;651,059;676,033;705,066;1153,155
142:0,015;31,119;46,016;132,017;139,024;159,198;495,019;547,002;588,247;937,063;1039,072;1083,101;1100,031;1139,243
143:0,015;19,038;132,208;285,012;324,073;377,027;475,058;513,199;521,065;576,159;662,040;681,055;705,135;937,063;1021,059;1050,132
144:0,015;19,038;100,064;243,170;271,175;377,027;513,199;1153,196
145:0,015;53,190;73,055;232,114;335,017;377,027;567,198;1105,029
146:0,015;9,047;16,173;19,038;100,064;377,027;495,019;557,175;609,179;676,033;681,055;698,069;705,066;977,243;1050,132
147:0,015;60,175;73,055;183,109;377,027;495,019;609,179
148:0,015;9,047;36,109;60,175;73,055;100,064;289,100;495,019;588,247;676,033;705,066;977,243;1012,028;1049,017
149:0,015;3,001;9,047;53,190;100,064;178,072;311,061;429,223;495,019;705,066;857,075;950,266;1006,189;1012,028;1029,033
150:0,015;9,047;19,038;160,002;271,175;455,075;495,019;606,187;630,058;636,056;676,033;717,225;1012,028;1039,072;1173,235
151:0,016;186,012;378,022;415,181;428,065;441,113;683,042;714,120
152:0,016;227,107;277,254;288,131;570,016;579,052;709,103;1020,061
153:0,016;288,131;310,034;378,022;441,113;570,016;607,059;715,071;815,081;831,072;1020,061
154:0,016;148,140;310,034;378,022;438,239;570,016;621,003;677,137;966,040;1020,061;1158,255
155:0,016;194,005;224,185;378,022;495,254;539,060;570,016;607,059;709,103;1019,053;1117,149;1154,175;1158,255
156:0,016;93,129;310,034;323,012;428,065;570,016;607,059;780,188;938,095;996,051;1029,148
157:0,016;131,080;285,247;378,022;428,065;520,260;570,016;579,052;718,033;844,096
158:0,016;235,256;410,073;570,016;579,052;591,026;607,059;1061,128;1110,032;1125,036
159:0,016;208,089;240,008;285,247;310,034;378,022;451,210;829,052;851,120;921,044;1108,201;1193,039
160:0,016;277,254;378,022;428,065;496,047;520,260;570,016;579,052;664,152;1138,036
161:0,017;227,107;428,075;535,044;621,003;639,029;702,087;756,046;839,236;977,025;1028,059;1053,073;1133,241
162:0,017;535,044;604,102;621,003;756,214;943,042;975,053;1024,037;1026,054;1133,241
163:0,017;343,031;401,057;428,075;498,063;500,089;535,044;577,005;621,003;636,056;639,021;690,116;943,042;1085,207;1098,084;1108,173
164:0,017;441,253;535,044;621,003;639,021;648,165;756,046;789,151;870,106
165:0,017;71,114;349,041;477,058;577,005;621,003;639,021;651,245
166:0,017;401,057;577,005;640,186;867,025;903,257;943,042;1053,073;1108,223;1129,038
167:0,017;379,068;452,100;577,005;599,047;620,126;621,003;639,021;870,106;929,034;1195,259
168:0,017;438,062;613,044;621,003;639,021;949,044;1053,073;1179,029
169:0,017;498,063;525,267;577,005;639,029;653,250;1045,033;1053,073;1118,149
170:0,017;422,022;428,075;620,126;639,021;651,245;756,046;783,052;902,027;912,273;962,059;1108,223
171:0,018;76,039;115,020;154,152;673,102;679,085
172:0,018;102,065;115,020;126,031;186,042;205,043;261,194;502,062;599,047;682,213;740,045;1014,181;1173,190
173:0,018;115,020;126,031;209,099;336,233;444,042;533,037;556,026;560,110;599,047;648,165;740,045;745,047;781,190
174:0,018;97,041;122,063;140,195;205,163;432,205;557,050;594,057;629,031;682,213;838,177
175:0,018;186,042;214,222;238,077;426,063;452,010;468,181;740,045;832,074;1026,206;1033,032;1091,233
176:0,018;97,041;102,065;122,063;126,031;186,042;210,044;214,222;401,057;533,037;677,064;679,085;831,072;872,262;1029,033;1096,131
177:0,018;97,041;115,020;122,063;126,031;186,042;235,252;740,045;831,072;1014,181;1026,054;1032,168
178:0,018;85,086;115,020;174,123;176,073;186,042;205,043;276,231;518,029;533,037;681,117;740,045;838,177;1026,074;1032,168
179:0,018;6,017;30,145;97,041;102,065;121,247;186,042;205,043;244,075;440,094;535,044;599,047;831,072;943,171;1026,054;1029,033;1076,067;1167,092
180:0,018;95,186;102,065;115,020;126,031;154,152;186,042;188,266;205,043;293,111;831,072;1029,033;1175,038
181:0,019;121,012;192,233;228,068;423,057;523,052;613,044;680,189;830,045;858,248
182:0,019;172,094;187,060;228,068;393,058;528,067;680,189;757,044;762,157;767,036;825,012;931,189;1069,029
183:0,019;234,115;364,042;417,155;613,044;750,037;765,212;767,036;825,012;903,207;937,063;970,190;1026,054;1041,186;1105,060
184:0,019;189,132;301,209;364,042;757,044;813,177;825,012;889,034
185:0,019;187,060;266,233;417,155;528,067;825,012;1024,246;1069,029
186:0,019;192,188;326,050;364,042;438,139;757,044;767,036;825,012;894,079;974,034;1004,155;1038,048;1058,148;1157,242;1169,054
187:0,019;245,184;399,042;438,139;523,052;545,232;757,044;762,157;889,044;974,034;1029,045;1169,054
188:0,019;228,068;298,061;301,209;490,057;613,044;747,065;825,012;926,036;1069,029
189:0,019;112,256;182,017;205,163;228,068;254,017;405,044;545,232;613,044;639,029;804,257;821,202;825,012;894,079;1169,054
190:0,019;187,060;228,068;523,052;533,037;613,044;638,042;745,192;813,177;825,012;974,034;1151,106;1169,054
191:0,020;54,027;118,064;219,088;292,045;612,043;718,059;909,192;1132,046
192:0,020;56,001;69,050;112,017;144,226;160,002;195,200;255,041;292,045;631,081;686,048;809,044;854,140;948,045;1048,113;1080,051;1132,046
193:0,020;54,027;69,050;139,141;485,030;535,134;612,043;718,059;936,247;1132,046
194:0,020;109,176;270,027;274,098;475,169;612,043;639,029;686,048
195:0,020;45,051;54,027;148,140;270,027;292,045;563,086;609,040;624,227;686,048;1075,180
196:0,020;66,098;107,007;308,041;492,183;535,134
197:0,020;69,050;155,268;292,045;469,057;612,043;686,048;1108,198
198:0,020;62,260;69,050;179,223;292,045;640,031;677,137;718,059;1197,145
199:0,020;71,114;76,039;109,176;270,027;389,045;482,056;492,174;495,019;600,249;836,114;1132,046
200:0,020;62,260;370,042;537,001;718,059;952,027;1049,017;1068,054;1107,199
