001:0,001;18,015;25,032;33,101;128,045;138,075;189,049;260,080;1119,175
002:0,001;25,032;128,045;138,075;186,052;190,174;278,108;447,195;507,104;615,222;730,064;796,127
003:0,001;25,032;158,270;484,079;1174,228
004:0,001;35,187;123,002;128,045;165,260;211,047;244,163;310,185;559,239
005:0,001;13,265;25,032;216,239;818,028;855,143
006:0,001;33,101;78,230;138,075;167,124;228,183;260,080;415,112;704,049;786,094
007:0,001;35,187;138,075;146,218
008:0,001;13,265;128,045;186,195;1017,129
009:0,001;25,032;138,075;220,107;442,111
010:0,001;128,045;186,195;216,239;301,026;310,185;936,194;940,111
011:0,002;335,269;518,179;568,119;594,187;675,113;678,054;984,194;1015,043
012:0,002;270,229;332,053;442,111;625,195;764,166;827,267
013:0,002;9,208;309,072;329,047;452,142;1015,043
014:0,002;227,245;257,049;287,249;332,053;344,244;609,147;678,054;1091,085
015:0,002;175,271;255,125;332,053;372,184;1138,074;1139,078;1158,029
016:0,002;175,271;447,113;678,054;1015,043
017:0,002;182,180;537,268;834,220
018:0,002;255,125;678,054;1015,043
019:0,002;39,114;889,270
020:0,002;142,113;529,093;573,185;846,175
021:0,003;40,222;332,053;343,262;608,168
022:0,003;51,117;487,260;733,147
023:0,003;53,254;323,201;678,054;841,101;855,122;1050,049
024:0,003;64,229;171,262;1081,275
025:0,003;30,042;155,153;272,230;979,117;1187,243
026:0,003;61,245;152,222;177,049;237,109;499,234
027:0,003;27,262;131,178;150,056;423,090;985,156
028:0,003;53,254;61,245;176,071;236,246;370,109;396,161;599,241;654,086
029:0,003;113,090;589,121
030:0,003;29,147;30,042;167,124;281,131
031:0,004;31,088;50,061;70,228;133,098;233,119;256,092;809,224
032:0,004;31,088;37,077;442,157
033:0,004;37,077;85,069;134,129;254,039;259,098
034:0,004;42,177;189,049;254,039;442,172
035:0,004;112,108;128,241;852,080;897,142;1187,080
036:0,004;81,265;636,043;660,142;789,177;1016,253
037:0,004;100,180;154,063;233,119
038:0,004;50,061;108,209;171,094;448,175;636,043;646,174;1149,269;1200,134
039:0,004;133,098;171,157;243,042;359,140
040:0,004;30,042;146,218;254,039;265,248;962,086
041:0,005;152,063;174,207;442,269;619,162
042:0,005;58,246;239,078;401,218;550,125;952,104;1088,212;1185,075
043:0,005;179,197;890,176;1160,229;1185,075
044:0,005;179,197;380,105;1185,075
045:0,005;144,213;329,167
046:0,005;131,150
047:0,005;149,081;152,063;329,167
048:0,005;88,002;131,150;152,063;338,204
049:0,005;174,207;356,257;421,089;1185,075
050:0,005;134,129;1077,247
051:0,006;87,205;128,045;149,073;248,265;369,110;1021,037;1070,105;1089,091;1198,229;1199,267
052:0,006;80,053;139,259;226,230;483,191;549,053;713,232;808,195
053:0,006;69,174;813,049
054:0,006;54,157;87,205;219,055;296,091;911,218
055:0,006;70,260
056:0,006;64,093;420,270;834,076
057:0,006;80,053;142,205;678,049;877,120
058:0,006;82,178;149,073;281,131;605,246;825,222
059:0,006;7,004;12,153;69,174;149,073;254,055;415,112;451,091
060:0,006;46,242;80,053;149,073;236,136;264,055;328,227;541,109
061:0,007;85,069;125,083;647,092
062:0,007;83,241;170,110;328,179;356,087
063:0,007;46,069;58,010;69,201
064:0,007;50,061;81,251;85,069;115,166
065:0,007;170,110;419,029;498,076;849,268
066:0,007;50,061;85,069;91,256;419,029;545,084
067:0,007;73,266;81,251;111,046;175,083;824,173
068:0,007;83,241;85,069;92,214;419,029;489,233
069:0,007;91,256
070:0,007;85,069;89,236;505,077;545,084;809,104
071:0,008;174,164;260,261
072:0,008;164,040;260,261;479,220;749,098;862,049;897,143;1111,153;1121,104;1158,029
073:0,008;242,156;366,076;403,232
074:0,008;222,164;536,068;608,168;640,233;882,099
075:0,008;288,234
076:0,008;65,040;138,231;951,232;1098,033;1123,090
077:0,008;226,230;242,156;322,180;1002,270;1022,258;1057,033;1158,029
078:0,008;366,076;591,230;659,220;1021,037;1065,179
079:0,008;232,143;862,229;894,049;1158,029;1193,090
080:0,008;288,198;347,156
081:0,009;104,138;360,238;377,070;404,275;595,229
082:0,009;102,117;125,235;177,049;377,070;378,171
083:0,009;177,049;377,070;442,099;906,134
084:0,009;78,230;150,056;173,113;177,049;293,152;403,059;507,104;850,109;1147,266
085:0,009;68,249;102,224;130,047;644,145
086:0,009;200,160;293,152;559,070;715,148
087:0,009;30,042;104,138;636,043;658,134;697,070;906,200
088:0,009;130,047;360,238;362,268;439,247;636,148;904,033;936,125
089:0,009;90,082;436,152;727,060;906,200;1089,116
090:0,009;130,047;318,268;377,070;1089,116
091:0,010;73,266;168,243;301,026;488,140;491,153;922,191;1030,235
092:0,010;168,243;727,060;869,156;916,197
093:0,010;335,176
094:0,010;68,092;501,071;609,271;636,043;740,243
095:0,010;188,258
096:0,010;178,159;335,176;459,047;488,212
097:0,010;130,047;573,160;641,166;689,219;740,243;866,254
098:0,010;130,115;173,073;230,105;421,148;452,219;603,093
099:0,010;130,115;193,210
100:0,010;193,210;230,105;237,236;448,266
101:0,011;123,263;304,044;370,071;536,068;556,070;792,192;1068,080
102:0,011;167,206;180,042;304,044;403,232;482,157;536,068;594,173;692,046;792,192
103:0,011;164,145;180,042;370,071;692,046;902,083;1100,192
104:0,011;171,094;1026,122
105:0,011;148,155;180,042;336,095
106:0,011;236,136;304,044;370,071;536,068;551,216;556,070;890,211
107:0,011;153,073;164,145;483,109;556,070;692,046;785,040;1046,084
108:0,011;23,002;148,155;336,095;370,071;647,271;920,260;949,084;963,098
109:0,011;171,257;300,109;304,044;404,047;594,173;908,230
110:0,011;54,157;467,117;654,180
111:0,012;83,190;161,150;327,031;390,271
112:0,012;86,204;114,244;327,031;407,132
113:0,012;114,244
114:0,012;24,199;327,031;351,253;739,224
115:0,012;83,190;327,031;496,117
116:0,012;135,108;745,262;948,132;1184,119
117:0,012;123,263
118:0,012;137,135;351,253
119:0,012;102,224;785,209;832,248
120:0,012;86,204;109,046;136,266;854,232;858,083;887,236;1074,262
121:0,013;154,175;1109,125
122:0,013;149,008;173,219;705,076;727,060;849,246;1060,240
123:0,013;145,242;173,219;248,162;517,178;531,242;555,095;629,184;676,275;1097,028
124:0,013;149,120;791,130;1097,028
125:0,013;13,252;727,060;908,269
126:0,013;200,206;304,047;545,130
127:0,013;142,162;1097,028
128:0,013;149,120;1080,178;1097,028
129:0,013;9,208
130:0,013;144,143;259,093;1016,166
131:0,014;109,046;184,052;384,268;679,028;845,077;1121,083;1150,271
132:0,014;75,105;184,052;377,203;383,187;679,028;936,194
133:0,014;309,196;679,028;1000,174
134:0,014;107,005;112,171;184,052;272,179
135:0,014;145,240;309,072;377,203;1140,143
136:0,014;13,252;109,046;112,171;146,191
137:0,014;146,191;167,121;654,206;679,028;769,114
138:0,014;126,099;184,052;395,247
139:0,014;64,229;176,071;221,052;500,224;513,261;533,232;596,090;736,082;892,208;1097,144
140:0,014;109,046;272,179;309,196;899,274
141:0,015;53,121;58,060;176,126;556,070;585,145;736,168;1021,037;1118,203
142:0,015;30,274;33,012;46,069;89,078;262,224;359,056;419,029;444,267;911,160
143:0,015;161,122;485,087;661,269;923,049;1121,096
144:0,015;30,274;684,053;780,083
145:0,015;124,040;253,257;636,050;660,189
146:0,015;46,069;53,121;206,079;285,071;288,198
147:0,015;46,069;167,193;221,254
148:0,015;87,235;152,085
149:0,015;89,078;161,122;858,161;917,261;1012,260;1104,142
150:0,015;89,153
151:0,016;42,076;48,028;112,192;352,086;636,050;736,264;1034,033
152:0,016;254,039;356,267;519,053;838,123
153:0,016;13,193;48,028;142,162;180,042;266,161
154:0,016;33,082;48,028;204,149;301,026;352,086;693,049;1096,141
155:0,016;13,193;112,192;173,089;204,149;519,053;899,274;945,209;1154,144
156:0,016;114,079;689,171;709,268;769,079
157:0,016;34,203;301,026;328,128;522,257;636,050;660,189
158:0,016;48,028;80,053;122,161;347,042;357,114;502,239;519,053;814,240
159:0,016;27,262;245,225;519,053;636,050;801,119;1039,198;1076,145
160:0,016;33,082;636,050;743,228
161:0,017;161,128;904,033
162:0,017;116,085;280,117;300,127;326,242
163:0,017;32,108;247,074;326,242;522,227;614,269;679,028;904,033;1043,220
164:0,017;54,123;128,046;256,160;963,243;992,049
165:0,017;94,225;140,167;247,074;300,127;904,033
166:0,017;245,135;247,074;287,249
167:0,017;64,148;647,261;711,078
168:0,017;51,117;100,005;152,063;172,126
169:0,017;48,267;84,167;94,225;247,074;318,078;1131,232
170:0,017;84,167;247,074;506,178
171:0,018;65,040;193,140;285,071;344,109;347,042;416,077
172:0,018;65,040;173,056;231,186;287,089;309,072;378,171;412,207;727,046;771,090;1138,074
173:0,018;64,146;587,218;602,171;628,179;823,268
174:0,018;145,240;285,071;359,056;381,177;389,258;463,197;1138,074;1145,076;1182,104
175:0,018;77,274;155,008;173,056;347,042;359,056;476,205;573,227
176:0,018;64,146;309,072;347,042;526,147;1021,037;1102,172
177:0,018;73,118;193,140;336,209
178:0,018;65,040;78,076;173,056;336,209;569,082;1138,074
179:0,018;65,040;173,056;347,134;359,056;381,177
180:0,018;68,249;78,076;173,056;285,071;287,089;692,046;867,191;894,233;1027,195
181:0,019;1,001;83,151;423,068;609,236
182:0,019;75,226;111,055;415,222;423,068;521,081;730,064;804,235
183:0,019;77,087;423,068;619,244;628,212;730,064;785,040;814,202;866,071
184:0,019;67,096;111,055;244,116;423,068;498,047;572,108
185:0,019;51,154;83,151;136,013;167,193;699,157;785,040;959,184;969,140
186:0,019;77,087;111,055;154,220;615,191;730,064;814,202;866,071
187:0,019;51,154;54,123;111,055;165,177;244,116;373,129;415,222;866,071
188:0,019;67,096;111,055;275,275;785,040;849,101
189:0,019;111,055;464,274;475,145;603,232;671,263;866,071;904,033
190:0,019;173,206;691,143;843,249;866,071
191:0,020;44,099;88,002;90,247;163,054;234,186;255,059;705,246
192:0,020;58,060;163,054;176,071;454,099;632,270;929,253;973,171;1143,231
193:0,020;25,032;176,071;265,187;407,107;678,049;924,137
194:0,020;42,177;58,060;130,047;138,183;255,059;828,144;1135,264
195:0,020;80,180;163,054;219,250;255,059;776,121
196:0,020;46,019;58,060;176,071;274,059;329,264
197:0,020;32,014;58,060;255,059;670,204
198:0,020;95,069;108,209;150,056;163,054;207,055;213,229;678,049;826,269;888,231
199:0,020;24,199;150,056;173,089;176,071;338,059;578,132;662,193
200:0,020;58,246;163,054;256,220;297,246;633,264;678,049;977,087
