001:0,001;193,266;317,210;563,044;605,217;616,175;812,116;1003,045;1079,054
002:0,001;43,137;585,054;685,177
003:0,001;64,062;242,160;246,037;464,214;474,137;880,069
004:0,001;22,029;73,163;1003,045
005:0,001;101,123;585,054;829,166;903,186;910,224;1079,054
006:0,001;194,058;249,034;273,144;290,036;568,097;631,230;821,107;851,057;1003,045
007:0,001;64,062;121,147
008:0,001;64,062;101,123;333,036;685,177;853,163;1003,045;1079,054
009:0,001;54,059;64,062;89,213;585,054;746,081;840,255
010:0,001;92,239;884,263;1079,054
011:0,002;376,181
012:0,002;340,175;899,069;997,243
013:0,002;62,101;651,060;776,186;884,180
014:0,002;404,255;491,035;522,234
015:0,002;394,243;423,070;520,187;846,152
016:0,002;394,254
017:0,002;54,059;154,267;426,121;443,267;1043,197;1096,054;1196,179
018:0,002;314,092;682,160;698,069;813,126
019:0,002;232,125;394,254
020:0,002;314,092;416,074;419,259
021:0,003;182,050;278,203;592,069
022:0,003;103,091;264,200
023:0,003;194,262;543,232;724,149;1143,232
024:0,003;33,219;302,131;416,066;592,069
025:0,003;304,241;416,066;519,140;1011,045;1040,129
026:0,003;210,171;244,036;264,200;278,203;592,069;664,149
027:0,003;224,262;245,244;356,166;416,066;592,069
028:0,003;245,224;326,060;437,248;603,060;618,069;870,185
029:0,003;178,168;210,171;592,069;756,216
030:0,003;33,219;94,002;100,036;543,232
031:0,004;14,087;75,068;108,015;145,124;251,070;584,174;1197,214
032:0,004;13,128;150,048;247,127;251,070;520,114;763,057;827,128;913,187
033:0,004;46,247;187,039;272,155;772,145
034:0,004;14,087;150,048;251,070;651,082;759,122;1160,221
035:0,004;41,082;132,098;649,060;698,274
036:0,004;12,183;17,250;75,068;160,054;273,144
037:0,004;12,183;75,068;214,166;251,070;520,114
038:0,004;17,250;251,070;272,155;1175,037
039:0,004;13,128;150,048;320,230;398,248;413,122
040:0,004;31,122;526,181;1054,245
041:0,005;61,117;135,211
042:0,005;39,034;411,141
043:0,005;61,117;85,016;194,230;625,134
044:0,005;39,034;78,125;153,265;826,202;838,260;1182,045
045:0,005;22,029;79,061;168,079;241,084;256,070;328,183;974,239;1179,177
046:0,005;39,034;328,183
047:0,005;39,034;341,152;929,237;987,202;1161,211
048:0,005;39,034;321,032;412,161;580,074;590,078
049:0,005;79,061;277,156
050:0,005;39,034;79,061;135,211;580,074;727,113
051:0,006;24,060;85,097;139,257;626,141;1089,123
052:0,006;22,105;64,062;145,162;773,227;1022,205
053:0,006;22,198;47,184;52,099;133,216;594,250;618,064
054:0,006;47,184;350,157;604,060;645,150
055:0,006;52,099;85,097;618,064;1091,206;1118,160;1159,149
056:0,006;31,060;50,003;139,257;184,032;215,081;367,174;517,121;868,239;1049,123;1066,117
057:0,006;28,174;671,049;773,227
058:0,006;34,138;71,013;133,216;184,032;220,219;342,051;406,163;440,204;502,044;546,102;618,064
059:0,006;82,126;145,162
060:0,006;22,198;34,138;344,267;618,064
061:0,007;42,107;715,144
062:0,007;57,111;246,037;309,226;637,103;739,260;764,159
063:0,007;22,029;28,182
064:0,007;24,206;418,197;759,049;966,221
065:0,007;20,248;42,107
066:0,007;64,062;194,058;246,037;309,226
067:0,007;20,248;428,048;558,143
068:0,007;58,155;102,085;967,098
069:0,007;62,101;163,141;246,037;418,197;1094,130
070:0,007;15,269;22,029;102,085;725,049;961,251;1168,272
071:0,008;9,233;714,086
072:0,008;65,141;90,010;178,204;534,061;769,180;921,275
073:0,008;26,217;73,163;190,151;355,048;612,275
074:0,008;12,092;35,178;150,151;183,268;214,166;754,180;762,130;825,095
075:0,008;29,264;355,048;409,193;1152,128
076:0,008;10,270;355,048;654,202
077:0,008;10,270;29,264;580,074;754,180;843,069;893,098;973,139
078:0,008;10,237;65,141;492,148;541,092
079:0,008;12,092;26,217;558,253
080:0,008;10,237;355,048;714,086;738,037;762,130
081:0,009;34,157;84,036;326,060;605,106;711,037
082:0,009;17,244
083:0,009;83,230;150,048;207,157;556,216;750,263
084:0,009;41,109;463,070;540,234;890,055;906,176;940,121
085:0,009;153,265;227,240;326,060;667,052;674,246;711,037
086:0,009;12,112;41,109;184,032;226,083;326,060;667,052;711,037
087:0,009;34,157;326,060;711,037
088:0,009;17,244;43,015;114,247
089:0,009;52,134;737,237;746,232;900,126
090:0,009;49,197;326,060;727,113;1095,086
091:0,010;120,233;187,039;323,055;699,051;822,175
092:0,010;187,039;445,055
093:0,010;117,187
094:0,010;323,055;1134,136
095:0,010;187,039;501,140;631,259;699,051;1062,169
096:0,010;187,039;350,113;667,052;699,051;844,139
097:0,010;209,172
098:0,010;247,127;323,055;1091,206
099:0,010;108,139;194,230;302,098;323,055;1111,134
100:0,010;108,139;323,055;1031,131
101:0,011;19,150;262,034;372,152;668,237
102:0,011;5,004;26,273;160,054;242,160;548,192;674,112;946,049;976,231
103:0,011;35,178;356,106;961,251
104:0,011;165,227;502,044;626,118;739,138
105:0,011;25,267;54,059;57,142;314,248;355,048;356,106;580,074;722,233
106:0,011;40,119;165,227;219,048;502,044;706,064;1010,096;1175,117
107:0,011;54,059;160,054;186,103;654,265;964,146;1034,240;1042,237
108:0,011;17,077;41,082;502,044;618,231
109:0,011;19,169;41,015;160,054;194,209;502,044;587,133
110:0,011;57,142
111:0,012;96,014;102,084
112:0,012;183,054;225,164;491,035;531,095;1063,259;1176,186
113:0,012;105,243
114:0,012;163,165
115:0,012;79,092;84,062;149,210;182,050;245,138;1155,155
116:0,012;115,093;182,050;251,082
117:0,012;79,092;100,131;115,093;182,050;287,041;443,123;1120,174
118:0,012;100,131;287,041;437,219;491,035;531,192
119:0,012;32,193;85,090;88,053;102,084;163,165;287,041;408,233;491,035;620,074;711,263;854,257
120:0,012;111,140;419,164;651,176;776,082;1096,054
121:0,013;25,228;543,224;1180,176
122:0,013;105,146;775,192
123:0,013;8,004;25,228;734,166
124:0,013;101,010;336,077;417,066;690,117;1111,195
125:0,013;78,081;798,174;826,121;1133,224
126:0,013;83,205
127:0,013;113,112;700,250;983,069;1003,045
128:0,013;105,146
129:0,013;113,112;545,061;789,158
130:0,013;78,148;89,061;147,212;220,131
131:0,014;15,269;163,196;165,099;767,200
132:0,014;4,197;56,014;154,267;271,178;501,099
133:0,014;163,196;429,039;550,096
134:0,014;330,207;429,039;627,228
135:0,014;79,061;165,099;321,032;429,039;510,161
136:0,014;216,145;287,041;321,032;342,051;723,159;829,081
137:0,014;66,012;95,235;342,051;571,110
138:0,014;192,144;216,145;429,039;531,271
139:0,014;205,179;321,032;324,204;342,051;567,129
140:0,014;286,259;360,178;531,271
141:0,015;204,224;598,157
142:0,015;71,252;425,134;490,257;1185,145
143:0,015;11,176
144:0,015;10,268;663,049;902,241
145:0,015;239,118;551,164
146:0,015;71,252
147:0,015;212,272;705,216
148:0,015;140,240
149:0,015;212,272;297,274;976,118;1056,227;1065,045
150:0,015;188,048;297,274;434,255;1106,247
151:0,016;328,172;544,142;629,217;1020,069
152:0,016;221,209;279,269;418,195
153:0,016;194,058;289,119;963,267
154:0,016;184,032;361,270
155:0,016;184,032;294,186
156:0,016;55,255;78,081;114,192;289,119;709,164;712,103
157:0,016;17,077;194,058;245,243;294,186;339,062;409,193;416,066;418,195;672,272;1186,096
158:0,016;160,111
159:0,016;189,088;667,052;721,088
160:0,016;160,088;1112,110
161:0,017;88,053;121,036;534,061;621,149;698,275;710,095;763,057;1123,210
162:0,017;9,199;84,036;118,002;290,237;291,128;384,243;392,074;534,061;654,172;730,145;847,037;904,100
163:0,017;85,090;286,259;392,074;534,061;663,049;985,250
164:0,017;88,053;149,210;392,074;742,205;852,182;1106,226
165:0,017;75,068;114,192;242,182;631,270;663,049;1077,260;1082,048;1108,248
166:0,017;39,034;84,036;367,212;763,057;1072,244;1082,048;1116,100
167:0,017;91,127;92,239;324,062;392,074;555,237;722,195;763,057;1123,210;1194,157
168:0,017;84,036;143,124;663,049;730,145;763,057;922,158;984,142;1082,048
169:0,017;84,036;147,116;931,145;1005,172;1082,048
170:0,017;150,151;314,268;350,217;763,057;1108,248;1165,152
171:0,018;219,128
172:0,018;155,190;699,051;740,245
173:0,018;47,251;155,190;351,270;555,112;585,054;668,200;699,161;1132,165
174:0,018;88,053;280,266;870,185
175:0,018;232,235;261,227;730,164;1101,132;1134,136;1182,261
176:0,018;122,236
177:0,018;44,014;121,132;947,265
178:0,018;101,179
179:0,018;101,179;122,236;517,079;541,262;920,193
180:0,018;121,132;1016,064
181:0,019;165,261;834,085
182:0,019;204,250
183:0,019;310,148;462,036;568,220
184:0,019;105,260;926,180;939,119
185:0,019;389,272;392,074;396,036;471,118
186:0,019;105,188;568,220
187:0,019;123,119;165,261;342,051;571,110;768,262
188:0,019;141,034;147,212;386,196;924,064
189:0,019;147,116;574,261
190:0,019;105,188;310,148
191:0,020;20,060;54,269;350,160;1127,260;1169,227
192:0,020;32,100;264,070;307,121;697,148;1166,180
193:0,020;48,232;298,062;539,190;688,214;1125,092
194:0,020;50,153
195:0,020;45,159;48,232;50,153;1000,132
196:0,020;45,159;298,062;543,259;613,240;632,266;643,268
197:0,020;20,060;128,079
198:0,020;20,060;55,083;298,062;464,214
199:0,020;246,253;1089,079
200:0,020;20,060;91,098;275,196;298,062;475,179;491,261;502,039;514,230
