001:0,001;71,261
002:0,001;225,084;867,204
003:0,001;65,221;91,159
004:0,001;204,131
005:0,001;51,165
006:0,001;91,159
007:0,001;98,145
008:0,001;77,201
009:0,001;71,261;204,131
010:0,001;51,165
011:0,002;36,269;115,140
012:0,002;75,099
013:0,002;25,079
014:0,002;64,099
015:0,002;36,269
016:0,002;130,137;338,103
017:0,002;26,175;1098,140
018:0,002;41,126
019:0,002;32,229
020:0,002;115,140;191,229
021:0,003;310,124
022:0,003;159,135;337,243
023:0,003;278,204;280,182
024:0,003;310,124
025:0,003;270,111
026:0,003;369,135
027:0,003;337,243
028:0,003;280,182
029:0,003;69,212;94,166
030:0,003;270,111
031:0,004;136,196
032:0,004;310,266
033:0,004;187,220;225,233;312,158
034:0,004;123,274;310,266
035:0,004;169,120
036:0,004;104,154
037:0,004;103,109
038:0,004;104,153;136,196
039:0,004;225,233;1091,203;1199,081
040:0,004;128,218
041:0,005;21,210
042:0,005;21,003;27,125
043:0,005;27,125
044:0,005;25,190
045:0,005;42,095;251,264
046:0,005;6,136
047:0,005;31,180;94,169
048:0,005;25,190;42,095
049:0,005;23,092
050:0,005;21,210
051:0,006;119,142
052:0,006;86,129
053:0,006;27,114
054:0,006;130,106;156,129
055:0,006;103,241
056:0,006;119,142
057:0,006;86,129;103,241
058:0,006;27,114
059:0,006;86,257;100,209
060:0,006;100,209
061:0,007;206,187
062:0,007;122,080
063:0,007;396,107
064:0,007;276,222
065:0,007;255,147
066:0,007;122,080
067:0,007;255,147;289,081;864,235
068:0,007;413,104
069:0,007;289,081
070:0,007;217,154;249,274;897,203
071:0,008;221,194
072:0,008;136,103;151,162;660,122
073:0,008;411,227
074:0,008;226,226;357,198
075:0,008;251,264;667,226
076:0,008;159,135;198,123
077:0,008;135,205;164,193
078:0,008;164,193;769,170
079:0,008;283,109;570,097
080:0,008;12,249
081:0,009;73,230;119,235;153,181
082:0,009;105,181;428,077
083:0,009;8,108
084:0,009;171,217
085:0,009;91,144;829,263
086:0,009;119,235
087:0,009;95,223;706,218
088:0,009;75,257;308,107;487,151
089:0,009;8,108;366,274
090:0,009;312,158
091:0,010;24,141
092:0,010;459,255;1132,151
093:0,010;48,183
094:0,010;94,166;372,217
095:0,010;24,141
096:0,010;23,092;25,214
097:0,010;25,214;110,183
098:0,010;25,079
099:0,010;42,097;414,214
100:0,010;42,097;608,215
101:0,011;134,245;158,235;213,086
102:0,011;142,104;268,132
103:0,011;272,144
104:0,011;268,132
105:0,011;220,188
106:0,011;125,104
107:0,011;121,086
108:0,011;43,001;103,219;170,149
109:0,011;170,149;459,255;979,145
110:0,011;134,245;220,188
111:0,012;29,222;147,252
112:0,012;106,208;132,128
113:0,012;132,128
114:0,012;86,110;736,162;1013,215
115:0,012;147,252;291,208
116:0,012;152,208
117:0,012;69,198
118:0,012;69,198;351,252
119:0,012;81,018;335,170
120:0,012;74,170;305,204
121:0,013;42,230;225,084;261,257;1179,085
122:0,013;173,227;606,120;1118,122
123:0,013;50,100
124:0,013;32,082
125:0,013;50,100
126:0,013;29,180;833,177
127:0,013;67,176
128:0,013;219,247
129:0,013;32,082
130:0,013;11,151;585,247
131:0,014;74,137;104,153;745,118;787,110;857,194
132:0,014;71,110;72,254
133:0,014;56,275
134:0,014;72,254;174,003;269,226;455,119;608,180
135:0,014;48,011;56,275;74,137
136:0,014;21,133;31,018;90,107;366,275
137:0,014;80,204;246,140;340,215;623,173;1017,223;1077,255
138:0,014;80,204;620,245
139:0,014;152,187;795,108;883,223;997,254
140:0,014;71,110
141:0,015;68,267;510,221;996,261;1105,233
142:0,015;196,192;283,164;370,083;527,085;764,084
143:0,015;115,203;614,163
144:0,015;143,232;431,263;895,085;1049,269;1107,201;1157,144
145:0,015;187,136;289,106;657,261;990,211
146:0,015;9,120;410,164;694,107;955,236
147:0,015;92,177;179,245;547,226;725,194;762,257
148:0,015;52,003;68,267;108,173
149:0,015;113,085
150:0,015;108,173;403,162;448,245;631,077;656,223
151:0,016;136,152;421,145;581,112;1134,162
152:0,016;145,003;732,097;824,211;856,245;1187,257
153:0,016;64,018;317,215;470,236;992,162
154:0,016;60,018;338,112;549,181
155:0,016;136,225;844,269;1004,117
156:0,016;104,154;182,112
157:0,016;126,200;710,225
158:0,016;213,211
159:0,016;100,218;136,103;243,018;338,103
160:0,016;100,218;107,011;126,200;136,225;183,018;213,211;216,269;291,152
161:0,017;52,087;110,112;137,086;151,178;798,151;1050,081;1182,186
162:0,017;39,197;164,269;203,117
163:0,017;134,221;318,200
164:0,017;39,267;55,009;151,178;864,211;909,221
165:0,017;39,197
166:0,017;50,112;236,192
167:0,017;39,267;55,259;134,221;281,095;1194,236
168:0,017;44,186
169:0,017;52,087
170:0,017;127,122;534,190;666,136;1106,152
171:0,018;208,126;1071,264
172:0,018;376,186;637,162;850,180
173:0,018;338,197;411,108;551,218;689,222;906,175
174:0,018;88,083;411,106
175:0,018;70,011;102,236;425,197;536,177;766,264;956,108
176:0,018;357,134
177:0,018;338,084;385,135;1077,109;1095,221
178:0,018;428,077;568,163;592,233;823,149
179:0,018;9,259;102,236;593,164
180:0,018;219,247;284,102;519,136;557,147;853,233
181:0,019;146,118;377,269;436,151;476,123;805,186;822,106;871,227;906,147;982,092
182:0,019;57,177;946,123
183:0,019;159,219
184:0,019;11,169;106,170;360,226;576,109;859,164
185:0,019;94,119;1118,197
186:0,019;60,163;213,254;649,169
187:0,019;60,163;479,267
188:0,019;68,199;146,118
189:0,019;13,157;1055,163
190:0,019;49,148;94,119;361,219;427,163;895,153;1035,119
191:0,020;176,191;341,154;1021,226
192:0,020;106,102;368,087;389,122;916,249
193:0,020;68,164;483,102;523,203;990,137
194:0,020;53,162;158,153
195:0,020;77,117;130,106;323,214;382,166;720,219
196:0,020;54,237;278,191
197:0,020;16,123;273,135;357,134
198:0,020;31,015;77,117;782,200;1041,157
199:0,020;32,229;171,123;189,263;822,178
200:0,020;189,263;302,221;620,267;947,077
