001:0,001;419,211
002:0,001;407,190;415,138
003:0,001;157,199;419,211
004:0,001;250,275
005:0,001;415,138
006:0,001;490,205
007:0,001;397,120
008:0,001;406,096
009:0,001;417,245
010:0,001;425,241;555,106
011:0,002;59,270
012:0,002;49,091;407,190
013:0,002;59,270
014:0,002;282,217
015:0,002;77,232
016:0,002;212,244
017:0,002;104,182;946,159
018:0,002;49,091
019:0,002;49,189
020:0,002;55,157
021:0,003;948,095
022:0,003;290,243
023:0,003;973,122
024:0,003;1063,262
025:0,003;149,077
026:0,003
027:0,003;920,103
028:0,003;946,159
029:0,003;1155,250
030:0,003
031:0,004;114,082;554,233
032:0,004;288,149;334,023;684,238
033:0,004;122,261;334,023;469,178
034:0,004;70,229;562,153
035:0,004;44,015;70,229;334,023;554,233
036:0,004;133,217;334,023;647,134
037:0,004;157,236;334,023;562,153
038:0,004;161,240;334,023;618,235;647,134
039:0,004;182,272
040:0,004;122,261;334,023;633,178
041:0,005
042:0,005
043:0,005;1173,129
044:0,005
045:0,005
046:0,005
047:0,005
048:0,005
049:0,005
050:0,005;508,177;567,147
051:0,006;33,080
052:0,006;121,230
053:0,006;73,167
054:0,006;31,086;178,098
055:0,006;178,098;939,230
056:0,006;98,106
057:0,006;33,080
058:0,006;52,196;1019,167
059:0,006;36,115;52,196
060:0,006;31,086;36,115
061:0,007
062:0,007
063:0,007
064:0,007
065:0,007;872,076
066:0,007
067:0,007;872,076
068:0,007
069:0,007
070:0,007
071:0,008
072:0,008
073:0,008;294,273;502,217
074:0,008
075:0,008
076:0,008
077:0,008
078:0,008;149,077;451,008
079:0,008
080:0,008
081:0,009;204,226
082:0,009
083:0,009
084:0,009
085:0,009;232,112
086:0,009
087:0,009
088:0,009
089:0,009
090:0,009
091:0,010
092:0,010
093:0,010
094:0,010;1173,129
095:0,010
096:0,010
097:0,010
098:0,010
099:0,010
100:0,010
101:0,011
102:0,011
103:0,011;516,258
104:0,011
105:0,011
106:0,011
107:0,011
108:0,011
109:0,011;516,258;537,011
110:0,011
111:0,012
112:0,012
113:0,012
114:0,012
115:0,012;901,146
116:0,012
117:0,012
118:0,012;901,146
119:0,012;321,147
120:0,012;1144,150
121:0,013
122:0,013;427,017
123:0,013
124:0,013
125:0,013
126:0,013
127:0,013
128:0,013;647,162;705,009;868,228
129:0,013
130:0,013
131:0,014
132:0,014;1077,247
133:0,014
134:0,014;137,256;296,011
135:0,014
136:0,014
137:0,014;1035,084;1049,014;1077,247;1104,008;1124,019
138:0,014
139:0,014;1073,011
140:0,014;647,162;998,013;1088,019
141:0,015;69,096;130,007;137,256;193,019;346,273;1063,012
142:0,015;294,273;297,020;632,168
143:0,015;140,110;229,003;570,019;827,008;970,007;1085,003
144:0,015;159,011
145:0,015;123,126;217,110;316,005
146:0,015;104,182;119,181;428,017;632,168;977,273
147:0,015;119,181;350,005
148:0,015;239,020;414,023;535,017
149:0,015;111,020;585,011;823,019
150:0,015;55,157;64,017;69,096;384,012
151:0,016;377,189;549,272;1133,003
152:0,016;268,018;413,023;554,255;698,003
153:0,016;294,251
154:0,016;297,018;527,012;750,005
155:0,016;275,200;390,008;678,014
156:0,016;281,113;320,240;487,019;549,269;1050,014
157:0,016;281,158;1192,003
158:0,016;73,167;300,019;941,012
159:0,016;57,019
160:0,016;204,226;554,255;655,003;723,014
161:0,017;157,084
162:0,017;123,126;1015,008
163:0,017;138,085;510,013
164:0,017;137,125;574,012;957,003
165:0,017;98,013;356,179;486,007;518,190;530,241;912,003
166:0,017;157,199;541,013
167:0,017;157,084;236,007;349,013
168:0,017;125,260;137,011;277,009
169:0,017;125,260;136,011;187,014;334,023;419,008
170:0,017;184,157;618,008;794,011
171:0,018;415,008;914,012
172:0,018;307,009;427,017
173:0,018;403,013;427,017
174:0,018;393,260;609,012
175:0,018;427,017;1134,009;1183,017
176:0,018;281,158;427,017
177:0,018;427,017
178:0,018;393,260;427,017
179:0,018;453,271;541,017
180:0,018;427,017
181:0,019
182:0,019;24,007;27,005;554,248
183:0,019;431,003;1154,014
184:0,019;607,003;777,011;856,003;920,103
185:0,019
186:0,019;554,248;642,003
187:0,019
188:0,019
189:0,019;918,011;932,019
190:0,019
191:0,020;568,165;774,019
192:0,020;552,014;588,019;945,007
193:0,020;281,113;551,009
194:0,020;517,193;675,010
195:0,020;157,236;502,010;1073,019
196:0,020;67,016;336,137;638,007
197:0,020;510,260;568,165;789,008;998,005;1198,007
198:0,020;336,137;371,010;921,011
199:0,020;508,177;760,017;885,009
200:0,020;688,238;831,012
