001:0,001
002:0,001
003:0,001;1113,023;1164,147
004:0,001
005:0,001;638,194
006:0,001;968,115
007:0,001;1164,147
008:0,001
009:0,001
010:0,001;244,144
011:0,002
012:0,002
013:0,002
014:0,002
015:0,002
016:0,002;195,272
017:0,002
018:0,002
019:0,002;127,163
020:0,002
021:0,003;863,156
022:0,003
023:0,003
024:0,003
025:0,003
026:0,003;538,154
027:0,003;143,255
028:0,003;538,154
029:0,003
030:0,003
031:0,004;102,220
032:0,004;88,212
033:0,004;165,125
034:0,004;102,105
035:0,004;171,208
036:0,004;190,134
037:0,004;102,220
038:0,004;102,105
039:0,004;158,118;171,208
040:0,004;273,129
041:0,005
042:0,005
043:0,005
044:0,005
045:0,005;1137,084
046:0,005
047:0,005
048:0,005
049:0,005;176,234
050:0,005
051:0,006
052:0,006;43,228
053:0,006
054:0,006
055:0,006
056:0,006
057:0,006;891,007;990,222
058:0,006;43,228
059:0,006
060:0,006
061:0,007;530,149;687,150;891,007
062:0,007;514,230;891,007
063:0,007;520,179;891,007
064:0,007;686,267
065:0,007;58,021;146,185;674,135;789,173
066:0,007;789,173;891,007
067:0,007;687,150;891,007
068:0,007;514,230;891,007
069:0,007;674,135;891,007
070:0,007;146,185
071:0,008;1131,191
072:0,008;981,089
073:0,008;1113,023
074:0,008;1160,268
075:0,008;823,194;951,005;981,089;1113,023;1184,257
076:0,008;1113,023
077:0,008;1113,023;1160,268
078:0,008;1148,167;1179,255
079:0,008;1113,023;1172,234
080:0,008;530,149;1113,023
081:0,009;37,221
082:0,009;58,021;310,164
083:0,009;58,021;249,181;362,004;742,100;747,004
084:0,009;36,170;362,004;1160,146
085:0,009;54,226;58,021;310,122;362,004
086:0,009;49,156;362,004;1160,146
087:0,009;36,170;58,021;249,181;362,004
088:0,009;37,221;58,021;310,241;362,004
089:0,009;70,168
090:0,009;58,021;310,164
091:0,010
092:0,010
093:0,010;654,213;725,275
094:0,010;428,138
095:0,010;1113,023;1194,082
096:0,010
097:0,010;598,219
098:0,010
099:0,010;1194,082
100:0,010;868,145
101:0,011;491,019;548,197
102:0,011;499,215
103:0,011;491,019
104:0,011;491,019
105:0,011;491,019;499,215
106:0,011;178,271;491,019
107:0,011;362,004;491,019
108:0,011;514,143;974,019
109:0,011;179,137;491,019
110:0,011;179,137;491,019
111:0,012
112:0,012;58,021;281,149;412,012
113:0,012;861,171
114:0,012;393,214;1008,171
115:0,012
116:0,012
117:0,012
118:0,012
119:0,012;58,021;130,214
120:0,012
121:0,013
122:0,013
123:0,013;1039,079
124:0,013
125:0,013;496,275;929,001
126:0,013;400,245;543,013
127:0,013
128:0,013
129:0,013;1187,119
130:0,013
131:0,014;832,188
132:0,014;832,265
133:0,014;860,229
134:0,014;832,226
135:0,014;496,012;675,005;723,251;921,019
136:0,014;832,188;837,152
137:0,014;846,180;1153,002
138:0,014;832,265
139:0,014;34,011;148,010;428,138;456,018;491,019
140:0,014;212,005;860,229
141:0,015;419,247;473,206;557,010;824,206;854,002;1125,018;1152,002
142:0,015;368,011;473,003;514,143;519,018;1153,206
143:0,015;137,005;291,172;386,003;824,206;1148,167
144:0,015;331,007;362,093;446,014;873,253;904,010
145:0,015;415,213;796,010
146:0,015;291,172;522,019
147:0,015;362,188;374,004;590,019;873,253;948,008;1121,222
148:0,015;473,206;753,267;1117,001
149:0,015;429,002;445,004;502,014;863,156;972,018;981,008;1182,251
150:0,015;362,188;758,019;983,005
151:0,016;284,267;700,014;775,008;921,086
152:0,016;281,011;508,003
153:0,016;300,013;414,007;521,006
154:0,016;272,143;386,096;441,014;481,012
155:0,016;424,168;461,152;531,004
156:0,016;272,143;284,267;358,243;766,019;1006,005
157:0,016;277,192;347,014;406,189;452,005;470,001
158:0,016;363,189
159:0,016;178,271;372,014;418,011;543,006
160:0,016;386,096;752,003
161:0,017;264,012;520,006;619,014;757,012
162:0,017;281,005;391,002;883,001;920,013
163:0,017;335,077;472,014;885,005
164:0,017;45,018;65,010;299,007;431,010;742,100;1048,002
165:0,017;312,254;362,004;459,002;502,010;718,018;1174,249;1181,005
166:0,017;284,245;534,143
167:0,017;348,121;507,014;1081,019
168:0,017;58,021;280,010;320,015;392,234;625,019;839,012
169:0,017;277,192;527,002;564,012
170:0,017;284,245;335,077;368,008;964,012
171:0,018;1137,259
172:0,018;1001,007;1137,248
173:0,018
174:0,018;109,183;305,002;940,007
175:0,018;865,005
176:0,018;109,183;731,001
177:0,018;961,013
178:0,018;1137,248
179:0,018;1137,259
180:0,018
181:0,019;135,151;148,204;207,156;227,013;292,257;442,236;809,004
182:0,019;133,006;616,003;842,006
183:0,019;172,207;273,012;457,002;639,003
184:0,019;190,237;460,004;550,013;850,008;998,002
185:0,019;140,253;158,013
186:0,019;56,010;61,021;292,257;362,005;477,006;805,004;1177,007
187:0,019;164,178;285,098
188:0,019;138,268;140,253;228,178;695,004
189:0,019;164,178;178,006;190,237;235,021;285,098;315,170;318,015;374,152;1126,197
190:0,019;148,204;328,006;442,236;936,019;1153,206
191:0,020;153,099;305,018;1025,010
192:0,020;161,018
193:0,020;277,182;465,010;1191,003
194:0,020;175,083;291,011;592,182;979,003
195:0,020;186,243;533,012;596,010
196:0,020;153,099;245,001
197:0,020;20,011;503,010
198:0,020;171,011;175,083;617,001;710,019;1009,004
199:0,020;180,008;588,004
200:0,020;191,002
