001:0,001
002:0,001;454,189
003:0,001
004:0,001
005:0,001
006:0,001;454,189
007:0,001
008:0,001
009:0,001
010:0,001
011:0,002;738,274;1152,019
012:0,002;604,015;678,134;1068,005;1082,244;1152,019;1167,121
013:0,002;588,216
014:0,002;284,243;544,098;629,154
015:0,002;629,154;955,229;1152,019;1185,159
016:0,002;676,124;1152,019
017:0,002;621,135;1152,019;1161,121
018:0,002;615,270;1152,019;1163,222
019:0,002;356,014;481,135;1152,019;1184,254
020:0,002;290,020;470,270
021:0,003
022:0,003
023:0,003
024:0,003
025:0,003;1184,254
026:0,003
027:0,003
028:0,003
029:0,003
030:0,003;781,090
031:0,004
032:0,004
033:0,004
034:0,004
035:0,004
036:0,004
037:0,004
038:0,004
039:0,004
040:0,004;284,243
041:0,005;654,236
042:0,005;617,204;665,163
043:0,005;543,144
044:0,005;665,163;764,166
045:0,005;93,140;640,198;654,236
046:0,005;625,153;969,198;1105,144
047:0,005;753,012;764,166
048:0,005;640,198
049:0,005;642,176
050:0,005;617,204
051:0,006
052:0,006;681,016;701,175
053:0,006
054:0,006
055:0,006
056:0,006
057:0,006
058:0,006
059:0,006
060:0,006;282,082
061:0,007;349,239
062:0,007
063:0,007;945,251
064:0,007;562,194
065:0,007
066:0,007
067:0,007
068:0,007;434,151
069:0,007
070:0,007
071:0,008;538,188;1178,099
072:0,008;519,131;1064,011
073:0,008;290,020;356,164
074:0,008;356,164
075:0,008;477,092;497,098;558,131
076:0,008;290,020;418,247
077:0,008;497,098;519,131;538,188;915,099
078:0,008;489,158;951,150;998,243
079:0,008;517,160
080:0,008;514,267;517,160
081:0,009;236,255
082:0,009;644,076
083:0,009;616,121;1111,208
084:0,009;386,248;612,147
085:0,009;619,201
086:0,009;612,147;1079,122
087:0,009;581,212;1005,183
088:0,009;810,097
089:0,009;607,130
090:0,009;705,168
091:0,010;111,235;837,107
092:0,010;955,229;997,085;1064,011;1068,005;1113,179
093:0,010;1064,011;1068,005;1165,174
094:0,010;111,235;1068,005
095:0,010;786,127;1064,011;1068,005
096:0,010;1068,005
097:0,010;786,127
098:0,010;997,085;1064,011
099:0,010;925,273;1064,011;1068,005;1112,226;1165,174
100:0,010;837,107;1064,011;1068,005;1126,120
101:0,011;536,204;604,015;784,213
102:0,011;562,194;604,015;720,117
103:0,011;499,157
104:0,011;511,123
105:0,011;510,101;536,204;604,015;735,269
106:0,011;604,015;754,156;945,213
107:0,011;575,223;604,015;754,156
108:0,011;499,157;604,015;735,094
109:0,011;171,237;1115,131
110:0,011;171,237;767,151
111:0,012;1111,208
112:0,012;688,086
113:0,012
114:0,012;713,250
115:0,012;156,205
116:0,012
117:0,012
118:0,012;296,019;330,152;688,086
119:0,012
120:0,012
121:0,013;510,101
122:0,013;683,099;1089,188
123:0,013;607,083
124:0,013;596,122
125:0,013;607,130;615,243;821,083;1072,204
126:0,013;156,242
127:0,013;295,206
128:0,013;658,092
129:0,013;710,248
130:0,013;617,124;658,092
131:0,014;498,150;507,022;758,077
132:0,014;507,022;661,125;774,013;925,273
133:0,014;507,022;631,172;774,013
134:0,014;507,022;607,083;774,013
135:0,014;424,018;507,022;620,234;628,001;633,010;722,019;758,077;774,013
136:0,014;424,011;507,022;640,097;731,012;774,013
137:0,014;331,002;507,022;598,006;640,097;862,217;1074,013
138:0,014;543,144;774,013
139:0,014;499,265;774,013
140:0,014;507,022;603,268;631,172;722,007;774,013
141:0,015;323,100;350,002;609,015;807,143;854,007;1082,244
142:0,015;308,236;338,004;411,076;434,012
143:0,015;410,006;585,010;604,015;714,006;807,143;945,013
144:0,015;308,236;310,093;472,099;685,012
145:0,015;310,093;386,008;472,099;549,019;781,090;786,013;992,003
146:0,015;105,105;132,020;275,233;381,019;802,003;1178,168
147:0,015;105,105;114,017;245,021;301,094;399,019;411,076;464,017;619,201;810,247;850,012
148:0,015;315,002;342,215;533,005;586,010;893,013
149:0,015;427,218;534,003
150:0,015;301,094;325,236;380,019;844,017
151:0,016
152:0,016
153:0,016
154:0,016;607,217;613,012
155:0,016
156:0,016
157:0,016;26,088;123,005;459,013;689,197;960,016
158:0,016
159:0,016;607,217;872,007
160:0,016;404,006;571,016;966,007;1056,195
161:0,017
162:0,017;915,232;1095,237
163:0,017
164:0,017
165:0,017;221,109;440,005;628,168;767,017
166:0,017;306,008;404,017
167:0,017;806,003;855,232
168:0,017;124,009;310,008;365,262;366,007
169:0,017;365,262
170:0,017
171:0,018
172:0,018;918,007
173:0,018
174:0,018;1185,178
175:0,018;1150,087
176:0,018;629,217;656,006
177:0,018;1168,013
178:0,018;1185,127
179:0,018;1152,019;1153,012
180:0,018
181:0,019;676,124;934,017;982,087
182:0,019;48,012;125,019;234,017;918,003;926,224;933,013;1067,012
183:0,019;325,017;571,002;756,153;767,016
184:0,019;954,004
185:0,019;802,010;926,224;947,013
186:0,019;790,007;1053,017
187:0,019;865,242;928,018;959,016
188:0,019;458,006
189:0,019;986,016
190:0,019;648,003;958,001
191:0,020;245,021;282,082;290,020;440,001;498,150
192:0,020;245,021;290,020;449,158;1047,003
193:0,020;245,021;292,010;701,175;728,017;1064,011;1086,001
194:0,020;253,019;286,198;372,010;982,087;1110,006
195:0,020;182,003;217,160;223,015;245,021;308,139;400,003;815,010;962,144;1002,250;1158,016
196:0,020;286,198;394,016;1112,226
197:0,020;236,255;245,021;274,016;290,020;461,009;664,018
198:0,020;245,021;290,020;446,019;468,173;502,003;680,001;846,016;1196,017
199:0,020;248,003;290,020;496,256;559,022;581,212;688,017;1005,183;1054,018
200:0,020;245,021;307,020;468,173;690,017;1006,006
