001:0,001
002:0,001
003:0,001;493,212
004:0,001
005:0,001
006:0,001
007:0,001;846,128
008:0,001
009:0,001
010:0,001
011:0,002;726,230
012:0,002
013:0,002
014:0,002;726,230
015:0,002
016:0,002
017:0,002;1026,141
018:0,002
019:0,002
020:0,002
021:0,003
022:0,003;549,144
023:0,003
024:0,003
025:0,003;549,144
026:0,003
027:0,003
028:0,003;954,187
029:0,003
030:0,003
031:0,004;712,142
032:0,004;705,083
033:0,004;603,009;622,167
034:0,004;625,007;645,140
035:0,004;632,155
036:0,004;197,076
037:0,004;394,124
038:0,004;625,266
039:0,004;625,266
040:0,004;394,124
041:0,005
042:0,005
043:0,005
044:0,005;1115,146
045:0,005
046:0,005;283,233;362,005
047:0,005
048:0,005;377,086;413,006;527,163
049:0,005;677,203
050:0,005
051:0,006;215,176
052:0,006;291,179
053:0,006;270,175
054:0,006;264,023;270,175
055:0,006;291,179;413,006;724,165
056:0,006;276,115;279,185;413,006
057:0,006;295,226;413,006
058:0,006;321,082;413,006
059:0,006;278,102;295,226;413,006;947,161
060:0,006;321,082;413,006;909,115
061:0,007;705,083
062:0,007
063:0,007
064:0,007
065:0,007
066:0,007
067:0,007
068:0,007
069:0,007;998,102;1084,098
070:0,007
071:0,008;209,263;326,092;446,009
072:0,008;388,010;446,009;1184,127
073:0,008;218,018;268,025;446,009;1175,203
074:0,008;196,155;315,261;446,009;1027,112
075:0,008;326,092
076:0,008;296,236
077:0,008;315,261
078:0,008;208,077;446,009
079:0,008;197,076;446,009
080:0,008;200,005;207,221;446,009
081:0,009;264,023;284,239
082:0,009;264,023;280,264;408,148
083:0,009;283,233;343,256
084:0,009;146,129;264,023;408,148
085:0,009;377,086
086:0,009;264,023;356,091
087:0,009;146,129;264,023;343,256;708,001
088:0,009;264,023;284,239
089:0,009;264,023;279,185
090:0,009;282,215;848,092
091:0,010
092:0,010
093:0,010
094:0,010;1026,141;1081,014;1098,010
095:0,010
096:0,010
097:0,010
098:0,010;196,241
099:0,010
100:0,010
101:0,011;132,243
102:0,011
103:0,011
104:0,011
105:0,011
106:0,011
107:0,011
108:0,011
109:0,011;347,149;721,011
110:0,011
111:0,012;919,238
112:0,012;944,194
113:0,012;802,116
114:0,012;1087,188
115:0,012;602,116;919,238
116:0,012;1084,098
117:0,012;961,209
118:0,012;208,077;602,116;666,009;886,216;918,182;979,188
119:0,012;906,223
120:0,012;413,006
121:0,013;935,191
122:0,013;934,006
123:0,013;669,077
124:0,013;669,077
125:0,013;935,191;936,097
126:0,013
127:0,013
128:0,013
129:0,013
130:0,013;936,097
131:0,014
132:0,014
133:0,014
134:0,014
135:0,014;338,163;575,005;593,016;1114,113;1175,014
136:0,014
137:0,014;155,016;251,018;906,223;1101,182
138:0,014
139:0,014;1103,102;1106,006
140:0,014;338,163;439,015;841,002
141:0,015;230,012;1065,005
142:0,015;847,012;941,011
143:0,015;862,112;1039,121
144:0,015;484,018;551,006
145:0,015;787,019;795,012;1125,210;1188,113
146:0,015;862,112;918,005
147:0,015;268,025;432,006;1083,005
148:0,015;900,188;1044,010
149:0,015;637,019;661,006
150:0,015;859,177;990,013;997,003
151:0,016;828,135
152:0,016;836,198;966,116;1093,192
153:0,016;855,241
154:0,016;799,015;1006,210
155:0,016;867,103;1121,116
156:0,016;835,250;987,003
157:0,016;8,013;494,015;722,016;835,250;899,136
158:0,016;822,007;867,264;871,009
159:0,016;601,018;998,102
160:0,016;1029,001
161:0,017;215,214;268,025;471,233;788,007
162:0,017;268,025;466,177;478,015;685,018;818,006;949,220;1086,007
163:0,017;221,235;318,014
164:0,017;253,230;293,004;710,183;781,003
165:0,017;221,148;268,025;427,249;446,009;1146,013
166:0,017;268,025;444,189;456,009;466,177;693,011;742,001
167:0,017;215,214;268,025;420,018;630,013;756,018;808,215;1173,003
168:0,017;215,176;221,235;228,155;291,016;710,183;748,261;856,010
169:0,017;225,243;268,025;427,249;818,012;866,011
170:0,017;226,005;727,192;1116,142;1196,210
171:0,018;365,106;446,014
172:0,018;657,003;907,014;1114,113
173:0,018;658,009
174:0,018;897,121;1040,209;1083,013
175:0,018;807,013;897,121;1022,003
176:0,018;874,079
177:0,018;804,136;1097,003
178:0,018;854,220;905,005
179:0,018;375,019;712,018;749,019;932,147;960,014;1106,005
180:0,018;804,136;854,220;975,007
181:0,019;886,206
182:0,019;176,013;229,001;724,012;917,001;944,194;995,014
183:0,019;844,204
184:0,019;836,198;858,013
185:0,019;365,003;442,015;980,248;989,010
186:0,019;459,248;510,009;642,005;656,019;927,001
187:0,019;573,018;669,006
188:0,019;459,248;499,011
189:0,019;844,204;857,010;1101,005
190:0,019;889,169
191:0,020;89,240;351,019;797,013
192:0,020;84,160;349,002
193:0,020;104,120
194:0,020;146,160;302,015;870,009;1024,242
195:0,020;84,160;86,001;542,220;583,013
196:0,020;102,173;104,120;254,013
197:0,020;102,173;328,012;352,014
198:0,020;84,259;243,012;254,009;295,010;365,003;443,006
199:0,020;84,259;147,005;469,019;918,182
200:0,020;196,241;450,011;487,004;515,002
