001:0,001
002:0,001
003:0,001
004:0,001
005:0,001
006:0,001
007:0,001
008:0,001
009:0,001
010:0,001;253,090;375,001;925,022;942,183
011:0,002;421,213
012:0,002
013:0,002;1031,165
014:0,002
015:0,002
016:0,002;763,260
017:0,002;421,213
018:0,002
019:0,002
020:0,002;1001,249
021:0,003;178,238
022:0,003;195,210
023:0,003;176,103
024:0,003;140,147
025:0,003;219,108
026:0,003;140,234;154,235;521,102
027:0,003;154,235
028:0,003;211,264
029:0,003;140,147;416,024;521,102;1179,238
030:0,003;157,149
031:0,004
032:0,004
033:0,004
034:0,004
035:0,004
036:0,004
037:0,004
038:0,004
039:0,004
040:0,004
041:0,005;1079,006
042:0,005;1079,006
043:0,005;1099,186
044:0,005;1079,006
045:0,005;1079,006
046:0,005;1079,006
047:0,005;233,116
048:0,005
049:0,005;233,116;1079,006
050:0,005;893,200;1099,186
051:0,006;444,247
052:0,006;300,271;444,247
053:0,006;463,261
054:0,006;533,129
055:0,006;539,098
056:0,006;482,242
057:0,006;327,163;463,261
058:0,006;327,163;500,173
059:0,006;514,091;1001,249
060:0,006;500,173
061:0,007
062:0,007
063:0,007
064:0,007
065:0,007;416,024;438,133
066:0,007
067:0,007
068:0,007;438,133;449,007
069:0,007
070:0,007
071:0,008;867,222
072:0,008;272,111;467,189
073:0,008;924,170
074:0,008;858,097
075:0,008;954,175
076:0,008;467,189
077:0,008;884,163;899,128
078:0,008;309,135;644,008;899,128
079:0,008;924,170
080:0,008;990,178;1062,188
081:0,009;822,195
082:0,009;657,142
083:0,009;658,099;732,100;1046,108
084:0,009;658,099;822,195
085:0,009;803,155
086:0,009;732,100
087:0,009;657,142;803,155
088:0,009;794,002
089:0,009;356,218;426,210
090:0,009;660,097;1140,255
091:0,010
092:0,010;1109,166
093:0,010
094:0,010;23,087;824,010
095:0,010;309,240
096:0,010;309,240
097:0,010
098:0,010
099:0,010;930,224
100:0,010
101:0,011
102:0,011
103:0,011;749,148
104:0,011
105:0,011
106:0,011
107:0,011;1079,006
108:0,011
109:0,011
110:0,011
111:0,012;272,111
112:0,012;657,152;925,022;1092,089
113:0,012;925,022;1124,101
114:0,012;925,022;1081,274
115:0,012;950,144
116:0,012;925,022;950,144;1080,271
117:0,012;1071,133
118:0,012;925,022;1109,129
119:0,012;925,022;1109,166
120:0,012;925,022;1080,271
121:0,013;23,087;555,259
122:0,013;702,162
123:0,013
124:0,013
125:0,013
126:0,013
127:0,013
128:0,013;211,264;526,013;702,162
129:0,013
130:0,013
131:0,014;318,239
132:0,014;130,168
133:0,014;162,234
134:0,014;94,102;144,017;545,130;1092,013
135:0,014;133,151;147,088;188,018;318,239;1046,260
136:0,014;147,018;162,234;317,168;446,013
137:0,014;204,086;406,013
138:0,014;207,020;218,017;514,091;560,010
139:0,014;130,168;226,012;741,013
140:0,014;147,088;190,011;1136,237;1180,006
141:0,015;174,113;261,006;373,224;606,020
142:0,015;174,113;368,004
143:0,015;180,269;476,004;678,205;712,004;749,148;783,011
144:0,015;173,104;365,009;678,205;1177,010
145:0,015;154,010;712,156;867,222;929,022;1093,230;1156,007
146:0,015;199,173;299,001;463,008;601,007
147:0,015;225,092;364,017;475,004;609,111;827,234;941,098
148:0,015;181,004;199,173;406,018;829,255
149:0,015;225,092;228,020;273,007;452,009;712,156
150:0,015;344,141;829,255;1034,178
151:0,016;292,160;553,020
152:0,016;320,105;341,002;897,010
153:0,016;290,018;305,009;597,010;660,097;704,010
154:0,016;205,237;320,105;332,002;356,005;808,012;925,022;1078,001
155:0,016;310,227;629,011
156:0,016;356,218;611,011
157:0,016;253,090;310,227;501,001
158:0,016;205,237;599,005;1094,011;1158,020
159:0,016;254,129;773,242;819,012;1012,020;1013,011;1064,001;1085,153
160:0,016;266,201;492,001
161:0,017;259,140;498,008;620,002
162:0,017;138,020;539,098;722,086;1081,002
163:0,017;259,140;424,002;705,012;1016,238;1079,006
164:0,017;520,151;763,020
165:0,017;11,244;184,006;431,020
166:0,017;11,244;157,016;223,017;534,147
167:0,017;528,259;741,230
168:0,017;584,121;960,007
169:0,017;520,151;548,002
170:0,017;540,270
171:0,018;997,113
172:0,018;812,012;967,130
173:0,018;829,085
174:0,018;319,007;866,001;1107,010
175:0,018;483,007
176:0,018;848,139
177:0,018;829,085;997,113;1056,183;1121,013
178:0,018;573,005;1085,229
179:0,018;626,010;1034,004;1198,237
180:0,018;747,099;1069,020;1085,229;1153,010
181:0,019;289,258;416,024;544,008;762,020;1038,013
182:0,019;297,020;416,024;449,217;857,004;911,013
183:0,019;7,015;193,006;416,024;647,230;668,005;1121,001
184:0,019;416,024;481,254;525,004;585,018;833,237;1097,113
185:0,019;302,260;319,012;416,024;449,217;706,002;1021,193;1025,085
186:0,019;204,086;912,010
187:0,019;281,012;359,005;416,024;481,254;510,218;647,230;819,020;833,237
188:0,019;424,012;429,013
189:0,019;309,135;817,005
190:0,019;398,193
191:0,020
192:0,020
193:0,020
194:0,020;179,008;857,121;887,005;1062,188;1117,242;1145,089
195:0,020;88,017;205,005;208,020;1036,241
196:0,020
197:0,020
198:0,020
199:0,020;366,018;934,001;939,002;1036,241
200:0,020;178,228;566,020;1036,002
