001:0,001;847,087
002:0,001;1112,131
003:0,001
004:0,001;887,269
005:0,001;13,233;887,269
006:0,001;13,233
007:0,001;802,094;1112,131
008:0,001
009:0,001;629,108
010:0,001;1044,122
011:0,002;411,023;448,190
012:0,002;411,023;631,098
013:0,002;434,167
014:0,002;448,190;462,260
015:0,002;785,090
016:0,002;512,212
017:0,002;212,242;411,023;434,167
018:0,002;244,236;411,023;462,260
019:0,002;411,023;497,217
020:0,002;277,200;305,218;411,023;513,132
021:0,003;128,125
022:0,003;204,088
023:0,003;219,105
024:0,003;79,230;128,125
025:0,003;243,220
026:0,003;204,272
027:0,003;106,237
028:0,003;170,258
029:0,003;207,172
030:0,003;275,140;299,220;420,215
031:0,004;326,136;370,098;610,096
032:0,004;369,182
033:0,004;499,096
034:0,004;520,245
035:0,004;148,145
036:0,004;359,078
037:0,004;245,128;369,182
038:0,004;338,080
039:0,004;345,206
040:0,004;258,121
041:0,005;411,023;467,184
042:0,005;457,191;603,141
043:0,005;40,223;403,024;457,191
044:0,005;529,087;555,228
045:0,005;603,141
046:0,005;467,207
047:0,005;555,228
048:0,005;557,259
049:0,005;387,244
050:0,005;467,207
051:0,006;278,119
052:0,006;353,251
053:0,006;35,101
054:0,006;397,194
055:0,006;406,267
056:0,006;346,206;353,251;397,194
057:0,006;278,119
058:0,006;370,098;728,191
059:0,006;420,215
060:0,006;463,244
061:0,007;55,216;217,122;244,130
062:0,007;121,204
063:0,007;333,253
064:0,007;113,266;121,115;181,163
065:0,007;55,216
066:0,007;116,246;865,201
067:0,007;121,204
068:0,007;242,203
069:0,007;109,273;245,128;261,101
070:0,007;181,163
071:0,008;205,210;652,080
072:0,008;91,211
073:0,008;351,195;932,197
074:0,008;277,261
075:0,008;91,211;1020,226
076:0,008;255,254;369,258;433,186
077:0,008;433,186
078:0,008;290,176
079:0,008;277,261
080:0,008;277,097;451,203;659,195
081:0,009;162,110;690,178
082:0,009;151,208;160,209
083:0,009;290,161
084:0,009;9,131;161,004;690,178
085:0,009;9,131;162,110;1097,203
086:0,009;261,148;290,161
087:0,009;164,143;310,169;358,180
088:0,009;160,209
089:0,009;132,153;824,245;844,190
090:0,009;222,272;950,210;1194,147
091:0,010
092:0,010;46,129
093:0,010;282,268
094:0,010;411,023;445,185
095:0,010
096:0,010
097:0,010
098:0,010
099:0,010
100:0,010;46,129
101:0,011;122,089;428,250
102:0,011;66,218;122,089;326,136
103:0,011;116,100
104:0,011;135,188
105:0,011;40,114
106:0,011;132,153;216,273
107:0,011;158,238
108:0,011;158,238
109:0,011;135,188
110:0,011;40,114
111:0,012;142,120
112:0,012;142,102;153,274
113:0,012;153,274
114:0,012;259,183
115:0,012;192,247;259,183;627,116;929,176;1048,240
116:0,012;236,240
117:0,012;152,138;371,235
118:0,012;142,120
119:0,012;224,130;375,089
120:0,012;256,116;1095,231
121:0,013;127,084
122:0,013;62,171;177,179;182,222
123:0,013;182,222;619,242
124:0,013;177,179;643,177
125:0,013;147,140
126:0,013;166,144
127:0,013;156,224;292,097
128:0,013;42,267;333,253;350,197
129:0,013;166,144
130:0,013;350,197;403,024;643,177
131:0,014;205,210
132:0,014;131,231
133:0,014;236,105;461,147
134:0,014;310,201
135:0,014;241,088;303,015
136:0,014;201,081;561,001;847,087;926,216
137:0,014;30,148;46,008;144,015;164,143;335,254;1014,001;1111,239
138:0,014;217,122;437,024;572,156
139:0,014;33,138;247,145;928,200;1111,239
140:0,014;198,200
141:0,015;1055,001
142:0,015;167,019;412,015;537,159;1150,015
143:0,015;35,101;172,003;186,015
144:0,015;1117,082
145:0,015
146:0,015;385,174;1167,015
147:0,015
148:0,015;466,094;700,015
149:0,015
150:0,015;369,005;481,255;1033,015
151:0,016;284,150
152:0,016;282,202;970,015
153:0,016;250,116;366,236;932,212;963,154;1040,233
154:0,016;242,018;382,134
155:0,016;254,229;280,240;366,010
156:0,016;382,134;451,153;490,078;910,229;992,015
157:0,016;254,229;420,010
158:0,016;164,003;191,250;323,229;498,197;518,128;659,140;1030,134
159:0,016;321,201;561,223;610,245;641,262;649,150;1063,110
160:0,016;171,004;328,128;1166,015
161:0,017;42,099;425,024;607,175
162:0,017;55,154
163:0,017;112,169;132,006;340,103;500,217;646,197;864,174;878,222;1026,116
164:0,017;40,223
165:0,017;23,011;112,169;668,001;846,121;989,180;1078,223
166:0,017;66,218;312,143;505,001;702,246
167:0,017;42,099;476,015;607,175;900,132;968,264
168:0,017;53,127;70,005;340,103;592,001;642,216;755,257;903,001
169:0,017;212,242;325,081;562,267;946,264
170:0,017;46,003;187,010;852,226
171:0,018;461,196;532,001;1114,010
172:0,018;363,010;594,001;813,151;870,010;940,223;1014,231;1082,078;1097,246
173:0,018;410,196;620,136;898,113
174:0,018;511,010;985,078;1075,267;1122,250
175:0,018;366,252;380,130;731,010
176:0,018;484,257;515,001;616,262;671,010
177:0,018;385,174;572,089;1054,206;1136,185
178:0,018;426,169;484,257;734,001
179:0,018;95,014;191,250;446,229
180:0,018;164,001;558,024;813,151;854,220;1070,140;1111,113
181:0,019;147,140;215,002;403,024;642,270
182:0,019;398,147;403,024;537,159;543,084;582,196;763,264;961,001
183:0,019;3,002;234,224;299,015;403,024;842,243
184:0,019;398,147;493,172;841,159;867,147;961,015
185:0,019;175,008;282,268;309,180;580,257;862,156;1198,176
186:0,019;366,252;403,024;830,189
187:0,019;403,024;619,242;685,010;763,264;778,236;931,251
188:0,019;441,121;528,255;647,010;993,128
189:0,019;364,200;484,105;936,189
190:0,019;403,024;652,271;852,226;1013,001
191:0,020;162,001
192:0,020;159,095;167,170;823,001
193:0,020;153,181;177,015
194:0,020;206,008;309,180;338,237;366,142;762,113;795,110;1033,132;1042,087
195:0,020;167,170;534,229;593,193;1136,132
196:0,020;98,009;153,181;626,010
197:0,020;234,142;384,010;593,193
198:0,020;132,001;159,095;206,006;267,018;592,153;826,015
199:0,020;258,121;338,080;509,010;762,113;1015,015
200:0,020;371,235;565,088;1174,082
