001:0,001;483,019;656,192
002:0,001;483,019;558,156;708,265
003:0,001;223,257;313,001;384,116;483,019;612,193
004:0,001;1006,087
005:0,001;483,019;536,120
006:0,001;459,111
007:0,001;613,161
008:0,001;25,091;58,001;242,155;483,019;610,087;977,119
009:0,001;25,091;483,019;594,102
010:0,001;708,265
011:0,002;632,228;695,089
012:0,002;632,228
013:0,002;683,232;1012,217
014:0,002;1011,172;1020,224
015:0,002;695,089
016:0,002;110,133
017:0,002;110,133
018:0,002;709,217
019:0,002;720,076;902,232
020:0,002;704,228
021:0,003;604,178
022:0,003
023:0,003;85,262;718,137
024:0,003
025:0,003;1192,191
026:0,003;1020,224
027:0,003
028:0,003;605,138
029:0,003;1092,267
030:0,003
031:0,004;166,207;484,117;953,163
032:0,004;158,108
033:0,004;219,125;305,222
034:0,004;154,112
035:0,004;158,108
036:0,004;167,163
037:0,004;101,207;154,112;165,140
038:0,004;337,149
039:0,004;305,222
040:0,004;165,140
041:0,005;103,229
042:0,005;111,128
043:0,005;82,194;233,274
044:0,005;82,129
045:0,005;109,274
046:0,005;104,202;229,190
047:0,005;83,177
048:0,005;111,128
049:0,005;82,129;103,229
050:0,005;82,194
051:0,006;1053,110
052:0,006;725,101
053:0,006;384,116
054:0,006;997,005;1183,100
055:0,006;1096,176
056:0,006;91,155;541,250
057:0,006;117,180;365,187
058:0,006;541,250
059:0,006;72,136
060:0,006;872,201
061:0,007;985,212;1035,146
062:0,007;988,146
063:0,007;503,249
064:0,007;985,212
065:0,007;777,093
066:0,007;900,100
067:0,007;164,255
068:0,007;164,255
069:0,007;1058,110;1094,155
070:0,007;87,097
071:0,008;600,080
072:0,008
073:0,008;925,130
074:0,008
075:0,008;117,180;137,008;153,174
076:0,008
077:0,008;390,173
078:0,008;390,173
079:0,008
080:0,008;153,174
081:0,009;167,163;243,016;259,118
082:0,009;245,236;832,149
083:0,009;243,117;1060,006
084:0,009;245,236
085:0,009;251,256
086:0,009;225,119;1172,113
087:0,009;229,188
088:0,009;259,118
089:0,009;258,259
090:0,009;225,119;258,259
091:0,010;88,176
092:0,010;6,117;223,257
093:0,010;109,093;214,117;452,275
094:0,010;58,216;227,112
095:0,010;48,096
096:0,010;21,127
097:0,010;58,216;1059,117
098:0,010;88,209;459,111
099:0,010;21,127;191,017;409,171;1140,127
100:0,010;41,182;628,262
101:0,011;123,231
102:0,011;928,235
103:0,011;1055,171;1063,231
104:0,011;675,113;742,083
105:0,011;230,180;928,235;975,120
106:0,011;913,256;1016,248
107:0,011;1121,154
108:0,011;915,263
109:0,011;23,218;89,011;675,113
110:0,011;279,091
111:0,012;327,175
112:0,012;316,092
113:0,012;265,219
114:0,012;316,092
115:0,012;286,181
116:0,012;286,181
117:0,012;371,082
118:0,012;49,221
119:0,012;198,122
120:0,012;265,219;780,193;902,175
121:0,013;394,213;1110,005
122:0,013;378,076;997,005;1171,199
123:0,013;425,184;613,161;779,095;916,123;997,005
124:0,013;217,258
125:0,013;365,187;963,213
126:0,013;459,105;997,005;1198,178
127:0,013;400,123;997,005
128:0,013;476,144;997,005
129:0,013;101,207;997,005
130:0,013;394,213;512,207;997,005
131:0,014;21,099;577,273;604,182;768,167
132:0,014;39,109;200,260;370,221
133:0,014;200,260;906,275;1132,190
134:0,014;30,248;90,019;228,247;370,097;442,216;654,248
135:0,014;30,248;898,249;1076,113;1135,008
136:0,014;158,252;442,007;470,008;503,249;821,167;1006,003
137:0,014;38,269;133,006;171,008;387,159;665,091;683,006
138:0,014;10,087;67,019;133,086;149,018;320,007;659,002;768,167;778,003;904,115;1035,003
139:0,014;21,099;38,269;158,252;167,008;775,006
140:0,014;89,004;228,247;833,258;1084,003
141:0,015;48,001;147,019;251,237;479,006;632,152
142:0,015;10,012;297,105;312,016;643,090;862,006
143:0,015;37,225;73,009;179,001;360,227;1032,216
144:0,015;14,149;35,182;37,225;51,168;114,011;1074,161
145:0,015;31,146;479,006
146:0,015;51,168;55,212;119,012;268,001
147:0,015;35,182;54,087;1175,227
148:0,015;12,012;50,011;123,231;528,099;611,006;751,001;1036,006
149:0,015;55,212;390,001
150:0,015;30,212;31,146;219,125;398,001
151:0,016;543,001
152:0,016;259,129;317,248;635,020
153:0,016;51,006;650,081;653,008;1029,003
154:0,016;434,238;883,001;1181,081
155:0,016;468,097;593,190;1116,008
156:0,016;489,094;536,224;703,001
157:0,016;488,273;810,007;1094,155;1099,095
158:0,016;536,120;650,081;839,008
159:0,016;811,227;817,106;879,011;1069,160
160:0,016;527,002;615,006
161:0,017;268,114;678,105;804,020;1132,216
162:0,017;334,224;483,019;547,091;655,138;708,007;971,001
163:0,017;360,106;1121,154
164:0,017;341,275;407,011;1054,223;1182,097
165:0,017;341,275;736,223;1092,020
166:0,017;78,013;220,226;249,011;1162,215
167:0,017;334,224;554,171;800,247;1000,227
168:0,017;88,176;205,017;319,182;409,171;510,223;771,008
169:0,017;388,011;1191,245
170:0,017;312,011;672,083;949,082;974,137;990,003
171:0,018;260,007;874,008;1085,116
172:0,018;257,086;746,011;1056,226
173:0,018;91,155;122,003;156,002;257,086;322,007;970,263;1144,093
174:0,018;229,190;431,122;440,008;872,201;916,177;960,247
175:0,018;91,001;92,007;970,236;1082,020
176:0,018;231,143;350,016;434,238;489,094;568,001
177:0,018;460,163;638,020
178:0,018;365,003
179:0,018;235,176;340,006;600,102;843,008
180:0,018;268,114
181:0,019;257,095;1175,223
182:0,019;325,016;541,195;1171,199
183:0,019;272,001;889,230;935,227;971,193;1140,001
184:0,019;131,237;263,001;729,020
185:0,019;284,223;604,159;889,230
186:0,019;305,234;921,001;1181,081
187:0,019;257,095;284,223;314,001;340,008;480,003;502,008
188:0,019;404,211;1086,005
189:0,019;253,100;394,002;663,137;772,008
190:0,019;131,237;136,001;325,020;483,019;612,193;761,006
191:0,020
192:0,020;550,006
193:0,020;15,013;59,247;173,020;1040,001;1045,020
194:0,020
195:0,020;1149,129
196:0,020;59,247;126,011;621,002;686,194;752,178;806,119;829,007;972,006;1089,117
197:0,020;777,093;1105,096;1121,192;1172,236
198:0,020;848,260
199:0,020;360,106;443,086;503,020;1018,011
200:0,020
