001:0,001;680,178
002:0,001
003:0,001
004:0,001
005:0,001
006:0,001
007:0,001;460,090;514,150;901,099
008:0,001;680,178;988,001
009:0,001
010:0,001
011:0,002;99,160
012:0,002;15,262;110,092
013:0,002;205,234
014:0,002;73,128;126,112
015:0,002;111,084;866,234
016:0,002;74,095
017:0,002;15,262;74,095
018:0,002;110,092
019:0,002;87,109
020:0,002;126,112
021:0,003;190,080
022:0,003;181,246
023:0,003;157,219
024:0,003;186,123
025:0,003;139,115
026:0,003;189,243
027:0,003;186,123
028:0,003;157,219;190,080
029:0,003;181,246
030:0,003;48,249
031:0,004;199,167;200,260
032:0,004;243,209
033:0,004;217,102
034:0,004;340,150
035:0,004;215,129;217,102
036:0,004;38,086
037:0,004;195,120
038:0,004;200,260;818,129
039:0,004;38,086;243,209
040:0,004;215,129
041:0,005;35,208;417,193
042:0,005;168,212
043:0,005;34,263;51,204
044:0,005;48,166
045:0,005;51,204
046:0,005;54,200;68,245
047:0,005;68,245
048:0,005;35,208
049:0,005;34,159
050:0,005;48,166
051:0,006
052:0,006;1044,142
053:0,006;1120,202
054:0,006
055:0,006
056:0,006;504,082
057:0,006
058:0,006
059:0,006;552,230
060:0,006;539,160;803,233;1044,142
061:0,007;75,247
062:0,007;51,248
063:0,007;48,249
064:0,007;46,264
065:0,007;55,119
066:0,007;29,251
067:0,007;29,251
068:0,007;55,119;75,247
069:0,007;34,159;284,137
070:0,007;46,264
071:0,008
072:0,008
073:0,008
074:0,008
075:0,008
076:0,008
077:0,008
078:0,008
079:0,008;974,128
080:0,008;406,239;974,128
081:0,009;263,241
082:0,009;151,171
083:0,009;277,088
084:0,009;250,008;254,144
085:0,009;280,146
086:0,009;230,084
087:0,009;270,169
088:0,009;151,171
089:0,009;335,132
090:0,009;229,134;835,197
091:0,010;184,210;1021,153
092:0,010;388,218
093:0,010;415,250
094:0,010;281,108
095:0,010;406,239;535,001;627,170
096:0,010;283,088;475,238
097:0,010;300,197;894,144
098:0,010;184,210
099:0,010;281,108;646,153
100:0,010;282,187;415,250
101:0,011;602,267;641,241;1118,108
102:0,011;545,227;626,165
103:0,011;588,275
104:0,011;602,267
105:0,011;275,244
106:0,011;391,115;828,145;1092,150
107:0,011;626,165
108:0,011;275,244
109:0,011;588,275
110:0,011;230,120
111:0,012;445,155;585,174
112:0,012;472,181
113:0,012;490,139
114:0,012;460,090
115:0,012;373,221;550,090
116:0,012;373,221
117:0,012;406,174
118:0,012;472,181;1178,182
119:0,012;445,155
120:0,012;374,233
121:0,013;275,089
122:0,013;373,135
123:0,013;275,089;279,262;600,088;856,211
124:0,013;64,196
125:0,013;293,106
126:0,013;274,236
127:0,013;423,122
128:0,013;64,196
129:0,013;279,262
130:0,013;274,236
131:0,014
132:0,014
133:0,014;944,223
134:0,014;364,018;1008,014
135:0,014
136:0,014
137:0,014;995,018
138:0,014;1200,261
139:0,014
140:0,014
141:0,015;128,240;539,014;941,238;1119,139
142:0,015;195,012;628,234;653,137
143:0,015;152,099
144:0,015;124,017;370,126;630,098;695,127
145:0,015;63,011;384,018;473,011;594,182
146:0,015;128,240;370,011;630,098;1083,018
147:0,015;159,182;728,014;738,018
148:0,015;64,003;159,182;272,018
149:0,015;162,011;620,153;753,006
150:0,015;74,011;552,230;779,018
151:0,016;769,018;1108,113
152:0,016;1158,154
153:0,016;992,261
154:0,016
155:0,016;992,261;1059,150;1064,124
156:0,016;81,148;545,227;579,014
157:0,016;139,115;152,013;343,107;1007,001
158:0,016;1101,119
159:0,016;1108,113
160:0,016;81,148;104,014;127,016;337,127;908,008
161:0,017;472,077;662,016;1189,237
162:0,017;427,016
163:0,017;417,193;490,008;944,223;1086,008
164:0,017;413,180;463,259;627,248
165:0,017;448,106;888,098
166:0,017;112,012;298,008;306,131
167:0,017;463,259
168:0,017;60,124;1092,086
169:0,017;472,096;912,267;1163,001
170:0,017;158,016;1115,190
171:0,018;332,016;357,014;549,006
172:0,018;552,215;588,006;1197,269
173:0,018
174:0,018
175:0,018
176:0,018;85,012;476,001
177:0,018
178:0,018;753,089;983,016;1083,008
179:0,018
180:0,018;1176,122
181:0,019;277,157
182:0,019;284,137;300,008;535,082;914,197;1007,230
183:0,019;22,271;69,015;162,017;422,131;713,161;768,001;964,100
184:0,019;479,226;526,016;1114,190
185:0,019;277,157;445,208;815,135;861,119;907,096
186:0,019;312,153;413,016;509,011;546,134
187:0,019;333,224;363,011;537,161;964,100;999,178
188:0,019;22,271;156,013;310,006;537,161;632,006
189:0,019;244,017;312,153;625,016;891,008;1036,195
190:0,019;307,238;727,014;779,211
191:0,020;701,172;1051,006
192:0,020;156,006;225,020;641,145
193:0,020;650,014;719,242;759,212
194:0,020;694,141;923,109;1030,086;1039,134;1071,109
195:0,020;340,150;506,233;508,014
196:0,020;641,145;749,243;1111,146;1196,157
197:0,020;702,221;1077,233;1149,170
198:0,020;753,114
199:0,020;719,242;1070,001
200:0,020;694,141
