001:0,001;1197,180
002:0,001;12,170;205,253
003:0,001;12,170
004:0,001;927,115
005:0,001;582,091;854,150
006:0,001
007:0,001;524,122
008:0,001
009:0,001;862,084
010:0,001;862,084
011:0,002;903,257
012:0,002;562,098;664,269
013:0,002
014:0,002;69,208;195,002
015:0,002;560,202
016:0,002;255,240
017:0,002
018:0,002;556,203;560,202
019:0,002;69,208;547,232
020:0,002;664,269
021:0,003;542,157
022:0,003;554,239
023:0,003;405,015;539,183
024:0,003;251,110;313,003;620,166
025:0,003;533,210
026:0,003;251,110
027:0,003;499,108
028:0,003;542,157;760,166
029:0,003;250,236;554,239
030:0,003;514,114
031:0,004;25,080
032:0,004;141,150;149,159
033:0,004;182,173
034:0,004;186,221
035:0,004;149,159
036:0,004;180,144
037:0,004;141,150
038:0,004;143,207
039:0,004;143,207
040:0,004;186,221;1117,012;1153,077
041:0,005;169,197
042:0,005;166,164
043:0,005;180,210
044:0,005;166,164
045:0,005;169,197
046:0,005;70,177;736,186
047:0,005;72,209;210,113
048:0,005;72,209
049:0,005;210,113;223,097
050:0,005;183,097
051:0,006;109,229
052:0,006;44,104
053:0,006;35,198;281,146
054:0,006;83,243
055:0,006;45,085
056:0,006;37,229;44,104
057:0,006;281,146
058:0,006;38,145
059:0,006;38,145
060:0,006;37,229;1105,243
061:0,007;400,225
062:0,007;408,101
063:0,007;408,101
064:0,007;281,224
065:0,007;420,201
066:0,007;417,099;995,201
067:0,007;472,198
068:0,007;45,085
069:0,007;427,132
070:0,007;29,105;71,007;467,096;702,155
071:0,008;276,082;1117,012
072:0,008;23,227;1117,012
073:0,008;179,077;1117,012
074:0,008;168,179
075:0,008;156,274;1117,012
076:0,008;205,253;659,211;1117,012
077:0,008;203,188;1117,012
078:0,008;251,249
079:0,008;156,274;1117,012
080:0,008;224,158;1117,012
081:0,009;315,228;760,091
082:0,009;564,193;662,077;853,133
083:0,009;30,133
084:0,009;573,120
085:0,009;636,179;777,149
086:0,009;30,133;97,009;506,275
087:0,009;233,125;557,093;1131,081
088:0,009;315,228
089:0,009;553,111
090:0,009;723,237;733,275
091:0,010;351,086
092:0,010;449,186;598,247
093:0,010;239,109;351,086
094:0,010;239,109
095:0,010;249,168;281,188;639,230;752,093
096:0,010;230,213;472,198;1193,115
097:0,010;17,115;230,213;449,186
098:0,010;216,189
099:0,010;255,240;457,109
100:0,010;216,189
101:0,011
102:0,011
103:0,011;6,270;36,011
104:0,011
105:0,011
106:0,011
107:0,011;6,270;1019,001
108:0,011
109:0,011
110:0,011
111:0,012;63,010;95,178
112:0,012;137,216;278,205;441,124
113:0,012;76,124
114:0,012;278,205
115:0,012;122,247;1187,183
116:0,012;95,178
117:0,012;64,088
118:0,012;77,007;107,093;568,270
119:0,012;79,228;137,216
120:0,012;62,084;70,177
121:0,013;176,090;694,224;859,081
122:0,013;136,245
123:0,013;50,120;964,110;1024,094;1080,270
124:0,013;136,245
125:0,013;133,108;233,125;860,236
126:0,013;144,099;428,243;519,080
127:0,013;133,108
128:0,013;148,113;176,090
129:0,013;179,096
130:0,013;49,078;257,019;860,236
131:0,014;509,180;688,014
132:0,014
133:0,014;508,149;790,235
134:0,014;274,235
135:0,014;170,149;209,014;1008,255
136:0,014;170,149;702,099
137:0,014
138:0,014;524,122;566,082;668,014
139:0,014;100,013;179,077;259,108;430,255
140:0,014
141:0,015;400,225;1034,001
142:0,015;409,011;634,138;960,011;1182,014
143:0,015;581,190
144:0,015;634,138
145:0,015;547,232
146:0,015;733,103;764,011;1013,205
147:0,015;553,137
148:0,015;308,003;542,094
149:0,015;247,128;483,014
150:0,015;666,196;1190,001
151:0,016;11,134;49,231;265,003;658,195;784,157;1109,088
152:0,016;55,009;582,271
153:0,016;19,143;658,195;924,019;961,014
154:0,016;11,111;17,264;58,005;262,123;370,014
155:0,016;40,086;52,014
156:0,016;49,231;126,133;172,264;403,088;634,098;694,019
157:0,016;17,264;585,183;867,014
158:0,016;19,255;88,018;211,009;351,255;488,216;596,019
159:0,016;11,111;250,014
160:0,016;19,255;137,018;157,001
161:0,017;147,173;325,001
162:0,017;97,002;208,007;363,003;590,014;1045,138
163:0,017;175,003;546,237;675,019;894,002
164:0,017;125,155;217,011
165:0,017;106,211;1007,011
166:0,017;89,080;125,155;1042,090
167:0,017;49,162
168:0,017;123,009;546,237;634,094;706,001;723,237;892,253;1107,019
169:0,017;49,162;92,015;475,002
170:0,017;83,243;238,015;621,170;867,144;921,002
171:0,018;194,200;1072,002
172:0,018;160,130;367,002;800,001
173:0,018;160,010;184,250;209,115;213,014;293,136;553,137;783,126;1018,001
174:0,018;332,002
175:0,018;159,003;186,217;365,014;495,019
176:0,018;264,094;326,001
177:0,018;186,217;484,002;1194,012
178:0,018;293,136;465,093;466,014
179:0,018;79,002
180:0,018;184,250;264,094;623,081;653,001;851,126;865,011
181:0,019;933,193;1007,001;1164,132
182:0,019;679,002
183:0,019
184:0,019
185:0,019;625,182;872,188;902,201;906,200;989,216;1113,094;1121,002;1153,077
186:0,019
187:0,019;564,193
188:0,019
189:0,019;459,260
190:0,019;931,257;953,126;1111,019
191:0,020;162,162;214,014
192:0,020;167,078;636,001
193:0,020;171,126;828,144;855,002
194:0,020;153,230
195:0,020;187,239;257,003;276,081;955,019
196:0,020;72,184;75,007;276,081;291,082;453,078
197:0,020;216,149;249,168;383,009;506,275;557,247;585,264;651,134;1069,002
198:0,020;72,184;497,009;554,089;769,240
199:0,020;171,126;629,019
200:0,020;197,134;685,158;1047,002
