001:0,001;899,186;958,113
002:0,001;931,176
003:0,001;669,204
004:0,001;51,195
005:0,001;370,131
006:0,001;370,131
007:0,001;273,079
008:0,001;958,113;973,156
009:0,001;132,143
010:0,001;577,103
011:0,002;109,138
012:0,002;149,258
013:0,002;128,108
014:0,002;84,230
015:0,002;59,076
016:0,002;81,108
017:0,002;51,149
018:0,002;109,138
019:0,002;68,093
020:0,002;260,258
021:0,003;362,230
022:0,003;276,167
023:0,003;186,109
024:0,003;205,197;287,097;566,015;892,079
025:0,003;276,167;566,015
026:0,003;142,187;566,015;892,092
027:0,003;142,187;934,204
028:0,003;232,150;566,015;1091,219
029:0,003;186,109;566,015;958,190
030:0,003;566,015;813,166;987,271
031:0,004;103,089
032:0,004;18,255
033:0,004;35,165
034:0,004;18,128;44,201
035:0,004;142,221;323,150;497,255
036:0,004;35,165
037:0,004;32,130
038:0,004;44,201
039:0,004;18,128
040:0,004;18,255;257,224
041:0,005;52,172
042:0,005;142,182
043:0,005;36,143;181,105
044:0,005;17,127
045:0,005;129,240;230,125
046:0,005;17,127
047:0,005;51,220
048:0,005;38,146
049:0,005;181,105
050:0,005;51,220;75,125
051:0,006;119,229
052:0,006;34,087;205,021;370,083
053:0,006;204,245;205,021;356,159
054:0,006;205,021;469,256;489,267
055:0,006;205,021;380,270
056:0,006;205,021;356,159
057:0,006;144,112;205,021;408,102;986,185
058:0,006;106,177
059:0,006;184,169;205,021;414,241;802,177
060:0,006;244,021;354,120
061:0,007;72,106
062:0,007;205,021;322,151
063:0,007;460,265
064:0,007;725,094
065:0,007;322,151
066:0,007;68,225
067:0,007;68,225
068:0,007;460,178;1028,162
069:0,007;70,094;77,142
070:0,007;356,211;1099,126
071:0,008;76,266
072:0,008;74,086;94,188;1093,178
073:0,008;128,219;142,182;230,266
074:0,008;74,233;828,102
075:0,008;94,188;849,085;1121,262;1158,096
076:0,008;254,256
077:0,008;128,219;254,256;331,222;792,256
078:0,008;74,086
079:0,008;74,233;964,176
080:0,008;89,222
081:0,009;71,235;118,116
082:0,009;10,238;82,228
083:0,009;10,238
084:0,009;257,224;1147,213
085:0,009;118,123
086:0,009;92,154
087:0,009;82,228
088:0,009;68,185;746,244
089:0,009;118,116;348,123
090:0,009;74,142
091:0,010;131,096;445,199
092:0,010;143,199;184,267;610,184
093:0,010;262,207;1102,211
094:0,010;184,267;271,220;1082,257
095:0,010;96,128;669,241
096:0,010;143,162;905,076;1094,102;1145,207
097:0,010;220,240;979,187
098:0,010;131,096
099:0,010;143,199
100:0,010;121,158;525,177;739,120
101:0,011;233,273
102:0,011;164,237
103:0,011;194,259;244,137;761,190;955,147
104:0,011;187,118;209,216;328,273
105:0,011;220,103
106:0,011;70,094;514,081
107:0,011;206,137
108:0,011;185,137;194,259;567,257;588,179;609,242;942,099
109:0,011;14,095;383,242
110:0,011;164,237
111:0,012;1058,181
112:0,012;780,272
113:0,012;89,234;745,207
114:0,012
115:0,012;838,238
116:0,012;381,114;435,118;737,012
117:0,012;780,272
118:0,012;600,169
119:0,012
120:0,012;378,166
121:0,013;198,154
122:0,013;216,231
123:0,013;68,093;1050,137
124:0,013;187,118
125:0,013;169,099
126:0,013;155,254;1119,145
127:0,013;7,004;41,202;1020,134
128:0,013;41,202
129:0,013;143,178
130:0,013;155,254;216,231
131:0,014;377,262
132:0,014;236,081;326,146;348,157
133:0,014;386,243
134:0,014;201,089;270,212
135:0,014;270,212;789,221
136:0,014;189,192;237,095;424,001;798,197
137:0,014;348,157;375,244;716,211
138:0,014;42,190;978,174
139:0,014;210,205;236,081;566,015;955,147
140:0,014;21,121;798,197;948,195
141:0,015;182,216;579,167;642,134
142:0,015;287,226;294,001;380,262;758,167
143:0,015;81,001;111,006;216,122;947,179
144:0,015;52,261;64,015;186,174
145:0,015;332,134;613,015;969,261
146:0,015;8,175;52,261;186,174;347,089;637,001;947,179;970,137;999,265
147:0,015;173,213;708,245;763,183
148:0,015;268,126;332,134;864,265;890,096;942,254
149:0,015;173,213;388,216
150:0,015;248,132
151:0,016;56,245
152:0,016;34,169;631,176;783,001;830,015;978,118;1066,109
153:0,016;54,236;704,145
154:0,016;56,133;61,012;89,234;115,010;168,114;527,001;875,150
155:0,016;42,190;223,001;905,161
156:0,016;35,161;39,271;110,007;675,132;1057,182
157:0,016;56,133;115,006;440,182;960,012;1158,086
158:0,016;35,161;1071,226
159:0,016;54,007;412,183;562,221;713,214;875,150
160:0,016;39,271;834,153
161:0,017;95,226;1197,190
162:0,017;115,110;580,236;590,122;724,257;815,271;1133,179
163:0,017;74,084;205,001;819,187
164:0,017;71,235;198,176;372,012
165:0,017;95,226;133,257
166:0,017;77,010;414,241;474,120;623,240;1191,012;1193,191
167:0,017;115,110;170,003;198,176;302,079;482,139;912,262;1036,169
168:0,017;99,214;707,161;772,001;892,078
169:0,017;21,121;156,154;165,184;492,214;645,265;851,083;1064,188
170:0,017;133,257;142,086;259,185
171:0,018;127,153;200,007;320,085
172:0,018;137,179;598,012;696,128
173:0,018;209,242;548,234
174:0,018;189,178;253,197;744,229;747,109;1030,012
175:0,018;8,175;29,018;111,186;247,242;364,254;405,169;475,166;494,145;817,116;852,086;1021,113
176:0,018;54,007;320,085;423,270;460,265;613,012
177:0,018;47,013;207,243;621,245;685,012
178:0,018;110,260;209,242;241,007;316,244
179:0,018;110,260;205,162;216,122;412,116;578,110;901,186
180:0,018;127,153;1162,081;1174,157
181:0,019;72,106;113,104;360,001;370,158;576,184;601,126;1116,012;1199,241
182:0,019;174,139;194,179;234,169;244,001;973,156;1136,130
183:0,019;72,134;233,164
184:0,019;74,184;837,157;1149,132
185:0,019;113,104;566,015;789,091
186:0,019;233,164;719,110
187:0,019;142,078;999,092
188:0,019;75,125;219,238;251,001;268,078;326,176;762,195;805,015;1171,153
189:0,019;59,263;142,078;174,139
190:0,019;86,221;204,094;1037,164;1186,202
191:0,020;58,015;100,003;142,145;531,012;1128,172
192:0,020;5,097;544,130;695,214
193:0,020;3,014;189,192
194:0,020;11,211;617,081;654,106;1183,126
195:0,020;34,012;602,102;738,267;786,137;940,212
196:0,020;5,132;469,259;934,233;974,139;1102,012;1172,240
197:0,020;184,183
198:0,020;5,132;142,145;267,162
199:0,020;9,146;302,221
200:0,020;11,211;181,178;184,183;268,126;622,213
