001:0,001;142,124
002:0,001;409,107
003:0,001;276,129
004:0,001;93,205;1056,224
005:0,001;289,113;928,275
006:0,001;301,083
007:0,001;8,006;31,158;387,223;423,118;946,083
008:0,001;284,224
009:0,001;142,124
010:0,001;276,129
011:0,002;233,153;492,168
012:0,002;30,217
013:0,002;239,125
014:0,002;256,137
015:0,002;30,217
016:0,002;225,197
017:0,002;492,168;749,234
018:0,002;356,270;1123,115
019:0,002;217,208;719,270;820,168
020:0,002;255,095
021:0,003;246,231;908,007
022:0,003;360,225
023:0,003;193,219
024:0,003;168,114;908,007
025:0,003;180,179;908,007
026:0,003;168,249;239,218;908,007
027:0,003;266,223;422,248;908,007
028:0,003;219,224;908,007
029:0,003;168,114
030:0,003;168,249;193,219;908,007
031:0,004;1011,112;1070,198
032:0,004
033:0,004
034:0,004;786,201
035:0,004;468,091;786,201
036:0,004
037:0,004;1140,180
038:0,004;59,270;345,004;901,198;1191,210
039:0,004;851,210
040:0,004
041:0,005
042:0,005
043:0,005;1167,136
044:0,005
045:0,005
046:0,005;117,273;908,007;928,275
047:0,005;270,136
048:0,005;387,271
049:0,005;1167,270
050:0,005;387,271
051:0,006;452,257;823,156;1024,175
052:0,006;452,257
053:0,006;108,155;336,006;466,117
054:0,006;1001,269
055:0,006
056:0,006;981,163
057:0,006;411,135
058:0,006;1024,175
059:0,006;1147,252
060:0,006;107,269
061:0,007;427,241
062:0,007;451,267;568,094
063:0,007;556,261;825,191
064:0,007;161,093
065:0,007;423,251
066:0,007;568,094
067:0,007;509,139
068:0,007;455,157
069:0,007;427,241;702,251
070:0,007;428,084
071:0,008;117,273;175,086
072:0,008;61,240;938,194;1189,171
073:0,008;154,202
074:0,008;175,086;908,007;1081,122
075:0,008;269,195;689,139;744,079;847,240
076:0,008;137,194
077:0,008;128,171;232,212
078:0,008;163,085
079:0,008;128,171
080:0,008;149,248
081:0,009;76,102;1118,214
082:0,009;322,088;379,159
083:0,009;336,089;564,170;633,136;954,142
084:0,009;318,186;1009,014;1066,098
085:0,009;364,148
086:0,009;379,159
087:0,009;318,186;364,148;1171,135
088:0,009;423,118;746,269;994,176
089:0,009;362,214
090:0,009;76,102
091:0,010;174,183
092:0,010;180,226
093:0,010;251,092;585,079
094:0,010;205,175;251,092;296,005;749,234;927,235
095:0,010;264,242;973,117;1171,098
096:0,010;230,089
097:0,010;253,109;982,092
098:0,010;232,212;911,079
099:0,010;180,226;233,153;348,005;779,142
100:0,010;211,246;253,109;732,183;991,226
101:0,011;239,154
102:0,011;217,235;364,155;984,237
103:0,011;280,125;866,109
104:0,011;217,208;316,112
105:0,011;49,158;831,243
106:0,011;257,152
107:0,011;296,155
108:0,011;225,197;338,005;360,237
109:0,011;265,126;967,195;970,082
110:0,011;217,235;828,205
111:0,012;155,103;235,166;1003,227
112:0,012;124,271;155,103
113:0,012;148,193
114:0,012;235,166
115:0,012;124,271;148,193;220,187;694,105
116:0,012;220,187;347,164;1067,147
117:0,012;149,242
118:0,012;61,240;406,195
119:0,012;209,260
120:0,012;30,225;39,001;284,076
121:0,013;685,184
122:0,013;741,095;824,270
123:0,013;494,081
124:0,013;674,213
125:0,013;674,213
126:0,013;685,184
127:0,013;180,179;209,260;276,238
128:0,013;632,105;895,238
129:0,013;494,081
130:0,013;823,156
131:0,014;265,126
132:0,014
133:0,014
134:0,014;369,127;453,014
135:0,014;790,239
136:0,014;962,007
137:0,014;52,019;835,006;852,018;1072,255
138:0,014
139:0,014;31,006;75,264;115,013;792,192;1108,014
140:0,014;1053,152
141:0,015;358,268;649,014;684,006
142:0,015;178,006;238,233;329,013;482,152;540,157;605,019;822,100
143:0,015;174,112;325,179;474,251;497,019;814,176;1056,164
144:0,015;30,225;273,082;1036,095;1087,007
145:0,015;5,007;347,164;385,233;773,118;1150,014
146:0,015;154,202;396,083;515,141;1085,004
147:0,015;273,082;457,006
148:0,015;174,183;360,006
149:0,015;238,233;624,187
150:0,015;163,264;278,006
151:0,016;243,170
152:0,016;226,271;326,006;719,171;746,004
153:0,016;272,174;303,154;387,237;557,014
154:0,016;189,076;222,161;803,186
155:0,016;234,001;243,170;400,079;591,260;651,161;1002,004
156:0,016;217,009;272,174
157:0,016;189,009;319,232
158:0,016;116,010;202,160;1072,006;1184,138
159:0,016;281,255;379,019;812,164;822,197;1039,109;1088,169;1131,135;1136,187;1166,095
160:0,016;222,161;226,271;281,255;601,004;901,198;920,154;953,006
161:0,017;239,141;576,018;1092,093
162:0,017;228,229;658,208;813,005;987,099
163:0,017;263,238;334,018;383,181;489,005;938,123;1012,014
164:0,017;225,245
165:0,017;123,001;254,093;321,245;517,193;523,205;657,004;893,006;938,123;970,225;987,099
166:0,017;322,269;383,181;485,171;659,202;750,261;893,006;1001,007
167:0,017;237,079;493,107;600,179;650,018;825,191;1055,209
168:0,017;225,245;231,006;420,243
169:0,017;265,014
170:0,017;248,018;1000,007
171:0,018;556,172;725,018;979,272
172:0,018;594,120;627,018;981,249;1152,259
173:0,018;199,257;428,084;455,229
174:0,018;825,005;1115,110;1122,191
175:0,018;41,177;103,018;556,172;1078,240;1128,014
176:0,018;981,249
177:0,018;1123,115
178:0,018;1068,135;1117,114;1184,138
179:0,018;968,147
180:0,018;41,177;149,018;1003,227;1087,126;1185,176
181:0,019;508,174;516,019;816,018;957,078
182:0,019;5,235;163,016;239,218;270,014;1001,004
183:0,019;812,077;851,210;949,125;1064,004
184:0,019;773,209
185:0,019;827,172
186:0,019;310,020;324,019;773,214;1074,007
187:0,019;957,078;1038,195
188:0,019;451,267;670,005;748,169
189:0,019;7,018;75,002;235,256;843,179
190:0,019;837,110
191:0,020;93,205;174,112;291,257;364,014
192:0,020;230,089;244,014;590,154;741,092;1027,005
193:0,020;574,006;659,158;837,006
194:0,020;426,197;458,231;583,004
195:0,020;434,225;782,193;950,107;1156,006
196:0,020;445,180;483,005;1200,177
197:0,020;437,006;824,235;1004,155
198:0,020;456,238;835,158
199:0,020;462,259
200:0,020;467,092;845,006
