001:0,001;129,253
002:0,001;151,146
003:0,001;107,078;1052,121
004:0,001;32,216
005:0,001;105,131
006:0,001;129,253;831,220
007:0,001;94,196;679,220
008:0,001;247,209
009:0,001;105,131
010:0,001;32,216;151,146
011:0,002;365,201
012:0,002;181,218;202,091
013:0,002;112,121
014:0,002;202,091
015:0,002;181,218
016:0,002;213,084;365,201
017:0,002;247,080
018:0,002;195,122;206,185
019:0,002;22,242
020:0,002;206,185
021:0,003;105,198
022:0,003;85,198
023:0,003;47,232
024:0,003;45,227;1049,179
025:0,003;45,238
026:0,003;47,232;95,208
027:0,003;45,238
028:0,003;92,234
029:0,003;95,208
030:0,003;209,268
031:0,004;36,106
032:0,004;31,267;36,106;74,148
033:0,004;61,100
034:0,004;156,223;1005,084
035:0,004;61,100
036:0,004;31,207
037:0,004;62,175
038:0,004;31,207;156,223;188,079;241,160
039:0,004;74,148
040:0,004;31,267;361,160;1187,175
041:0,005
042:0,005;132,213;555,113;936,183
043:0,005;1069,273
044:0,005;54,235;605,212;645,149
045:0,005;582,247;1069,273
046:0,005;936,183
047:0,005;916,094
048:0,005;354,087
049:0,005;1146,164
050:0,005;729,123
051:0,006;336,230
052:0,006;409,212;561,196
053:0,006;269,182
054:0,006;253,229
055:0,006;253,229
056:0,006;254,274;269,182
057:0,006;266,180
058:0,006;140,259;227,254
059:0,006;275,079
060:0,006;265,166;266,180
061:0,007;140,236
062:0,007;100,191;477,240
063:0,007;136,217;184,245
064:0,007;52,188
065:0,007;140,236
066:0,007;98,192
067:0,007;152,177;247,209;510,099;728,235;904,223
068:0,007;184,245
069:0,007;116,129;1020,174
070:0,007;56,093;98,192
071:0,008;100,195
072:0,008;14,217;100,195
073:0,008;30,127;145,250
074:0,008;14,217
075:0,008;14,194;645,250
076:0,008;54,165;290,119;838,165;1031,266
077:0,008;23,160;324,227;476,267;1025,093
078:0,008;27,129;116,232;260,018;435,217
079:0,008;17,101;503,105
080:0,008;17,101;1152,151
081:0,009;7,096;732,076
082:0,009;219,154;320,263
083:0,009;101,124;520,144;671,076;1049,143
084:0,009;78,241
085:0,009;7,096;381,089
086:0,009;173,115;362,117;441,212
087:0,009;299,214;988,211;1005,096;1147,119
088:0,009;129,263
089:0,009;112,191;262,275
090:0,009;186,151
091:0,010;71,179;99,224;904,194
092:0,010;21,257
093:0,010;99,224
094:0,010;29,252;208,244
095:0,010;45,227;204,120;695,212;1008,275;1147,144
096:0,010;45,140;71,179;811,247;1146,164
097:0,010;21,257
098:0,010;109,194
099:0,010;39,109
100:0,010;232,141;443,174;992,152
101:0,011;89,275;681,093;1047,252
102:0,011;148,117
103:0,011;171,082
104:0,011;125,156
105:0,011;188,079
106:0,011;125,156
107:0,011;264,262;446,115
108:0,011;65,088
109:0,011;171,082
110:0,011;65,088;883,262
111:0,012;259,252;1132,204
112:0,012;57,084;72,089;225,193
113:0,012;153,211
114:0,012;52,145
115:0,012;73,007;91,182;95,190;885,084;974,213
116:0,012;22,256;57,084;1117,212
117:0,012;29,252;426,193
118:0,012;22,228;403,138
119:0,012;95,190
120:0,012;48,240;653,252;675,138
121:0,013;70,086;145,171;324,090;844,187
122:0,013;114,145
123:0,013;29,268;242,157
124:0,013;117,157
125:0,013;145,171;1077,168
126:0,013;131,187;948,090
127:0,013;135,193;350,207
128:0,013;324,090
129:0,013;183,265
130:0,013;165,168
131:0,014;99,168;654,230
132:0,014;311,260;716,232
133:0,014;132,173
134:0,014;148,117;164,240;175,005;400,149;1162,247
135:0,014;15,226;213,187;239,204;796,237;912,204
136:0,014;184,259;287,005
137:0,014;15,226;311,260;362,240;429,188;521,095;650,216
138:0,014;99,168;132,173;798,214
139:0,014;102,197;285,018;443,174;581,216;611,209;644,143;737,178;834,171
140:0,014;154,254;577,119
141:0,015;16,253;39,144;1091,237
142:0,015;26,005;39,144;406,191
143:0,015;51,272;91,237;422,213;1066,101
144:0,015;51,272;127,250;139,005;152,267
145:0,015;78,241;288,106;581,076;686,095
146:0,015;54,235;171,002;193,204;1040,187;1056,117
147:0,015;181,220;737,106;856,078
148:0,015;91,237
149:0,015;77,006;284,089;292,265;525,188;711,152
150:0,015;127,250;620,140
151:0,016;106,095;921,174
152:0,016;53,081;243,018;414,113
153:0,016;63,170;814,218;827,194;876,244;1008,240;1190,088
154:0,016;62,176;76,119;452,080;536,092;623,111;713,129
155:0,016;34,098;63,170;162,178
156:0,016;72,089;441,179
157:0,016;76,119;135,105;1106,253
158:0,016;53,081;56,017;162,178;539,151;585,118
159:0,016;63,105;460,087;543,084;804,118
160:0,016;685,266;1046,106;1169,105
161:0,017;106,099
162:0,017;70,152;90,211;93,093;106,099;400,235;1119,213
163:0,017;92,009;143,076;654,268
164:0,017;90,211;721,089;1115,005
165:0,017;90,111;472,252;548,005
166:0,017;144,116;517,005
167:0,017;99,158;293,118;712,096
168:0,017;90,111;144,116;278,226
169:0,017;70,152;875,096;941,178;1032,127
170:0,017;293,118;475,163;543,005
171:0,018;445,202
172:0,018;214,138;601,087;947,209;1081,124
173:0,018;387,149;445,202
174:0,018;368,235;377,092
175:0,018;264,165
176:0,018;377,092;476,237;644,080;1086,247
177:0,018;370,132;418,262;738,242;1029,241
178:0,018;99,121;194,081;273,018;382,122;524,005;1008,190;1098,262
179:0,018;370,132
180:0,018;382,122
181:0,019;85,258;115,175;267,143;444,234;642,258;676,227
182:0,019;37,095;111,127
183:0,019;50,163;685,266;847,132
184:0,019;37,095;85,258;862,228
185:0,019;50,163;439,241;584,223;749,120
186:0,019;199,140;580,093;842,005
187:0,019;91,228;952,094
188:0,019;63,157;199,140;997,235
189:0,019;27,129;160,258;476,116;561,127;685,226;760,144
190:0,019;96,115;1189,129
191:0,020;245,143
192:0,020;92,244;514,260
193:0,020;47,015;247,154;278,109;824,226;976,265
194:0,020;76,262;109,093;627,262;940,251
195:0,020;57,009;109,093;275,078;718,127;815,005
196:0,020;73,172;101,124
197:0,020;54,120;68,127;76,262;100,109;158,005;678,251
198:0,020;54,120;1094,254
199:0,020;129,104;320,170;812,123;1144,122;1171,005
200:0,020;94,196;332,111
