001:0,001;49,104
002:0,001;17,093
003:0,001;71,262
004:0,001;71,262
005:0,001;19,102
006:0,001;17,093;45,201
007:0,001;45,201
008:0,001;116,242;137,230
009:0,001;176,222;431,193
010:0,001;128,200
011:0,002;53,163
012:0,002;365,251
013:0,002;53,163
014:0,002;80,164
015:0,002;322,218
016:0,002;124,081
017:0,002;100,253;124,081
018:0,002;201,147
019:0,002;292,204;322,218
020:0,002;100,267;297,124;758,231
021:0,003;46,268
022:0,003;61,185
023:0,003;160,270
024:0,003;5,275;92,226
025:0,003;20,240
026:0,003;46,268
027:0,003;19,212
028:0,003;93,266;160,270
029:0,003;5,275;594,220
030:0,003;594,220
031:0,004;412,193
032:0,004;486,238
033:0,004;732,184
034:0,004;553,117
035:0,004;486,238
036:0,004;495,208;577,150
037:0,004;36,083
038:0,004;577,150
039:0,004;137,159
040:0,004;280,165
041:0,005;90,177;940,172
042:0,005;203,240
043:0,005;266,110
044:0,005;513,231
045:0,005;346,157
046:0,005;213,143
047:0,005;166,124
048:0,005;43,157
049:0,005;43,157;213,143
050:0,005;266,110
051:0,006;86,269;312,215;346,245
052:0,006;296,088
053:0,006;282,140
054:0,006;312,215
055:0,006;247,170
056:0,006;247,170;272,142
057:0,006;176,222
058:0,006;272,142
059:0,006;282,140
060:0,006;346,245
061:0,007;64,211
062:0,007;87,109
063:0,007;74,166
064:0,007;87,109
065:0,007;238,274
066:0,007;64,211;224,076
067:0,007;84,258;562,227;910,261
068:0,007;137,259
069:0,007;104,129
070:0,007;54,177;209,258
071:0,008;64,119
072:0,008;88,236
073:0,008;84,237;128,200;710,170;757,162
074:0,008;49,161;260,267
075:0,008;44,108
076:0,008;44,108
077:0,008;49,161;64,119;84,237
078:0,008;134,263;233,145;468,138
079:0,008;138,141;951,129;1197,211
080:0,008;45,223;80,164;553,138
081:0,009;148,094;807,184
082:0,009;615,181
083:0,009;586,173
084:0,009;615,181
085:0,009;638,111
086:0,009;586,173
087:0,009;233,145
088:0,009;656,117;802,239
089:0,009;743,257
090:0,009;149,192
091:0,010;59,146;100,253;244,105
092:0,010;59,146;917,215
093:0,010;19,156
094:0,010;19,156
095:0,010;117,269;667,175;709,202;943,141
096:0,010;106,195;992,083
097:0,010;244,105
098:0,010;67,166;488,148;562,169;565,273;883,226
099:0,010;107,261;1075,076
100:0,010;70,219
101:0,011;346,127;655,269
102:0,011;295,125;296,169
103:0,011;392,256;602,169
104:0,011;193,259;1029,254
105:0,011;295,125
106:0,011;289,209;436,256
107:0,011;135,082
108:0,011;321,176;1164,273
109:0,011;289,209
110:0,011;40,083;153,275;200,013;296,169;346,127;795,082;900,155;1065,185;1123,269
111:0,012;145,252;550,182
112:0,012;142,149;181,187;528,090
113:0,012;84,243;502,224;682,101
114:0,012;52,256;416,101
115:0,012;67,254;838,182
116:0,012;67,254;1135,082
117:0,012;84,243
118:0,012;19,134;922,237;1110,130
119:0,012;70,219;160,097
120:0,012;181,187;954,204;1027,080
121:0,013;552,242
122:0,013;560,189
123:0,013;533,155;678,125
124:0,013;552,242
125:0,013;359,210;571,160
126:0,013;309,174
127:0,013;571,160
128:0,013;551,161
129:0,013;97,138;520,267;793,149
130:0,013;98,130
131:0,014;206,084;316,174;1159,267
132:0,014;94,091;100,133
133:0,014;147,101;533,155;814,224
134:0,014;101,183;120,004;136,085
135:0,014;101,183
136:0,014;85,009;102,212;504,219;986,177;1120,256
137:0,014;19,134;417,251;432,131;875,211;975,227;1017,148;1111,259
138:0,014;100,133;784,127
139:0,014;224,188;451,226;768,187;990,124;1104,104
140:0,014;82,103;136,085;202,256;245,185;863,176
141:0,015;109,016;178,083;496,009;537,100;968,097
142:0,015;136,090;533,271;983,249
143:0,015;151,203;242,013;491,162;813,236
144:0,015;103,111;838,170;918,147
145:0,015;103,080
146:0,015;93,266;167,013;452,119;460,013;476,180;821,092;849,161
147:0,015;39,016;122,136;1037,133
148:0,015;140,017;151,203;674,249;1043,269;1053,170;1195,136
149:0,015;137,230;304,076;388,088;924,102
150:0,015;135,082;314,261;445,257;556,272;764,176;815,127;869,202
151:0,016;274,253;296,004;577,249;694,224;1148,146
152:0,016;195,249;227,271
153:0,016;162,204;710,093;945,188
154:0,016;50,011;70,017;162,204;243,214;724,166;818,162;864,120;965,273
155:0,016;261,131
156:0,016;224,188
157:0,016;227,271;303,009;770,222;1132,195;1169,249
158:0,016;224,076;260,182;552,211;604,134
159:0,016;262,239;488,204
160:0,016;84,258;170,011;261,131;289,084;330,013;567,195
161:0,017;239,227
162:0,017;58,005;156,017;164,148
163:0,017;239,227;341,230;739,261;770,266
164:0,017;216,182;274,249;324,129;341,092
165:0,017;164,126;491,004;641,089;946,251
166:0,017;164,148;296,111;359,274;612,100;773,214
167:0,017;94,091;186,257;261,004;641,089
168:0,017;186,257;1125,172
169:0,017;187,077;195,249;658,273;1010,258;1018,175;1068,209
170:0,017;166,266
171:0,018;167,138;452,211;470,239
172:0,018;145,102;560,189;925,130;1070,271
173:0,018;125,179;190,004;275,272;495,203
174:0,018;30,239;361,192
175:0,018;101,097;130,009;354,175
176:0,018;194,168
177:0,018;502,224;730,165;933,179;1008,164
178:0,018;30,239;125,179;331,266;473,092;810,200
179:0,018;148,185;179,161;557,212;1197,176
180:0,018;275,272;979,092
181:0,019;51,127;84,009;129,013;470,188;769,272
182:0,019;122,229;345,009;731,172;1057,159
183:0,019;85,149;874,162;1187,124
184:0,019;267,176;417,094
185:0,019;143,120;811,155
186:0,019;120,178;143,120
187:0,019;84,093;580,258;724,145;728,274;818,100
188:0,019;51,127;204,011;384,180
189:0,019;142,092;357,227;531,215;703,203;759,252;904,136;1121,089;1144,085
190:0,019;92,226;152,094;169,011;293,179
191:0,020;48,228;216,273;375,004;732,265
192:0,020;205,214;999,254;1016,234;1053,228
193:0,020;29,273;587,251;895,230;1023,131;1161,230
194:0,020;122,229;395,004;709,202;747,085;896,177
195:0,020;113,236;249,183;280,226;306,119;370,234
196:0,020;129,234;583,231;657,146
197:0,020;48,228;680,222;716,168;949,094;1064,265
198:0,020;97,273;200,252;1085,136
199:0,020;31,092;52,256;101,097;481,237;837,119
200:0,020;136,090;479,228;1056,252
