001:0,001;448,170
002:0,001;313,146;330,081
003:0,001;407,137;781,200
004:0,001;313,146;1113,243
005:0,001;57,120
006:0,001;57,120
007:0,001;225,243
008:0,001;402,208
009:0,001;330,081;402,208
010:0,001;294,169
011:0,002;63,261;886,093
012:0,002;313,112
013:0,002;523,140
014:0,002;241,258;1137,087
015:0,002;143,255
016:0,002;430,112
017:0,002;253,136
018:0,002;831,114
019:0,002;616,260
020:0,002;556,249
021:0,003;34,188;50,150
022:0,003;75,190
023:0,003;58,134
024:0,003;75,190
025:0,003;82,188
026:0,003;65,106
027:0,003;34,188;77,214;1036,241
028:0,003;65,106
029:0,003;50,150
030:0,003;452,180
031:0,004;9,158;831,114
032:0,004;87,084
033:0,004;165,121
034:0,004;63,261;153,124
035:0,004;9,158;82,095
036:0,004;61,124
037:0,004;69,186
038:0,004;48,077;165,121
039:0,004;82,095
040:0,004;267,230
041:0,005;24,145
042:0,005;95,229
043:0,005;90,254;563,186
044:0,005;124,273
045:0,005;76,091
046:0,005;48,077
047:0,005;198,217
048:0,005;70,159;122,093
049:0,005;76,091
050:0,005;122,093;124,273
051:0,006;91,197;121,162
052:0,006;7,179
053:0,006;266,210
054:0,006;278,125
055:0,006;93,216;309,138
056:0,006;33,138;266,210
057:0,006;85,105
058:0,006;93,216;223,179
059:0,006;85,105
060:0,006;121,162
061:0,007;253,261;641,205
062:0,007;11,123
063:0,007;116,139;123,264;212,023;397,182
064:0,007;123,264;1090,115
065:0,007;116,139
066:0,007;34,126;448,099
067:0,007;11,123;14,219;410,151;717,167
068:0,007;200,079
069:0,007;45,229;351,175
070:0,007;14,219
071:0,008;134,240
072:0,008;74,247;831,151
073:0,008;116,202
074:0,008;82,215;283,098
075:0,008;99,240
076:0,008;73,187
077:0,008;73,187;887,251
078:0,008;365,116
079:0,008;33,138
080:0,008;64,246;1160,151;1175,187
081:0,009;88,185;478,139;731,225;773,129;810,234
082:0,009;114,265
083:0,009;97,104;114,265
084:0,009;88,185
085:0,009;93,144
086:0,009;90,254;583,147
087:0,009;93,144
088:0,009;53,087;372,246
089:0,009;53,087;293,256
090:0,009;78,160;677,247
091:0,010;212,023;311,148;480,251;731,263;827,209
092:0,010;206,161;256,232
093:0,010;83,210;212,023;351,175;370,084;963,083
094:0,010;91,225;212,023;299,104
095:0,010;154,100;212,023;233,244;1118,129
096:0,010;212,023;446,263
097:0,010;233,244;787,088
098:0,010;91,225;399,088;840,129;897,079;1041,145
099:0,010;149,157;929,180;966,263
100:0,010;212,023;256,232
101:0,011;100,241;543,089
102:0,011;91,197
103:0,011;108,136
104:0,011;114,227
105:0,011;103,253
106:0,011;106,195
107:0,011;143,255;245,195
108:0,011;543,089
109:0,011;114,227;1119,197
110:0,011;100,241
111:0,012;294,099
112:0,012;280,078;347,250
113:0,012;280,155
114:0,012;347,250
115:0,012;479,110;1104,126
116:0,012;293,256;367,077
117:0,012;257,135;387,205;989,157
118:0,012;427,184
119:0,012;321,194
120:0,012;294,099;427,184
121:0,013;37,245
122:0,013;78,207;97,085;287,182;895,256
123:0,013;12,194;506,219;726,220
124:0,013;37,245;776,169
125:0,013;10,218
126:0,013;43,082
127:0,013;10,218;78,207;301,087;1176,244
128:0,013;21,168
129:0,013;21,168
130:0,013;97,085;283,123;673,108;708,157
131:0,014;5,086;652,193;1096,139;1174,209
132:0,014;75,147;133,104
133:0,014;42,096
134:0,014;75,147;375,002;568,268
135:0,014;138,093;232,082;381,216;1052,086;1092,160
136:0,014;237,220;776,079;894,268;1050,148
137:0,014;38,104;281,207;557,253;574,140;944,191
138:0,014;38,104;91,123;244,220;410,188;439,167;568,268;670,254
139:0,014;42,096;279,079;375,093;674,135
140:0,014;39,170;737,216
141:0,015;102,268;109,218;165,015;219,235
142:0,015;219,235;344,267;803,252
143:0,015;257,135;325,166
144:0,015;283,098;376,214
145:0,015;344,267;444,116
146:0,015;320,145;478,146;1024,230
147:0,015;279,139;420,126
148:0,015;349,205;586,267
149:0,015;53,020;102,268;212,023;241,193;874,127;1043,146
150:0,015;263,158;610,166
151:0,016;91,115;467,125
152:0,016;150,088;624,160;858,217;1085,200
153:0,016;175,002;699,159;1113,258
154:0,016;45,123;62,204;962,229
155:0,016;62,204
156:0,016;72,135;91,115;591,207;627,257;646,180;652,167;657,243;819,148
157:0,016;50,143;208,151;884,081
158:0,016;44,148;940,244
159:0,016;3,012;287,182;317,086
160:0,016;14,108;50,143;1078,206
161:0,017;14,108
162:0,017;64,167;409,243;504,115
163:0,017;9,230;21,015;64,167;281,193;320,127;544,207;835,155;927,259;1052,175;1197,204
164:0,017;9,230;589,198;616,253;785,188;942,170;1063,140
165:0,017;70,198;570,254;805,245
166:0,017;64,246;213,083;420,264;1036,209;1075,220
167:0,017;7,179;212,202;665,158
168:0,017;70,198
169:0,017;8,251;125,002;569,196
170:0,017;8,251;483,002;703,110
171:0,018;385,109;560,241;953,198
172:0,018;137,001;247,215;256,186;489,255;745,261;1180,146
173:0,018;243,143
174:0,018;321,234;341,147
175:0,018;417,256;783,218
176:0,018;315,129;1183,264
177:0,018;338,257;556,249;918,193
178:0,018;546,083;570,197;942,247
179:0,018;232,002;663,200;927,202;995,249;1031,159
180:0,018;63,157;385,109
181:0,019;58,259;983,206
182:0,019;12,166;339,225
183:0,019;27,181;63,020;83,210;134,018;214,155;554,180;568,155;591,098
184:0,019;49,230;130,018;342,161;379,087;495,157;656,115;812,206;908,158;1171,249
185:0,019;21,209;109,018;287,206;378,167;830,160;1155,234
186:0,019;43,151;360,257
187:0,019;36,237;287,206;1002,255
188:0,019;207,083;1167,084
189:0,019;21,209;950,108;993,137
190:0,019;62,247;241,258;723,188;730,194;1141,088
191:0,020;71,159;407,137
192:0,020;77,214;179,084;334,135
193:0,020;154,252;211,161;446,263;497,251
194:0,020;96,160;374,252;955,261
195:0,020;67,142;137,127
196:0,020;67,142;202,001;341,234;656,207
197:0,020;138,275;154,252;641,134;1086,264
198:0,020;16,002;61,124;84,012;149,191
199:0,020;9,183;46,011;89,259;220,001;321,234;1017,196
200:0,020;137,127;258,216;412,217;787,096;1042,180;1110,086
