001:0,001;294,008;344,120
002:0,001;347,139;386,252
003:0,001;252,186;294,008;373,102
004:0,001;151,161;294,008;347,139
005:0,001;332,216
006:0,001;182,189;294,008;353,092;373,102
007:0,001;263,107;294,008;386,252
008:0,001;76,117;294,008;543,142
009:0,001;182,189;294,008;525,148
010:0,001;73,110;294,008;543,142
011:0,002;192,158
012:0,002;143,156;385,161;720,143
013:0,002;90,076
014:0,002;162,132
015:0,002;226,202
016:0,002;151,161
017:0,002;139,122;824,100
018:0,002;143,143
019:0,002;233,275
020:0,002;139,122;143,143;226,202
021:0,003;484,206
022:0,003;429,221;495,254
023:0,003;513,091
024:0,003;419,198;910,164
025:0,003;438,215
026:0,003;98,204
027:0,003;271,225
028:0,003;495,254
029:0,003;233,275
030:0,003;274,157;513,091
031:0,004;98,204
032:0,004;60,153
033:0,004;226,180
034:0,004;42,215
035:0,004;25,218
036:0,004;133,121
037:0,004;43,221;145,107;940,153
038:0,004;145,107;171,182
039:0,004;44,124
040:0,004;171,182
041:0,005;296,125;686,224
042:0,005;296,125
043:0,005;320,077
044:0,005;669,268
045:0,005;722,126
046:0,005;686,224
047:0,005;630,140
048:0,005;669,268
049:0,005;630,140
050:0,005;320,077;722,126
051:0,006;264,004
052:0,006;172,191;235,006;264,004;1142,229
053:0,006;374,181
054:0,006;264,004;898,135;1002,093;1142,229
055:0,006;264,004
056:0,006;264,004
057:0,006;309,177;840,158
058:0,006;264,004
059:0,006;93,221
060:0,006;264,004
061:0,007;140,184
062:0,007;137,151;147,251;605,177
063:0,007;137,151;157,253
064:0,007;237,168
065:0,007;158,173
066:0,007;229,250;237,168
067:0,007;157,253
068:0,007;196,121;513,219
069:0,007;137,150;180,213;324,003;464,088
070:0,007;180,213;568,197;1175,155;1182,177
071:0,008;19,077;34,237;164,112;774,118
072:0,008;19,196;164,156
073:0,008;34,237
074:0,008;19,196;442,082
075:0,008;62,219;289,101
076:0,008;90,076;996,225
077:0,008;62,259
078:0,008;25,218
079:0,008;19,101
080:0,008;36,209;264,004;438,188;901,170;937,236
081:0,009
082:0,009
083:0,009;827,106
084:0,009
085:0,009
086:0,009;137,150
087:0,009
088:0,009;360,197;483,132;1143,183
089:0,009
090:0,009
091:0,010;812,188
092:0,010;905,176
093:0,010;954,099
094:0,010;692,165
095:0,010;80,100
096:0,010;948,214;1023,013;1053,186
097:0,010;402,244
098:0,010;828,248
099:0,010;692,165;828,248;954,099;1081,187
100:0,010;360,197;788,210;948,214
101:0,011;93,271;799,120;970,222
102:0,011;121,228;1083,256
103:0,011;82,114
104:0,011;138,199
105:0,011;69,120;379,196;797,174
106:0,011;158,098
107:0,011;69,120;138,199;1083,092
108:0,011;82,114
109:0,011;15,210;306,145
110:0,011;121,228
111:0,012
112:0,012;800,207
113:0,012
114:0,012;284,163
115:0,012;533,191
116:0,012;353,092;629,082;1191,180
117:0,012;432,115;800,207
118:0,012;618,093
119:0,012;533,191
120:0,012
121:0,013;164,145;348,118;609,222
122:0,013;871,270;1131,103
123:0,013;164,097
124:0,013
125:0,013
126:0,013;348,118;909,213;1035,150;1186,219
127:0,013
128:0,013;546,267
129:0,013;164,097
130:0,013;736,113
131:0,014;238,241
132:0,014;236,088;996,012
133:0,014;221,255
134:0,014;233,220;1125,012
135:0,014;233,220;455,181;613,092;1119,244
136:0,014;250,231
137:0,014;274,219;826,170;889,156;1040,188
138:0,014;149,088;238,241;680,012
139:0,014;146,195;250,013;389,145;523,020;542,183;606,267;738,178;745,180;760,122;947,013;1133,255
140:0,014;250,231;277,166;399,107;592,153;875,198
141:0,015;136,178;389,020;646,086;858,077
142:0,015;158,103
143:0,015;137,104;241,115;874,086;877,122
144:0,015;60,153;192,019;241,115;374,009
145:0,015;161,241;191,216;610,013
146:0,015;191,216;212,101;277,210
147:0,015;141,006;168,245;371,012
148:0,015;73,125;136,003;168,245;172,191;363,013;925,187
149:0,015;136,178;158,103;289,178
150:0,015;131,098;305,010;838,135
151:0,016;164,112;198,006;309,177;478,231;733,121;852,115
152:0,016;119,217;206,020;866,187;1005,271
153:0,016;87,247;225,112;907,197
154:0,016;194,083;450,005;628,188;788,255;883,112;1089,004
155:0,016;115,256;337,020;706,134
156:0,016;77,019;112,257;242,013;346,190;836,004
157:0,016;133,183
158:0,016;112,257;174,019;219,005;706,134;890,155
159:0,016;147,251;291,163;559,103;585,083
160:0,016;119,217;260,020;907,089;973,134
161:0,017;270,174;817,004;982,009;1089,136
162:0,017;140,163;274,157;822,012
163:0,017;7,006;22,017;67,250;90,013;140,009;782,271
164:0,017;71,203;75,020;822,094;891,115;946,259;1002,165;1126,198
165:0,017;125,219;243,132;458,005;736,113;741,267;784,107
166:0,017;67,250;146,195;289,012;311,004;547,012;741,020;814,012
167:0,017;72,014;92,013;419,198;541,004;737,084;880,267;887,092;934,176
168:0,017;123,010;737,084
169:0,017;73,125;194,020;910,164
170:0,017;7,012;822,094;890,098
171:0,018;138,271;369,012
172:0,018;53,240;194,083;1184,113
173:0,018;105,010;772,004;984,115;1171,093
174:0,018;64,269;91,013
175:0,018;87,247;249,003;335,013
176:0,018;191,250;619,013;667,004
177:0,018;55,256;1088,099;1116,013
178:0,018;64,269
179:0,018;61,005;334,012
180:0,018;53,240;71,203;839,013
181:0,019;205,005;710,221;962,270
182:0,019;231,012;363,005;717,167
183:0,019;284,222;486,196;1057,013
184:0,019;251,200;350,213
185:0,019;274,242;609,012;848,013
186:0,019;245,141;284,222;661,206;999,183;1022,220
187:0,019;196,003;442,166;810,012
188:0,019;271,225;441,012;471,174;497,220;501,005;765,274
189:0,019;205,166;251,200;529,013;585,010;765,274;1075,237;1139,009
190:0,019;205,166;562,251
191:0,020;610,004
192:0,020;821,086;1014,004
193:0,020;825,170
194:0,020;47,082;337,098;539,155;635,009
195:0,020;841,236
196:0,020;827,106;987,120;1119,170;1178,145
197:0,020;762,013;922,009
198:0,020;851,177;954,112
199:0,020;539,155;1147,013
200:0,020;47,082;514,139;841,236;859,148
