001:0,001;204,091;442,088;537,189;590,110;890,116
002:0,001;78,188;139,273
003:0,001;143,242;459,097
004:0,001;103,078
005:0,001;103,078
006:0,001;139,273
007:0,001;116,229
008:0,001;78,178
009:0,001;248,113
010:0,001;113,096;207,254;254,229
011:0,002;148,268
012:0,002;117,254
013:0,002;154,166
014:0,002;119,115;127,160
015:0,002;136,089
016:0,002;72,244
017:0,002;143,114;148,268
018:0,002;154,166
019:0,002;127,160;141,245
020:0,002;141,245
021:0,003;37,195;106,218
022:0,003;43,161
023:0,003;24,145
024:0,003;35,079;45,108
025:0,003;20,215
026:0,003;43,161
027:0,003;106,218;585,265
028:0,003;21,210;1020,246
029:0,003;45,108
030:0,003;20,215
031:0,004;418,165
032:0,004;60,259
033:0,004;60,259
034:0,004;418,165
035:0,004;186,190
036:0,004;1098,080
037:0,004
038:0,004;1027,137
039:0,004;1130,168
040:0,004;1144,149
041:0,005;110,232;310,015;680,246;988,271;1141,193
042:0,005;310,015;967,237
043:0,005;139,119
044:0,005;139,119;310,015;1141,193
045:0,005;166,110
046:0,005;110,232;166,110;310,015;898,125
047:0,005;142,274;229,260;310,015;957,104
048:0,005;146,275
049:0,005;292,174;1141,106
050:0,005;229,260;310,015;1141,106
051:0,006;16,251;401,008;718,267
052:0,006;244,206;401,008;1005,183
053:0,006;169,186;401,008;669,242
054:0,006;171,168;401,008;436,088
055:0,006;98,219;167,127;401,008;596,107
056:0,006;66,083;401,008;585,199
057:0,006;167,127;401,008;680,113;907,239
058:0,006;401,008;488,129
059:0,006;156,133
060:0,006;187,082;1174,160
061:0,007;181,246;213,012;842,175
062:0,007;182,155;213,012;499,228
063:0,007;78,188;213,012
064:0,007;88,147
065:0,007;156,170
066:0,007;150,128;213,012;1044,114
067:0,007;91,183;150,128
068:0,007;141,132;156,170;499,228
069:0,007;100,197;213,012
070:0,007;100,197;213,012
071:0,008;213,012;584,154
072:0,008;207,100
073:0,008;330,173
074:0,008;286,155
075:0,008;234,232
076:0,008;256,209
077:0,008;182,155
078:0,008;244,225;330,173;1150,150
079:0,008;243,256;269,123
080:0,008;269,123;415,150
081:0,009;127,143;223,010;558,152
082:0,009
083:0,009
084:0,009;812,191
085:0,009
086:0,009
087:0,009;154,196;1200,152
088:0,009
089:0,009
090:0,009;749,246;1184,172
091:0,010;842,172
092:0,010;204,091
093:0,010;577,248
094:0,010;213,012;475,107;736,140;797,241;949,012
095:0,010;577,248;761,125;804,188
096:0,010;744,230
097:0,010;804,188
098:0,010;470,224;1009,230
099:0,010;470,224
100:0,010;585,199;671,251
101:0,011;380,120;449,134
102:0,011;380,120
103:0,011;272,235
104:0,011;542,239
105:0,011;26,271;1058,250
106:0,011;394,146;464,235;524,120
107:0,011;536,250
108:0,011;422,116;535,232;1032,248
109:0,011;26,271;394,146
110:0,011;272,235;401,008;511,122
111:0,012;137,089;714,163
112:0,012;65,269
113:0,012;88,147
114:0,012;94,134
115:0,012;121,132
116:0,012;99,203;807,130
117:0,012;173,130
118:0,012;99,203
119:0,012;89,263
120:0,012;65,269
121:0,013;268,223
122:0,013;171,168;270,177;278,261
123:0,013;581,227;583,223
124:0,013;270,177;291,243;581,227
125:0,013;278,261
126:0,013;291,243
127:0,013;187,082;268,223;366,167
128:0,013;366,167;718,111
129:0,013;348,192
130:0,013;172,111
131:0,014;72,244;870,009;1195,129
132:0,014;71,164
133:0,014;12,111;166,180;673,012
134:0,014;66,083;156,164;672,122;743,082;1018,241
135:0,014;92,156;129,230;837,088;1033,212
136:0,014;57,006;166,180;253,012;824,212
137:0,014;52,018;217,266;316,080;515,160;587,128;719,012;828,167;918,191;972,012
138:0,014;12,111;422,004;479,008;740,241
139:0,014;127,143;521,109;553,012
140:0,014;129,230;336,096;406,008;427,004
141:0,015;51,228;225,009
142:0,015;49,103;126,017;173,011;401,086
143:0,015;116,079;320,016;958,109;1105,100
144:0,015;87,139
145:0,015;51,228;74,195;480,010;524,191;692,004;703,124;1191,233
146:0,015;57,210;104,002;130,017;292,101;687,009;778,271;883,243;964,216;1029,152;1131,133
147:0,015;80,011;496,009
148:0,015;91,183;1125,154
149:0,015;75,237;300,016;345,106;691,004;918,218;1200,184
150:0,015;49,103;111,009;258,019;391,150;597,146;766,248;868,009;967,237;1134,203
151:0,016;1101,099;1136,221
152:0,016;636,092;805,016;1136,221
153:0,016;373,242;1093,004
154:0,016;955,178;1182,243
155:0,016;636,004
156:0,016;1000,226
157:0,016;436,257;620,016;882,015
158:0,016;1019,238
159:0,016;116,229;215,080;267,275;313,189;442,257;614,263;717,016;948,196
160:0,016;154,196;606,145;696,160;931,210
161:0,017;182,105;407,009
162:0,017;94,006;98,008;156,133;386,181;948,004;1172,201;1188,191
163:0,017;195,134;197,181;454,016;628,178;823,009
164:0,017;197,181;307,251
165:0,017;170,105;704,015
166:0,017;200,165;233,010;245,011;421,008;653,096
167:0,017;182,101;364,012
168:0,017;202,191;570,004;734,125;1000,200
169:0,017;186,191;247,266;273,095;544,015;1172,201
170:0,017;273,095;351,009;501,015
171:0,018;89,263;94,200;541,117;982,107;1006,267
172:0,018;98,219;391,010;673,126;786,004;967,184
173:0,018;94,200;399,191;431,012;499,274;780,015
174:0,018;97,189;843,009
175:0,018;85,115;673,126;985,163;1010,139
176:0,018;160,216;496,116;1046,082
177:0,018;19,013;297,266;1088,009
178:0,018;156,117
179:0,018;92,234;156,117;218,010;607,004;640,235;679,012
180:0,018;180,097;680,246;704,121;836,009
181:0,019;310,015
182:0,019;348,163;639,266;1057,012
183:0,019;291,016;748,004
184:0,019;380,004;630,163;818,012
185:0,019;78,178;402,004
186:0,019;332,015
187:0,019;521,109;1128,015
188:0,019;179,004;298,019;585,265;848,097;1152,124
189:0,019;310,015
190:0,019;343,004
191:0,020;98,129;272,004
192:0,020;82,130;118,139;456,200;1134,174
193:0,020;186,009;192,216
194:0,020;214,080;947,004
195:0,020;63,134;83,005;117,254;183,096;1101,015
196:0,020;119,242;145,226;479,016;845,233
197:0,020;82,258
198:0,020;82,130;406,008;526,004;537,140;1127,233;1132,096
199:0,020;145,226;219,210;257,016;1000,226;1019,238;1049,232
200:0,020;136,005;150,121
