001:0,001;77,172;234,080
002:0,001;24,213;323,166
003:0,001;77,172
004:0,001;115,115
005:0,001;26,109
006:0,001;24,213
007:0,001;26,109;305,242;394,002;404,235;810,194
008:0,001;41,076
009:0,001;41,076
010:0,001;76,216;410,267;631,109;1043,213
011:0,002;506,037
012:0,002;343,192
013:0,002;506,037
014:0,002;513,116
015:0,002;343,192
016:0,002;533,205
017:0,002;506,037
018:0,002;566,215;580,037
019:0,002;651,105;1091,037
020:0,002;506,037
021:0,003;296,245;957,226
022:0,003;83,221
023:0,003;269,229
024:0,003;233,149;299,090;353,197
025:0,003;269,229;1114,176;1123,162
026:0,003;233,080;521,246;864,207
027:0,003;296,245
028:0,003;233,149
029:0,003;232,162
030:0,003;83,221
031:0,004;32,252
032:0,004;32,252;1166,120
033:0,004;117,200
034:0,004;135,156
035:0,004;122,064;381,212
036:0,004;122,064;355,020;494,200
037:0,004;135,156;991,188
038:0,004;122,064;421,148
039:0,004;443,182
040:0,004;122,064;364,088
041:0,005;107,040;416,134
042:0,005;107,040;203,157
043:0,005;132,103;678,127
044:0,005;12,253
045:0,005;110,262;203,157
046:0,005;110,262;715,031;724,222
047:0,005;282,131;774,183
048:0,005;107,040;364,108;992,164;1174,131
049:0,005;12,253
050:0,005;107,040;275,264;1161,246
051:0,006;53,029;74,075;88,190;847,222
052:0,006;74,075;89,272;1105,255
053:0,006;53,029;863,247
054:0,006;74,075;244,242;550,029;717,236
055:0,006;74,075;88,190
056:0,006;74,075;110,239
057:0,006;53,029;717,236;806,248;829,057;934,255
058:0,006;53,029;750,188
059:0,006;53,029;784,175
060:0,006;53,029;74,075;89,272
061:0,007;175,225;761,093
062:0,007;86,112;990,169
063:0,007;86,112
064:0,007;153,169
065:0,007;136,267
066:0,007;136,267;214,117
067:0,007;130,117
068:0,007;133,088
069:0,007;175,225
070:0,007;153,169;200,067;263,203;479,002;554,207
071:0,008;27,209;38,008;74,084;787,227
072:0,008;89,098
073:0,008;83,040;374,109;397,098
074:0,008;83,040;140,113;961,227;1009,247
075:0,008;83,040;103,183
076:0,008;83,040;380,261
077:0,008;74,084
078:0,008;27,209
079:0,008;141,191
080:0,008;103,183;560,191
081:0,009;403,206
082:0,009;305,111
083:0,009;305,111
084:0,009;142,234;186,009;301,127
085:0,009;324,120
086:0,009;403,206
087:0,009;301,127;356,262
088:0,009;142,234;802,080;908,269
089:0,009;335,212;441,108
090:0,009;324,120;624,031;739,164
091:0,010;283,208
092:0,010;226,116
093:0,010;232,020;301,181
094:0,010;219,055;392,195;649,131
095:0,010;301,181
096:0,010;392,195
097:0,010;219,055;341,209;1155,190
098:0,010;219,055;348,029;408,002;535,093;1077,124
099:0,010;219,055;373,230
100:0,010;219,055;341,124
101:0,011;220,227;930,144
102:0,011;192,049
103:0,011;192,049;924,189
104:0,011;211,139
105:0,011;231,049
106:0,011;192,049
107:0,011;255,161;382,049
108:0,011;443,248
109:0,011;312,194
110:0,011;192,049
111:0,012;296,273;445,216
112:0,012;255,095
113:0,012;263,138
114:0,012;259,224
115:0,012;8,197;497,234
116:0,012;255,095
117:0,012;263,138
118:0,012;8,197;129,166;163,012;356,077
119:0,012;296,273
120:0,012;259,224
121:0,013;170,031;811,086
122:0,013;170,031;252,135
123:0,013;170,031;745,275;868,162;915,165
124:0,013;252,135
125:0,013;183,123
126:0,013;170,143
127:0,013;170,031;189,232
128:0,013;170,031;630,079;1190,219
129:0,013;183,123;1152,264
130:0,013;170,031;811,086;1035,143
131:0,014;232,227;604,080;794,134
132:0,014;59,268
133:0,014;72,011;128,246
134:0,014;60,193
135:0,014;124,107;313,203
136:0,014;59,268;69,210
137:0,014;124,107;723,212
138:0,014;128,246;458,261;1150,109
139:0,014;60,193;322,208;846,275
140:0,014;59,210;594,268
141:0,015;112,097
142:0,015;70,223
143:0,015;111,233;907,120;1104,113
144:0,015;70,223;98,178
145:0,015;111,233
146:0,015;98,178;991,079
147:0,015;226,256
148:0,015;112,097
149:0,015;97,153;574,107
150:0,015;97,153
151:0,016;167,269
152:0,016;200,057;908,058
153:0,016;200,057;908,058
154:0,016;200,057;943,223
155:0,016;35,137;1129,267
156:0,016;198,165
157:0,016;35,137
158:0,016;167,269;887,057;955,113
159:0,016;200,057;908,058
160:0,016;198,165;908,058;1161,186
161:0,017;42,042
162:0,017;56,241;989,233;1107,210
163:0,017;62,016;77,161
164:0,017;64,151;1002,058;1080,230
165:0,017;64,151
166:0,017;42,042;694,161
167:0,017;42,042
168:0,017;56,241;427,042
169:0,017;64,166
170:0,017;42,042
171:0,018;126,226;616,090
172:0,018;115,090
173:0,018;115,090;213,251
174:0,018;165,162;499,241
175:0,018;175,251
176:0,018;107,067;249,148;532,103
177:0,018;107,067;245,092
178:0,018;107,067;305,077
179:0,018;126,226
180:0,018;107,067;245,092
181:0,019;584,132
182:0,019;528,244
183:0,019;586,085;810,213;836,271
184:0,019;596,271
185:0,019;665,180
186:0,019;771,189
187:0,019;528,244
188:0,019;665,180
189:0,019;584,132
190:0,019;658,042;953,257
191:0,020;485,205;621,273;1095,178;1138,152
192:0,020;377,176
193:0,020;121,219;1033,248
194:0,020;370,056;512,144;1143,112
195:0,020;370,056;485,205;499,152;1033,042;1084,145
196:0,020;400,216;590,235
197:0,020;370,056;499,152
198:0,020;121,219
199:0,020;496,249
200:0,020;370,056;512,144;617,085
