001:0,001;231,122;443,204;557,255
002:0,001;61,200
003:0,001;202,201;228,089;490,131;633,230
004:0,001;206,080
005:0,001;201,166
006:0,001;202,079
007:0,001;202,079
008:0,001;61,200
009:0,001;202,201;752,092;787,232;977,183
010:0,001;201,166
011:0,002;51,252
012:0,002;33,246;789,114
013:0,002;56,107
014:0,002;33,246;165,014;1013,212
015:0,002;14,224
016:0,002;56,107
017:0,002;35,192
018:0,002;35,192
019:0,002;14,224
020:0,002;51,252
021:0,003;459,047;690,104
022:0,003;408,185;459,047;928,083
023:0,003;385,069;394,232;459,047;977,181
024:0,003;389,083;1057,174;1193,161
025:0,003;218,133
026:0,003;385,069;459,047;1120,085
027:0,003;385,069;408,185;791,269;803,078;992,161
028:0,003;218,133
029:0,003;366,174
030:0,003;366,174;385,069;459,047;977,181;1016,092
031:0,004;392,250;459,048;934,085
032:0,004;389,270
033:0,004;389,270
034:0,004;392,250
035:0,004;459,048;983,119
036:0,004;400,159
037:0,004;389,105
038:0,004;458,112;560,159
039:0,004;459,048;967,266
040:0,004;400,159;459,048;970,170
041:0,005;84,242;284,005;360,063;623,074;1128,220
042:0,005;311,201;970,204
043:0,005;360,063;623,074;1165,193
044:0,005;399,237
045:0,005;360,063;702,048;730,099
046:0,005;411,184;665,088
047:0,005;84,242
048:0,005;360,063;623,074
049:0,005;360,063;698,108;1031,127
050:0,005;360,063;676,249
051:0,006;116,176
052:0,006;90,197
053:0,006;142,263;773,115
054:0,006;145,143
055:0,006;156,084
056:0,006;116,176
057:0,006;90,197
058:0,006;163,232;261,129;738,263
059:0,006;145,143;448,193;450,227;1017,131;1086,266
060:0,006;142,263;239,084
061:0,007;583,120
062:0,007;406,076;414,255;496,074;524,184
063:0,007;582,249;630,250;756,047;970,154
064:0,007;531,111;582,199;948,032
065:0,007;496,074;553,032
066:0,007;496,074;553,032
067:0,007;553,032
068:0,007;549,247
069:0,007;553,032;681,169
070:0,007;496,074;582,199
071:0,008;156,031;183,110
072:0,008;166,264;1084,136
073:0,008;156,031;203,135
074:0,008;183,110
075:0,008;203,135
076:0,008;156,031;202,254
077:0,008;170,157
078:0,008;188,207
079:0,008;156,031;170,157;188,207;920,157
080:0,008;202,254
081:0,009;208,208;1194,225
082:0,009;281,111
083:0,009;220,259
084:0,009;379,113;597,182;927,027
085:0,009;283,117
086:0,009;208,208;927,027
087:0,009;220,259
088:0,009;79,088;927,027
089:0,009;79,088;475,269;579,048;927,027
090:0,009;283,117;765,246;1083,027;1194,225
091:0,010;110,262
092:0,010;108,092
093:0,010;90,075;645,260;938,080;1074,108
094:0,010;110,262
095:0,010;90,075;645,260
096:0,010;90,075;699,170;1127,235
097:0,010;98,012;114,005;253,127;461,137
098:0,010;402,193
099:0,010;135,256
100:0,010;90,075;763,122
101:0,011;369,227
102:0,011;367,053;692,274;729,202;841,143;930,076
103:0,011;204,086;504,053;579,109
104:0,011;331,121
105:0,011;559,136
106:0,011;367,053;579,109
107:0,011;329,076
108:0,011;331,121;367,053;623,074
109:0,011;367,053;598,167;725,121
110:0,011;204,086
111:0,012;269,230;851,182
112:0,012;191,178;1157,167
113:0,012;290,131;520,127;822,189;1055,201;1139,189
114:0,012;279,217
115:0,012;163,274;406,014;836,205;965,274
116:0,012;55,182;294,014;386,122;1105,113;1137,158
117:0,012;191,178;948,148
118:0,012;55,182;768,261
119:0,012;163,274
120:0,012;279,217;365,014;552,098;634,242;681,264
121:0,013;107,115;167,123;323,263;625,217;1162,201
122:0,013;107,115
123:0,013;92,273
124:0,013;285,099
125:0,013;75,173
126:0,013;54,097;1084,178
127:0,013;54,097
128:0,013;92,273;759,174;888,269
129:0,013;75,173
130:0,013;93,183
131:0,014;1065,104
132:0,014;824,231
133:0,014;901,215
134:0,014;264,005;278,139
135:0,014;824,231
136:0,014;61,268
137:0,014;552,174;570,131
138:0,014;61,268;453,115;497,134
139:0,014;836,205
140:0,014;886,211
141:0,015;21,046;102,171
142:0,015;21,046;35,052;180,161;1021,208
143:0,015;41,129;537,112
144:0,015;33,204;72,069;315,167
145:0,015;21,046;72,069;208,198
146:0,015;33,204
147:0,015;35,052;208,198
148:0,015;21,046;72,069;298,235
149:0,015;35,052;72,069;275,269;670,137
150:0,015;35,052;157,114
151:0,016;73,054;431,078
152:0,016;73,054;108,123;1110,098
153:0,016;98,264;235,232
154:0,016;73,054;414,127
155:0,016;203,005;403,222;596,032
156:0,016;73,054;96,142
157:0,016;76,180
158:0,016;76,180
159:0,016;96,142
160:0,016;192,246;560,098
161:0,017;323,189
162:0,017;185,048;440,137;608,113;725,089
163:0,017;208,236
164:0,017;185,048;208,236
165:0,017;206,179
166:0,017;185,048;251,168
167:0,017;190,249;556,129
168:0,017;190,249;993,119
169:0,017;185,048;221,202
170:0,017;185,048;206,179
171:0,018;119,261;824,168;994,222;1094,134
172:0,018;111,238
173:0,018;111,238
174:0,018;109,050;955,260
175:0,018;114,156;161,069;248,234
176:0,018;109,050;684,047;736,123;854,156
177:0,018;109,050;676,269
178:0,018;114,156
179:0,018;109,050;727,234
180:0,018;121,255;934,201
181:0,019;228,113
182:0,019;283,134;625,112
183:0,019;204,243;1109,037
184:0,019;198,037
185:0,019;198,037
186:0,019;198,037
187:0,019;27,229
188:0,019;198,037
189:0,019;27,229
190:0,019;204,089;982,202;991,108
191:0,020;340,148
192:0,020;300,055
193:0,020;284,175;300,055
194:0,020;300,055;734,158
195:0,020;393,118;610,055
196:0,020;284,175;300,055;562,202;573,268
197:0,020;373,247;484,055
198:0,020;300,055;717,185
199:0,020;315,112;503,222
200:0,020;229,075;255,105
