001:0,001;343,198
002:0,001;334,197
003:0,001;341,094
004:0,001;113,213
005:0,001;113,213;389,042;529,089;1031,124
006:0,001;341,094
007:0,001;374,052;452,273
008:0,001;366,134
009:0,001;334,197
010:0,001;355,211;366,134
011:0,002;219,199
012:0,002;309,123
013:0,002;228,117
014:0,002;160,251
015:0,002;160,251
016:0,002;219,199;977,198
017:0,002;238,153
018:0,002;309,123
019:0,002;230,154
020:0,002;230,154
021:0,003;398,077;1156,164
022:0,003;150,081
023:0,003;150,081;178,115;1063,268
024:0,003;178,115;862,250
025:0,003;75,217
026:0,003;75,217
027:0,003;135,090;398,077
028:0,003;135,090;885,250
029:0,003;131,208
030:0,003;131,208
031:0,004;171,107
032:0,004;106,048;157,166
033:0,004;106,048;171,107
034:0,004;155,269
035:0,004;140,201;475,110
036:0,004;43,001;44,245
037:0,004;89,003;106,048;155,269
038:0,004;106,048;255,249;1178,205
039:0,004;44,245;760,232
040:0,004;157,166;756,164;771,091;884,076
041:0,005;16,131;505,109
042:0,005;80,148;1078,131
043:0,005;78,109
044:0,005;16,131
045:0,005;96,186
046:0,005;78,109;130,151
047:0,005;96,186
048:0,005;319,256;1134,218
049:0,005;80,148
050:0,005;130,151
051:0,006;141,190
052:0,006;135,178
053:0,006;88,099
054:0,006;138,222;256,020;278,274
055:0,006;200,243;550,090;708,270
056:0,006;124,263
057:0,006;88,099
058:0,006;124,263;603,081;723,193;1069,274
059:0,006;138,222
060:0,006;200,243
061:0,007;221,260;682,165;823,153;900,035;1118,264
062:0,007;206,185
063:0,007;211,244;900,035;949,078
064:0,007;205,234;504,274;890,196;900,035;949,078;1160,177;1175,077
065:0,007;95,003;104,105
066:0,007;340,204
067:0,007;206,185;900,035;1033,253
068:0,007;221,260;1118,264
069:0,007;233,071;548,191;1064,082
070:0,007;225,153;507,244
071:0,008;225,193;496,071;710,265
072:0,008;243,052
073:0,008;233,071;710,265
074:0,008;243,052
075:0,008;243,052
076:0,008;225,193
077:0,008;233,071;841,110
078:0,008;243,052
079:0,008;233,071;694,138
080:0,008;233,071;800,081
081:0,009;416,273;698,211
082:0,009;7,076;338,009;430,184
083:0,009;397,227;540,230
084:0,009;423,268
085:0,009;441,221
086:0,009;430,184
087:0,009;514,255
088:0,009;355,211
089:0,009;441,221
090:0,009;7,076;1013,260
091:0,010;226,101
092:0,010;224,121;1156,245
093:0,010;219,195
094:0,010;219,195
095:0,010;234,250;732,256
096:0,010;226,101
097:0,010;234,250;867,201
098:0,010;224,121
099:0,010;120,219
100:0,010;120,219
101:0,011;16,150
102:0,011;298,097;1135,227
103:0,011;226,027;262,196;298,097
104:0,011;243,227;1147,182
105:0,011;226,027;241,108
106:0,011;244,105;944,244
107:0,011;241,108
108:0,011;226,027;562,228;600,170;713,182
109:0,011;16,150;593,052
110:0,011;226,027;262,196
111:0,012;26,032
112:0,012;26,032;758,267
113:0,012;42,231
114:0,012;26,032
115:0,012;32,083
116:0,012;26,032
117:0,012;26,032
118:0,012;42,231
119:0,012;26,032
120:0,012;32,083
121:0,013;205,124
122:0,013;345,106;952,086;1041,215
123:0,013;204,247
124:0,013;271,218
125:0,013;219,128
126:0,013;99,144
127:0,013;204,247
128:0,013;219,128
129:0,013;288,052;484,210
130:0,013;250,230
131:0,014;205,234
132:0,014;161,126
133:0,014;57,164
134:0,014;153,258;908,115;969,273;1026,138
135:0,014;166,190;168,169
136:0,014;168,169
137:0,014;169,205
138:0,014;161,126
139:0,014;57,164;112,014;153,258
140:0,014;209,152;936,243;1175,199
141:0,015;140,201
142:0,015;62,143
143:0,015;62,143
144:0,015;29,254;736,093
145:0,015;36,187
146:0,015;30,130
147:0,015;30,130
148:0,015;83,270
149:0,015;29,254
150:0,015;36,187
151:0,016;26,268;707,222
152:0,016;18,027;32,042
153:0,016;18,027;32,042
154:0,016;28,125;32,042;622,082;849,042
155:0,016;32,042
156:0,016;28,125
157:0,016;18,027;38,177
158:0,016;18,027;30,140;457,042
159:0,016;30,140;324,042
160:0,016;43,216
161:0,017;351,182;754,263
162:0,017;79,171;378,147
163:0,017;378,147;400,171
164:0,017;353,079
165:0,017;424,228
166:0,017;446,165
167:0,017;591,170
168:0,017;353,079
169:0,017;79,171
170:0,017;351,182;643,152
171:0,018;9,214
172:0,018;417,189
173:0,018;9,214
174:0,018;292,194
175:0,018;260,086;273,272
176:0,018;292,194
177:0,018;300,232
178:0,018;273,272
179:0,018;260,086;935,255
180:0,018;606,189;802,086
181:0,019;19,074;323,092
182:0,019;43,177;693,082
183:0,019;19,074;360,110;608,089
184:0,019;19,074;641,239
185:0,019;38,215;954,178;1005,190;1177,125
186:0,019;43,093
187:0,019;39,261
188:0,019;38,215
189:0,019;19,074;323,092;975,115
190:0,019;52,191;1166,092
191:0,020;317,111
192:0,020;314,203
193:0,020;340,261;1174,091
194:0,020;330,091;623,106
195:0,020;236,114
196:0,020;317,111
197:0,020;344,249
198:0,020;236,114
199:0,020;314,203
200:0,020;330,091
