001:0,001;230,151
002:0,001;395,262;411,064;646,076;1132,260
003:0,001;423,222
004:0,001;413,152;646,076
005:0,001;411,064;682,095;977,260
006:0,001;411,064;647,138
007:0,001;405,062;451,101;1022,190;1131,153
008:0,001;395,262
009:0,001;451,101
010:0,001;411,064;788,260;953,125;1065,181
011:0,002;160,160;345,136;704,200
012:0,002;139,242;663,210;1042,118
013:0,002;182,153;568,270;733,208
014:0,002;161,118;574,181;1192,216
015:0,002;139,242
016:0,002;65,106;786,160;1083,210
017:0,002;214,210
018:0,002;182,153
019:0,002;65,106
020:0,002;234,162
021:0,003;97,045;343,256
022:0,003;10,114
023:0,003;135,265
024:0,003;97,045;108,174
025:0,003;97,045;343,256
026:0,003;97,045;106,087;934,260;1046,101
027:0,003;233,107
028:0,003;97,045;237,128
029:0,003;97,045;288,261
030:0,003;10,114;382,174
031:0,004;43,126
032:0,004;207,130;571,128;1148,242
033:0,004;40,051;1010,113
034:0,004;40,051;1149,096
035:0,004;61,261;675,175;700,112;840,142
036:0,004;40,051;961,274
037:0,004;43,126;732,266;829,138;931,265;1174,203
038:0,004;61,161
039:0,004;61,161
040:0,004;40,051;937,251
041:0,005;46,038;64,084;420,014;592,235;1159,160
042:0,005;26,112
043:0,005;27,042;91,265;333,208;902,095
044:0,005;26,112;46,038;55,120
045:0,005;27,042;100,103
046:0,005;46,038;72,166
047:0,005;27,042;259,123
048:0,005;46,038;72,166;481,123
049:0,005;27,042;64,084
050:0,005;55,120
051:0,006;447,086
052:0,006;430,073
053:0,006;430,073
054:0,006;442,238
055:0,006;417,085;436,117
056:0,006;430,073
057:0,006;430,073
058:0,006;436,117
059:0,006;492,142
060:0,006;442,238
061:0,007;56,197
062:0,007;20,273
063:0,007;8,054;298,090
064:0,007;13,148
065:0,007;14,150
066:0,007;8,054;311,197
067:0,007;20,273
068:0,007;8,054;298,090
069:0,007;8,054;343,130;408,100
070:0,007;13,148;805,150
071:0,008;86,191;1060,262
072:0,008;38,249
073:0,008;75,109
074:0,008;66,143;941,252
075:0,008;38,249
076:0,008;66,143
077:0,008;86,191
078:0,008;109,192
079:0,008;38,266;1182,105
080:0,008;75,109;109,192
081:0,009;36,043;455,248
082:0,009;128,208;724,156
083:0,009;42,206;1085,195
084:0,009;42,206;68,163
085:0,009;36,043;592,195
086:0,009;36,043;536,164;941,231
087:0,009;44,137
088:0,009;68,163;1188,086
089:0,009;44,137
090:0,009;36,043;419,222;573,084
091:0,010;467,275
092:0,010;544,267
093:0,010;621,134
094:0,010;413,119
095:0,010;467,275
096:0,010;413,119
097:0,010;426,244;673,142;702,220
098:0,010;450,173
099:0,010;426,244
100:0,010;108,122;544,267
101:0,011;88,167
102:0,011;60,216;176,051;265,270
103:0,011;106,087;272,241
104:0,011;32,061;324,093
105:0,011;38,266;81,088
106:0,011;60,216
107:0,011;176,187
108:0,011;32,061;294,254
109:0,011;32,061;272,241
110:0,011;32,061;281,167
111:0,012;27,259
112:0,012;57,228
113:0,012;27,229
114:0,012;57,228
115:0,012;121,271;514,166;588,099
116:0,012;28,223
117:0,012;28,223
118:0,012;27,259
119:0,012;27,229
120:0,012;127,193
121:0,013;480,026;761,217;794,221;1009,217
122:0,013;76,172;438,026;749,133
123:0,013;431,105;915,257
124:0,013;76,172
125:0,013;438,026;761,217
126:0,013;438,026;749,133
127:0,013;449,221;733,026;766,257
128:0,013;431,105
129:0,013;449,221
130:0,013;438,026;727,157
131:0,014;433,190
132:0,014;742,252;1150,166
133:0,014;758,204
134:0,014;748,214
135:0,014;743,240
136:0,014;883,203
137:0,014;743,240
138:0,014;748,214
139:0,014;784,125
140:0,014;433,190;758,204;1004,206
141:0,015;137,206;583,162;905,261;952,251
142:0,015;117,110
143:0,015;102,213
144:0,015;137,151;1031,079
145:0,015;46,201
146:0,015;158,189;730,235
147:0,015;102,213
148:0,015;46,201
149:0,015;109,182
150:0,015;109,182;583,189
151:0,016;8,237;255,036;372,108
152:0,016;122,118
153:0,016;12,188
154:0,016;15,100;255,036;347,236
155:0,016;12,188;255,036;344,175
156:0,016;7,136
157:0,016;15,100;417,130
158:0,016;8,237
159:0,016;76,088;491,134;535,108
160:0,016;7,136;255,036;745,078
161:0,017;49,046
162:0,017;49,046;176,107;1191,237
163:0,017;59,147;917,172
164:0,017;89,079;1052,046
165:0,017;49,046;173,200;473,112;545,236;797,164
166:0,017;89,079;132,147;187,046;647,156;967,091;1076,110
167:0,017;49,046
168:0,017;49,046
169:0,017;49,046;172,231
170:0,017;49,046
171:0,018;71,099;903,147
172:0,018;131,250;331,013;392,134;983,236
173:0,018;131,250
174:0,018;67,033
175:0,018;67,033
176:0,018;101,139;1079,033
177:0,018;101,139
178:0,018;145,091
179:0,018;67,033
180:0,018;67,033
181:0,019;112,085;154,181;1002,188
182:0,019;27,219;823,085
183:0,019;102,224;341,098;601,219
184:0,019;102,224
185:0,019;255,150;797,087
186:0,019;27,219;192,271
187:0,019;129,098
188:0,019;313,160
189:0,019;112,085
190:0,019;154,181;284,200;1153,147
191:0,020;195,013;263,245
192:0,020;256,152
193:0,020;186,062;1040,095
194:0,020;186,062;894,202
195:0,020;186,062;1143,266
196:0,020;222,159
197:0,020;186,062;1041,135
198:0,020;186,062
199:0,020;208,220;352,245
200:0,020;186,062;208,220;812,062;1087,091
