001:0,001;410,009;456,008;465,009;1085,108
002:0,001;410,009;416,115;456,018;462,267;465,009;1183,119
003:0,001;351,274;376,236;407,231;465,009
004:0,001;409,124;410,009;451,172;465,009
005:0,001;407,231;410,009;440,125;465,009
006:0,001;410,009;418,015;431,231;465,009;551,136;569,078;629,019;780,145;848,125;993,022;1163,191;1167,024
007:0,001;428,116;465,009
008:0,001;196,126;290,002;334,018;346,161;410,009;428,116;465,009;600,012;667,159;681,177;757,008;780,145;886,183;893,209;1075,022;1107,009
009:0,001;351,274;455,002;510,128;640,228;653,256;752,009;1160,008
010:0,001;196,126;204,018;366,124;423,165;676,125;699,008;752,198;835,002;882,225;891,121;1029,006;1055,270
011:0,002;700,009;752,006;836,101
012:0,002;858,089;975,261
013:0,002;60,196;171,018;297,161;386,255;513,151;529,170;600,200;725,209;787,022;1071,200;1089,242;1178,140
014:0,002;303,235;359,218;464,110;490,107;522,019;765,204;898,183;956,017;1028,022;1072,101;1110,197;1179,235;1194,140
015:0,002;274,006;432,261;624,078;656,194;713,136;770,255;825,270;956,124;997,256
016:0,002;60,196;396,273;417,091;594,138;630,261;838,172;954,022;1160,109;1165,008
017:0,002;892,235;1058,226;1122,211
018:0,002;584,209;648,190;658,019;719,273;895,009;997,106;1177,115
019:0,002;854,219;897,200;1116,158;1156,211
020:0,002;950,008;952,022;980,270
021:0,003;214,006;247,170;341,263;412,271;423,018;439,002;809,103;829,008;970,195;1071,124
022:0,003;134,197;321,003;341,263;440,149;444,250;455,006;485,241;513,002;575,017;623,124;732,091;902,228;991,012;1132,172
023:0,003;313,007;327,110;750,136;932,131;964,022;994,268;1136,022
024:0,003;443,159;653,136;749,008;781,167;856,008;883,163;884,100
025:0,003;368,001;402,211;596,009;656,138;660,002;908,017
026:0,003;427,193;461,015;507,151;538,002;631,147;637,078;716,275;737,173;803,172;996,143;1148,009
027:0,003;393,241;480,017;521,237;633,121;666,190;705,092;748,123;765,236;1001,228;1057,017
028:0,003;386,103;443,159;507,091;621,002;706,256;797,161;1032,121;1092,183;1105,228;1148,173;1170,109
029:0,003;380,187;511,002;544,234;647,194;653,110;734,108;1049,223
030:0,003;370,142;392,161;416,189;424,110;425,211;470,077;753,194;781,167;834,236;1029,006
031:0,004;31,021;77,251;79,233;116,024;129,112;148,223;265,165;308,017;316,137;347,025;458,154;685,144
032:0,004;31,021;79,233;116,024;132,218;138,273;192,255;497,256;645,195;661,008;709,252;813,136;959,017;974,219;981,017;1031,198
033:0,004;31,021;100,177;168,017;191,184;347,025;469,089;759,009;776,211;1073,149;1100,115;1115,246
034:0,004;31,021;92,250;116,024;170,005;347,025;415,124;636,015;637,209;1187,158
035:0,004;38,252;84,013;247,244;347,025;394,270;617,195;1025,119;1039,205;1095,199;1138,107;1147,199
036:0,004;92,250;116,024;183,121;320,184;347,025;466,261;523,009;534,161;602,012;610,183;660,019;666,078;841,080;996,204;1068,225;1164,004
037:0,004;31,021;58,006;79,132;116,024;192,255;347,025;467,172;772,274;802,015;1056,257
038:0,004;31,021;43,012;114,077;116,024;132,218;266,005;438,256;698,195;761,200;904,219;931,200;1055,144
039:0,004;31,021;77,251;129,112;347,025;454,271;472,154;680,138;779,009;794,156;835,006;892,116;1017,236;1057,145
040:0,004;98,018;141,182;247,244;347,025;479,005;489,274;667,208;676,008;678,260;771,078;842,002;925,006;1067,262;1190,089
041:0,005;555,275;595,006;605,103;626,204;669,225;844,209;851,092;993,119;1023,008
042:0,005;626,204;648,173;676,009;717,274;770,266;867,228;948,017;1181,008
043:0,005;550,134;632,103;693,165;764,149;821,208;1078,161;1166,129;1173,009;1182,006;1199,161
044:0,005;589,136;672,116;768,124;792,006;796,017;863,235;884,101;1067,012
045:0,005;587,208;688,156;776,008;843,258;984,172;1099,107;1123,258
046:0,005;124,261;191,184;275,223;410,009;412,241;640,019;770,266;1018,268;1164,004
047:0,005;474,189;665,223;1046,173;1144,008
048:0,005;581,116;666,002;887,147;1005,136;1176,242
049:0,005;561,194;644,019;797,209;834,108;1123,226
050:0,005;591,017;600,200;611,235;649,158;723,194;818,103;881,092;1078,006
051:0,006;430,216;513,194;668,140;1134,219;1190,189
052:0,006;333,121;347,252;385,274;408,025;437,011;460,102;563,159;788,092;862,145;1090,119;1178,108
053:0,006;236,002;534,261;569,237;671,077;850,131
054:0,006;357,018;368,007;429,012;439,216;470,187;583,275;698,208;800,183;834,166
055:0,006;326,260;664,273;695,262;779,208;963,080;968,131;1037,100
056:0,006;328,018;344,003;349,017;376,236;528,142;570,273;784,172;824,022;1122,106
057:0,006;336,182;351,011;455,212;482,228;536,158;578,212;630,275;755,165;778,092;824,189;844,103;882,006
058:0,006;236,011;336,182;377,137;436,107;546,228;660,274;727,006;850,135;956,225;1089,131
059:0,006;291,008;344,137;501,245;539,212;702,009;890,080;947,009
060:0,006;301,001;425,077;595,209;636,273;658,234;773,270;806,012;830,022
061:0,007;594,187;613,015;891,161;942,204
062:0,007;613,015;897,145;1015,223
063:0,007;592,006;660,138;779,147;880,173;1039,149;1046,107;1092,092;1153,149
064:0,007;595,235;815,173;866,167;920,262;1070,189
065:0,007;601,211;613,015;952,152;1146,017;1155,143;1162,022
066:0,007;594,084;613,015
067:0,007;618,192;664,261;672,015;791,125;829,119;1102,129
068:0,007;613,015;931,199;1110,089;1197,260
069:0,007;604,091;613,015;951,228;1121,089;1174,124
070:0,007;613,015;821,242;829,125;848,225;1009,189;1166,009;1186,268
071:0,008;620,012;738,110;798,204;965,008;1041,197;1094,262
072:0,008
073:0,008;343,015;359,218;451,235;506,224;585,244;718,006;750,002;860,017;878,193;978,266;1186,246
074:0,008;774,077
075:0,008;553,002;713,255;790,228;850,012;867,008
076:0,008
077:0,008
078:0,008;198,006;263,197;274,158;410,025;419,198;568,209;573,261;654,006;853,135;1057,143;1179,012
079:0,008
080:0,008;864,012;913,095;962,017;1170,107
081:0,009;207,103;507,019;670,270;904,159;1164,004
082:0,009;207,251;366,017;440,077;446,149;492,121;610,002;622,008;656,255;705,158;771,159;1054,024
083:0,009;220,209;360,260;377,190;637,015;1054,024
084:0,009;211,136;327,018;381,171;423,124;431,228;503,006;529,211;553,241;601,208;607,121;754,158;1054,024
085:0,009;239,136;472,158;510,228;624,192;652,183;836,147;1054,024;1112,022;1164,152;1167,190;1168,092
086:0,009;279,190;456,005;544,255;584,149;792,225;836,256;993,139
087:0,009;123,013;207,251;264,267;322,177;415,019;505,255;676,115;786,008;1054,024
088:0,009;221,218;266,235;543,190;768,080;780,228;792,234;799,085;802,159;876,080;881,006;1017,208
089:0,009;220,209;229,006;266,235;270,209;363,136;546,006;605,002;708,190;801,089;837,183;1032,236;1035,266;1044,193;1054,024
090:0,009;206,189;279,190;349,170;590,224;644,183;648,019;654,204;749,128;782,177;1054,024
091:0,010;93,005;123,197;255,186;414,007;561,269;573,002;582,138;584,150;641,212;667,236;773,219;969,095;980,022;1034,273;1184,208
092:0,010;87,212;213,194;256,017;266,241;381,182;394,110;401,245;526,006;527,107;1013,109
093:0,010;194,165;288,126;353,251;447,125;536,236;733,089;784,165;812,158;882,223;957,116;1166,004
094:0,010;91,252;255,194;467,102;539,136;628,116;647,252;672,165;722,139;1079,256;1143,252;1193,107
095:0,010;102,273;311,126;352,025;454,189;482,194;500,260;545,219;749,275;917,204;934,219;1107,145
096:0,010;106,006;115,020;221,103;235,001;370,250;546,156;855,271;1160,022
097:0,010;102,273;123,019;140,003;150,270;184,194;194,165;257,107;416,177;443,246;1006,147;1105,209;1149,260;1182,226
098:0,010;87,212;201,252;790,002;824,161;862,015;930,143;1031,180;1146,115;1164,198
099:0,010;79,006;131,011;350,255;384,107;393,225;423,158;469,190;519,124;551,260;688,116;740,274;792,198;1114,208;1132,129;1149,116
100:0,010;104,020;184,194;238,003;264,018;349,112;366,158;480,270;524,190;539,019;541,156;662,224;871,077;1113,147;1167,271;1170,161
101:0,011;202,256;429,025;442,006;1034,203;1164,004
102:0,011;410,009;442,006
103:0,011;442,006
104:0,011;442,006;1164,004
105:0,011;462,274;489,009;527,209;587,234;665,008;847,144;974,152;1172,166
106:0,011;442,006
107:0,011;442,006;746,144;788,002;798,006;1141,159;1164,004
108:0,011;442,006;1034,203;1056,266
109:0,011;442,006;1133,183;1164,004
110:0,011;467,224;687,255;740,260
111:0,012
112:0,012;508,009;563,134;652,198;671,194;676,172;682,124;1115,024;1156,008;1159,154;1182,136
113:0,012
114:0,012;645,189;992,144;1030,022;1035,012
115:0,012
116:0,012;1057,158
117:0,012;895,089;933,136;1192,006
118:0,012;1159,154;1179,129
119:0,012;819,252
120:0,012
121:0,013;258,228;326,189;415,015;459,186;536,017;646,015;687,002;768,085;819,246;946,009;961,109;1144,017
122:0,013;271,273;458,124;503,009;1102,119
123:0,013;268,142;281,121;346,246;390,189;467,228;470,092;606,116;624,103;792,139;803,124;942,205;1101,008
124:0,013;246,110;283,271;337,245;362,008;487,223;864,193;874,261
125:0,013;258,228;461,008;514,017;694,136;707,125;978,089;1093,139
126:0,013;246,110;285,003;358,182;451,273;565,150;604,271;620,125;748,009;977,190;1157,200
127:0,013;42,149;435,182;491,194;550,195;580,271
128:0,013;42,149;120,002;204,112;455,263;506,177;570,198;649,150;797,149;1016,092
129:0,013;273,270;445,137;648,015;684,194;745,177;991,219;1006,080;1102,200;1189,228
130:0,013;206,189;219,092;544,244;573,211;679,183;757,261;821,115;836,190;935,089;1117,024;1147,228
131:0,014;116,024;125,149;370,002;410,251;531,110;639,137;659,161;793,080;850,101;867,205;1036,009;1082,017
132:0,014;181,186;246,245;289,019;854,198;1030,225;1065,135
133:0,014;234,246;337,115;342,241;394,019;786,260;1033,017;1041,106;1114,199;1199,136
134:0,014;171,121;185,186;300,019;330,251;339,019;503,144;648,224;657,191;702,019;741,116;768,125;786,193;1085,260;1147,121
135:0,014;222,191;327,198;393,115;408,008;465,198;585,177;732,235;852,008;1060,159;1135,135;1157,209
136:0,014;246,245;443,112;448,251;536,002;558,092;696,260;723,009;810,252;885,006;934,270;1006,258;1102,257
137:0,014;167,223;299,241;318,246;425,017;540,209;549,250;581,158;665,150;719,019;770,224;800,144;823,008;1111,101;1195,183;1196,209
138:0,014;167,019;193,015;236,107;271,019;375,018;466,107;477,219;539,008;557,124;616,193;852,012;863,140;1181,106
139:0,014;208,170;524,149;559,189;639,200;808,255;830,228;887,009;1064,131;1074,235
140:0,014;201,273;234,246;299,107;363,015;383,219;838,225;865,262;1065,228;1096,226;1126,219;1129,080
141:0,015;528,006;570,269;670,128;738,017;1020,096;1036,199;1086,193
142:0,015;506,142;519,235;559,125;668,017;734,228;768,195;965,009;1132,225;1149,109;1158,183;1186,258
143:0,015;534,103;617,091;666,244;755,150;840,115;1095,121
144:0,015;116,024;264,267;380,015;410,009;627,223;636,077;666,269;675,015;714,198;716,019;804,086;809,139;980,258;1171,017
145:0,015;546,270;636,092;773,123;781,121;822,235;1140,006
146:0,015;530,103;593,008;610,208;657,009;674,020;679,234;798,017;994,226;1023,124;1055,193
147:0,015;540,195;632,009;701,108;802,002;914,115;1143,204
148:0,015;165,182;215,212;237,011;259,194;490,125;613,015;685,228;784,012;1092,219;1148,256
149:0,015;539,212;551,252;636,012;642,008;701,108;710,128;789,262;908,012
150:0,015;533,269;563,128;682,019;718,139;767,089;885,008;1027,172;1127,077
151:0,016;38,092;367,017;415,002;468,244;535,144;546,009;592,137;623,161;807,228;823,121;883,015;916,109;1001,161;1188,022
152:0,016;38,092;187,177;658,228;710,017;754,006;763,008;800,274;823,015;934,256;1079,091
153:0,016;41,008;205,212;352,025;449,121;580,144;591,009;658,017;877,008;894,157;898,166;1024,008
154:0,016;51,177;285,091;469,089;698,204;773,015;960,008;1019,197;1171,147
155:0,016;100,008;126,161;306,252;322,003;380,191;548,115;904,149;1146,208;1181,271
156:0,016;116,091;124,011;145,158;292,015;385,225;500,273;631,091;700,017;720,015;847,012;875,100;1030,270;1054,024;1086,009
157:0,016;81,161;116,091;400,171;477,244;650,015;678,208;704,173;730,002;882,242;921,275;1019,242;1158,135
158:0,016;75,015;211,158;243,006;269,271;583,269;633,150;660,008;1039,161;1063,203;1164,004
159:0,016;60,223;162,091;174,196;396,165;417,263;477,002;478,250;559,008;569,078;607,002;666,144;685,193;728,123;734,103;810,002;919,095;1032,022;1072,246;1113,172;1199,009
160:0,016;38,252;152,270;374,193;382,212;403,149;638,147;827,150;854,015;931,199;982,008;1170,219
161:0,017;725,149;761,107;762,256;894,252;984,199;1024,091;1041,166;1085,190
162:0,017;322,172;369,273;386,260;429,110;442,274;619,017
163:0,017
164:0,017
165:0,017
166:0,017;322,172;674,271;854,017;994,177;1084,273
167:0,017;582,138;680,121;1124,008;1146,098;1173,183
168:0,017;1147,235;1162,268
169:0,017
170:0,017
171:0,018;476,128;541,009;576,225;636,017;787,022;893,109;956,246;1173,173
172:0,018;504,115;541,137;571,246;777,015;787,022
173:0,018;238,115;454,121;484,189;496,136;534,225;546,150;576,107;653,012;696,123;787,022
174:0,018;546,150;552,187;638,140;664,235;720,008;780,140;787,022;988,135;1103,024
175:0,018;480,008;781,156;790,017;835,200;894,225;942,143;987,080
176:0,018;487,223;604,077;634,009;638,140;777,085;787,022;1054,024
177:0,018;749,092;787,022;889,008;893,109;908,012;1006,180;1173,158;1186,116
178:0,018;146,006;238,115;326,008;504,115;515,159;541,017;586,008;760,275;1030,009;1116,115
179:0,018;476,256;483,005;485,158;587,198;787,022
180:0,018;147,011;209,191;702,012;741,255;766,107;787,022
181:0,019;201,142;600,017;604,241;674,020;698,019;725,080;821,242;1014,006;1036,116;1109,149
182:0,019;725,131;921,242;1040,183;1080,022;1087,147
183:0,019;514,193;674,020;695,262;814,119;972,091
184:0,019;733,147;756,208;771,165;817,274;836,101;843,167;898,008;911,091;939,189;964,136;967,008;973,268;994,226;1080,009
185:0,019;674,020;725,131;843,258;961,107;1056,131;1062,006;1118,024;1122,022
186:0,019;674,020;701,015;895,017;978,189;1066,107;1192,191
187:0,019;674,020;686,172;798,140;811,224;841,009;1018,129;1114,017;1131,166;1165,191
188:0,019;627,270;674,020;725,080;767,205;779,234;791,107;956,161;990,183;1138,022;1199,008
189:0,019;202,256;452,177;473,019;503,144;514,019;674,020;814,166;882,159;888,266;900,158;1086,017;1149,022
190:0,019;503,165;614,144;677,015;1001,095;1041,129;1087,211;1113,022
191:0,020;238,182;250,189;341,228;409,246;537,161;654,128;665,107;722,159;763,008;787,119;822,261;971,080;976,006
192:0,020;245,212;488,008;712,205;908,116;944,012
193:0,020;31,021;35,012;997,252;1105,012
194:0,020;81,161;272,103;309,124;316,002;477,015;516,019;613,012;652,116;685,252;694,261;708,103;712,205;742,009;786,246;808,012
195:0,020;234,107;237,013;239,198;446,006;479,236;659,211;1155,180
196:0,020;243,005;309,124;404,107;448,002;523,115;673,091;835,183;844,140;850,009
197:0,020;239,198;312,193;587,191;627,008;630,147;711,211;766,110;800,012
198:0,020;234,095;303,165;454,225;787,190;1018,012;1127,006
199:0,020;228,091;236,209;248,012;434,017;668,189;790,273;853,091;1003,012;1160,226;1177,190
200:0,020;234,095;306,197;311,003;312,193;366,186;500,012;641,173;1000,092;1008,173
