001:0,001;164,123;215,007;450,236;500,009;574,012;756,227;768,089;1137,162;1199,077
002:0,001;137,150;164,120;171,257;298,271;377,219;432,214;535,127;549,095;611,260
003:0,001;155,203;234,237;311,123;329,157;413,106;548,087;1145,221
004:0,001;211,188;331,203;374,007;409,105;417,092;460,110;574,012;653,272;958,079;979,229
005:0,001;48,018;244,173;262,167;322,134;370,081;429,205;574,012;773,009;837,079;937,272;1028,210
006:0,001;164,123;199,244;407,183;692,237;969,268;1005,127
007:0,001;180,237;279,165;298,203;574,012;613,157;617,130;623,103;673,225;738,015;753,217;1118,244
008:0,001;171,257;306,125;502,095;540,260;1055,199;1071,150;1106,225
009:0,001;137,011;164,106;574,012;799,222
010:0,001;298,191;321,141;468,174;545,105;574,012;830,226;942,123
011:0,002;47,173;190,109;407,237;456,173;563,106;891,079;1012,262
012:0,002;59,116;549,112;569,174;691,214;716,113;733,172;746,213;777,196
013:0,002;9,240;117,195;316,007;363,267;419,118;445,227;533,180;592,110;667,149;985,274
014:0,002;47,125;80,116;498,132;562,172;683,274;712,141;962,190;1057,119
015:0,002;47,125;300,270;365,145;543,234;765,196
016:0,002;87,167;128,212;143,201;419,107;440,234;529,225;566,268;586,134;804,107;948,245;979,270;1171,133
017:0,002;62,019;68,175;101,004;356,225;451,190;710,252;721,091;738,165;739,083;877,109
018:0,002;70,105;206,139;267,225;334,257;466,272;482,115;653,095;678,158;729,174;777,267;923,083
019:0,002;47,173;146,139;293,089;549,130;801,083;913,267;1008,195;1032,257;1159,233
020:0,002;9,240;14,017;146,139;197,108;355,172;574,012;588,116;954,103;967,178;1067,190
021:0,003;31,108;180,022;261,001;272,239;322,195;403,165;573,007;620,212;638,012;773,264
022:0,003;179,112;377,175;410,227;418,244;512,188;593,178;744,103;946,171;1108,112
023:0,003;207,275;235,178;565,161;726,089;764,130;808,248;886,150;889,267;912,264
024:0,003;119,110;126,006;154,210;180,022;261,001;306,108;465,257;763,252;886,157
025:0,003;145,106;151,135;180,022;261,001;343,021;410,227;508,168;1141,112
026:0,003;180,022;199,015;261,001;311,173;341,137;771,237
027:0,003;133,175;180,022;316,135;437,178;464,132;519,244;611,089;620,212;725,245;791,119;803,221
028:0,003;59,116;74,135;198,007;201,015;255,253;261,001;303,107;405,017;474,274;584,236;627,137;667,221;728,095
029:0,003;30,016;36,105;97,150;105,009;119,110;180,022;299,257;348,007;352,253;386,269;611,178;679,137;982,175
030:0,003;161,203;180,022;261,001;327,081;554,193;586,132;773,245;777,137;803,167;876,139;893,009;956,131;1045,269
031:0,004;369,275;460,007;594,123;660,253;723,116
032:0,004;412,092;946,214;970,107;975,142;985,245;995,138;1015,112;1088,077
033:0,004;564,137;624,172;719,194;754,094;995,133;1140,132
034:0,004;170,165;237,199;248,103;465,078;624,157;633,125
035:0,004;367,229;650,219;676,245;770,009;778,188;970,077;1178,138
036:0,004;233,161;311,021;349,007;358,183;404,021;407,239;629,195;635,009;762,186;783,009;806,248
037:0,004;309,221;547,123;674,210;1187,199;1196,272
038:0,004;355,076;528,113;707,077;797,227;867,113;1044,224
039:0,004;261,001;327,236;564,244;602,184;726,111
040:0,004;327,236;363,224;447,118;516,079;566,135;615,180;660,221;665,091;671,257;695,219;751,134;774,077;998,109
041:0,005;297,158;433,246;628,270;1121,088
042:0,005;196,210;305,224;344,225;524,078;575,012;758,162;1070,115
043:0,005;266,007;290,240;310,102;758,162
044:0,005;212,142;223,004;233,161;346,134;362,021;471,184;574,111;581,131;589,205;654,212;814,112;1005,126;1095,162;1127,173
045:0,005;221,219;375,203;386,127;419,078;492,269;676,094;749,138;841,081;852,222;870,186
046:0,005;211,172;221,219;225,095;321,237;341,021;413,271;550,272;627,271;749,115;1043,272;1184,113
047:0,005;88,101;411,213;454,225;918,201
048:0,005;87,270;129,110;459,101;507,224;825,103;1005,137
049:0,005;223,262;337,212;374,102;610,226;805,139;815,212;830,137
050:0,005;237,262;293,157;315,219;403,114;405,017;424,219;630,267;878,227;1037,138
051:0,006;51,135;136,109;166,271;191,203;312,142;344,173;394,134;582,139;686,087;689,188;876,212;1018,267
052:0,006;164,011;182,007;259,125;338,175;647,157;761,270;955,123;1164,094
053:0,006;262,020;448,217;615,094;741,150;942,231
054:0,006;180,225;217,271;407,246;428,101;484,257;668,104;765,088;829,118;862,195;1072,206;1111,171;1145,178
055:0,006;178,132;197,110;221,175;368,226;472,086;568,089;600,221;1141,092
056:0,006;187,271;276,157;601,007;668,104;694,222;764,271;799,088;861,190;912,106;1051,083
057:0,006;187,105;408,095;421,188;736,012;942,231;1153,165
058:0,006;176,224;178,212;264,245;331,174;400,007;448,217;504,086;599,193;616,224;718,092;1069,180
059:0,006;130,271;155,019;165,076;999,224
060:0,006;51,135;69,175;330,190;362,134;724,252;814,130;878,118
061:0,007;448,219;663,015;827,139;1044,117
062:0,007;50,131;224,201;244,149;921,268;968,199;976,139;979,262;993,107;1109,142;1189,079
063:0,007;205,245;273,149;503,184;525,145;621,118;677,196;758,119;779,174;784,245;960,226
064:0,007;352,089;500,130;548,196;777,167;780,127;809,106
065:0,007;569,217;630,246;663,015;842,199
066:0,007;50,141;215,004;233,022;331,167;421,130;613,269;663,015;941,167
067:0,007;550,145;710,012;714,133;989,190
068:0,007;604,112;622,081;663,015;879,130;1199,113
069:0,007;757,015;818,127;865,081
070:0,007;663,015;835,275
071:0,008;139,234;257,201;699,087;996,094;1025,173
072:0,008;81,118;137,004;138,174;327,242;349,260;498,101;527,009;604,012;609,094;664,269;1010,173;1021,252;1031,118;1053,240
073:0,008;80,268;119,260;331,161;409,262;445,086;455,270;588,224;605,173;1125,206
074:0,008;156,245;199,015;216,205;250,127;268,165;275,180;286,174;458,170;911,239;1005,248;1046,158
075:0,008;99,079;107,150;350,245;502,079;877,083;1049,248;1075,252;1095,225;1098,227;1162,149;1187,106
076:0,008;81,118;231,172;392,205;413,234;509,227;574,009;738,221;777,253;897,245;941,224;1038,233;1092,119;1167,231
077:0,008;37,141;178,234;435,158;583,236;625,158;823,271;899,009;911,184
078:0,008;98,076;149,158;333,081;347,113;483,150;540,116;721,132;955,170;1144,225
079:0,008;98,076;234,141;240,087;301,165;332,132;375,131;420,267;507,009;678,083;800,150;882,175;1069,095;1191,203
080:0,008;103,010;138,174;256,119;325,210;673,268;676,111;687,173;749,015;807,157;876,188;943,158;989,142
081:0,009;132,001;153,114;216,142;311,021;405,017;497,140;510,240;907,150;1046,214;1148,089
082:0,009;54,013;107,144;163,167;311,021;428,270;438,113;454,131;606,225;642,239;792,228;796,194;1175,118
083:0,009;128,212;164,010;218,137;311,021;470,115;689,172;738,108;928,149;941,252
084:0,009;128,010;311,021;383,160;408,007;424,157;925,224;936,199;966,173;1008,268
085:0,009;119,260;311,021;420,127;653,138;662,079;830,125;1068,106;1180,170
086:0,009;142,108;143,094;181,244;186,010;267,275;334,123;405,017;468,238;469,113;550,227;733,267;758,009;792,228;1017,253;1156,087
087:0,009;162,225;234,118;254,225;349,188;510,123;532,139;645,217;762,115
088:0,009;136,207;311,021;381,160;405,017;445,168;539,237;686,009;960,194
089:0,009;142,105;175,178;205,224;289,127;327,188;405,017;465,267;595,227;971,233
090:0,009;13,016;143,201;213,141;405,017;460,167;921,225;1139,263
091:0,010;240,268;246,020;472,161;550,092;660,184;930,206;1091,113;1167,275
092:0,010;246,020;454,182;530,077;691,118;752,172;787,217;1120,237
093:0,010;246,020;295,134;336,127;381,020;499,260;511,221;598,012;633,210;735,184;840,104;1012,076
094:0,010;259,174;280,132;323,127;342,239;351,020;354,262;395,180;634,130;754,168
095:0,010;296,109;474,092;546,135
096:0,010;98,096;232,007;239,076;246,020;455,196;539,132;583,203;713,217;745,076
097:0,010;246,020;356,180;455,196;672,142;716,133;1023,237;1112,227
098:0,010;22,131;246,020;450,190;668,259;695,012;713,088;799,132;974,126;1003,262;1009,239
099:0,010;246,020;581,253;655,135
100:0,010;121,167;225,137;499,009;693,012;738,222;835,009;937,088
101:0,011;199,015;259,113;271,226;326,139;416,123;561,007;568,222;736,210;789,186;866,134
102:0,011;190,089;199,195;213,010;251,110;358,239;379,271;611,234;746,212
103:0,011;209,190;210,253;286,194;310,237;406,203;520,172;532,118;581,107;680,077;710,009;712,186;749,113;1072,239
104:0,011;199,015;267,139;319,118;353,150;529,007;568,222;681,108;731,253;767,178;1141,172
105:0,011;190,089;289,183;668,219;747,214;1035,171
106:0,011;199,015;261,004;274,113;304,107;327,183;347,103;349,078;463,180;507,245;644,145;703,161;714,165;1152,214
107:0,011;199,015;431,214;671,106;802,141;942,108
108:0,011;196,135;231,199;242,131;556,127;571,125;740,203;1098,206
109:0,011;180,022;259,113;346,262;352,213;382,135;539,214;639,253;1016,087
110:0,011;199,015;264,089;350,118;551,108
111:0,012;93,109;111,016;127,103;132,253;152,152;163,253;199,015;266,095;315,207;322,190;439,245;707,274;755,158;1021,184;1105,252
112:0,012;170,078;409,109;870,009;914,200
113:0,012;132,253;254,195;346,142;699,104
114:0,012;152,152;156,007;227,209;253,141;297,245;405,017;436,020;446,081;585,113;858,138;940,200
115:0,012;98,078;119,087;346,125;631,145;633,095;1068,133
116:0,012;156,212;328,194;336,107;805,130
117:0,012;109,004;116,018;119,087;237,219;309,087;556,234;561,167;645,141;795,009;963,132;1013,158
118:0,012;99,245;251,183;259,272;410,210;628,127;775,257;959,225;1053,131
119:0,012;104,004;135,210;216,275;232,004;292,191;315,221;494,226;755,089;921,170
120:0,012;96,109;280,210;400,172;518,174;785,262
121:0,013;171,103;203,007;233,275;450,269;489,178;526,132;529,111;557,081;643,213;1017,139;1173,171
122:0,013;172,213;348,195;886,184;896,233;958,271;1089,195
123:0,013;192,149;208,173;455,259;585,079;661,123;873,222;912,171;1018,227;1100,213
124:0,013;240,268;564,132;575,165;700,142;775,274;1197,194
125:0,013;124,199;224,004;475,109;607,158;617,213;657,139;875,009;900,248;990,149;1026,104
126:0,013;80,268;107,014;124,199;192,149;229,259;442,007;577,106;618,126;894,117;1110,150
127:0,013;202,213;445,135;549,175;710,178;921,173;954,141
128:0,013;181,020;229,259;681,138;746,194;946,150
129:0,013;165,275;211,188;232,242;318,004;385,239;744,225;934,077;942,240;998,237;1004,141
130:0,013;182,170;304,262;975,119;1091,248
131:0,014;206,127;216,199;236,135;283,020;498,077;661,110;675,103;815,134
132:0,014;240,150;241,270;425,119;501,137;560,089;682,262;712,112;1136,117
133:0,014;190,190;321,079;481,274;659,161;701,269;905,009;1068,079;1173,227
134:0,014;229,195;238,105;257,268;472,182;536,226;604,111
135:0,014;180,022;275,180;390,240;836,142;1107,203;1183,270
136:0,014;206,095;239,015;273,205;653,109;848,199;924,267;962,269
137:0,014;171,270;225,226;261,001;276,134;311,021;466,111;671,081;837,165;1197,210
138:0,014;118,245;144,108;152,173;222,225;261,234;277,209;327,226;536,173;604,267;646,167;774,217;778,132;799,165;829,213
139:0,014;212,209;350,120;357,103;590,141;696,139;703,257
140:0,014;145,106;269,173;299,020;528,091;600,170;943,089
141:0,015;95,016;130,114;401,173;532,117;1024,212
142:0,015;110,172;237,270;299,117;871,274;968,131
143:0,015;97,007;153,120;343,004;406,193;545,168;626,119;724,118;1021,158;1044,253
144:0,015;56,127;130,079;319,205;389,112;747,107;797,157;802,077;844,126;968,272
145:0,015;171,132;398,119;1050,132
146:0,015;98,079;510,089;566,165;730,175;880,240
147:0,015;56,127;318,244;343,113;345,194;704,009;714,127
148:0,015;112,003;125,271;182,170;226,114;406,193;511,119;589,274;685,076;713,206;1065,118;1168,123
149:0,015;110,172;117,125;255,096;432,105;498,077;525,110;639,012;650,081;990,267
150:0,015;103,270;240,188;313,167;561,007;653,138;681,180;689,015;752,272;901,139;968,141;975,132;1135,107
151:0,016;143,018;178,112;427,167;457,224;580,132;720,009;972,214
152:0,016;79,150;130,117;210,103;243,150;327,239;399,236;446,120;654,089;742,165;787,207;998,199;1001,245
153:0,016;143,094;169,096;445,168;483,103;720,009;812,239;1069,227;1084,092
154:0,016;130,117;524,234;544,184;648,267;715,245;720,263;1066,260
155:0,016;131,078;144,118;340,119;393,007;487,272;531,268;658,214;917,190;987,139;1016,202;1197,142
156:0,016;54,003;228,183;307,226;360,118;404,234;408,120;441,107;569,170;595,271
157:0,016;173,165;391,178;427,201
158:0,016;79,010;264,007;651,009;711,263
159:0,016;272,239;340,150;483,237;533,178;595,173;608,126;826,224;985,141;988,116
160:0,016;102,020;183,272;254,118;306,020;334,165;554,236;584,234;605,161;629,268;919,269;948,119;972,245
161:0,017;107,014;125,193;208,095;212,209;215,149;244,207;326,269;411,017;441,086;479,141;494,268;520,194;526,267;625,217;690,175;981,237;993,188
162:0,017;96,103;335,158;382,132;456,086;467,237;476,111;505,236;552,221;656,175;663,015;673,195;852,275;950,149;1106,233;1149,079;1200,249
163:0,017;117,195;192,005;203,242;353,087;361,272;730,139;785,264;908,127;1001,240;1025,213;1091,199;1182,253
164:0,017;157,252;752,015;825,172
165:0,017;114,207;176,193;210,123;285,004;326,269;352,021;366,087;372,257;455,095;653,229;977,103
166:0,017;93,125;109,144;118,007;124,004;255,102;367,229
167:0,017;96,103;102,001;123,158;125,193;174,120;270,203;279,131;372,270;651,012;671,150;739,088;755,274;824,107;838,088;1106,125
168:0,017;164,178;369,127;519,193;631,168;753,123;947,188
169:0,017;98,096;157,252;706,138;984,079;1048,228
170:0,017;123,158;204,242;220,117;230,167;254,095;259,108;275,253;389,158;671,150;776,142;836,228
171:0,018;214,158;293,101;438,244;554,118;706,201;895,252;937,207
172:0,018;179,200;250,076;351,106;399,087;530,170;550,007;627,012;710,206;734,262;748,009;977,180;1063,157
173:0,018;155,108;165,014;248,119;420,175;528,076;672,203
174:0,018;155,157;243,226;298,105;574,012;697,015;1074,178
175:0,018;180,244;306,170;440,112;511,142;665,115;735,186
176:0,018;155,157;289,234;369,267;448,262;665,244
177:0,018;189,130;356,269;384,130;387,213;409,132;471,108;675,138;696,091;719,077;742,172;835,252;1000,081
178:0,018;179,200;256,022;300,139;560,007;743,094;755,142;939,157;1054,207
179:0,018;156,275;176,224;466,007;507,091;664,015;765,207;905,272;919,119;942,195;1008,077;1027,094
180:0,018;189,130;486,195;625,106;663,015;715,207;783,104;787,009;822,210;1006,207;1032,149
181:0,019;259,131;264,194;283,142;499,009;877,167
182:0,019;131,078;346,113;418,139;526,203;666,120;678,268;1060,113;1093,268
183:0,019;257,172;324,260;606,244;1109,226
184:0,019;499,009;911,253;1035,252;1060,139
185:0,019;219,022;278,170;318,095;499,009;726,259;756,262;779,134;857,158;932,184;1016,103
186:0,019;225,226;240,275;255,246;390,130;396,123;499,009;779,094;1142,168
187:0,019;183,272;358,237;754,112;814,245;892,077;915,222
188:0,019;264,194;499,009;689,259;742,125;828,274;865,088;936,178;950,275;1090,175
189:0,019;255,246;326,240;375,190;443,174;499,009;999,202
190:0,019;256,240;497,140;499,009;694,115;757,173;886,172;1127,184
191:0,020;88,101;291,120;547,194;736,012;846,077;854,107;956,009;1036,195
192:0,020;174,108;244,199;246,020;255,123;381,126;613,173;680,213;741,206;905,271;929,009;992,257;1026,079;1123,270
193:0,020;217,015;369,161;593,007;631,012;807,119;919,240;941,138;1170,119
194:0,020;223,207;235,117;290,135;365,095;391,110;522,009;559,120;684,083;730,190;951,107
195:0,020;221,190;327,246;663,015;840,156;862,109;988,180
196:0,020;358,145;517,007;584,213;640,110;657,270;759,226;1101,126
197:0,020;188,154;206,240;244,007;381,126;589,078;612,091;732,224;875,009;910,171;940,225;951,092;1119,113;1190,257
198:0,020;206,240;266,212;360,108;529,217;564,087;652,188;682,015;892,233;1031,077;1078,263;1102,271
199:0,020;188,154;194,205;318,106;325,170;509,141;581,253;608,007;638,180;692,190;843,172;871,009;1162,249
200:0,020;194,205;208,135;300,020;364,244;435,141;644,102;739,274;762,239;910,126
