001:0,001;411,168;443,018;449,124;940,200;1176,215
002:0,001;444,200;787,229;839,152;885,168;992,225;1003,109;1050,272
003:0,001;398,266;499,009;544,156;588,015;595,237;606,272;633,189;697,090;720,193;723,232;791,200;798,025;945,003;996,202;1053,016;1061,018;1067,023;1118,263;1160,249
004:0,001;296,210;420,168;597,207;681,136;704,104;762,141;832,099;976,005;1075,215
005:0,001;398,266;465,090;774,003;995,115
006:0,001;414,252;639,195;659,252;670,016;687,151;729,245;798,225;1006,263
007:0,001;409,099;451,015;521,170;592,023;633,189;777,104;839,025;842,175;1089,140;1132,264
008:0,001;404,137;430,193;714,003;952,174;998,215;1163,018;1165,005
009:0,001;414,252;444,119;465,015;540,168;710,189;734,003;949,198;1081,003;1091,124
010:0,001;404,151;451,015;520,019;546,136;754,200;1007,249;1051,168;1172,018;1186,019;1200,262
011:0,002;192,176;315,009;665,198;817,140;1096,025
012:0,002;215,119;238,023;511,015;588,132;592,273;614,023;712,131;737,138;749,015;848,252;857,019;925,148;989,173;1045,175;1104,195;1173,016
013:0,002;213,245;359,009;463,157;504,019;510,123;588,080;610,176;817,023;1037,183;1054,021
014:0,002;67,025;119,202;282,007;304,023;510,176;748,023;996,246;1159,173
015:0,002;187,095;283,009;286,245;584,191;588,123;799,160;863,080;989,025
016:0,002;226,084;318,243;539,195;568,023;601,232;698,005;725,138;1112,083;1183,126
017:0,002;260,167;298,023;576,176;592,016;631,080;707,178;722,170;766,023;777,106;828,138;1004,193;1069,080;1169,138;1173,162
018:0,002;190,202;213,245;279,007;624,016;712,131;772,251;883,023;1054,136;1093,251;1109,261;1121,224
019:0,002;187,095;211,007;217,192;372,005;427,199;510,229;583,270;897,131;941,016;1033,025;1051,098;1081,017;1100,142
020:0,002;192,176;226,084;260,006;346,246;445,019;455,136;563,003;568,023;584,102;593,263;596,202;619,115;765,005;956,109;1064,025
021:0,003;419,151;537,009;556,146;642,237;778,025
022:0,003;187,210;192,015;264,202;293,090;355,007;584,156;778,025;919,225;990,016;1071,260;1072,021
023:0,003;358,183;538,010;543,193;556,209;778,025;859,215;1042,016
024:0,003;362,112;379,109;387,238;422,191;628,252;765,136;778,019;830,207;849,124;873,025;1142,017
025:0,003;443,261;482,151;626,009;738,175;778,025
026:0,003;362,112;402,015;456,090;645,182;778,025
027:0,003;387,238;425,007;458,207;480,147;631,016;645,182;776,207;798,084;823,123;841,019;845,023;875,077;895,023;938,183;1076,126;1148,140;1195,021
028:0,003;388,162;426,102;494,167;778,025;1043,204;1150,017
029:0,003;378,014;387,209;402,210;459,160;738,175;778,025
030:0,003;358,183;361,019;385,153;649,160;656,265;722,178;762,023;778,025;830,019;850,233;856,025;938,183;990,266;1065,025
031:0,004;92,001;99,256;217,192;538,243;552,015;845,121;909,154
032:0,004;67,025;109,246;217,020;303,153;304,001;332,225;701,245;719,080;756,015;825,016;1005,253;1045,173;1112,126
033:0,004;67,025;120,087;201,101;232,239;372,009;380,007;403,109;870,233;902,207;912,115;972,084;1125,089;1136,011;1174,142
034:0,004;69,200;205,181;303,200;366,176;489,170;498,198;537,266;696,009;765,212;828,136;895,175;956,124;1022,174;1143,113
035:0,004;67,025;82,090;98,102;132,018;152,090;283,015;312,006;355,198;799,191;1119,123;1153,202
036:0,004;67,025;99,256;109,246;117,020;177,249;297,147;348,174;433,009;520,266;547,015;597,247;679,170;684,156;788,086;794,016;799,191;811,273;927,025;1035,011;1200,003
037:0,004;67,025;87,011;95,020;120,087;240,010;355,198;488,225;508,003;513,015;703,023;779,086;871,212;902,077;927,264;1123,113
038:0,004;71,002;136,191;249,009;643,146;787,176
039:0,004;67,025;106,181;446,009;556,102;578,248;584,151;611,146;765,131;832,254;838,018;865,099;978,003;1016,162;1108,017;1130,112
040:0,004;82,090;411,192;1022,224;1024,147;1170,217
041:0,005;376,084;405,137;420,019;438,237;593,248;699,235;769,272;784,111;785,154;1027,138;1059,148;1179,269;1191,115
042:0,005;624,154;843,254;864,162;945,121;1051,021;1198,253
043:0,005;627,206;692,015;714,115;820,146;947,271;1051,021
044:0,005;254,243;357,010;365,199;404,171;514,005;555,270;568,229;725,099;842,098;1051,021;1122,019;1189,128
045:0,005;495,080;506,195;514,157;523,023;699,235;732,090;753,130;761,140;964,019;1051,021;1153,003
046:0,005;644,130;811,198;814,106;889,242;961,152;1051,021
047:0,005;515,193;537,019;561,015;788,204;797,115;1047,224;1051,021;1195,005
048:0,005;254,243;264,020;444,265;479,102;644,015;676,254;861,168;882,152;1051,021
049:0,005;162,018;444,005;448,174;799,130;823,003;888,229;968,250
050:0,005;142,274;228,016;255,230;283,084;494,207;550,014;575,080;604,168;765,270;771,250;1118,174
051:0,006;405,256;519,005;580,116;776,121;950,168;956,202;990,206;1013,003;1047,147;1071,017;1138,018
052:0,006;359,230;449,210;540,178;702,225;796,252;894,018;910,232;953,176;978,192;1070,128
053:0,006;273,080;434,007;473,263;519,007;621,162;657,272;704,251;951,003
054:0,006;369,018;443,015;452,272;659,204;1031,251;1085,018
055:0,006;366,199;490,176;504,102;554,014;573,009;621,015;749,206;784,015;843,163;870,160;884,086;907,184
056:0,006;368,102;409,014;476,210;529,191;568,204;761,080;849,195;902,272;1191,174
057:0,006;249,133;421,015;445,245;450,265;758,263;852,003;936,163;1044,238;1055,003
058:0,006;462,084;470,005;623,208;814,025;843,163
059:0,006;378,171;387,254;589,015;770,225;782,011;790,025;1029,192;1045,246;1141,138
060:0,006;269,014;384,099;504,089;565,198;597,245;616,174;682,149;760,116;779,101;854,084;1164,011
061:0,007;666,005
062:0,007;720,264;779,005;1088,017;1126,265
063:0,007;328,016;417,270;421,007;572,101;652,018;666,005
064:0,007;483,245;666,005
065:0,007;664,111;677,005
066:0,007;666,005
067:0,007;400,200;593,170;792,206;1041,003;1085,260;1166,147
068:0,007;743,101;760,020;767,252;782,130;788,167;794,168;918,011;922,086;1040,200;1168,271
069:0,007;417,270;480,023;508,009;528,178;785,184;928,005
070:0,007;572,101;634,265;651,148;666,005
071:0,008;273,080;294,167;440,007;666,152;718,015;770,236;778,019;1051,021
072:0,008;255,150;429,018;437,010;446,204;475,007;546,192;554,171;621,151;684,112;778,019
073:0,008;249,133;269,147;292,248;392,112;446,170;453,019;552,140;591,254;760,238;939,184;944,148;1049,003;1057,269;1084,173
074:0,008;266,005;268,199;320,019;581,148;699,149;778,019
075:0,008;262,124;318,167;375,010;423,089;685,247;778,019
076:0,008;342,254;376,010;446,115;572,013;604,148;650,101;727,266;778,019
077:0,008;375,016;377,260;606,016;710,086;778,019;1057,269;1172,136
078:0,008;262,124;778,019;1058,106;1088,003;1106,160;1157,109;1187,251
079:0,008;286,225;315,019;610,009;613,080;618,232;649,016;778,019
080:0,008;215,119;369,273;428,014;574,013;581,009;589,141;752,176;778,019;909,266;947,018;970,162;996,025;1014,003;1123,129
081:0,009;229,020;263,230;414,183;457,239;556,117;760,020;836,242;1091,175;1166,016
082:0,009;234,023;313,229;558,019;568,249;715,200;749,189;781,088;877,198;1099,264;1169,019
083:0,009;556,117;670,245;694,011;760,020;782,228;922,025;925,011
084:0,009;781,088;895,147;952,205;1052,109;1101,105;1168,160
085:0,009;760,020;774,221;826,264;874,023;1101,105;1185,250
086:0,009;622,003;734,011;760,020;775,236;919,078;1032,011;1121,005
087:0,009;768,206;854,162;921,212;924,011;953,136;1054,224;1195,198
088:0,009;787,225;848,016;932,025;952,205;1098,140;1100,269
089:0,009;255,150;444,168;501,010;506,174;601,198;623,260;670,117;688,193;760,020;774,221;987,124;1034,080;1057,019
090:0,009;556,249;590,018;609,156;673,111;720,238;760,020;836,242;849,003;1159,019
091:0,010;600,104;710,252;841,176;866,128;1039,174;1069,077;1099,123
092:0,010;597,251;640,247;754,123;877,273;900,109;938,023;1008,168;1087,198
093:0,010;596,016;691,232;731,086;784,266;884,163;907,023;1047,083;1065,109;1152,003
094:0,010;583,160;618,251;748,011;909,163;911,176;921,019;1142,011
095:0,010;621,162;769,117;835,191;1063,111
096:0,010;584,007;657,238;838,141;895,011;1189,124
097:0,010;475,003;544,273;751,114;788,236;818,254;825,204;826,221;1051,260;1185,021
098:0,010;587,018;708,264;741,011;743,264;942,266;985,270;989,136;1013,011
099:0,010;150,006;198,173;205,273;558,192;861,131;933,078;971,023;1115,113;1126,140
100:0,010;673,273;681,011;729,104;795,178;799,152;860,236;870,252;930,016;1067,163;1177,147
101:0,011;127,003;197,001;238,174;331,015;524,123;714,147;1004,121;1027,206
102:0,011;117,239;285,020;380,147;458,246;534,019;581,132;616,191;627,250;737,018;756,193;914,025;977,018;999,183;1017,025;1079,206
103:0,011;28,174;353,018;355,140;374,239;503,254;533,265;556,146;598,009;640,245;819,261;905,270;950,160;1086,271;1091,016
104:0,011;28,174;33,020;95,147;252,176;562,133;607,009;747,261;1135,271;1151,242
105:0,011;133,256;191,005;438,267;457,270;536,023;745,136;837,146;925,018
106:0,011;175,005;249,200;404,133;627,206;742,273;783,099;800,263;811,138;827,115;839,025;1116,089
107:0,011;117,239;124,020;241,102;290,133;306,246;475,003;802,016;813,263;919,195;1036,017;1050,253;1140,198;1166,018
108:0,011;135,273;201,010;272,191;480,204;525,109;728,229;772,018;829,233;907,160
109:0,011;165,012;189,020;215,173;269,020;325,005;390,167;427,174;499,099;765,168;840,025;977,238;1036,253;1195,123
110:0,011;167,014;172,246;209,087;264,003;320,153;599,132;821,023;830,106;1065,025;1116,162
111:0,012;234,023;1112,252
112:0,012;69,200;144,147;146,003;216,019;279,119;455,150;474,009;520,170;671,009;758,229;886,207;945,025;975,018;1091,011;1101,005;1147,112
113:0,012;302,225;407,245;439,140;534,007;647,102;719,116;729,152;827,025;840,128;890,078;891,018;945,264;1097,271;1132,025;1166,175
114:0,012;234,023;570,009;581,193;610,266;622,009;675,023;1123,265
115:0,012;116,130;167,272;200,249;209,018;218,200;234,023;1143,084
116:0,012;234,023;1105,168
117:0,012;116,130;168,274;234,023;316,014;385,195;546,009;746,018;812,147;851,003;1171,264
118:0,012;234,023;1112,252;1164,089
119:0,012;234,023;666,005;834,128;863,192;874,264;882,088;917,152;934,215;951,023
120:0,012;258,007;323,239;397,019;399,023;939,011;1153,077;1160,019
121:0,013;92,272;255,119;260,001;362,018;367,200;379,119;440,089;486,263;613,153;666,005;678,200;714,005;735,023;788,018;820,131;876,109;895,271;957,266;1058,115;1082,147;1146,184
122:0,013;188,273;268,209;357,260;469,207;528,167;658,209;749,249;1126,242;1131,148
123:0,013;192,200;286,003;357,260;358,015;401,023;413,243;491,016;578,250;771,237;812,264;816,195;899,225;916,018;976,005;1072,191;1081,258;1111,003
124:0,013;181,212;187,209;313,005;447,095;492,136;498,014;520,003;558,225;749,117;774,146;811,140;813,005;932,272;956,106;1045,178;1062,018;1169,021
125:0,013;218,246;235,256;262,272;294,256;461,080;468,237;751,023;834,212;858,109;975,272;1033,019;1109,005;1119,142;1130,136
126:0,013;202,096;218,246;338,272;344,020;387,016;517,225;554,010;570,171;624,154;767,023;903,263;1063,136;1146,258;1194,260
127:0,013;184,012;212,267;411,157;518,016;524,019;561,265;606,080
128:0,013;187,209;202,096;210,256;360,229;435,133;459,183;485,003;596,023;600,249;959,175;1017,200;1040,195;1093,249
129:0,013;185,020;220,109;424,009;432,167;508,003;766,250;800,178;898,206;990,148;1125,109
130:0,013;92,272;104,012;238,140;313,015;362,243;404,181;446,273;521,003;861,204;1113,138;1164,005
131:0,014;619,195;629,270;756,160;928,025;977,140;1073,238;1133,017
132:0,014;619,195;670,009;680,112;694,111
133:0,014;594,016;772,023;927,129;1103,017
134:0,014;589,141;719,003;827,258;1143,005
135:0,014;643,151;717,005;803,111;1034,129;1069,154;1191,083
136:0,014;604,089;686,018;964,129;1009,018;1089,129;1192,163;1197,176
137:0,014;633,266;838,011;1020,224;1107,003;1132,077;1148,246
138:0,014;406,248;436,254;492,019;591,202
139:0,014;698,112;743,141;794,005;853,266;929,128;1143,258
140:0,014;102,267;490,256;499,018;565,016;685,018;705,162;778,025;780,162;851,184;899,238
141:0,015;625,132;803,005;949,246;989,176;1011,003
142:0,015;698,101;850,003;1120,019
143:0,015;892,124;899,192;915,124;966,184;1030,019;1050,176;1187,016
144:0,015;455,204;642,007;674,160;763,208;815,141;863,123;936,005;993,086
145:0,015;841,025;845,136;934,123;1027,018;1074,126;1083,005;1095,202;1124,003
146:0,015;828,005;943,003;1158,238
147:0,015;16,102;286,006;321,193;428,009;429,005;473,009;490,005;633,238;710,264;718,018;1001,195
148:0,015;593,207;611,140;687,011;769,140;781,207;899,019;937,236;1034,121;1053,221
149:0,015;16,102;45,001;117,009;161,212;201,239;216,272;443,150;509,193;512,270;597,247;615,147;804,123;811,015;842,098;931,136;974,193;992,251;1017,242;1180,260
150:0,015;838,200;940,123;1112,251;1190,271
151:0,016;500,272;591,229;641,023;651,251;671,195;840,229;918,178;1059,016
152:0,016
153:0,016
154:0,016;1082,217;1164,221
155:0,016
156:0,016
157:0,016;575,080;587,136;601,200;670,195;674,005;747,114;788,254;803,270;924,005
158:0,016
159:0,016
160:0,016;1082,217
161:0,017;143,020;164,012;188,020;296,153;354,016;478,193;487,009;501,261;704,023;918,016
162:0,017;242,018;666,005;671,152;745,272;896,136;913,215;931,270;1076,019;1164,005
163:0,017;247,015;479,150;507,260;561,254;675,260;808,178;909,246;944,238;969,003;1007,270;1122,025
164:0,017;192,173;292,199;347,193;474,261;801,272;925,229;936,023;945,261;1088,005
165:0,017;247,009;279,005;573,015;644,130;669,272;726,121;832,019;846,198;931,260;1037,173;1038,018;1050,123;1069,083
166:0,017;67,025;99,016;108,018;114,005;623,149;690,195;732,263;763,167;802,200;832,258;857,154;892,077;1159,128;1183,253
167:0,017;217,020;262,167;265,096;296,210;397,195;481,248;542,160;575,099;712,005;759,023;772,162;862,025;905,195;992,011;1006,083;1105,011
168:0,017;237,248;675,161;716,009;734,206;767,212;773,178;802,245;832,260;1062,086;1199,084
169:0,017;319,273;348,019;411,157;447,230;521,005;555,252;577,260;906,178;1040,003
170:0,017;209,229;338,010;403,140;415,112;429,137;455,109;488,005;612,018;708,272;757,109;771,273;864,258;1068,138;1119,019;1146,173;1151,175
171:0,018
172:0,018
173:0,018
174:0,018
175:0,018;378,171;555,016;571,009;634,193;635,207;777,212;784,174;799,141;815,109;849,016;905,005;1034,221;1152,003
176:0,018;600,104;653,229;742,009;757,184;843,115;878,011;959,173;983,098;1066,106;1090,017
177:0,018;134,006;183,005;189,140;768,005;795,011;809,193;830,250;881,147;885,011;886,271;941,077;1060,183;1087,269;1088,115;1163,123;1193,109
178:0,018;797,084;931,250;960,272;965,232
179:0,018;189,140;215,008;235,020;316,093;371,018
180:0,018
181:0,019;189,101;256,095;572,013;666,005;691,174;760,005;787,228;945,018;954,011;1123,184;1130,250;1153,003
182:0,019;572,013;625,007;642,147;681,011;961,173;1006,018;1032,124;1111,140;1123,025;1144,121
183:0,019;189,191;335,133;396,023;404,080;551,005;591,016;619,201;681,011
184:0,019;572,013;646,015;652,136;672,167;681,011;790,212;936,162;1128,025
185:0,019;342,254;406,010;572,013;681,011
186:0,019;619,201;681,011;1124,239
187:0,019;623,208;703,207;770,232;906,251;915,193;927,251;1144,121
188:0,019;572,013;681,011
189:0,019;572,013;629,161;681,011;1018,271;1082,011
190:0,019;572,013;653,202;680,016;753,011;980,019;1109,239
191:0,020;221,096;296,109;344,009;346,170;492,115;541,015;612,116;666,115;683,202;954,174;1036,017;1109,239;1116,021
192:0,020;209,229;233,249;297,020;411,225;475,003;885,246;1036,017
193:0,020;404,272;475,003;676,005;693,263;702,003;886,266;895,236;1036,017
194:0,020;358,124;434,209;638,003;749,078;854,193;1057,271;1185,011;1194,025
195:0,020;361,109;363,005;440,087;450,230;475,003;661,121;689,248;706,167;760,020;772,106;806,146;830,232
196:0,020;389,183;400,160;475,003;551,250;624,018;681,263;754,003;1036,017
197:0,020;400,160;459,170;475,003;1036,017
198:0,020;362,102;472,133;475,003;925,263;928,261;938,131;960,168;1036,017
199:0,020;388,209;554,115;648,016;661,121;768,138;781,124;821,086;992,147;1035,003;1036,017
200:0,020;221,147;612,102;674,005;706,117;716,016;749,078;932,025;1036,017
