001:0,001;101,004;228,104;436,137;863,210;947,106
002:0,001;71,200;138,077;168,095;177,274;270,215;514,096;617,114
003:0,001;48,188;66,003;81,104;219,206;389,131;453,223;585,157;680,265;774,204;780,077;890,200
004:0,001;47,181;121,010;152,012;157,167;167,010;197,210;360,209;391,180;465,017;509,249
005:0,001;39,267;252,265;408,268;476,155;514,017;1042,153
006:0,001;70,014;132,167;155,152;302,156;316,223;495,017;496,106;559,257;590,259;992,247
007:0,001;139,237;311,106;689,234;845,174;889,156;895,166;898,135;921,103
008:0,001;132,167;202,181;252,111;901,017;951,259
009:0,001;55,127;224,234;313,244;350,088;1146,275
010:0,001;62,100;101,004;215,179;220,007;358,109;459,156;597,210;659,191;675,215;741,082;830,087;952,088;1042,153
011:0,002;186,159;308,117;336,156;446,111;489,267;644,117;1130,206
012:0,002;280,224;589,143;992,265
013:0,002;455,143;770,257
014:0,002;147,180;296,270;368,226;675,129;717,198;819,118;926,135;934,154
015:0,002;86,179;131,131;337,017;462,121;794,118;813,267;858,268;870,198;993,205
016:0,002;211,244;455,143;583,179;663,182;672,179
017:0,002;155,178;186,076;195,257;300,172;399,104;660,172;684,017;988,133
018:0,002;247,238;280,224;471,081;556,262
019:0,002;144,215;310,169;322,081;528,275;625,163;782,204;823,076;882,008;993,205;1078,087;1087,198
020:0,002;186,076;272,167;310,133;833,008;840,209
021:0,003;142,275;498,152;528,082;685,191;967,265;985,169;1012,114;1072,196
022:0,003;163,123;494,257;499,123;555,181
023:0,003;183,254;243,088;541,232
024:0,003;89,141;167,226;226,204;373,256;672,166
025:0,003;35,107;245,157;342,121;560,167;719,257;753,174;803,121;873,248
026:0,003;100,256;142,156;226,175;242,167;349,096;357,152;513,172;1149,237
027:0,003;33,138;122,107;126,182;360,179;569,191;1111,267
028:0,003;106,265;218,214;252,191;633,254;779,186;824,109;872,270;928,213;958,103
029:0,003;107,002;141,244;205,085;206,088;333,166;356,017;360,163;595,102;916,272;978,155
030:0,003;100,256;191,081;270,248;484,249;496,154;564,088;943,210
031:0,004;89,114;152,010;242,174;295,082;393,209;785,087;818,269
032:0,004;157,150;488,214;533,100;634,150;736,172;758,123
033:0,004;169,010;244,269;502,228;621,181;632,248;878,167;1130,143
034:0,004;89,114;199,103;549,129;669,163
035:0,004;170,083;308,096;506,269
036:0,004;199,103;207,226;391,159;694,212;704,246;944,135
037:0,004;210,206;305,207;384,100;468,212;764,166;891,212;1177,163
038:0,004;157,150;372,237;454,141;464,237;524,152;654,244;748,100;810,105
039:0,004;150,169;627,244
040:0,004;170,083;206,213;369,113;529,168;558,228;645,135;871,017;1003,143
041:0,005;26,077;86,204;206,137;278,141;393,204;689,256;972,174
042:0,005;26,077;111,210;189,007;221,178;520,218;1000,148
043:0,005;31,008;45,247;92,213;114,274;116,255;392,206;477,150;699,085;712,187;905,226
044:0,005;136,007;222,183;259,254;268,136;289,238;379,127;624,267;787,265;915,263
045:0,005;76,262;113,268;576,085;847,204
046:0,005;184,248;269,268;396,226;536,255;994,211;1120,087;1188,212
047:0,005;25,156;170,255;612,100;746,083;766,121
048:0,005;25,156;116,166;132,257;147,237;708,275;843,118;985,109;987,097;1081,226;1166,172
049:0,005;73,272;192,136;337,210;476,224
050:0,005;27,247;64,100;159,236;184,248;316,152;328,262;361,131;373,155;467,191;564,137;629,102;829,180;951,100;1108,180
051:0,006;155,178;458,234;662,210;831,008;976,186
052:0,006;92,213;197,010;323,209;686,123;831,008;983,143;1089,205
053:0,006;87,247;91,181;593,133;602,081;831,008;979,191;1130,211
054:0,006;100,186;324,249;370,182;702,175;831,008;976,186
055:0,006;84,210;102,132;189,172;395,135;823,218;831,008;950,210
056:0,006;89,136;104,191;179,088;202,180;249,179;331,215;417,144;517,259;583,077;963,102
057:0,006;88,238;113,017;115,182;568,106;719,224;759,085;799,083;903,232;970,008;1053,183
058:0,006;137,081;314,137;417,265;831,008;1034,196
059:0,006;55,267;303,123;370,096;733,097;1046,123
060:0,006;126,169;292,183;346,186;831,008;875,190;955,087
061:0,007;147,123;158,114;184,007;247,249;307,118;366,257;475,148;846,133;880,206;1122,191
062:0,007;122,094;215,012;306,174;370,210;581,166;652,159;714,200;724,127;932,265
063:0,007;260,232;519,107;632,087;1072,198
064:0,007;292,109;355,132;614,259;749,150
065:0,007;73,272;181,012;427,272;630,249;720,130;811,137;970,190
066:0,007;196,132;202,012;475,148
067:0,007;316,017;336,248;432,174;814,270;954,107
068:0,007;122,094;218,012;275,174;732,131;791,270;796,097;933,081;1054,083
069:0,007;276,254;689,132;868,272;950,127
070:0,007;292,109;560,226;790,209;903,077;1015,244
071:0,008;56,095;100,015;210,223;250,161;532,223
072:0,008;55,142;73,010;135,152;351,244;369,166;411,150;476,221;501,263;909,187
073:0,008;28,099;56,095;147,131;171,183;370,136;435,265;585,076;670,104;1085,097
074:0,008;28,099;148,141;158,017;249,121;456,168;828,214;1167,109
075:0,008;81,168;519,221;755,215;805,275;1144,098
076:0,008;117,129;658,181;664,114;984,256
077:0,008;217,175;298,180;371,154;444,089;532,081;616,187;854,172
078:0,008;64,190;69,015;153,007;250,161;399,255;528,214;817,155;847,275;866,103;872,234
079:0,008;53,182;123,015;200,087;616,175;698,198;710,248;760,172;849,143;854,187
080:0,008;53,018;81,168;447,166;565,103;689,154;917,083
081:0,009;28,085;68,127;99,141;126,265;430,099;720,204;842,268
082:0,009;62,102;626,096;671,272;902,159
083:0,009;67,181;76,014;124,181;148,257;351,099;364,159;602,123;745,180;766,181;858,234
084:0,009;27,085;49,015;64,132;99,117;617,257;814,254;839,218;844,263;1009,077
085:0,009;29,240;46,014;83,007;99,117;222,111;337,254;395,163;404,087;766,083;1050,180;1067,182;1108,237;1143,155
086:0,009;52,268;257,117;306,155;346,259;362,236;493,150;624,253;642,085;673,175;967,267;1053,097
087:0,009;28,236;122,175;183,254;295,256
088:0,009;81,141;96,262;216,141;257,107;290,081;339,129;481,262;549,254;630,017;995,246
089:0,009;64,132;362,117;578,182;630,275;647,183;1129,100
090:0,009;32,268;57,138;78,014;166,125;179,156;301,017;317,083;525,137;562,152;630,272;858,169;973,213
091:0,010;218,106;425,244;594,268;840,207
092:0,010;220,270;460,127;504,213;723,099;947,183;1030,168
093:0,010;186,133;572,168;1018,194
094:0,010;52,144;96,097;330,236;337,163;340,226;361,191;459,131;850,155;942,097;975,194
095:0,010;294,191;357,111;417,254;525,017;536,187;608,017;700,106;853,102;1189,129
096:0,010;131,131;146,183;211,223;397,238;402,214;503,234;863,150
097:0,010;132,200;182,272;186,133;289,267;406,085;515,257;543,089;633,182;653,187;702,081;917,017;975,194;1001,118
098:0,010;131,088;230,017;317,206;632,081;668,265;672,238;700,254;762,224;971,008;1011,204
099:0,010;218,106;298,087;404,172;481,268;633,169;661,105;952,246;993,082;1086,088;1193,249
100:0,010;146,183;163,007;168,012;221,129;320,214;399,172;642,268;691,118;835,099;1169,224
101:0,011;34,111;207,085;474,232;527,141;856,218
102:0,011;30,210;34,111;229,234;373,107
103:0,011;36,249;437,017;546,131;728,213;924,182;1067,262;1068,236
104:0,011;71,107;106,085;397,183;660,127
105:0,011;30,210;326,017;576,267;619,130;671,169;808,182;1177,226
106:0,011;30,104;198,200;404,136;438,215
107:0,011;39,002;216,103;939,180;1044,077
108:0,011;72,099;102,100;513,275;519,155;610,017;619,130;804,267;876,129;897,017;936,098
109:0,011;127,129;215,132;333,235;483,129;532,127;678,267;811,174;933,085;1057,081
110:0,011;30,104;78,004;153,154;485,141;521,215;643,187;645,107;936,098;1127,182
111:0,012;313,267;564,017;1059,267
112:0,012;392,017;489,244;637,157;678,130;687,209;831,008;951,211
113:0,012;241,141;452,263;840,168;886,268
114:0,012;452,263;487,270;672,076;840,215;1168,179
115:0,012;258,198;439,249;472,100;597,224;685,235;691,172;712,159;873,106
116:0,012;196,123;232,118;279,102;338,127;373,244;423,163;555,246;758,223;824,198;1087,082
117:0,012;308,131;521,236;865,143;976,232;1149,117
118:0,012;242,174;272,100;380,272;638,228
119:0,012;300,017;408,161;519,017;643,105;805,130;974,262;1054,156
120:0,012;163,097;779,254;804,198;868,275
121:0,013;6,166;85,138;260,214;448,207;849,085;1151,183
122:0,013;40,137;60,097;78,192;124,138;259,089;400,207;425,114;597,082;635,137;803,143;808,215;837,130
123:0,013;47,102;130,118;227,017;259,089;1158,181
124:0,013;76,010;271,135;391,155;551,214
125:0,013;6,166;66,007;173,167;271,135;338,102;583,204;772,180;873,207;906,129;1187,214
126:0,013;60,097;160,275;288,235;332,169;455,248;529,237;885,181;1158,088
127:0,013;44,144;412,200;603,167;619,223;748,186;773,129
128:0,013;51,274;265,017;425,114;657,200;905,212;918,166
129:0,013;45,186;51,274;100,238;324,272;372,017;451,141;732,106;941,155;977,137
130:0,013;39,249;243,144;616,235;638,111;899,121
131:0,014;67,015;126,262;132,274;173,141;239,017;320,257;526,144;642,082;648,144;729,237;1086,085
132:0,014;141,010;225,096;326,082;521,206;1096,104
133:0,014;127,088;158,010;235,207;303,024;410,234;433,238;748,017;981,257
134:0,014;166,125;235,207;832,204;1008,218
135:0,014;147,102;277,076;575,187;638,083;640,089;698,226;1075,180
136:0,014;82,244;139,237;145,179;243,087;293,190;419,157;490,248;708,268;854,131;910,168
137:0,014;82,244;229,199;253,262;324,248;333,234;404,270;814,100
138:0,014;82,204;574,163;664,234;686,232;873,076;883,180;900,148;910,209;1139,191
139:0,014;83,123;191,007;228,156
140:0,014;192,272;423,267;436,104;724,249;1188,215
141:0,015;145,200;172,166;267,186;742,200;878,131
142:0,015;155,082;280,125;643,017;720,183;933,235
143:0,015;92,257;180,154;363,262;971,104
144:0,015;150,099;340,111;351,232;471,118;690,103;743,109;816,255;862,267;1090,144
145:0,015;147,180;175,214;320,259;341,159;372,238;433,190;474,180;727,104;886,137
146:0,015;61,085;197,256;372,270;381,167;537,257;714,235;812,085;922,200
147:0,015;167,214;214,017;616,175;620,144
148:0,015;145,190;856,248;860,123;1041,130
149:0,015;145,190;279,123;295,200;709,212;897,100;927,008;975,235
150:0,015;61,236;298,275;411,269;706,150;837,265;954,154
151:0,016;43,175;163,002;177,077;575,121;750,103;838,154;947,008;990,247;1076,114
152:0,016;49,210;82,015;145,238;183,125;462,169
153:0,016;27,018;30,136;76,015;92,017;103,010;148,262;333,237;352,262;467,198;528,083;738,218;816,132;874,109;978,130;1040,263
154:0,016;30,136;181,215;263,159;356,135;632,167;825,135
155:0,016;28,246;131,186;178,200;279,083;585,117;637,212;646,232;669,181;762,246
156:0,016;38,257;43,175;119,127;334,097;726,167
157:0,016;38,257;121,136;244,269;393,132;688,127;715,159;1107,206
158:0,016;77,255;161,141;164,256;294,017;637,155;929,102;962,253;1187,182
159:0,016;86,179;197,272;302,136;400,082;485,210;701,082;728,210;747,141;857,082
160:0,016;13,014;71,200;77,255;87,002;96,077;767,259;931,118
161:0,017;246,127;458,017;998,255
162:0,017;617,253;645,017;852,008;862,017;1010,099;1168,232
163:0,017;874,236
164:0,017;209,104;395,099;421,275;773,133;985,224;1165,089
165:0,017;278,166;743,236;804,155;810,169;849,008;883,133
166:0,017;323,163;374,234;492,085;633,255;811,270;847,175;964,213;965,180;1088,247
167:0,017;384,174;421,215;429,221;516,076;804,017;878,248
168:0,017;211,199;255,226;326,167;602,163;622,132;816,236;1037,272;1191,102
169:0,017;27,144;30,017;378,081;458,218;504,221
170:0,017;157,007;245,157;385,118;789,248;839,167;854,254;876,103;911,131;936,117
171:0,018;56,123;145,246;690,270;764,210;872,082;968,272
172:0,018;139,010;140,002;301,228;501,236;702,089
173:0,018;74,191;280,012;352,113;637,206;875,255
174:0,018;142,235;911,180;918,207
175:0,018;107,099;651,100;845,081
176:0,018;301,228;551,157;625,179;1163,159
177:0,018;125,118;455,017;840,253
178:0,018;142,235;273,180;793,226;897,244;940,131;964,211;988,114;999,259
179:0,018;217,087;224,117;241,246;491,109;738,129;754,144;1082,262
180:0,018;137,081;188,272;197,236;516,085;565,155;799,131;876,210;937,212
181:0,019;15,158;84,268;103,186;124,144;230,082;303,024;356,155;383,123;678,182;895,156;1027,169
182:0,019;29,172;159,100;267,121;303,024;328,076;504,235;612,200;648,228
183:0,019;26,226;151,095;159,082;221,270;281,118;303,024;425,218;516,190;594,109
184:0,019;21,259;289,244;309,121;341,136;365,183;645,113
185:0,019;26,226;200,131;303,024;317,017;319,212;467,109;476,154;771,254
186:0,019;29,172;246,175;303,024;335,152;491,082;596,265;661,082;763,244;896,174
187:0,019;34,014;41,246;238,096;286,232;303,024;380,213;502,157;554,113
188:0,019;21,259;104,095;219,076;303,024;319,212;637,191;651,083;790,221
189:0,019;14,158;110,259;508,111;634,152;800,154;838,152
190:0,019;65,137;166,141;199,186;255,121;259,181;549,248;630,117;931,267;963,244;993,109;1160,085
191:0,020;21,006;35,142;96,002;140,234;228,127;230,179;617,133;771,212;874,223
192:0,020;12,234;119,221;464,178;519,232;636,175;667,129;871,148;892,104;965,131
193:0,020;43,155;373,249;628,190
194:0,020;250,198;659,166;667,183;705,182;799,082;858,253;901,237
195:0,020;86,221;415,259;605,156;881,254
196:0,020;28,236;58,010;67,137;497,125;658,152
197:0,020;43,155;297,107;507,218;714,269;815,143;819,257;958,155;1131,167
198:0,020;31,137;67,166;314,232;346,157;546,198;799,163;1160,209
199:0,020;77,192;125,213
200:0,020;20,234;212,107;368,259;406,238;666,099;816,235;955,105
