001:0,001;486,005;584,020
002:0,001;229,086;280,249;299,011;333,183;416,004;422,180;583,151;584,020;1194,253
003:0,001;441,202;498,230;584,020;922,168;955,085;1076,252;1090,157;1108,256;1166,115;1191,161
004:0,001;624,269;632,021;746,150;899,023;1099,098;1123,257;1152,137
005:0,001;555,224;722,023;746,125;847,020
006:0,001;482,206;705,248;906,157;939,020
007:0,001;584,020;786,021;900,210;910,098;1035,020;1194,253
008:0,001;333,183;597,023;624,269;705,223;842,116;1015,098;1076,194;1100,023
009:0,001;540,005;567,175;584,020;1163,252
010:0,001;482,137;584,020
011:0,002;208,129;278,232;395,224;458,084;686,021;1005,188;1118,020
012:0,002;204,162;389,005;403,098;427,189;466,006;478,206;528,232;721,021;734,175;1179,158
013:0,002;213,249;235,015;254,011;263,015;268,020;382,025;451,175;549,086;575,021
014:0,002;219,076;382,025;446,194;552,019;575,021;671,001;760,175;988,126;1135,017;1154,173
015:0,002;190,019;195,239;215,121;229,177;382,025;415,148;418,255;451,175;456,188;575,021;802,178;828,098;894,271;965,089;1002,010;1098,119;1157,271;1173,166
016:0,002;187,019;265,090;270,011;273,020;278,232;575,021
017:0,002;195,239;202,241;233,016;382,025;447,122;486,189;575,021
018:0,002;202,265;204,162;248,003;264,188;308,128;374,124;417,084;528,163;575,021
019:0,002;202,241;300,236;382,025;427,189;504,224;514,116;531,090;552,076;575,021
020:0,002;215,121;272,005;382,025;441,132;451,013;465,023;521,189;550,202;575,021
021:0,003;709,111;822,244;901,275;919,266;1060,103;1074,175;1142,021;1187,023;1195,272
022:0,003;281,256;440,096;449,013;460,157;605,013;619,232;629,090;635,006;798,161;868,215;1116,252
023:0,003;679,254;716,230;787,090;811,122;1149,103;1188,017
024:0,003;648,262;783,124;811,227;909,254
025:0,003;281,256;312,009;326,019;329,014;375,202;637,019;667,168;714,180;765,182;804,017;852,172;879,227
026:0,003;655,178;683,180;780,174;1129,021;1149,182
027:0,003;648,262;670,189;960,111;1001,119;1132,116;1137,180;1158,119
028:0,003;596,143;638,090;702,141;739,010;862,124;919,151
029:0,003;765,182;1124,017
030:0,003;688,223;819,001;892,125
031:0,004;553,173;562,022;587,178;631,248;685,010
032:0,004;543,017;554,001;562,022;587,158;685,010
033:0,004;562,022;576,236;634,019;685,010
034:0,004;551,187;717,256;743,168;1094,010
035:0,004;546,191;562,022;572,182;685,010
036:0,004;250,214;339,013;776,001;806,187;1191,076
037:0,004;507,226;562,022;576,118;587,158;598,189;674,262;716,021;726,013;731,010
038:0,004;548,086;604,132;644,244;685,010
039:0,004;434,143;553,173;562,022;576,013;685,010
040:0,004;508,011;546,191;562,022;626,188;653,148;808,266;879,105;996,269;1040,179;1103,224;1132,021
041:0,005;694,015;715,017;768,248;788,244;789,202;857,122;1073,206
042:0,005;592,166;829,111;841,194;854,148;983,206;1083,020;1163,114
043:0,005;575,141;695,006;738,076;818,174
044:0,005;173,147;280,018;314,090;367,174;387,025;418,214;775,180;1076,021
045:0,005;100,004;173,147;317,004;368,005;372,018;570,095;641,013;797,126;917,076;1056,148;1098,023;1148,088
046:0,005;382,025;423,015;563,148;634,127;729,163;759,020;792,166;1146,218
047:0,005;570,095;575,122;612,150;677,001;741,020;870,202;1008,021
048:0,005;575,141;806,145;988,161;996,148;1004,256;1016,202;1069,021;1116,167;1178,163
049:0,005;656,076;900,127;934,254;965,272;1158,244
050:0,005;575,122;668,020;955,085
051:0,006;584,020;630,019;635,178;1156,122
052:0,006;763,206;830,160;917,143
053:0,006;685,010;716,160;1028,227;1057,098;1185,269
054:0,006;744,107;772,006;781,124
055:0,006;59,018;308,271;313,018;492,236;514,112;597,272;645,082;700,006;779,023;898,131;1079,006;1151,275
056:0,006;187,024;205,016;376,227;387,177;497,004;533,082;666,202;792,107;795,230;834,202;957,172;1013,148
057:0,006;809,128
058:0,006;796,017;877,115;1093,122
059:0,006;744,107;753,157;779,163;913,021;929,192;1044,230;1055,010
060:0,006;716,160;809,019;814,250;859,127;886,111;1024,092;1078,010;1121,232
061:0,007;223,001;607,250;803,140;817,128;896,143;906,241;1039,257;1083,195;1131,269
062:0,007;194,019;268,140;349,134;381,202;415,224;420,188;439,019;544,206;635,084;654,252;659,191;662,112;695,214;1069,239;1194,139
063:0,007;191,024;205,236;345,003;401,001;412,228;433,013;624,149;665,015;687,162;715,013;810,115;821,127;1065,167;1124,115;1160,023;1182,124;1196,175
064:0,007;188,160;257,001;491,005;526,017;627,140;737,086;896,238;900,128;1144,119
065:0,007;205,236;294,124;407,001;659,191;699,189;940,127;1035,195;1161,204
066:0,007;227,271;332,174;466,011;681,182;687,204;752,006;915,157;1135,111;1162,017;1168,211
067:0,007;208,082;268,140;600,205;612,163;616,112;685,158;755,006;819,092;1012,224
068:0,007;187,209;227,271;257,086;448,174;503,232;508,005;524,001;624,149;657,187;666,162;736,020;841,103;858,248;1146,266
069:0,007;127,124;188,160;478,258;496,003;546,013;552,017;571,125;584,182;603,019;606,015;607,020;817,198;890,145;919,206;974,224;1007,167;1060,272;1185,010
070:0,007;187,024;214,214;267,082;316,019;327,271;409,001;590,023;671,187;884,001;900,210
071:0,008;240,088;369,002;376,204;572,172;598,214;666,130;689,007;716,122;797,174;809,023;855,090;1147,126
072:0,008;326,274;465,001;588,217;612,256;689,007;697,023;743,266;792,020;857,194;1071,252;1152,239
073:0,008;330,132;416,124;468,271;699,217;773,191;789,217;826,180;852,158;875,017;1142,131;1159,159
074:0,008;247,125;329,016;376,204;535,201;575,021;584,020;1096,010;1177,232;1181,090
075:0,008;240,088;249,125;595,130;689,007;710,266;913,020;979,187;1051,215
076:0,008;335,272;369,002;483,144;521,011;741,020;1019,126
077:0,008;331,127;399,018;476,131;580,217;584,086;689,007;704,269;826,020;1174,256
078:0,008;377,271;575,194;669,015;689,007;768,194;944,244;1023,172;1072,187
079:0,008;331,127;476,131;647,020
080:0,008;105,015;557,189;609,107;620,252;708,206;719,021;863,271;888,098;939,023;1046,159;1200,017
081:0,009;408,096;540,017;649,114
082:0,009;413,096;432,252;644,107;689,232;818,001;922,145;927,139;1080,092;1100,188
083:0,009;365,130;451,019;456,183;557,132;563,019;588,015;722,269;726,252;768,017;1064,159;1082,140;1103,020;1195,130
084:0,009;403,098;721,127;805,232;832,076;844,224;968,271
085:0,009;436,003;466,014;531,023;596,021;837,172;905,139;923,017;1064,204;1097,241
086:0,009;434,107;524,021;547,140;795,017;865,001;967,194;1060,269;1113,204;1131,194
087:0,009;419,178;484,201;522,014;554,143;844,230;1034,244
088:0,009;456,098;482,125;491,107;689,007;787,157;792,017;795,151;917,148;1054,020
089:0,009;432,252;620,019;818,275;846,017;1191,143
090:0,009;116,112;127,005;429,217;483,023;811,145;816,239;1069,194;1082,076;1175,023;1195,196
091:0,010;307,262;320,191;369,002;386,205;478,140;536,178;562,022;568,256;601,023;732,158;783,001;899,204;912,180
092:0,010;315,214;404,004;614,011;699,001;742,269;905,086;915,021
093:0,010;304,255;369,002;381,011;443,201;447,122;507,256;965,023;1023,175;1069,127;1128,222;1194,093
094:0,010;304,103;419,232;444,018;457,116;508,205;662,177;702,006;725,001;869,023;1070,010
095:0,010;312,215;866,116;956,157;1078,085
096:0,010;315,084;335,271;369,002;397,004;471,116;534,180;589,023;627,137;1047,010;1051,222;1098,006;1113,100;1157,214;1190,010
097:0,010;323,271;324,196;369,002;383,163;518,232;522,215;753,023;1084,100
098:0,010;324,196;369,002;421,163;533,162;541,001;599,023;879,139;901,150
099:0,010;213,249;369,002;443,201;571,178;584,011;661,086;757,204;888,001;908,161;962,098;993,021;1021,188;1081,227
100:0,010;319,098;383,004;432,124;451,013;553,001;582,189;593,188;613,095;642,021;656,217;845,023;866,254;929,204;937,232;965,224;1066,158;1146,241;1162,139
101:0,011;671,175;736,127;750,151;783,021;876,150;938,215;953,204;1047,006;1083,180;1091,194
102:0,011;271,101;352,214;474,255;526,224;964,021
103:0,011;698,252;804,137;1183,232
104:0,011;704,151;1032,020;1037,151;1047,006
105:0,011;754,098;825,131;953,187;973,131;1047,006
106:0,011;605,175;725,076;727,262;974,248;1047,006
107:0,011;713,145;794,178;799,017;811,010;851,092;1134,006
108:0,011;463,125;470,019;662,084;683,166;712,013;751,006;851,206;905,188;996,272;1047,006
109:0,011;687,110;777,127;821,150;831,215;909,248;936,166;1107,010;1134,174
110:0,011;516,175;658,205;660,151;687,110;724,006;783,119;948,089;1047,006
111:0,012;154,011;155,082;251,010;260,016;394,243;524,021;535,096;567,177;610,217;624,182;647,272;752,202;756,272;933,192;1040,275;1116,166;1165,017
112:0,012;201,177;728,137;751,006;768,139;1127,020;1136,127
113:0,012;152,244;201,177;218,019;307,262;322,016;408,001;472,180;524,021;535,172;629,250;692,174;773,001;793,206;1060,160;1062,254
114:0,012;155,082;160,018;168,008;229,003;283,015;361,272;868,023;1109,121;1187,137
115:0,012;184,172;213,008;299,230;549,017;564,204;690,137;711,178;787,017
116:0,012;192,230;326,217;594,271;1154,088;1167,241
117:0,012;167,183;192,230;279,172;369,128;394,243;524,021;533,017
118:0,012;155,016;361,217;395,004;508,127;510,125;524,021;526,017;561,187;593,151;635,017;849,001;879,144
119:0,012;151,117;295,016;438,236;524,021;568,151;737,232;761,257;1117,086;1165,128
120:0,012;149,172;288,090;336,274;465,256;495,082;524,021;554,230;678,174;792,140;1060,086;1100,232;1133,275;1144,017
121:0,013;169,223;277,082;467,132;502,098;737,206;782,158
122:0,013;845,021;1038,023;1079,143;1169,111
123:0,013;828,217;842,198;891,209
124:0,013;682,158;730,098;866,010;891,209
125:0,013;438,140;471,130;584,244;613,023;804,238;957,124;1079,202;1095,023;1163,272
126:0,013;526,017;587,111;958,115
127:0,013;587,111;689,007;754,244;1044,020;1091,206
128:0,013;788,224;829,271;853,119;856,275;892,266;987,182;1074,023;1081,182;1147,098;1195,115
129:0,013;365,130;617,006;794,188;918,215;925,188;1012,103
130:0,013;789,250;891,076;956,023;1040,021;1077,103;1148,256;1190,151
131:0,014;559,023;608,248;612,230;1069,006
132:0,014;483,144;616,003;626,144
133:0,014;584,144;872,161
134:0,014;567,013;768,256;1022,105
135:0,014;304,255;559,238;640,122;853,166;936,145;1044,023
136:0,014;382,025;465,006;608,248;656,017;703,191;798,157;875,158;1053,131
137:0,014;545,272;576,236;618,163;680,017;682,209;689,007;699,168;854,214
138:0,014;607,174;682,150;751,213;761,017;781,141;1142,017
139:0,014;584,180;699,010;970,256;1003,111;1122,194;1128,139;1145,204
140:0,014;559,238;737,019;756,238;801,126;1004,023
141:0,015;555,256;557,011;579,015;716,157;717,162;743,001;803,254;898,167;1098,202
142:0,015;24,120;246,008;315,011;632,202;694,010;754,006;836,020;933,275
143:0,015;539,143;562,011;579,015;757,224;784,254;837,269;1141,218
144:0,015;24,120;103,018;256,128;340,132;666,013;871,105
145:0,015;523,085;563,226;591,180;675,017;1078,230;1175,180
146:0,015;575,127;579,015;727,020;834,167;1000,266;1189,006
147:0,015;524,021;579,015;719,213;762,020;912,010;921,187;945,248;970,076;1181,100
148:0,015;306,019;398,125;419,019;523,085;579,015;685,010;811,195;1030,238;1155,023;1171,093
149:0,015;289,011;340,015;528,144;579,015;726,250;765,086
150:0,015;482,001;579,015;732,275;981,238;1156,224
151:0,016;361,163;398,018;429,256;543,162;625,019;628,158;664,188;761,125;1080,172;1198,125
152:0,016;371,140;419,228;526,017;764,254;798,262
153:0,016;395,001;399,178;423,148;470,014;526,017;1171,020
154:0,016;58,017;127,124;328,230;476,162;514,194;821,188;846,145;851,125;875,272;979,010;1127,218;1143,210
155:0,016;287,188;415,001;445,004;456,143;526,017;579,015;629,257;722,227;761,187;804,248;848,232;866,103;1018,017;1053,127
156:0,016;322,094;345,172;399,015;439,006;460,096;526,017;1169,173
157:0,016;230,223;255,094;401,174;413,014;526,017;1153,232;1172,086
158:0,016;230,258;255,004;282,088;361,163;369,011;442,228;526,017;629,257;1012,017;1156,111
159:0,016;230,258;526,017;967,254;1060,230;1195,211
160:0,016;371,009;388,137;476,003;526,017;894,172
161:0,017;187,024;331,084;380,001;406,025;452,112;502,076;637,157;911,227;993,116;1112,006
162:0,017;187,024;195,215;354,090;518,003;648,143;1072,214;1125,182
163:0,017;187,024;236,008;237,174;244,015;296,004;346,236;461,006;480,205;564,090;626,148;907,021;979,232;1055,248;1062,137;1137,006
164:0,017;222,014;297,086;368,019;374,090;656,238;861,020;1105,257;1133,020
165:0,017;187,024;253,008;299,076;508,174;593,015;762,017;818,115;954,119;1082,125;1194,010
166:0,017;187,024;271,101;352,019;387,076;390,084;406,236;435,018;452,112;618,013;689,131;807,161;890,187;918,163;1157,161;1180,076
167:0,017;181,006;187,024;242,266;347,019;822,116;848,089;926,126;961,168;1087,159;1133,224;1148,175
168:0,017;188,209;262,160;449,082;624,013;709,010;819,232;923,269;953,020
169:0,017;210,086;237,174;335,191;339,084;436,178;643,162;661,248;734,204;1023,116
170:0,017;195,215;304,103;421,272;460,076;491,230;497,127;506,005;531,255;533,177;565,107;599,131;881,168;909,021;1062,006;1076,023
171:0,018;483,188;817,141
172:0,018;356,215;374,011;425,226;465,023;594,163;1196,248
173:0,018;359,009;386,172;406,014;416,271;465,023;929,160;1036,161;1128,092
174:0,018;465,023;770,139;878,178;1168,023
175:0,018;487,174;668,187;669,090;748,110;786,145;807,023;1029,204;1161,195;1165,023
176:0,018;248,128;276,162;465,023
177:0,018;465,023;539,150;591,204;666,191;729,023
178:0,018;510,217;568,023
179:0,018;465,023;1047,006;1098,121
180:0,018;465,023;702,090
181:0,019;814,021;822,116;826,020;959,215;1037,256;1101,244;1158,006
182:0,019;816,239;1109,124;1162,116
183:0,019;900,241;1114,010
184:0,019;844,089;958,086;1056,232;1107,017;1145,167
185:0,019;246,217;340,013;418,082;433,226;631,019;699,271;711,114;1157,166;1193,098
186:0,019;388,137;690,127;713,271;813,195;820,140
187:0,019;865,111;873,182;983,262
188:0,019;796,252;1047,006
189:0,019;827,195;1070,151;1162,141
190:0,019;246,217;262,004;265,090;299,008;322,001;394,005;434,143;443,162;679,254;760,107;811,252;942,179;961,252;1072,160;1163,017
191:0,020;325,259;329,015;417,202;420,014;511,244;577,076;671,001;922,238;1002,202
192:0,020;322,188;464,215;514,023;546,127;565,205;592,166;671,001;924,210;1121,266;1144,140
193:0,020;319,224;412,256;425,178;432,005;492,272;506,214;572,003;650,132;669,206;739,141;759,275;804,244;810,119;850,023;858,119;997,021;1017,256;1132,215
194:0,020;319,148;618,019;631,232;671,001;941,150
195:0,020;320,191;331,006;333,134;452,003;531,150;734,006;795,021;853,010
196:0,020;338,015;376,205;502,157;671,001;940,010;1044,241;1075,006;1098,222
197:0,020;319,224;337,107;440,224;550,084;584,131;586,020;620,236;671,001;898,017;923,179;1099,139;1189,092
198:0,020;337,107;360,003;364,006;671,001;684,227;704,086;734,254;770,150;820,124;844,150;866,232;1091,111;1149,148
199:0,020;319,148;356,014;507,013;511,244;671,001;954,010;977,179;1037,023;1063,248
200:0,020;187,024;188,094;270,117;279,015;353,098;383,094;403,127;684,227;840,167;841,103;1008,161;1034,160;1192,256
