001:0,001;736,015;975,270;1082,269
002:0,001
003:0,001;425,184;625,016;740,256;765,001;965,080;968,171;1022,001
004:0,001;425,184;491,001
005:0,001
006:0,001;775,022;830,140;839,009;879,235;963,093;973,234;1059,119;1165,199
007:0,001
008:0,001
009:0,001;736,015;954,254;962,084
010:0,001
011:0,002;599,092;601,020;678,140;701,141;721,020;913,008
012:0,002;670,266;848,139;879,132;1095,160;1176,199
013:0,002;678,217;707,245;912,008
014:0,002;675,009;774,154;810,139;845,015;912,008
015:0,002;678,140;979,175;1114,008
016:0,002;396,212;515,167;575,100;845,123;850,116;912,008;1108,263;1183,250
017:0,002;669,217;718,263;1017,008
018:0,002;678,177;873,173;912,008;917,154;948,249;1098,160
019:0,002;9,132;339,010;682,084;887,134;912,008;1139,139
020:0,002;670,266;783,001;807,023;873,173;912,008
021:0,003
022:0,003;1047,248;1083,023;1097,022
023:0,003;689,253;694,003;1109,203;1110,145;1152,010;1154,022
024:0,003;456,118;466,245;483,001;514,006;540,016;573,241;608,234;711,123;857,133;895,139;908,186;910,158;1085,141;1092,008;1109,203
025:0,003;1034,180;1041,241;1166,022
026:0,003;674,019;882,190;884,268;954,100;1015,022
027:0,003;996,007;1006,142;1127,023
028:0,003;984,147;1026,016;1040,007;1046,100;1055,155;1075,223;1108,002;1138,169
029:0,003;14,006;189,241;712,009;732,242;897,155;998,181;1042,155;1156,106
030:0,003;905,019;910,158;1004,008
031:0,004;610,021;612,264;671,009;684,023
032:0,004;566,017;656,092;701,118;781,270;860,249;997,195;1038,134;1067,201
033:0,004;566,017;637,258;684,023
034:0,004;566,017;684,023
035:0,004;384,009;389,150;566,017;662,118;684,023
036:0,004;566,017;626,145;677,016;684,023
037:0,004;599,092;650,243;684,023
038:0,004;566,017;645,002;700,019;785,009;860,249;938,145;981,119;1067,140;1102,019;1119,234;1157,123
039:0,004;597,010;659,016;684,023
040:0,004;566,017;628,270;684,023
041:0,005;389,220;431,248;438,010;504,006;543,009;547,016;563,232;573,163;684,139;714,084;726,126;753,234;754,245;808,009;924,143;1037,186;1073,002
042:0,005;486,154;504,002;521,003;544,184;589,118;839,016;922,256;1025,228;1073,002
043:0,005;288,266;318,010;449,004;467,010;504,006;644,114;682,019;777,241;904,022;1068,010
044:0,005;451,172;482,097;504,006;526,136;810,015;875,139;927,084;1073,002
045:0,005;259,019;273,102;424,154;653,016;671,253;707,171;734,022;1170,132
046:0,005;387,167;513,223;1038,263;1073,002;1093,235;1157,240
047:0,005;429,019;463,175;504,006;629,132;723,016;1073,002
048:0,005;81,263;135,011;177,010;504,006;599,144;744,019;774,155;780,003;783,234;786,134;841,001;843,022;1073,002
049:0,005;396,119;408,020;504,006;544,173;549,157;629,106;916,022;1073,002
050:0,005;424,154;451,172;565,248;826,190;901,016;1082,172;1087,002
051:0,006;306,186;336,118;372,241;392,132;417,004;447,248;602,002;610,021;622,015;635,002;643,015;649,180;756,084;824,016;850,084;959,154;967,088;996,007
052:0,006;158,008;163,092;165,007;430,018;431,141;506,018;510,190;545,173;610,021;640,003;792,269;857,232;870,245;898,001;1082,245
053:0,006;127,263;512,270;755,003
054:0,006;357,258;367,209;415,150;494,240;610,021;641,003
055:0,006;304,263;592,019;610,021;615,223;771,091;901,141;927,093;960,023;1000,016;1092,240;1145,008
056:0,006;302,151;331,238;610,021;748,094;843,003;1196,274
057:0,006;412,175;542,111;924,172;1060,147;1073,002
058:0,006;320,241;357,258;444,220;480,001;552,105;610,021;655,171;789,136;794,132;817,019;844,089;851,266;937,140;1137,127;1196,274
059:0,006;336,118;655,171;695,003;748,094;778,022;789,234;858,001;967,088;1092,240
060:0,006;264,152;273,238;341,002;542,015;610,021;620,002;686,144;787,146;813,106;894,020;982,086;983,256
061:0,007;491,015;514,010;535,013;546,180;557,154;568,119;692,157;698,009;726,141;832,127;842,254;1006,001;1041,249;1055,016;1058,001;1096,127
062:0,007;438,016;526,014;568,268;871,171;900,009;904,093;947,086;996,007
063:0,007;438,019;568,268;765,022;779,268;843,248;883,005;902,271;1051,195;1087,172;1096,186;1174,195
064:0,007;223,147;369,003;377,194;394,238;439,223;527,194;622,141;997,009
065:0,007;439,194;736,023;759,114;791,019;822,186;863,223;867,005;904,092;988,003;1097,007
066:0,007;446,243;628,231;860,094;891,020;905,181;996,007
067:0,007;446,243;486,245;514,253;622,003;659,009;673,076;728,180;796,020;836,146;966,092;973,022;996,007
068:0,007;449,013;570,224;647,114;823,223;860,080;958,146;966,194;996,007;1110,195;1159,246
069:0,007;386,152;435,261;441,016;573,231;708,172;996,007
070:0,007;226,150;267,013;324,167;402,270;434,119;729,124;778,009;810,186;991,001;1123,007
071:0,008;276,011;282,220;514,154;525,018;593,102;714,184;968,180
072:0,008;275,005;396,212;508,147
073:0,008;279,253;490,141;513,006;525,232;550,010;632,111;746,140;822,086;946,231
074:0,008;242,248;389,253;550,150;554,180;680,093;715,022;996,268;1060,271
075:0,008;241,093;328,012;407,163;548,020;573,002;580,243;614,020;673,015;829,136;914,245;1043,007;1092,158
076:0,008;241,093;494,018;529,190;598,093;606,152;634,139;635,136;641,224;723,136;786,256;851,100;932,155;941,141;1069,268;1083,100;1161,235
077:0,008;241,140;371,110;415,199;493,167;580,022;609,184;888,019;1082,002;1175,223
078:0,008;209,017;240,002;384,119;393,002;746,100;815,114;885,127;1005,254;1070,243
079:0,008;210,006;293,150;351,100;361,005;390,097;420,163;775,147;823,100;983,144;1003,172;1081,001;1085,155;1104,170
080:0,008;241,140;267,001;279,253;323,018;398,151;420,119;440,015;701,172;812,269;849,127;905,091;1004,245;1056,140;1063,144
081:0,009
082:0,009;504,006;523,238;609,263;688,086;736,015;912,008;1000,009
083:0,009;618,093;893,184;906,136;1154,002
084:0,009
085:0,009
086:0,009
087:0,009
088:0,009;971,175;1033,199;1163,002
089:0,009;894,116;960,231;1012,116;1056,003;1058,007;1110,023;1130,186;1147,002;1175,194
090:0,009
091:0,010;705,262;906,019;1068,010
092:0,010;683,262;689,149;842,094;897,181;901,256;951,093;1068,010
093:0,010;632,097;745,116;787,001;842,133
094:0,010;324,167;365,020;480,016;497,220;517,010;763,126;906,016;940,106;1068,010
095:0,010;683,262;870,019;1011,007;1024,228;1068,010;1171,003;1178,142
096:0,010;689,149;843,232;871,186;883,126;996,003;1015,127;1068,010;1191,147
097:0,010;175,248;251,150;412,013;471,016;519,014;621,076;680,016;779,154;869,023;881,241;1068,010
098:0,010;422,013;507,098;579,180;634,102;672,248;688,145;727,157;757,144;1053,022;1068,010
099:0,010;644,139;652,003;820,091;939,146;946,016;987,100;1079,223;1155,022
100:0,010;705,019;787,127;800,144;906,171;912,190;931,144;980,019;1068,010
101:0,011;338,194;502,004;570,224;586,017;616,244;642,232;812,145;961,269;1045,003;1071,199;1129,254
102:0,011;309,199;352,003;415,147;418,002;443,180;444,139;580,172;703,132;918,008;926,262;1086,008
103:0,011;308,223;496,019;524,172;653,016;656,022;717,241;810,022;910,262;1013,133
104:0,011;349,202;354,139;361,270;591,223;594,076;605,136;635,152;714,136;717,092;915,009;925,008;989,160;1094,084;1200,264
105:0,011;67,100;522,175;677,241;770,022;849,140;888,019;962,106;1028,022;1060,100;1163,244
106:0,011;330,012;359,147;638,015;691,020;694,127;786,242;787,199;878,016;930,022
107:0,011;308,270;343,186;819,132;844,003;855,009;896,106;957,003
108:0,011;81,139;615,001;692,076;760,194;865,269;993,199;1030,022;1179,023
109:0,011;302,151;308,223;404,186;798,001;869,093;906,245;1004,093;1061,016;1090,003;1188,249
110:0,011;308,270;368,106;615,003;616,244;665,199;697,019;745,116;881,199;1058,103;1149,142;1161,145;1176,022
111:0,012;408,111;555,190;682,022;780,146;911,263;962,136;1028,256
112:0,012;147,014;274,001;313,199;656,022;738,155;823,020;873,019;876,001;1027,144;1174,001
113:0,012;474,152;591,232;717,023;797,086;812,123;842,015;918,241;1033,009
114:0,012;519,111;540,016;627,194;639,264;737,020;1076,201;1158,023
115:0,012;446,240;491,014;539,199;587,253;622,190;712,245;720,163;746,001;790,243;802,019;938,270;946,126;1021,001;1196,241
116:0,012;412,157;685,141;697,175;794,092;903,133;1013,186;1032,001;1180,241
117:0,012;412,232;634,016;722,001;1108,123;1153,269
118:0,012;399,001;409,080;981,127;1050,245
119:0,012;88,097;339,076;361,019;362,106;812,094;819,118;1087,022
120:0,012;377,261;466,020;497,080;779,023;891,005;920,270;1108,135;1155,022
121:0,013;81,139;127,004;304,248;508,141;679,003;872,199;913,186;945,175;957,116;1053,007
122:0,013;585,152;638,097;714,190;832,116;838,241;871,263;893,194;1075,007;1120,140;1138,155
123:0,013;412,157;477,004;481,136;503,003;1000,141
124:0,013;660,244;1078,175;1100,002;1120,139;1138,141
125:0,013;608,270;616,003;644,134;754,256;913,119;1049,008;1139,243
126:0,013;576,231;598,022;725,234;749,177;871,147;954,234;962,145;1082,119;1100,254;1122,241;1183,013
127:0,013;481,136;561,014;585,019;605,145;627,022;855,005;887,098;899,016;912,008
128:0,013;644,134;983,184;1027,160;1096,003;1134,008
129:0,013;669,253;688,102;736,190;823,019;903,195;1093,270
130:0,013;445,119;556,263;615,020;850,015;1004,201;1073,002;1096,132;1108,019;1128,088;1151,022
131:0,014;617,177;744,270;855,005;972,003;1183,013
132:0,014;634,258;670,245;710,009;755,016;814,139;855,005;909,094;954,246;1183,013
133:0,014;638,241;648,009;722,093;830,019;860,114;996,007;1027,126;1183,013;1196,010
134:0,014;570,022;691,123;730,232;855,005;954,246;1017,007;1183,013
135:0,014;648,166;673,145;832,254;855,005;904,114;996,134;1140,145;1183,013;1196,022
136:0,014;633,091;816,080;855,005;903,235;1015,254;1022,262
137:0,014;632,127;853,134;855,005;934,181;946,222;1013,126
138:0,014;627,126;713,124;823,020;840,089;855,005;1045,118
139:0,014;672,157;733,145;771,111;935,009;948,016;957,023;1026,244;1041,254;1183,013;1191,261
140:0,014;617,263;860,145;918,022;946,222;1042,180;1108,003;1175,170
141:0,015;758,023;782,254;839,015;1002,268;1088,008
142:0,015;538,093;576,015;984,080;1006,009;1144,010;1200,118
143:0,015;917,243;1117,132;1168,003;1179,264
144:0,015;939,199;989,155;1047,136
145:0,015;341,016;345,119;426,076;637,092;746,076;785,155;795,171;948,008
146:0,015;778,254;804,119;891,190;932,016;1010,008;1015,201;1052,269;1056,244;1153,103
147:0,015;752,244;993,263
148:0,015;917,248;987,093;995,154;1026,181;1065,172;1200,135
149:0,015;401,245;681,020;693,190;716,157;725,003;734,237;744,015;749,171;869,009;1078,241;1109,172
150:0,015;876,223;1079,009
151:0,016;817,154;891,009;1050,008;1056,186;1091,262
152:0,016;1119,203
153:0,016;1152,023
154:0,016;996,007;1069,019;1110,194;1162,155
155:0,016;953,184;996,001;1103,002;1107,135
156:0,016;1147,186
157:0,016;882,154;1100,145;1103,165
158:0,016;1086,123;1169,234
159:0,016;1086,123;1097,147;1189,010
160:0,016;309,199;312,004;330,116;338,010;722,244;740,248;956,118;990,266;994,180;1012,266
161:0,017;366,234;553,013;616,245;622,243;802,023;810,015;922,170;1102,007;1123,142;1194,002
162:0,017;332,110;407,009;597,144;666,184;701,016;765,243;780,009;882,143;1164,003
163:0,017;301,186;396,140;470,001;587,199;762,016;950,132;1176,183
164:0,017;387,199;397,093;654,194;746,023;828,242;864,015;878,143;922,127;948,001;1058,181;1070,141;1082,023;1183,013
165:0,017;161,209;413,100;713,114;740,194;947,094;949,234;950,019;968,254;980,019;1021,140;1024,170;1163,136
166:0,017;161,209;296,015;319,076;452,240;587,245;598,139;810,155;922,170;1016,088;1081,002;1119,169
167:0,017;288,266;312,152;355,199;372,001;424,167;446,014;570,022;633,086;670,020;688,243;752,139;801,155;802,136;852,269;909,103;971,248;1036,231
168:0,017;284,002;353,140;571,001;909,003;939,243;1030,222
169:0,017;300,102;457,014;531,020;865,234;893,019;925,171;1022,194
170:0,017;316,211;366,234
171:0,018;585,086;599,154;627,177;668,015;748,199;858,155;875,020;903,103;1030,158
172:0,018;504,006;556,105;561,223;570,022
173:0,018;570,022
174:0,018;245,238;305,009;339,018;598,126;857,019;877,127;881,175;974,134;1031,106
175:0,018;585,086;972,271;1176,123
176:0,018;570,022
177:0,018;570,022
178:0,018;570,022;989,160;1004,269;1076,186;1110,180
179:0,018;236,100;250,018;375,151;488,013;570,022;633,091;757,119;802,266
180:0,018;586,020;661,147;768,134;785,180;988,235
181:0,019;1193,002
182:0,019;893,001;1027,154;1088,194;1107,118;1188,009
183:0,019;1155,183
184:0,019;1159,250
185:0,019;197,263;267,152;566,017;621,166;639,145;664,152;698,119;980,080;997,023;1106,175;1192,139
186:0,019;621,166;685,019;1153,190;1186,128;1189,088
187:0,019;713,231;957,186;1054,222
188:0,019;1159,190
189:0,019;1186,128
190:0,019;1159,250;1181,186
191:0,020;990,248;1071,254;1092,106;1124,223
192:0,020;1047,165;1086,145;1090,019;1139,175
193:0,020;390,097;501,118;564,175;916,180;927,195;974,266;976,103
194:0,020;992,202;1050,008;1090,244
195:0,020;190,013;208,017;226,150;229,132;444,018;665,124;726,264;736,084;753,212;825,020;992,142;1066,269;1147,119;1161,135;1167,009
196:0,020;987,165;1066,234;1078,165
197:0,020;629,132;700,244;707,022;796,023;871,268;905,262;925,271;965,008;987,165;1020,155;1042,235;1084,088
198:0,020;1091,195;1196,175
199:0,020;932,134;964,181;1009,184;1034,246;1091,143;1136,139;1174,201
200:0,020;665,124;709,015;752,212;818,009;887,181;926,268;997,145;1133,199;1169,002;1172,010
