001:0,001;212,009;229,005;250,017;333,006;507,080;615,192;797,163;892,104;900,163;910,176
002:0,001;152,006;171,222;219,101;307,131;456,266;684,185;703,003;847,168;905,119;958,230
003:0,001;213,007;274,172;339,158;359,193;532,185;715,259;914,272
004:0,001;153,101;414,175;633,212;673,004;818,003
005:0,001;152,220;243,227;250,209;310,004;439,224;524,003;596,102;629,106;998,252;1112,104
006:0,001;153,101;186,007;232,220;277,092;338,003;518,082;571,003;598,198;718,235;793,003;915,275;918,236;1172,245
007:0,001;87,105;153,220;200,209;577,093;833,263;1049,003;1097,130
008:0,001;187,170;225,203;233,194;274,089;585,003;796,263;815,218;911,143;960,241;1182,004
009:0,001;171,222;175,266;451,135;500,017;677,127;750,104;774,106;849,003
010:0,001;193,149;326,209;450,139;787,201;864,097;1031,127
011:0,002;293,140;412,003;465,084;477,169;518,085;636,082;676,258;796,092;822,182;1107,086
012:0,002;332,140;356,150;505,103;890,131;900,004;994,210;1165,229
013:0,002;293,013;345,150;673,139;746,275;751,093
014:0,002;311,239;323,123;326,184;353,092;457,246;513,093;563,229;639,175;695,118;714,162;767,196;804,100;819,195;933,228
015:0,002;95,011;120,203;364,253;491,221;512,095;747,140;941,253
016:0,002;308,016;333,215;360,218;366,169;410,004;530,142;615,150;656,101;838,084;988,246;1005,255;1011,146
017:0,002;120,203;161,215;237,103;530,142;562,171;597,139;651,086;668,149;786,095;1043,245
018:0,002;351,172;390,230;393,270;675,265;837,272;904,259;984,184;1125,082
019:0,002;293,140;331,264;647,097;864,272;920,103;1189,236;1193,102
020:0,002;299,114;1162,004
021:0,003;386,117;656,150;769,275;923,127;1017,004;1169,200
022:0,003;7,207;148,001;240,230;318,169;336,210;817,118;871,089;1020,106
023:0,003;439,212;511,259;595,114;748,168;786,180;842,215;923,080;928,095;943,218;988,259
024:0,003;258,230;377,094;394,003
025:0,003;282,113;337,006;379,109;489,272;522,003;869,181;1074,224
026:0,003;956,151
027:0,003;489,272;504,181;595,003;859,255;1140,207
028:0,003;35,008;55,207;115,012;193,264;216,090;284,236;317,094;440,087;507,198;583,003;932,159
029:0,003;280,236;407,210;541,159;589,131;709,185;880,269;1158,146
030:0,003;541,095;721,159;807,004;1007,003
031:0,004;690,168;747,106;766,140;1098,003
032:0,004;577,162;600,265;765,143;925,270;979,140;1032,004;1072,213
033:0,004
034:0,004;228,105;234,097;237,182;283,253;293,182;634,004;675,258;1006,233;1093,267
035:0,004;132,221;326,109;364,092;434,177;848,185;1040,003
036:0,004;740,003;894,216;922,101;938,004;1125,193
037:0,004;278,198;371,013;434,177;514,267;754,082;957,196;1126,167
038:0,004;84,128;122,198;358,114;435,230;705,269;899,180;933,230;950,094;1070,235
039:0,004;829,210;945,106
040:0,004;752,185;848,093;890,172;922,216;999,139;1053,127;1068,113
041:0,005;311,009;325,086;421,090;548,017;660,142;1118,207
042:0,005;325,086;389,275;613,215;673,201;760,139;1139,142
043:0,005;158,007;279,131;383,235;560,207;676,244;711,252;904,127;971,193;1056,252
044:0,005;223,172;224,193;243,169;310,017;421,090;449,159;690,107;825,078
045:0,005;322,182;347,013;399,113;442,105;477,113;674,086;964,245;1033,111
046:0,005;308,136;461,221;486,228;662,259;719,118;762,256;804,146;932,252;978,084;1149,196
047:0,005;310,136;372,159;518,215;884,245;907,269;1015,181
048:0,005;343,194;365,113;489,006;495,130;538,246;541,111;595,086;605,004;767,127;791,113;806,149;934,142
049:0,005;310,004;320,256;527,135;551,194;599,130;644,255;848,117;867,236
050:0,005;346,087;392,245;418,143;458,182;460,228;474,179;531,140;656,244;813,130;850,106;912,087;1111,122
051:0,006;405,265;660,117;751,244;898,195;902,143;907,221;963,163;1037,247;1155,269
052:0,006;478,209;616,004;631,118;681,092;726,275;738,259;824,162;1046,168
053:0,006;403,217;439,218;601,017;738,167;906,117;1107,003
054:0,006;530,212;556,150;605,259;628,090;863,229;963,162;980,264;1160,185
055:0,006;197,092;247,220;410,017;683,264;812,256
056:0,006;492,102;514,100;600,253;664,186
057:0,006;524,111;902,093
058:0,006;501,113;790,228;890,177;958,151;1046,094
059:0,006;552,171;574,090;612,111;1029,269;1088,172
060:0,006;79,017;232,009;256,013;379,267;391,174;598,244;674,150;740,095;781,150;824,143;866,263;994,129
061:0,007;135,013;170,109;316,180;386,267;432,006;686,226;691,256;759,150;814,159;925,253;934,194
062:0,007;42,001;197,275;401,181;420,087;466,146;537,093;733,253;983,101;1200,103
063:0,007;39,152;61,003;78,001;161,139;180,009;189,187;256,270;397,203;428,255;513,017;795,139;892,095;906,228;931,272;952,003
064:0,007;39,018;57,169;259,265;292,004;333,270;381,017;388,217;515,255;598,017;671,163;983,167;1114,132
065:0,007;39,152;94,162;110,078;270,017;507,080;921,207;998,185;1169,196
066:0,007;47,105;205,185;220,092;268,270;321,192;407,087;413,253;457,017;486,172;524,101;631,275;683,207;696,100;775,090;839,082;850,177
067:0,007;60,229;254,222;572,143;644,209;645,194;815,119;998,107;1046,223;1147,107
068:0,007;80,227;339,181;388,217;399,135;412,220;609,209;741,195;796,089;912,094;932,235;1059,193
069:0,007;60,229;199,109;212,202;255,092;362,230;412,159;437,181;440,220;585,227;1159,089
070:0,007;79,020;200,241;220,081;274,009;284,158;349,180;436,092;680,118;700,222
071:0,008;107,128;218,270;226,221;253,081;266,227;443,181;501,100
072:0,008;179,149;196,264;250,003;534,256;682,270;876,130;1031,090
073:0,008;111,158;266,269;458,253;467,136;599,176;717,186;729,176;906,111;939,215
074:0,008;113,269;205,122;432,270;516,003;620,270;638,105;657,130;726,226;1057,159;1089,181
075:0,008;112,241;136,269;278,003;315,006;500,130;521,003;642,085;672,236;709,118;1187,097
076:0,008;135,089;256,013;298,094;376,172;445,004;476,226;543,130;578,004;781,130;1094,269;1139,117;1170,185
077:0,008;151,227;232,005;302,193;467,182;669,226;681,131;830,193;851,082;1113,210
078:0,008;73,214;187,020;205,122;252,193;255,172;367,215;453,245;855,003;1061,184
079:0,008;111,158;208,269;214,013;219,089;267,249;314,210;331,269;701,201;779,233;983,252;992,162;1042,185;1126,182
080:0,008;73,227;137,001;156,103;184,245;213,192;216,003;420,266;727,244;749,104;869,090
081:0,009;143,249;207,009;222,172;233,158;238,004;657,107;970,235
082:0,009;168,253;413,103;498,259;519,177;661,270;823,150;962,209;1022,184;1043,004;1168,269
083:0,009;232,244;364,105;417,094;425,203;461,212;469,201;693,084;831,104;978,004;1171,226
084:0,009;469,201;556,210;1109,140
085:0,009;371,246;443,172;506,184;826,207;935,193;967,082
086:0,009;233,123;991,144
087:0,009;345,123;863,092;1176,210
088:0,009;233,123;280,089;668,253;698,172;878,201;1158,159
089:0,009;371,246;470,253;583,212;622,236;664,175;797,235;914,163;960,177;962,172;1070,244;1076,266
090:0,009;378,245;480,212;669,105;898,118;1150,258
091:0,010;14,139;38,017;61,214;201,207;312,013;361,198;502,229;546,244;582,224;925,227
092:0,010;122,162;139,182;168,103;253,009;341,016;515,230;931,107;1061,139
093:0,010;89,100;353,207;510,180;524,084;562,122;1038,003
094:0,010;140,097;224,187;349,230;352,003;418,169;513,175;572,017;606,194;629,086;648,263;711,174;761,149;1076,094
095:0,010;136,095;392,198;460,003;621,097;831,113;847,003;948,168
096:0,010;113,170;133,169;230,218;323,219;392,140;446,003;489,217;501,003;555,086;589,228;684,252;734,198;762,230;772,003;792,247
097:0,010;89,106;599,217;651,221;656,180;927,275;999,119
098:0,010;89,106;650,222;1091,196;1168,114
099:0,010;121,241;129,128;187,007;459,179;531,267;603,181;613,146;683,140;754,162;934,139;981,150;1096,253
100:0,010;96,004;103,018;129,207;250,203;350,158;378,221;639,122;966,119
101:0,011;97,253;157,192;309,015;377,218;656,219;822,103
102:0,011;140,170;309,015;355,187;521,017;744,104;750,252;790,227;921,259
103:0,011;232,013;258,097;629,102
104:0,011;271,241;287,229;309,015;374,101;516,143;530,219;585,175;657,143;736,263;747,143;768,201;770,198;779,192;798,252;923,275;1176,086
105:0,011;213,078;259,009;288,275;329,265;417,017;425,139;530,263;566,201;602,084;643,103;810,233;1047,146;1128,003
106:0,011;112,090;258,089;279,131;294,253;309,015;319,265;397,230;486,093;497,245;814,171;865,259;881,255;992,163
107:0,011;213,215;309,015;418,143;756,167
108:0,011;319,265;327,218;353,004;373,136;599,082;620,003;661,142;786,004;799,250;803,168;943,258;1022,003
109:0,011;239,255;309,015;347,187;523,270;617,082;831,219
110:0,011;211,222;309,015;330,181;575,263;581,192;657,106;727,185;731,078;823,263;827,264;891,174
111:0,012;155,245;158,007;261,009;367,233;746,186;793,119;796,275;915,252;1048,225
112:0,012;113,170;154,006;175,266;270,219;522,017;524,263;605,100;666,004;1004,084
113:0,012;158,007;302,185;414,095;498,194;919,245;944,167;963,177;1037,130;1090,201;1094,163
114:0,012;149,002;155,245;336,139;412,219;532,143;565,223;750,256;880,241
115:0,012;14,139;291,235;320,236;615,174;676,163;766,117;893,171;923,246;928,131
116:0,012;241,016;289,169;476,097;611,227;671,221;768,105;892,087
117:0,012;31,081;158,007;298,095;537,184;554,140;728,092;756,146;909,168;1043,140
118:0,012;158,007;273,135;303,210;367,233;799,201;806,186;833,150;1159,111
119:0,012;148,129;158,007;303,210;309,202;341,185;526,272;564,119;568,114;595,119;898,216;997,263;1068,207;1107,095;1167,227;1184,229
120:0,012;158,007;290,006;348,228;511,207;562,172;669,192;770,114;842,080;1155,084
121:0,013;489,192;510,193;632,221;850,269;869,198
122:0,013;210,176;372,140;376,135;392,095;401,172;440,114;566,158;600,159;614,181;657,131;658,181;843,270;940,267;964,210;982,195
123:0,013;447,017;592,241;942,004;991,144;1032,097
124:0,013;470,087;589,223;677,275;796,003;807,094;888,123;974,122
125:0,013;423,236;429,085;510,217;580,181;985,100;1010,258;1126,215
126:0,013;197,275;225,172;270,221;454,215;481,122;560,086;612,201;672,193;808,142;860,209
127:0,013;480,143;513,140;530,224;573,084;956,101;982,201;1059,221
128:0,013;450,102;466,084;594,004;665,228;789,198
129:0,013;425,259;490,215;500,004;648,267;653,172;1175,095
130:0,013;265,109;466,102;487,193;504,004;690,168;846,223
131:0,014;107,012;137,009;298,244;371,004;422,267;512,226;886,097;943,207;1066,004
132:0,014;119,087;168,194;203,004;215,244;286,275;287,220;430,264;696,266;1074,186
133:0,014;60,016;153,215;185,182;202,087;232,002;439,224
134:0,014;90,162;470,180;503,253;752,193;933,247;946,149;965,272
135:0,014;87,198;101,016;466,097;471,227;607,171;618,017;689,082;733,003;752,267;832,201;979,264;980,104
136:0,014;92,020;114,002;117,192;169,007;175,202;187,198;277,135;317,241;318,218;417,105;421,235;618,209;630,003;948,247;1032,080
137:0,014;100,198;169,003;900,215;1040,207;1121,004
138:0,014;125,087;282,113;366,162;593,269;618,235;705,086;918,244
139:0,014;88,109;120,005;159,162;169,003;317,016;395,082;476,244;535,192;600,017;622,085;642,003;651,193;744,090;756,113;1037,129
140:0,014;97,078;194,103;232,219;264,170;284,194;346,003;374,203;380,192;415,244;640,182;716,236;916,230;1189,233
141:0,015;31,184;323,255;416,270;424,004;675,196;687,087;701,089;780,095;890,003;1069,132
142:0,015;33,207;49,139;73,002;83,100;162,017;545,105;631,256;732,207;804,196;962,080;1018,114;1193,176
143:0,015;34,081;55,006;67,085;586,215;611,218;683,227;787,246;909,131
144:0,015;84,109;90,081;230,005;302,252;708,241;728,195;883,186;1069,132;1102,195;1151,118
145:0,015;115,109;165,249;317,016;327,006;363,182;453,252;677,198;859,174;887,003;1046,215;1047,193;1117,209
146:0,015;94,087;123,193;169,218;226,017;404,227;558,004;1124,113
147:0,015;31,184;192,105;551,176;1146,139
148:0,015;30,018;36,218;164,017;167,011;188,202;203,085;418,006;490,192;552,180;595,185;672,004;913,258;936,146;1041,209;1064,107;1118,004;1161,264
149:0,015;110,193;352,006;409,275;670,162;707,004;1138,111;1144,255;1171,246
150:0,015;36,218;302,252;450,185;585,217;589,263;801,184;898,226;1053,095;1101,150;1145,184;1191,227
151:0,016;61,214;67,017;145,209;211,194;335,229;346,013;382,117;585,207;835,127;914,104;1110,117;1120,097;1185,150
152:0,016;436,119;782,163;791,209;830,255;870,193;1028,194
153:0,016;322,222;363,203;412,266;420,192;461,140;498,198;666,177;866,131;886,100;969,129;1036,255;1081,003;1090,233
154:0,016;322,003;329,221;355,159;368,222;644,229;813,272;833,107;928,086;1104,255
155:0,016;417,186;661,267;750,089;832,094;1044,275;1162,233;1178,117
156:0,016;355,159;398,175;473,100;483,084;496,186;709,131;856,004;920,129;982,194;1021,219
157:0,016;398,175;407,192;455,004;469,223;588,171;910,256
158:0,016;356,003;488,194;539,102;585,236;649,084;692,215;828,201;830,131;920,129;966,089
159:0,016;415,140;551,226;659,218;991,004;1121,127
160:0,016;151,109;183,005;277,016;422,146;741,174;776,235;892,117
161:0,017;521,172;587,219;1012,004
162:0,017;622,159;1037,144
163:0,017;147,194;226,192;377,082;386,017;610,149;628,195;735,087;887,185;965,267
164:0,017;145,209;197,203;218,009;258,202;264,103;411,131;642,087;911,004;956,084;970,224;1072,151
165:0,017;443,217;481,131;577,265;581,219;616,127;631,162;662,235;764,174
166:0,017;610,149;758,223;821,194;978,267;1091,130
167:0,017;537,130;810,263;850,003;976,127;1050,107
168:0,017;344,093;377,122;626,263;632,272;783,100;804,127;832,215;841,100;885,230;909,235;941,111;1092,003;1100,111;1117,252
169:0,017;614,127;665,004;679,182
170:0,017;147,194;166,016;254,215;561,103;634,259;654,127;901,264;965,196;1041,122;1092,215;1113,233;1149,004
171:0,018;32,008;88,098;242,264;423,245;441,259;506,223;562,176;564,105;758,209;775,201;791,004;848,267;926,089;964,097;1119,087
172:0,018;141,001;143,219;207,098;247,174;392,180;774,230;868,264
173:0,018;154,011;209,017;223,149;309,015;350,229;456,267;519,217;666,209;803,004;1156,223
174:0,018;143,219;276,235;359,013;397,212;431,101
175:0,018;59,085;139,227;142,265;253,235;285,266;397,212;461,269;533,259;678,196;943,270;977,221
176:0,018;139,182;239,105;355,087;429,186;489,162;572,235;613,086;700,004;797,247;931,146;1010,246;1185,172
177:0,018;255,122;368,244;400,267;414,174;585,117;798,258;875,184;969,229;1177,255
178:0,018;236,180;329,235;379,244;467,236;570,102;1189,244;1198,258
179:0,018;176,004;247,174;270,182;316,135;540,092
180:0,018;151,089;181,193;204,100;209,004;227,180;314,264;329,135;365,184;478,090;742,182;817,207;821,209;957,095
181:0,019;81,265;269,003;349,200;372,158;599,193;662,236;865,004;1130,142;1137,004
182:0,019;97,253;99,176;207,241;363,221;377,228;386,241;703,275;715,264;859,101;902,139;906,195;1097,004;1171,226
183:0,019;15,202;178,007;349,200;376,235;403,158;543,146;568,142;628,269;846,259;854,114;1016,100
184:0,019;98,098;184,202;344,093;479,102;552,221;608,003;831,244;1064,004
185:0,019;68,230;182,013;187,185;329,256;612,222;655,184;799,175
186:0,019;69,011;203,235;239,255;830,228;1190,241
187:0,019;132,221;207,004;340,187;346,241;564,004;597,162;748,266
188:0,019;15,202;140,253;177,095;210,100;233,270;259,245;385,093;522,228;553,004;586,174;724,228;813,265;825,245;1161,247
189:0,019;99,176;217,128;227,009;382,097;451,003;763,241;878,142;928,267;939,246;975,086;1147,150
190:0,019;68,230;203,235;262,207;545,139;583,130;586,089;726,004;775,175
191:0,020;234,082;353,101;356,100;507,004;518,195;608,086;623,171;797,174;845,090;1007,275;1044,258;1186,200
192:0,020;215,270;252,184;521,272;862,097;872,113;1097,255;1101,222
193:0,020;225,095;287,004;484,105;535,229;596,272;626,235;662,080;762,092;778,221;1003,207;1026,004;1086,244;1180,004
194:0,020;112,090;194,097;344,017;662,078
195:0,020;214,109;258,170;260,229;280,269;321,174;384,176;518,195;662,078;722,223;1043,163;1087,215;1090,177
196:0,020;210,184;234,082;503,246;774,267;976,149;1064,177;1082,213
197:0,020;158,007;211,139;431,265;476,082;611,229;1147,003
198:0,020;153,006;194,192;206,229;520,087;684,218;811,004;930,184;1016,253;1070,089;1131,201
199:0,020;250,158;295,174;312,176;558,269;589,246;1166,195;1181,080
200:0,020;212,249;244,100;469,119;476,265;573,222;608,017;614,118;677,107;683,146;760,253;892,003;1048,225
