001:0,001;287,130;381,270;788,206;813,136;931,080;1003,198
002:0,001;287,130;312,252;362,087;782,110;815,251
003:0,001;324,097;821,228
004:0,001;302,005;381,270;906,196
005:0,001;361,121;434,002;608,185;840,103;883,206;1032,191;1096,104
006:0,001;40,007;55,003;96,265;145,086;411,237;632,240
007:0,001;264,142;421,251;476,132;615,251
008:0,001;300,120;544,272;1003,125;1164,140
009:0,001;306,232;422,271;730,129;877,253
010:0,001;319,079;427,227;439,121;1038,120
011:0,002;652,160;905,228;1124,103
012:0,002;721,211;1024,122
013:0,002;29,256;184,002;256,245;378,002
014:0,002;317,087;323,208;560,002;834,202;1015,265
015:0,002;479,174;517,246;614,203
016:0,002;324,124;344,091;803,002;837,261;890,228;896,131
017:0,002;490,122;528,174
018:0,002;219,086;259,002;321,185;457,122;479,174
019:0,002;607,098;681,267;982,079
020:0,002;386,211;718,183
021:0,003;257,162;321,196;513,187;1094,237
022:0,003;238,087;249,090;271,002;279,197;722,187;979,263;1122,152
023:0,003;221,211;257,162;340,179;351,132;362,077;371,253;570,123;862,241;1077,091;1182,214
024:0,003;282,077;324,097;346,110;525,193;579,160;589,143;644,002;676,193;679,256;699,222;782,203;826,212;932,217;1036,118
025:0,003;154,101;159,246;279,197;372,241;438,126;532,191;550,122;832,226;971,152;1110,101;1155,124
026:0,003;211,225;428,216;681,101;891,193;1176,101
027:0,003;335,160;378,259;819,097
028:0,003;221,211;282,077;383,080;678,261;705,208;782,216;874,125;948,136;1101,211
029:0,003;308,078;323,273;603,227
030:0,003;247,090;259,240;408,132;630,273
031:0,004;205,140;247,273;628,101;681,002;771,199;891,112
032:0,004;62,214;105,262;177,125;409,235;487,099;542,187;648,241;828,135;883,079;901,261
033:0,004;62,214;204,217;337,087;342,235;393,130;999,140;1161,266
034:0,004;18,143;40,137;345,203;407,104;489,188;526,110;767,204;908,186;1103,171
035:0,004;71,215;505,104;531,131;601,208;699,204;766,201;813,253;876,245;1007,196;1059,235
036:0,004;118,124;284,161;474,193;620,159;795,098;947,175;1125,258
037:0,004;47,013;197,104;384,080;521,002;717,183
038:0,004;53,157;98,013;151,125;227,152;266,103;327,202;438,099;665,002;709,108;763,217;930,262;1164,222
039:0,004;53,157;273,110;492,248;1096,242
040:0,004;54,126;71,215;108,188;191,201;277,137;352,206;389,197;513,185;532,197;566,079;732,099;823,206;899,211;1100,191
041:0,005;66,188;376,268;444,077;552,196;602,002;720,134;855,272
042:0,005;346,220;353,226;422,167;621,196;985,226
043:0,005;234,161;280,212;385,152;454,160;572,124;814,159;1056,217
044:0,005;235,125;462,185;690,204;696,169;963,079;965,125;1143,198
045:0,005;394,202;593,217;760,101;934,216
046:0,005;265,103;348,204;411,002;1014,177;1085,090;1132,202;1148,258
047:0,005;234,161;245,137;254,190;291,005;403,131
048:0,005;421,251;696,002;715,136;749,214;1140,201
049:0,005;83,010;96,191;133,244;263,167;523,143;524,196;539,126;1127,217
050:0,005;231,226;578,002;856,095
051:0,006;128,208;206,129;267,161;805,130;838,175;860,139
052:0,006;110,273;280,266;1153,137
053:0,006;29,217;197,196;207,118;413,257;739,098;773,140
054:0,006;41,108;208,214;614,196;651,253;750,217;790,002;816,199
055:0,006;28,190;113,214;538,223;550,251;561,153;612,235;747,122;1066,121
056:0,006;75,212;190,262;201,245;235,132;279,108;477,161;1057,097
057:0,006;66,091;141,217;151,001;280,266;343,139;449,104;592,185;608,131;893,201;1126,196
058:0,006;19,263;677,143
059:0,006;39,120;41,108;274,152;352,140;991,087
060:0,006;30,137;238,170;334,002;497,274
061:0,007;84,219;91,126;132,152;564,204;603,097;633,137;1109,135
062:0,007;82,091;136,078;195,139;209,220;243,005;323,091;747,134;907,208;1019,235
063:0,007;160,003;378,245;404,215;552,152;766,135;788,211;889,103;1074,122
064:0,007;32,001;47,261;149,170;166,001;224,079;307,252;311,098;604,253;890,098;1087,130;1156,202
065:0,007;162,003;321,130;776,273;1200,090
066:0,007;92,206;335,201;345,266;496,110
067:0,007;84,136;105,250;161,110;213,235;597,254
068:0,007;63,167;186,153;555,271;933,244
069:0,007;32,098;327,091;337,131;393,206;418,118
070:0,007;55,250;64,253;106,219;207,001;340,217;359,005;584,254;907,257;1031,091
071:0,008;45,122;99,193;453,139;607,226
072:0,008;99,193;166,101;704,002;807,171;932,136;946,171;974,265;983,103
073:0,008;50,248;150,003;318,240;620,143;680,262;711,265;964,126
074:0,008;45,150;87,250;172,217;305,273;314,223
075:0,008;22,086;213,196;300,208;315,232;802,137
076:0,008;18,143;22,086;101,018;125,220;180,193;275,216;732,090;1108,267
077:0,008;21,244;96,170;109,002;385,143;413,250;427,226;673,188
078:0,008;91,003;126,104;448,139;848,130;875,212
079:0,008;20,253;174,246;344,227;580,263;632,124;642,212;818,208;896,143;1063,134
080:0,008;116,086;142,003;222,085;628,193;965,199
081:0,009;135,245;368,220;695,185
082:0,009;152,225;207,142;264,135
083:0,009;152,225;162,099;485,251;496,125;977,244
084:0,009;158,005;357,242;707,136
085:0,009;63,167;77,259;144,226;195,179;306,157;357,242;824,271;843,185;1006,193;1145,267
086:0,009;61,005;381,160;443,125;597,245;874,216;1101,098
087:0,009;172,078;214,210;232,079;377,245;586,193;650,191;957,202;1125,098
088:0,009;116,215;148,265;276,259;361,121;415,143;419,002;674,267;1075,246;1143,187
089:0,009;168,250;207,001;313,119;379,188;587,152;1096,099
090:0,009;138,246;167,225;370,271;409,245;568,202;827,203;907,160
091:0,010;85,202;379,079;516,103;534,167;737,079;962,237
092:0,010;68,261;716,079;871,201
093:0,010;22,149;53,001;58,222;494,272;537,103;937,212
094:0,010;83,252;357,262;390,185;406,262;680,086
095:0,010;93,018;114,126;230,131;297,188;487,126;560,191;640,125;806,206;861,095;1034,090;1082,222;1157,136
096:0,010;99,237;194,132;336,005;440,272;853,099
097:0,010;86,185;225,118;842,125;849,122;1010,129
098:0,010;83,252;246,210;446,203;719,262;895,129;1007,232
099:0,010;99,237;262,090;640,085;698,235;1025,086
100:0,010;153,204;299,122;721,261;730,122;737,271;800,251;804,232
101:0,011;16,216;135,126;437,101;490,159
102:0,011;13,220;70,002;101,170;334,263;575,153;649,263;794,217;1093,188
103:0,011;20,152;45,271;349,153;371,250;413,204;539,120;1035,272
104:0,011;20,216;259,126;451,086;600,202;872,123
105:0,011;13,220;15,006;32,220;129,122;166,259;997,203
106:0,011;20,152;126,104;192,259;269,086;314,193;521,265;661,212;664,214;744,257;903,180;1174,262;1185,263
107:0,011;32,256;671,002;685,137;780,160;917,270
108:0,011;45,271;547,120
109:0,011;86,226;197,212;626,086;645,124;965,103;982,098;1098,177
110:0,011;42,153;241,210;244,204;490,191;1024,262;1179,270
111:0,012;13,179;39,002;52,273;99,244;168,002;220,005;296,123;565,002;831,110;933,199;949,190
112:0,012;11,078;165,261;290,159;603,160;648,143;655,097;790,087;977,191;1020,202;1185,222
113:0,012;11,005;13,179;382,246;477,140;742,245
114:0,012;130,227;225,003;237,139;245,153;278,265;470,143;603,235;608,139
115:0,012;19,004;35,096;37,253;59,219;69,244;111,202;306,235;326,187;388,131;453,227;531,104;669,265;698,002;799,171
116:0,012;37,005;52,273;234,002;355,169;611,188;641,258;1059,101
117:0,012;9,015;11,078;57,152;225,136;710,261;1022,191
118:0,012;119,248;129,208;642,217;723,251;756,002;785,136;794,222;820,190;924,206;965,098;977,242;1186,246
119:0,012;10,219;26,204;240,223;276,001;290,159;472,190
120:0,012;26,004;40,122;60,143;107,248;114,003;158,122;411,185;507,152;518,196;556,143;583,245;736,246;1074,196;1122,263;1165,175
121:0,013;8,008;193,139;330,198;615,210
122:0,013;186,268;303,253;331,248;491,103;512,198;947,079;1133,126
123:0,013;150,142;427,203;574,208;577,197
124:0,013;165,132;197,226;219,263;246,108
125:0,013;150,142;171,203;190,185;206,005;208,190;241,185;357,246;957,198;1140,228
126:0,013;130,120;235,227;259,262;317,211;530,119;548,227;811,161
127:0,013;150,110;266,120;298,132;473,217;630,167;729,197
128:0,013;130,120;531,188;775,002;879,180;904,216;933,237;1081,204
129:0,013;196,226;291,257;308,201;329,098;888,135;1095,266
130:0,013;8,005;47,188;68,013;249,220;767,198;982,206
131:0,014;6,242;14,212;64,227;130,248;323,086;672,240;743,206;771,253;794,258;1117,090
132:0,014;6,140;342,103;486,079;686,121;1108,186
133:0,014;14,212;61,235;102,185;144,216;428,206;566,251;614,104
134:0,014;50,187;538,211;773,126;935,203;995,187;1027,177
135:0,014;10,250;52,150;100,191;190,169;222,143;508,261;670,104;1053,171;1089,098;1124,217;1126,175;1140,159
136:0,014;6,140;55,219;118,167;129,235;209,078;219,185;295,190;302,227;423,121;671,258;790,123
137:0,014;61,235;259,140;450,232;996,171;1029,261
138:0,014;6,227;322,090;717,274;888,248;1157,130
139:0,014;39,227;63,248;101,140;203,262;929,257;1084,161
140:0,014;6,242;86,185;90,187;317,153;321,217;586,126;769,220;879,202;950,180
141:0,015;118,003;125,135;726,002;826,201;878,129;891,274
142:0,015;50,129;185,191;500,274;654,187;713,101;754,235;1017,130;1139,079
143:0,015;50,129;305,110;341,160;516,101;619,002;701,099;1065,143
144:0,015;31,230;75,101;430,240;640,237;952,271;1193,180
145:0,015;10,006;75,101;153,001;187,240;317,085;686,143;891,240
146:0,015;61,171;127,206;805,263;872,188;1083,095
147:0,015;37,143;344,087;353,080;381,153;575,206;741,216;779,188;863,169
148:0,015;96,170;99,078;125,135;260,124;562,196;618,273;768,152;966,124
149:0,015;61,171;125,124;187,240;251,099;269,203;309,169;692,098;725,242;974,246
150:0,015;30,137;31,230;81,220;121,001;155,215;269,211;379,077;434,079;483,108;706,256;764,140;772,240;888,242;1046,129
151:0,016;11,204;147,228;850,214;911,112
152:0,016;19,263;210,258;640,169;861,175;919,214
153:0,016;53,203;118,164;399,265;1021,080
154:0,016;175,223;534,122;546,214;847,271
155:0,016;20,244;62,212;137,220;192,190;207,248;761,087
156:0,016;42,153;132,222;387,228;745,160;774,256;1160,248
157:0,016;45,179;156,248;197,188;272,215;388,124;630,198;640,090;953,101;1036,265
158:0,016;16,004;21,164;399,136;527,080
159:0,016;21,164;52,098;175,223;234,250;320,261;349,137;613,204;686,129;711,080;926,086;1011,267;1022,250
160:0,016;5,219;57,126;107,009;162,099;196,001;210,258;655,196;901,101;1055,257;1108,248
161:0,017;25,007;48,259;189,268;675,153;702,220;877,263;956,110
162:0,017;9,136;372,191;452,268;683,080;699,263
163:0,017;27,242;69,265;394,119;508,204
164:0,017;27,210;186,250;264,263;334,099;382,261;500,225;586,119
165:0,017;14,217;120,132;155,018;190,169;333,162;354,002;430,212;660,274;705,216;899,262;1023,267;1142,130
166:0,017;59,228;106,003;139,219;173,170;193,001;314,198;507,222;680,226;811,270;1173,090;1188,242
167:0,017;9,118;190,220;313,119;770,248;832,227
168:0,017;39,210;593,099;638,153
169:0,017;25,273;48,259;59,228;112,018;121,196;190,210;210,002;220,110;283,246;358,103;778,119
170:0,017;9,136;61,222;121,196;275,098;304,190;448,143;457,241;622,214;628,190;802,237;917,254
171:0,018;284,175
172:0,018;189,124;251,123;782,103;807,108
173:0,018;291,257;917,134;1041,204;1076,267;1097,152
174:0,018;201,167;250,005;429,232;447,087;757,261;834,242;883,130;1015,259
175:0,018;44,265;95,202;106,009;107,253;281,131;382,002;395,222;1175,256
176:0,018;251,123;281,122;298,081;335,250;365,244;456,210
177:0,018;203,098;271,237;288,175;819,124;1150,193
178:0,018;230,256
179:0,018;219,078;250,139;424,112;869,134
180:0,018;44,265;47,005;387,137;666,212;864,222;1030,187
181:0,019;105,118;122,165;134,167;277,129;658,099;717,225
182:0,019;131,009;224,131;279,196;522,160;730,153
183:0,019;103,165;114,228;147,118;215,078;274,244;928,175;929,208
184:0,019;111,228;200,191;269,157;320,005;359,261;373,217;433,250
185:0,019;180,201;187,256;222,085;316,241
186:0,019;106,081;331,157;360,201;844,097;1052,101;1108,216
187:0,019;155,132;173,122;277,099;326,257;400,187;487,244;971,090;1028,169
188:0,019;138,191;169,244;327,129;1026,211;1147,253
189:0,019;103,165;135,245;195,203;440,225
190:0,019;106,081;238,087;446,217;452,202;551,002;556,223
191:0,020;74,203;252,081;282,167;421,122;451,272;490,002;543,235;693,193;860,118;1030,245
192:0,020;23,241;292,237;798,199;810,091;1069,185
193:0,020;15,132;162,212;269,252;284,250;1011,130;1075,258;1144,125;1166,211
194:0,020;23,241;372,097;587,225;650,198;742,203;758,091;1024,208
195:0,020;99,157;216,237;301,002;318,005;424,112;904,206;922,160
196:0,020;89,262;254,087;312,002;326,080;383,077;543,136;677,246;690,002;888,186
197:0,020;15,132;118,143;189,253;648,208;925,204;1038,206
198:0,020;20,190;617,246;648,086;910,253;1131,121
199:0,020;93,122;142,153;180,201;761,228;819,259
200:0,020;10,250;95,005;108,136;204,228;378,225;480,131;510,266;1093,241
