001:0,001;189,105;327,264;528,203;810,192;897,160;1077,192
002:0,001;57,101;89,203;95,264;310,208;362,105;895,135;977,270
003:0,001;123,089;339,198;382,259;462,155;650,191;759,116
004:0,001;57,208;86,101;613,148;1194,262
005:0,001;77,005;89,144;206,124;288,209;412,235;415,109;471,184;800,131
006:0,001;107,175;570,162;583,159;901,248;992,169;1116,142
007:0,001;101,198;222,256;251,200;334,173;346,133;379,215;651,076
008:0,001;150,124;194,259;199,223;525,116;749,194;764,190;986,204;1086,262
009:0,001;86,264;192,105;991,081
010:0,001;123,089;499,215;946,246;957,153
011:0,002;156,104;319,150;353,127;383,233
012:0,002;144,106;489,084;558,118;914,013;917,238;948,215;994,238
013:0,002;96,006;111,178;238,231;307,167;349,173;689,239;1037,163
014:0,002;58,182;67,262;108,203;409,102;860,144;893,195;931,117;1053,121
015:0,002;282,080;374,093;843,252;1078,258
016:0,002;21,203;72,015;81,014;108,173;588,235;604,137;618,161;907,125
017:0,002;149,258;335,080;497,133;573,203;813,118;1102,109;1107,135;1142,233
018:0,002;106,147;113,168;261,127;347,114;369,178;559,122;669,273;760,076
019:0,002;154,189;189,173;326,013;347,114;460,176;465,233;1137,198
020:0,002;143,241;301,013;313,222;995,116;1056,261
021:0,003;19,169;123,111;207,238;343,013;350,239;746,109
022:0,003;85,200;171,116;302,160;509,124;609,255;650,160;825,122;1074,132
023:0,003;50,014;63,178;658,155;891,249;980,190
024:0,003;19,169;73,014;75,135;192,118;324,196;484,275;964,080
025:0,003;46,178;99,153;234,144;528,013;957,270;1086,150;1115,097
026:0,003;44,129;62,099;155,193;376,191;395,137;604,117;712,231;845,013;878,249;956,259
027:0,003;48,015;63,013;66,098;134,196;317,159;574,235;585,133;738,104;918,122
028:0,003;85,200;120,195;163,244;242,210;604,273;1098,147
029:0,003;143,076;145,106;252,125;254,204;380,080;729,117
030:0,003;67,262;173,174;184,013;188,208;254,135;446,238;558,167;1071,084
031:0,004;260,079;483,239;682,208;713,204
032:0,004;227,195;325,162;541,148;604,194;687,250
033:0,004;122,111;343,192;358,168;368,103;390,198;921,161
034:0,004;111,002;122,273;273,150;294,124;394,133;538,248;585,084;660,178;729,255
035:0,004;121,214;359,081;398,082;403,196;484,248;525,216;581,111;661,103;995,206
036:0,004;133,250;242,153;453,203;454,252;499,167;508,089;879,248
037:0,004;121,214;430,263;1087,167
038:0,004;116,148;516,104;725,084;1049,101
039:0,004;286,170;508,160;643,080;933,231;1175,082
040:0,004;140,261;360,167;537,222;1031,211;1132,100
041:0,005;12,010;51,014;94,231;592,132;1068,262;1070,263
042:0,005;246,250;576,204;811,116;942,102
043:0,005;142,102;294,273;548,093;631,133
044:0,005;38,010;69,009;106,127;258,117;598,231;779,081;988,210;1146,125;1149,082;1161,274
045:0,005;94,231;224,111;331,104;343,261;406,257;835,160;893,206;967,249;1085,122
046:0,005;123,205;225,183;351,099;482,222;489,205;529,131;546,257;584,211;1037,275
047:0,005;189,235;256,138;576,238;645,153;742,274;770,173;858,122;894,131;1172,137
048:0,005;109,173;181,109;208,076;330,093;542,121;641,013;663,162;1049,176
049:0,005;106,127;112,208;292,192;296,250;346,013;493,261;576,175;942,137
050:0,005;101,159;102,076;136,150;244,248;887,144;922,118;1192,169
051:0,006;62,209;74,002;154,131;788,192;997,215
052:0,006;176,200;303,013;315,154;538,204;574,013;581,082
053:0,006;118,159;315,154;598,248;619,235
054:0,006;114,155;508,170;1176,169;1189,104
055:0,006;120,183;224,190;393,144;650,238;702,173;770,132
056:0,006;74,132;269,125;272,191;314,235;1004,222;1176,215
057:0,006;120,183;263,178;361,175;439,203;520,100;901,105;1175,191
058:0,006;145,244;588,250;660,161
059:0,006;155,109;325,194;555,169;960,013;999,192;1095,210;1168,273
060:0,006;74,132;131,200;231,109;254,208;282,122;425,082;791,013;1166,150
061:0,007;122,258;141,090;271,162;317,109;574,264;906,256;1199,105
062:0,007;39,003;77,246;340,195;899,155;919,150;1073,173
063:0,007;94,084;296,274;502,122;818,082;971,178
064:0,007;178,269;871,234
065:0,007;177,259;273,174;441,186;615,173
066:0,007;137,104;1185,269
067:0,007;94,084;267,013;311,127;402,192;640,093;1076,248
068:0,007;117,169;138,117;491,098;554,155;980,207;1125,111;1190,117
069:0,007;271,162;483,121;534,205;959,195;1105,089
070:0,007;141,090;267,133;341,118;567,273;646,168;918,231;923,274;1150,175
071:0,008;35,076;101,093;372,132;631,209;1024,198;1103,216
072:0,008;80,255;439,214;561,097;838,208;1056,162
073:0,008;34,108;133,155;351,135;517,160;1014,147;1070,098
074:0,008;145,210;185,192;799,184;942,267
075:0,008;43,009;84,093;307,142;347,111;395,214;577,101;1033,222
076:0,008;39,274;288,263;304,215;495,117;925,264;977,215;1002,138
077:0,008;286,275;311,231;321,081;763,133
078:0,008;35,076;644,121;1001,103
079:0,008;34,108;95,255;264,003;288,263;404,081
080:0,008;68,195;85,082;566,204;709,109;1098,192;1156,267
081:0,009;55,193;264,003;317,257;404,194;489,099;621,248;838,259;1180,231
082:0,009;105,078;140,103;264,003;333,208;666,215;838,013;862,234
083:0,009;140,103;146,210;264,003;315,222;466,116;802,274;917,162
084:0,009;123,079;260,106;273,125;934,256
085:0,009;55,193;152,078;264,003;402,255;513,013;529,176;1174,210
086:0,009;132,117;247,078;346,246;375,261;492,162;521,089
087:0,009;222,259;821,204;879,263;1026,138
088:0,009;264,003;357,132;360,104;515,118;548,162;559,194;747,148;880,256;901,098;1092,160;1186,135
089:0,009;123,079;205,210;213,248;264,003;322,191;361,239;456,111;578,118;806,273;1034,249;1149,169;1168,125
090:0,009;5,100;105,078;199,133;264,003;304,215;339,246;689,111;1109,262;1193,222
091:0,010;178,267;676,269;1156,257
092:0,010;76,098;280,106;372,198;494,209;584,162;917,198;1004,173;1060,116
093:0,010;50,012;52,238;993,190
094:0,010;67,116;178,267;936,205
095:0,010;48,209;122,258
096:0,010;77,146;91,196;128,133;484,204;527,274;741,099;929,175;1124,269
097:0,010;74,160;339,082;355,211;658,255
098:0,010;54,016;76,011;88,246;156,169;460,203;560,269;673,111;981,257
099:0,010;74,160;295,080;306,169;550,114;781,208;831,103
100:0,010;51,116;155,131;310,135;328,112;359,089;514,167
101:0,011;26,187;72,012;91,191;305,168;348,256;825,125;893,148;1030,170
102:0,011;246,138;923,176;1026,209
103:0,011;136,250;270,084;332,231;696,084;703,122;844,097;899,195
104:0,011;91,191;268,183;336,078;971,238;1091,206
105:0,011;102,190;192,174;269,078;323,263;367,078;1001,248;1060,160
106:0,011;80,153;91,002;147,121
107:0,011;17,252;84,153;100,184;110,137;142,080;274,109;313,131;397,174
108:0,011;88,006;170,174;386,098;413,209;455,013;679,271;696,246;747,239;1155,249
109:0,011;142,080;291,150;313,205;485,076;757,131;887,231;965,202
110:0,011;153,137;275,259;286,210;872,170;1019,142;1076,093
111:0,012;101,081;116,101;235,205;931,168
112:0,012;80,184;95,273;193,013;327,186;447,122;499,198;522,148;737,208;925,100
113:0,012;80,184;392,159;595,209;987,155
114:0,012;85,269;110,205;122,133;181,159;287,098;373,203;449,241;984,159
115:0,012;28,004;51,099;60,017;110,205;182,116;487,175;925,097;1047,135;1102,273;1154,125;1166,150
116:0,012;78,097;380,258;1020,144
117:0,012;78,097;266,193;413,098;472,153;882,215;951,257;1047,260
118:0,012;134,238;196,195;690,264
119:0,012;201,184;467,176;522,250;963,246
120:0,012;82,082;136,169;305,259;333,101;392,208;766,153;954,184
121:0,013;858,181
122:0,013;664,144;858,181;1157,084
123:0,013;156,167;287,170;840,257;981,135
124:0,013;293,081;304,118;488,161;498,256;755,080;1145,135;1175,131
125:0,013;487,216;518,013;932,269;1121,109
126:0,013;933,144;1010,223
127:0,013;305,102;340,111;381,176;607,013;979,125;1129,207
128:0,013;1032,168
129:0,013;156,167;487,216
130:0,013;488,161;612,099;710,195;867,173;911,106;956,175
131:0,014;204,163;346,250;517,252
132:0,014;237,194;334,257;486,106;582,250;584,216;1087,148
133:0,014;142,102;204,163;370,114;526,135;690,192;763,273;781,267;1003,275;1120,260
134:0,014;5,100;59,176;237,194;321,211;323,275;1014,124;1097,252
135:0,014;267,097;328,186;388,097;550,190;723,102;807,231;903,159;948,138;1007,241
136:0,014;20,150;281,244;580,198;911,093
137:0,014;179,262;506,202;957,106;991,209
138:0,014;224,209;628,163;899,210;981,078
139:0,014;225,233;459,209;484,114;780,262;1102,118
140:0,014;175,223;313,247;387,103;466,148;537,223;623,124;699,194;752,246;930,208
141:0,015;98,122;273,256;324,084;1155,080
142:0,015;99,256;211,264;666,013;878,206;1091,263
143:0,015;209,102;389,163;526,162;647,132;764,256;910,150;1147,124
144:0,015;91,168;605,097;1093,193
145:0,015;155,176;375,246
146:0,015;65,190;765,191;962,205
147:0,015;88,144;373,168;1005,121;1053,211
148:0,015;167,233;364,142;397,101;576,169;648,102;714,184;760,144;878,269;929,198
149:0,015;67,011;74,175;203,247;342,223;381,238;423,235;572,153;626,223;903,174
150:0,015;99,256;480,259;953,144;1139,153
151:0,016;86,081;289,208;315,241;472,255;608,176;910,163;1102,142
152:0,016;64,208;132,002;166,076;201,121;248,081;329,103;354,116;458,160;493,131;518,255;701,135;1041,148;1074,208;1185,176
153:0,016;66,273;106,153;558,163;667,101;753,194;903,192;1064,097;1109,195;1188,144
154:0,016;99,252;114,198;337,084;484,169;519,080;589,106
155:0,016;19,144;20,014;135,203;349,097;591,186;625,257;943,155;1127,275
156:0,016;63,002;183,142;293,159;392,193;1089,249
157:0,016;88,186;171,099;568,262;773,101
158:0,016;115,148;463,186;590,144;753,178;969,250
159:0,016;94,118;167,261;184,204;359,082;385,111;533,103;650,159;977,082;1140,144;1184,259
160:0,016;184,204;235,198;361,215;370,163;395,184;678,163;1020,267;1092,204
161:0,017;187,248;205,175;354,102;625,210;1093,098
162:0,017;134,124;491,194;598,013;784,194
163:0,017;19,159;152,202;395,102;409,147;875,013;976,207
164:0,017;114,155;132,127;285,082;307,191;395,190;418,202;498,161;659,211;973,231
165:0,017;152,202
166:0,017;150,132;585,261
167:0,017;150,247;302,013;395,124;773,190;969,142;1109,124;1164,181
168:0,017;21,252;65,109;150,247;187,248;239,176;453,150;914,161;920,184;1040,273
169:0,017;129,209;280,248;481,109;716,238;914,097;922,194
170:0,017;167,103;380,150;451,135;870,093;906,153;1127,155
171:0,018;36,133;90,186;173,211;572,131;733,190;757,013;824,102;936,099
172:0,018;91,122;559,154;606,080;637,168;638,137;926,191;1129,274
173:0,018;14,166;72,009;89,002;103,147;1006,106
174:0,018;15,005;51,116;52,015;56,196;176,246;328,013;406,103;807,184;918,173;972,169;985,211;1019,264
175:0,018;23,017;173,211;286,275;456,174;901,204;984,111
176:0,018;33,017;73,121;175,223;195,273;598,100;1124,163
177:0,018;17,109;175,013;188,261;336,259;375,137;1168,147
178:0,018;41,020;91,122;93,192;271,132;335,013;519,169;568,178
179:0,018;36,133;124,147;394,235;411,261;724,099;735,261;1042,239;1098,097
180:0,018;14,166;91,209;191,205;311,255;393,106;480,190;543,133;626,099
181:0,019;46,203;127,014;190,235;380,204;559,098;617,109;706,124;1118,267;1153,210
182:0,019;35,143;91,112;363,155;461,013;520,100;595,138;998,105
183:0,019;39,274;1114,270
184:0,019;68,001;83,004;91,112;298,121;424,111;453,013;576,191;905,144;952,104
185:0,019;76,238;122,081;233,082;278,013;416,269;552,111;679,122;687,169
186:0,019;36,099;44,129;66,009;102,006;178,269;403,142;438,193
187:0,019;53,006;91,009;123,252;177,196;401,186;435,163;576,191;642,192;684,267;774,124;1009,235
188:0,019;36,099;345,258;371,204;469,013;645,098;1047,184
189:0,019;138,098;889,089;1096,238
190:0,019;35,143;94,118;297,150;883,142;1010,215;1163,239
191:0,020;47,176;142,082;224,079;492,106;874,210;895,102
192:0,020;63,195;205,142;947,080;959,223;998,260;1116,239
193:0,020;93,192;167,189;181,252;440,175;485,241
194:0,020;230,125;815,013;998,260;1043,078
195:0,020;63,195;64,137;78,252;835,013;973,159
196:0,020;73,121;127,262;1068,117;1185,208
197:0,020;142,241;434,121;468,013;1070,257;1140,211
198:0,020;125,184;194,135;251,101;291,137;333,109;395,263;874,013;975,191
199:0,020;64,137;385,223
200:0,020;73,002;95,168;107,135;299,101;322,223;338,076;442,142;878,147;1165,192
