001:0,001;182,173;270,014;281,092;453,268;468,079;578,215
002:0,001;113,202;705,216
003:0,001;10,131;64,130;276,273;372,149;611,224
004:0,001;198,217;460,158;523,087;590,079;681,175
005:0,001;157,202;188,186;569,091;609,169
006:0,001;328,186;604,137;1012,080
007:0,001;134,250;879,265;938,080
008:0,001;134,250;223,233;371,134;684,197
009:0,001;153,154;286,262;393,251
010:0,001;153,154;184,175
011:0,002;246,195;480,102;553,226;611,107;658,198;736,195
012:0,002;188,014;216,266;261,144
013:0,002;171,134;513,156;933,274
014:0,002;10,008;57,104;160,195;399,260;918,136;935,218
015:0,002;675,206;700,217
016:0,002;356,260;573,126
017:0,002;512,268
018:0,002;336,229;732,092;839,171
019:0,002;51,233;212,273;273,255;307,265;368,198;465,157;810,260;831,214
020:0,002;171,134;255,002;648,121;973,242
021:0,003;65,255;87,158;381,144;503,249;585,162;619,155;773,166;859,216
022:0,003;66,100;560,219;731,202
023:0,003;58,124;305,182;359,087;590,251;605,079;780,131
024:0,003;61,002;107,263;158,103;528,263;634,124
025:0,003;158,103;253,186;308,263;323,149;363,170
026:0,003;175,273;439,125
027:0,003;66,219;183,216;270,002;305,182
028:0,003;58,124;65,255;226,099;528,076;729,218
029:0,003;87,158;286,170;627,262;684,271
030:0,003;64,082;92,124;353,103;469,182;784,155
031:0,004;112,261;118,104;185,214;201,104;358,095;666,219;845,260;1022,135
032:0,004;114,117
033:0,004;127,001;131,236;175,267;185,020;190,236;360,260;392,236;582,131;779,143
034:0,004;117,090;279,135;342,091;544,134;933,198
035:0,004;117,090;235,150;252,211;582,092;729,196
036:0,004;165,175;196,219;631,263
037:0,004;75,164;393,262;503,227;626,164;1008,124
038:0,004;108,242;272,220;319,204;773,134
039:0,004;114,117;630,162
040:0,004;108,242;160,110;259,177;560,155;574,230;761,140
041:0,005;208,185;359,076
042:0,005;133,215;436,252;602,218;711,255
043:0,005;48,092;125,005;220,226;534,227
044:0,005;48,092;309,214;823,158
045:0,005;133,216;176,140;282,164;746,076
046:0,005;220,002;261,214;420,155;447,273
047:0,005;213,156;366,255;744,093
048:0,005;177,224;301,093;445,150;581,196;585,236
049:0,005;95,099;195,215;361,135;368,236;382,171;834,099
050:0,005;214,157;265,263;449,002;520,178;640,263
051:0,006;92,020;147,229;892,158
052:0,006;266,207;362,100;612,102;652,147
053:0,006;131,233;313,268
054:0,006;57,104;105,076;176,109;338,198;362,102;427,209;446,131;556,266
055:0,006;236,226;260,110;902,140
056:0,006;147,229;251,100;318,002;373,215;568,090;624,261;780,250
057:0,006;248,112;282,134;359,124;623,100
058:0,006;12,186;248,112;285,087;355,267;977,229
059:0,006;251,020;277,271
060:0,006;211,135;244,080;263,229;298,154;525,255;665,166
061:0,007;176,006;229,172;263,251;319,197;336,196;423,105;447,102;649,117;706,242
062:0,007;231,220;285,250;544,154
063:0,007;263,251;544,250;610,273
064:0,007;48,156;209,173;312,131;428,156;601,196
065:0,007;48,156;224,110;270,157;577,077
066:0,007;216,214;264,262;280,173;561,261;588,220;673,077
067:0,007;253,177;264,266;627,177;1164,079
068:0,007;159,214;227,178;462,155
069:0,007;159,214;182,076;264,178;604,156;997,230
070:0,007;81,147;94,150;196,092;268,135;819,157
071:0,008;31,009;58,008;74,186;166,147;481,204;679,178;1166,177
072:0,008;116,249;249,185;311,171;326,242;382,189;719,185;817,229
073:0,008;78,014;96,095;348,216;703,150
074:0,008;96,095;277,271;297,172;323,198;333,169;475,128
075:0,008;133,215;180,236;190,197;379,273;511,198;641,266
076:0,008;31,020;59,003;81,249;214,157;460,092;672,095;1036,260
077:0,008;75,014;81,249;86,006;93,196;168,171;306,109;1068,086
078:0,008;70,129;91,147;546,196;684,217;694,177
079:0,008;32,164;61,002;132,217;295,224;300,095
080:0,008;70,129;79,020;140,135;272,076;346,143
081:0,009;14,274;41,008;68,004;89,006;116,011;126,265;869,137;1001,190
082:0,009;83,076;95,014;358,162;383,197;531,261
083:0,009;141,014;224,156;506,195;726,197
084:0,009;151,128;466,259;550,002;576,212;604,166;659,131
085:0,009;87,005;198,126;526,079;597,177;689,196;699,134;719,212
086:0,009;86,140;151,128;208,014;531,261;551,259
087:0,009;138,002;183,231;193,202;433,136;899,100
088:0,009;185,267
089:0,009;78,014;101,082;156,217;171,093;505,169
090:0,009;86,140;156,265;300,002;312,204;463,207;751,198;951,172
091:0,010;37,080;70,005;212,268;312,259;444,154
092:0,010;13,136;22,020;33,136;215,238;314,086
093:0,010;13,136;59,174;86,265;120,196;212,268;240,255;345,109;670,242;782,219;796,242;959,170
094:0,010;59,174;208,259;299,102;474,178;506,262;1053,261
095:0,010;63,136;205,184;237,172
096:0,010;32,077;148,166;615,263;627,166;749,150
097:0,010;208,259;858,219;1072,109
098:0,010;48,093;284,216;347,140;586,186
099:0,010;30,005;189,238;356,128;1072,149
100:0,010;86,265;137,230;304,190;989,267
101:0,011;173,144;184,211;295,130;326,149;505,002;705,093;958,134
102:0,011;106,089;288,080;304,014;361,105;391,262;627,250;769,230
103:0,011;221,002;236,274;548,126;567,131;578,274;615,150;692,109;1013,164
104:0,011;219,220;229,079;236,274
105:0,011;229,014;318,092;549,111
106:0,011;110,086;231,250;275,020;390,162;397,143;776,144
107:0,011;145,184;263,090;564,177;578,212;712,206;733,219;765,255;788,204
108:0,011;145,184;152,140;189,020;324,227;366,268;371,238;496,150;735,206
109:0,011;148,093;163,184;201,006;230,196;533,252
110:0,011;110,086;264,140;311,080;628,238
111:0,012;8,190;340,233;363,104;378,079;505,217;560,242;607,178
112:0,012;5,137;86,216;840,211
113:0,012;5,107;43,009;50,236;85,006;169,264;1182,178
114:0,012;105,002;131,092;159,002;641,178;675,206
115:0,012;8,190;266,207;745,229;787,182
116:0,012;51,233;122,080;403,264
117:0,012;10,131;11,137;24,109;168,005;209,198;896,092
118:0,012;97,149;324,136;431,196;449,209
119:0,012;5,107;472,263;606,100;844,275
120:0,012;11,144;83,076;324,238
121:0,013;96,125;193,264;332,130
122:0,013;93,099;339,171;491,107;588,150;608,236
123:0,013;287,102;331,002;375,132;870,259
124:0,013;7,109;46,274;121,001;221,149;274,130;548,230;557,092;569,171
125:0,013;64,130;265,076;270,103;325,220;524,149;548,251;568,217;592,132
126:0,013;51,164;258,249;282,242;289,110;630,227
127:0,013;78,209;465,265;492,263;511,144;763,164
128:0,013;88,089
129:0,013;71,219;240,079;374,135
130:0,013;110,109;217,198;315,217;654,110;777,089;1139,265
131:0,014;329,263;365,002;519,218;679,220
132:0,014;146,002;472,217;501,265;603,252
133:0,014;358,002;519,218;589,260;805,275;1039,095
134:0,014;475,137;575,275;801,110
135:0,014;175,267;320,089;557,274;578,089;618,149;1070,186
136:0,014;423,126
137:0,014;330,091;417,227;484,202
138:0,014;39,197;306,271;530,220
139:0,014;248,002;575,275;807,092
140:0,014;69,006;288,090;402,164;610,251
141:0,015;26,225;74,087;284,214;292,132;354,077;653,121
142:0,015;57,263;276,177;550,197;707,173
143:0,015;38,143;330,251;366,173
144:0,015;26,225;57,263;89,255;241,090;246,268;326,227;343,099;796,255
145:0,015;68,020;292,132;515,171;550,147;645,274;815,219;981,125
146:0,015;40,008;147,006;225,111;532,103;597,261;608,211
147:0,015;38,143;99,147;153,077;177,196;186,077;206,263;226,170;255,125;320,267;329,077;346,236;597,249;737,117
148:0,015;114,087;507,103
149:0,015;26,157;79,020;131,220;261,170;278,002;297,220;332,086;1028,109;1116,136;1154,089
150:0,015;210,077;569,149;1194,136
151:0,016;78,209;106,014;170,105;187,224;255,014;267,175;658,093;742,137;862,166
152:0,016;14,274;115,011;170,105;521,238;617,265;1120,189
153:0,016;103,001;141,131;635,186;667,249
154:0,016;124,135;189,196;334,220;585,155;618,217
155:0,016;17,017;77,197;97,011;127,189;296,020;323,185;707,218;935,125;981,091
156:0,016;109,171;156,014;177,155;223,249;658,107
157:0,016;97,262;387,242;697,204
158:0,016;98,007;151,110;177,155;274,189
159:0,016;326,169;391,185;818,274;930,231
160:0,016;187,154;438,107
161:0,017;26,013;49,100;243,109;304,211;803,099
162:0,017;37,077;303,189;382,265;427,195
163:0,017;68,089;102,011;121,230;184,231;910,198;914,110
164:0,017;139,174;202,125;398,226
165:0,017;67,262;262,226;391,158;782,079;1162,109
166:0,017;219,144;370,172;499,268;508,093;565,149;566,093;678,092;789,230;953,265
167:0,017;63,216;119,143;377,268;412,080;938,136;1112,231
168:0,017;23,003;37,137;52,009;65,005;102,093;112,149;207,231;1112,111
169:0,017;67,262;74,131;309,158;448,255;462,162;880,132
170:0,017;85,107;428,090
171:0,018;15,082;20,011;32,001;39,197;63,109;98,211;180,189;237,086;239,155;525,158;886,162
172:0,018;28,131;115,125;255,219;551,099;826,135;998,147
173:0,018;62,196;111,171;381,263;489,147;984,121
174:0,018;34,087;107,007;125,197;133,209;420,091;692,262
175:0,018;15,195;232,014;282,155;378,125;935,260
176:0,018;34,195;140,197;184,020;433,252;508,002;588,224;610,242;664,091;970,093
177:0,018;41,080;199,105;340,255;367,162;447,093;642,170;680,186;1060,262
178:0,018;25,005;34,087;62,196;63,202;145,002;459,196;572,173;702,091
179:0,018;15,082;143,220;216,230;523,273;576,137;588,224
180:0,018;63,202;109,020;419,002;611,186;633,089;756,226
181:0,019;26,157;80,178;260,150;339,100;358,227;533,271;681,170;931,229;961,198
182:0,019;18,002;23,186;60,144;234,266;552,177;626,274;635,090
183:0,019;31,178;186,242;323,126;406,162;579,157;743,189;1094,128
184:0,019;58,193;116,006;207,126;312,242;558,102;610,140;745,157
185:0,019;121,079;452,105;521,002;574,130
186:0,019;33,001;55,150;397,169;607,212
187:0,019;17,014;210,170;339,172;354,264;379,227;388,190
188:0,019;84,211;231,136
189:0,019;32,009;55,150;58,193;121,079;215,128;340,190;362,207;456,111;1081,219
190:0,019;31,178;62,007;143,166;603,103
191:0,020;61,107;76,236;330,091;335,125;364,182;455,214
192:0,020;370,255;415,002;639,080;1001,156
193:0,020;319,124;984,209
194:0,020;330,076;520,172;948,156
195:0,020;62,009;75,002;93,189;178,264;189,140;248,086;321,140;346,230;781,261;1048,275
196:0,020;147,111;175,104;375,150;482,209;982,219
197:0,020;147,111;440,215
198:0,020;308,247;346,197;663,226;739,249
199:0,020;201,110;215,136;287,140;899,250
200:0,020;260,164;278,130;293,249;475,137;702,079
