001:0,001;807,002;998,017;1075,005
002:0,001;346,024;430,110;460,090;529,150;534,188;579,228;720,212;780,213;814,002
003:0,001;759,016;849,002
004:0,001;434,010;496,190;601,001;766,263;877,162;905,113;1073,019;1165,005
005:0,001;588,107;607,147;611,237;621,001;777,251;799,097;825,002;1084,202;1095,017;1155,082
006:0,001;496,190;525,115;553,170;696,001;759,111;817,091;832,250;869,205;974,228
007:0,001;750,103;769,163;937,002;1034,113
008:0,001;750,103;793,205;845,002;1153,005
009:0,001;281,025;356,024;427,019;459,214;630,125;632,254;767,002
010:0,001;617,220;739,228;894,252;1003,002
011:0,002;120,007;373,009;388,118;517,233;624,090;674,213;703,200;1095,220;1189,001
012:0,002;112,165;257,013;402,268;451,010;467,004;529,002;588,083;590,256;677,010;695,143;796,247;1162,204;1195,004
013:0,002;30,180;74,009;135,006;146,003;235,165;281,003;290,101;328,020;367,178;448,076;457,217;660,099;788,020;800,193;998,177;1035,158;1041,206
014:0,002;41,124;249,020;252,163;352,004;525,213;582,212;594,004;881,113;1013,010
015:0,002;30,180;73,013;362,228;505,076;574,143;698,089;707,090;746,162;872,021;890,263;905,220;996,105;1141,089
016:0,002;86,124;362,005;379,009;382,204;546,004;617,107;689,004;716,263;780,010;918,190;934,147;1118,190;1192,020
017:0,002;107,006;139,105;180,007;495,002;555,099;696,196;709,018;729,265;783,010;1140,193
018:0,002;90,130;286,007;362,228;817,204;925,251;972,155
019:0,002;114,105;161,099;202,001;282,124;297,006;306,178;356,147;543,001;634,263;638,233;676,214;772,242;781,178;827,190;886,099;927,016;955,090;998,020;1049,087;1143,155;1162,256
020:0,002;113,163;398,181;472,141;481,084;536,172;607,020;609,265;667,118;675,216;692,004;775,247;1026,220
021:0,003;376,084;427,205;764,016;775,196;787,141;789,206;815,150;942,244;980,020;1087,005;1151,217
022:0,003;337,147;396,018;429,095;488,263;556,173;1094,001
023:0,003;368,001;462,264;518,168;533,233;727,097;766,018;769,163;779,202;822,120;951,087;1032,247
024:0,003;346,227;517,202;598,237;610,214;736,268;746,181;809,155;912,217;917,212;1157,021
025:0,003;209,118;210,003;346,162;350,266;355,025;360,004;416,205;840,091;852,162;998,017
026:0,003;346,025;376,141;969,021
027:0,003;354,110;399,147;420,005;442,196;502,001;519,086;563,168;587,090;721,204;979,265;1068,021;1148,205
028:0,003;127,090;375,154;459,009;503,214;522,263;531,097;555,120;993,252;1011,136;1099,131
029:0,003;215,168;242,118;386,184;482,018;771,212;1006,265;1022,238;1100,273
030:0,003;79,017;117,009;127,090;144,118;284,023;337,147;343,138;436,141;468,160;489,019;517,202;1104,244
031:0,004;1027,087;1103,212;1106,089;1109,248;1161,227
032:0,004
033:0,004
034:0,004
035:0,004;293,076;334,273;416,178;537,020;538,269;556,273;582,020;585,204;640,170;678,120;788,138;856,004;1030,191;1040,212;1052,158
036:0,004
037:0,004
038:0,004
039:0,004;1027,090;1073,158;1101,128;1103,162;1104,020;1110,165
040:0,004;362,160;591,001;605,263;679,095;1073,100;1115,106;1116,206;1121,105;1136,147;1200,220
041:0,005;434,010;455,172;527,100;566,184;572,020;608,114;703,212;720,007;740,249;755,090;1023,265
042:0,005;434,010;521,123;554,208;596,213;612,118;658,007;780,020;801,091;816,019;820,103;844,205
043:0,005;434,010;526,189;716,020;771,019;1015,083;1036,004
044:0,005;504,147;600,089;604,141;738,177;743,190;821,268;856,178;1144,002;1196,172
045:0,005;434,010;483,123;493,107;683,143;695,216;877,095;924,105;1100,021;1126,099;1145,002
046:0,005;434,010;483,123;618,097;660,019;661,254;663,128;743,172;782,212;825,213
047:0,005;351,083;434,010;469,135;482,002;486,184;555,166;568,138;576,166;664,200;731,016;761,214;806,105;877,007;881,250;982,205;1083,021
048:0,005;455,172;1106,099;1120,090;1191,106
049:0,005;469,135;599,095;674,018;702,105;858,100;1035,090;1175,242
050:0,005;434,010;522,128;623,095;626,020;794,200;841,168;882,271;946,019;975,195;1198,142
051:0,006;359,100;515,184;753,007;1022,191;1105,004
052:0,006;352,203;371,244;534,009;578,184;587,097;1019,150;1021,267;1130,136
053:0,006;390,170;622,016;658,002;671,076;776,091
054:0,006;325,154;368,227;425,160;456,125;480,237;653,084;661,118;781,097;790,253;815,271;862,020;1070,017
055:0,006;361,203;390,170;492,143;612,004;631,106;771,007;791,236;828,100;844,200;1019,244;1113,156
056:0,006;289,271;446,004;447,242;550,190;993,131;1003,097;1119,172;1158,004;1160,017
057:0,006;346,024;371,244;483,200;548,004;571,007;607,002;645,208;667,097;684,238;808,196;870,004;883,175;1176,082
058:0,006;362,160;402,007;463,208;479,203;650,253;983,251;1023,252
059:0,006;289,150;322,018;343,099;346,200;466,097;529,009;684,238;831,181;834,202;930,238;956,208;981,020
060:0,006;289,271;313,025;339,020;356,271;509,004;592,253;741,089;870,199;963,111;1010,252;1031,004
061:0,007;872,089;1143,242;1150,190
062:0,007;41,243;224,018;232,005;314,105;319,003;333,273;336,076;513,206;548,004;599,091;785,163;836,099;883,076;923,097;927,175;1043,252;1103,156;1176,017
063:0,007;940,077;987,206;1001,190;1047,020;1155,089
064:0,007;878,090;883,175;926,268
065:0,007;766,268;1111,177
066:0,007;673,181;729,189;739,178;878,091;885,087;892,111;895,253;955,099;1108,158
067:0,007;507,125;616,147;617,083;746,099;999,017;1081,193;1091,020;1161,227
068:0,007;649,095;699,208;775,103;777,168;836,212;895,178;1053,212;1093,017
069:0,007;40,209;96,013;119,109;300,001;357,138;550,090;615,200;701,004;711,242;718,173;978,254;1036,017;1173,235
070:0,007;922,228
071:0,008;51,011;57,173;135,019;136,008;333,263;477,002
072:0,008;338,150;344,214;384,163;398,193;411,268;477,002
073:0,008;302,162;335,006;342,105;417,266;477,002
074:0,008;345,018;428,084;446,173;523,016;566,256;574,007;766,156;788,106;804,251;901,190;914,087;1022,251;1102,020;1107,087
075:0,008;343,020;398,193;410,237;421,242;431,020;477,002
076:0,008;410,237;440,215;477,002;880,263;942,171;958,150
077:0,008;246,249;278,107;373,217;477,002;934,097;975,177;1103,204
078:0,008;57,173;322,101;477,002;758,156;846,002;1053,190;1129,204;1152,020
079:0,008;409,206;460,220;477,002;796,273;950,021;1111,106;1182,090
080:0,008;340,101;432,025;477,002;1020,172;1029,002
081:0,009;402,196;534,009;564,010;979,020;1073,005
082:0,009;564,010;702,105;707,001;820,223;827,244;1062,131;1073,005
083:0,009;46,019;86,099;564,010;1073,005
084:0,009;564,010;1174,162
085:0,009;564,010;673,217;720,265;722,010;1073,005
086:0,009;542,016;569,150;581,084;798,010;804,141;855,193;921,020;1073,005
087:0,009;403,107;481,019;486,001;667,147;936,213;943,020
088:0,009;138,256;185,134;284,023;342,217;414,273;539,019;550,100;564,010;1073,005
089:0,009;564,010;1185,021
090:0,009;586,242;622,089;789,020;790,147;859,203;965,021;1073,005
091:0,010;304,019;309,124;385,208;432,001;437,211;520,203;621,004;663,177;877,016;979,165;1106,242;1134,191
092:0,010;245,243;380,203;440,018;549,244;596,254;638,123;700,156;754,018;782,180;801,263;837,076;880,021;886,172;1004,202;1073,254
093:0,010;200,223;472,007;508,118;569,263;631,184;653,178;667,156;717,091;755,004;1095,017;1172,142
094:0,010;281,138;290,243;427,016;438,189;550,118;645,016;691,076;732,150;800,177;958,118;1075,155;1132,173
095:0,010;319,138;335,095;600,208;714,095;830,203;852,236;876,004;964,238;1049,004;1051,172;1185,020
096:0,010;251,263;329,005;398,214;460,143;505,200;515,181;791,118;903,087;908,177;990,019;1000,162;1096,177
097:0,010;266,007;325,110;488,268;614,266;656,016;750,203;822,004;1115,196
098:0,010;199,001;280,223;468,189;479,007;547,120;630,189;699,123;741,016;801,208;979,165;1149,091;1174,200
099:0,010;252,138;308,101;314,150;683,256;695,254;704,189;845,267;932,095;1155,193
100:0,010;239,183;312,017;354,020;498,194;501,141;504,095;591,220;595,001;677,208;693,252;879,268;885,091;1114,017;1117,195
101:0,011;230,003;399,211;434,099;478,004;595,181;649,118;662,018;780,155;1047,213
102:0,011;132,270;193,006;281,025;500,216;538,089;689,002;716,249;754,202;778,208;830,216;856,196;1106,122
103:0,011;132,001;133,251;281,025;457,115;517,267;777,083;888,269;998,017
104:0,011;133,251;230,105;291,141;418,220;449,147;500,216;659,265;998,017
105:0,011;192,004;227,013;241,101;254,020;292,183;319,025;457,115;568,018;742,087;772,007;843,238;900,168;943,193;1094,001
106:0,011;132,270;281,025;508,004;519,154;524,208;545,162;848,199;998,017;1161,001
107:0,011;152,141;281,025;460,143;478,168;648,018;760,267;1010,017
108:0,011;157,095;160,012;215,013;281,025;511,009;517,267;705,004;707,269;885,090;938,202;998,017;1073,156;1110,202
109:0,011;145,209;281,025;467,271;784,177;790,265;899,105;982,199;998,017
110:0,011;131,158;152,141;256,007;281,025;457,004;485,143;487,016;526,089;580,007;701,099;726,007;803,180;846,007;886,196;998,017
111:0,012;123,134;272,078;284,023;372,242;801,251;803,172;869,254;928,111;953,077;1029,019;1133,217;1134,004
112:0,012;289,090;473,231;571,213;656,268;710,125;869,019;1061,111
113:0,012;284,023;345,273;406,090;420,097;468,162;549,178;641,242;662,018;695,268;806,020;929,118;949,147
114:0,012;284,023;506,128;678,168;1054,010;1107,259;1167,113;1181,172
115:0,012;289,263;513,105;582,020;658,168;722,019;770,138;822,156;944,010;1020,097
116:0,012;309,178;404,212;459,001;711,220;1071,178
117:0,012;284,023;399,211;475,268;547,135;550,268;608,114;647,019;687,020;717,001;832,250;1025,196;1129,017;1173,002;1185,004
118:0,012;284,023;342,200;436,266;504,016;526,086;560,001;679,138;775,271;988,173;1128,267;1131,097
119:0,012;123,134;152,243;260,141;329,118;348,168;502,090;575,107;587,178;773,125
120:0,012;311,006;365,016;467,001;506,128;511,196;803,181;844,220;870,103;1080,019;1093,122;1148,095;1192,196
121:0,013;328,025;336,120;346,024;373,212;381,118;436,166;660,002;897,111;923,083;1009,118;1151,252
122:0,013;290,188;346,024;386,256;405,004;412,233;528,076;683,016;716,240;756,004;811,216;827,238;914,155;924,019
123:0,013;201,008;346,024;450,083;571,016;635,203;669,091;712,216;736,076;859,118;1006,271;1032,150;1133,089;1137,100
124:0,013;351,083;447,020;567,173;628,020;755,007;889,248;1061,177;1068,248;1167,021
125:0,013;195,231;480,211;526,213;557,150;562,220;578,076;626,019;732,111;763,002;781,131;789,204;807,271;811,016;867,076;910,263;923,021
126:0,013;346,024;417,166;536,196;594,010;728,213;753,141;777,111;1002,019;1058,111;1077,131;1096,202
127:0,013;202,017;290,188;305,138;346,024;403,154;412,233;503,212;546,216;701,016;949,116
128:0,013;373,212;530,200;563,019;564,010;895,019;982,131;1018,269;1024,004;1110,099
129:0,013;368,097;385,020;392,181;574,135;662,217;761,002;847,097;917,265;933,269;984,002;1108,140;1155,203;1168,212
130:0,013;346,024;422,217;450,083;985,156;1085,265;1157,019
131:0,014;40,209;114,231;294,173;427,019;669,178;701,019;716,087;806,131;981,020;994,269;1137,106
132:0,014;102,256;400,120;482,264;538,100;544,147;746,177;780,087;861,242;887,010;1118,005
133:0,014;27,206;257,017;353,168;410,110;421,154;543,016;569,123;660,184;756,007;831,016;1007,131
134:0,014;42,095;162,018;166,006;436,208;447,237;475,100;501,138;765,118;857,216;943,089;1081,269
135:0,014;27,206;163,009;205,016;366,154;402,004;467,154;496,123;508,189;521,016;589,254;619,172;679,002;690,193;851,254;877,021;924,254;1008,125;1078,186
136:0,014;26,115;43,009;49,231;191,017;215,168;350,215;565,189;630,233;634,273;670,007;685,010;935,204;1107,020
137:0,014;44,009;79,001;140,016;192,107;566,256;594,162;629,150;648,016;716,087;721,240;735,019;747,156;763,143;826,111;854,156;967,248;1100,251
138:0,014;42,223;77,001;194,076;419,084;643,099;649,125;771,020;786,103;1181,091;1196,173;1199,005
139:0,014;30,118;207,108;215,105;221,013;222,006;277,001;309,266;426,105;478,184;500,273;786,010;939,023;951,265;972,186;1187,178
140:0,014;115,020;215,105;372,001;475,200;479,178;528,007;687,273;735,168;761,213;884,126;953,010;1094,001;1140,021
141:0,015;302,019;342,004;344,009;541,001;605,212;693,007;952,158;1058,238;1161,019
142:0,015;284,023;367,009;494,244;558,001;699,007;942,171;1129,212
143:0,015;262,099;323,001;331,215;434,019;525,135;543,269;617,138;669,150;1013,116;1045,010;1057,251;1089,118
144:0,015;283,095;294,251;345,173;559,231;571,200;649,214;668,020;690,240;710,016;725,208;781,251;985,141;988,242
145:0,015;288,214;433,162;500,220;503,188;531,178;574,004;600,252;665,007;667,002;761,016;881,141;1051,171
146:0,015;279,251;376,105;505,009;588,113;690,240;693,193;787,196;846,228;950,213;1034,171;1041,191
147:0,015;327,204;445,004;537,212;667,016;716,233;727,254;757,019
148:0,015;262,120;397,019;398,090;399,251;502,007;518,141;600,252;611,135;841,138;848,020;983,136;1156,140
149:0,015;283,095;345,019;506,217;666,196;671,135;729,007;755,019;1107,136;1122,004;1175,136
150:0,015;262,078;389,120;551,200;599,256;696,206;703,004;717,128;1100,105;1101,125;1184,165
151:0,016;262,120;306,007;308,188;577,002;578,253;613,091;640,168;674,002;764,220;830,089;939,023;1008,019
152:0,016;633,227;645,263;759,254;865,004;879,263;882,016;955,140
153:0,016;281,013;375,251;500,097;605,220;672,106;856,244;939,023;955,156;1032,077;1079,116;1083,019
154:0,016;633,227;637,010;740,200;793,267;836,128;1197,005
155:0,016;564,010;633,268;652,016;939,023;1067,256
156:0,016;939,023;1011,193;1070,256;1143,250
157:0,016;110,011;172,108;211,109;297,025;368,016;718,018;804,016;939,023;958,134;1174,206
158:0,016;837,007;849,126;921,021;958,134;1158,269
159:0,016;939,023;979,021;1038,140;1098,200;1138,150;1153,118
160:0,016;234,015;260,270;279,242;341,004;391,100;414,206;650,268;660,001;663,156;676,084;681,010;708,269;893,216;939,023;955,140;1036,250;1183,203
161:0,017;368,097;455,200;495,160;546,263;603,190;624,020;984,206;1105,162;1180,001
162:0,017;105,209;223,016;932,002;1032,004;1050,254;1164,099
163:0,017;341,271;351,227;363,016;797,084;859,252;967,100;1137,002;1140,020
164:0,017;351,162;465,204;614,213;770,020
165:0,017;363,208;618,019;648,252;850,019;855,091;871,105;914,238;1012,077;1068,017;1076,004;1136,005;1187,251
166:0,017;302,162;395,220;415,097;417,203;504,016;969,195;1099,111;1107,205;1147,087
167:0,017;353,184;363,009;517,266;585,118;596,206;810,087;925,162;1151,100
168:0,017;353,184;461,009;462,273;486,266;669,203;1134,171
169:0,017;342,220;611,268;639,190;730,217;905,248;966,203;1117,004;1181,162
170:0,017;131,158;138,008;259,242;353,141;354,150;488,105;584,273;614,202;743,273;1018,250;1125,116
171:0,018;767,236;863,189;916,019;1053,242;1098,173;1161,021;1179,095
172:0,018;769,199;789,180;816,106;841,131;990,083;1094,001
173:0,018;827,244;839,163;940,002;1150,251;1176,254
174:0,018;370,099;402,005;419,125;676,018;769,199;856,010;1099,259
175:0,018;384,188;423,237;562,269;594,168;640,204;779,016;860,111;885,125;994,021;995,273;1094,001
176:0,018;645,177;705,150;713,018;769,100;825,020;910,116;1011,020;1094,001
177:0,018;769,100;954,190;1094,001
178:0,018;836,186;903,242;965,271;1014,168;1054,002;1151,111;1188,273
179:0,018;781,131;836,186;936,020;1104,001
180:0,018;790,242;1010,254;1064,083;1094,001
181:0,019;940,267;1120,128
182:0,019;855,158;1029,204;1081,103;1120,203
183:0,019
184:0,019
185:0,019;725,090;877,208;928,217
186:0,019;487,090;501,100;529,271;729,118;762,135;855,158;911,186;1032,200
187:0,019
188:0,019
189:0,019;690,212;729,206;773,217;1115,238
190:0,019
191:0,020;872,021
192:0,020;872,021
193:0,020;842,208;872,021
194:0,020;42,223;243,017;303,231;470,009;503,154;506,020;872,021;1157,165;1165,155
195:0,020
196:0,020;872,021;1073,005;1124,004
197:0,020;872,021;1075,273;1127,103
198:0,020;748,189;872,021
199:0,020
200:0,020;1036,156;1066,175
