001:0,001;1005,015;1017,213;1040,018;1043,016;1052,116
002:0,001;671,158;684,001;1093,119;1104,098;1148,253
003:0,001;289,202;396,076;639,167;693,004;701,151;830,261;955,260;994,159;1159,018;1187,136
004:0,001;693,112;701,224;720,018;785,001;1107,161;1174,003
005:0,001;1106,121
006:0,001;1091,101
007:0,001;801,112;841,131;853,001
008:0,001;1127,004;1149,142
009:0,001;1006,257;1139,018;1177,019
010:0,001;1102,219
011:0,002;859,020;915,222;935,001;1021,003
012:0,002;845,266;992,223;1021,003
013:0,002;147,012;183,228;191,010;404,162;429,262;641,083;689,150;718,078;783,235;1021,003
014:0,002;728,001;833,119;880,015;1021,003
015:0,002;836,022;994,211;1021,003
016:0,002;859,159;1021,003
017:0,002;641,120;728,221;745,002;770,025;782,200;859,159;870,078;1021,003
018:0,002;183,228;323,017;402,168;589,002;837,275;925,257;1002,253
019:0,002;861,076;863,093;866,215;1021,003
020:0,002;861,112;898,113;915,222;999,020;1021,003
021:0,003;330,224;358,001;421,162;474,206;507,005;529,082;547,193;551,002;585,168;1003,274;1050,267;1177,019;1185,011
022:0,003;366,183;421,258;556,193;570,009;619,022;716,142;747,004;781,010;865,235;866,243;963,113;1177,019;1191,260
023:0,003;121,127;229,018;304,014;325,163;330,151;398,016;425,167;448,148;619,022;755,190;762,098;844,010
024:0,003;332,076;389,220;518,263;535,006;544,193;619,022;733,106;858,121;879,010;1079,235;1174,092;1177,019;1191,096
025:0,003;405,082;578,001;603,191;614,151;637,200;647,095;712,133;790,004;793,142;994,113;1060,160;1067,126;1072,160;1082,131;1177,019
026:0,003;376,017;462,174;619,022;693,112;736,129;747,113;892,010;1001,108;1058,186;1149,004
027:0,003;330,230;387,151;619,022;714,137;726,169;867,089;998,186
028:0,003;332,076;442,160;548,230;619,022;699,004;700,133;714,137;715,209;737,200;769,106;904,010;1099,169;1177,019
029:0,003;354,274;439,253;465,183;619,022;699,193;794,093;1061,003;1081,095;1177,019
030:0,003;330,230;650,209;692,100;716,095;725,198;759,142;827,254;848,025;872,240;946,116;1020,020;1101,083;1177,019;1195,003
031:0,004;1036,086;1186,011
032:0,004;447,240;547,174;779,025;811,004
033:0,004;1125,144;1166,119
034:0,004;176,013;271,011;342,001;473,190;1067,015;1068,131;1180,083;1196,186
035:0,004
036:0,004;814,025;824,224;838,022;968,020;1171,238
037:0,004
038:0,004;836,022;852,101;876,076;1032,092;1067,260;1111,160;1181,235
039:0,004
040:0,004;1027,151;1092,018;1125,144
041:0,005;587,262;675,258;765,240;900,137;906,015;1084,126
042:0,005;770,025;865,158;884,262;952,098;1073,101;1084,223
043:0,005;643,113;770,025;856,004;929,005;999,108;1079,189;1105,151;1173,261
044:0,005;643,113;727,095;784,076;827,015;861,267;901,245;912,018;929,005;1021,146;1060,238;1153,215;1179,022
045:0,005;717,240;733,002;770,025;884,262;929,005;952,098;1193,223
046:0,005;330,250;347,001;403,167;639,230;676,220;847,243;852,190;879,235;914,022;929,005;945,163;1151,118
047:0,005;720,196;770,025;914,245;929,005;1042,159;1108,018
048:0,005;711,219;742,224;828,113;929,005;990,149;1075,274;1148,022;1151,118;1199,254
049:0,005;770,025;891,158;918,101;924,183;929,005;1018,257;1038,190;1188,016
050:0,005;722,270;736,186;770,025;910,189
051:0,006;831,131;836,022
052:0,006;823,163;836,022;1157,174;1170,159;1200,016
053:0,006;836,022;972,092;1013,190;1014,263;1062,022
054:0,006;694,167;700,001;724,200;732,191;900,126;1049,015;1161,106
055:0,006;781,020;786,126;798,004;836,215
056:0,006;630,143;663,274;766,150;836,022
057:0,006;620,018;683,006;744,243;836,022
058:0,006;836,022
059:0,006;836,022;851,001;873,265;999,163;1023,018;1094,015
060:0,006;512,230;536,097;648,260;663,136;689,120;716,273;786,126;945,022
061:0,007;460,261;475,004;583,158;806,233;990,149;1143,088;1199,018
062:0,007;229,003;275,009;352,011;421,261;707,266;1033,020;1181,266
063:0,007;439,158;457,196;587,193;788,174
064:0,007;424,274;813,158;921,001;941,226
065:0,007;483,001;557,233;627,196;899,001;914,196;1028,126;1125,022
066:0,007;492,111;878,025;882,020;945,253;964,169
067:0,007;32,234;70,001;129,198;444,106;525,006;557,233;1100,010;1117,089
068:0,007;430,011;478,208;487,275;492,243;609,148;658,163;829,243;876,022;1135,010
069:0,007;461,245;591,076;654,167;873,238;936,275;991,161;1008,015;1050,174;1121,220
070:0,007;420,190;525,018;578,005;707,259;823,025;944,183;958,148;993,010
071:0,008;206,107;365,009;529,273;699,082;819,015;885,152
072:0,008;221,222;251,007;291,124;304,260;352,262;465,221;657,209;707,267
073:0,008;206,107;389,250;425,262;427,168;460,158;561,126;587,009;626,158;633,004;693,002;812,025;817,183;885,020;890,022;1094,004
074:0,008;213,004;1156,016
075:0,008;206,015;208,173;512,262;570,219;709,111;910,169;933,020;989,168
076:0,008;248,191;365,017;436,172;526,126;718,267;791,015;868,025;893,015;897,219;1020,234
077:0,008;208,173;546,219;598,083;656,126;666,082;1065,010;1077,167
078:0,008;205,014;234,238;433,191;568,119;635,266;716,018;795,004;831,151;914,010;922,020;991,119;1043,003;1190,016;1198,010
079:0,008;235,007;381,224;658,010;666,082;673,005;693,191;780,129;799,002;850,191;897,161;959,261;1013,086;1069,146;1130,152
080:0,008;221,222;358,010;403,099;464,273;657,200;927,152;1119,016
081:0,009;594,168;607,095;628,168;654,228;695,262;830,002;841,234;995,196;1043,175;1078,149;1090,022;1110,092;1172,082
082:0,009;389,161;472,253;491,266;501,110;544,260;630,191;636,193;692,006;855,095;1104,257
083:0,009;477,007;481,207;675,002;679,146;683,186;685,158;708,259;715,254;915,219;943,190;958,160;990,243;1044,003;1053,167;1069,082
084:0,009;214,106;405,160;436,172;530,002;596,126;650,076;713,261;714,001;945,253;1083,254
085:0,009;676,010;834,136;1042,016;1130,149
086:0,009;389,161;492,106;555,078;575,006;834,136;838,153;926,022;928,160
087:0,009;656,006;838,153;1122,275;1126,219;1170,003
088:0,009;715,254;760,010;958,106;1043,010;1057,121;1103,259;1149,022
089:0,009;656,006;824,004;1104,261;1183,167
090:0,009;53,016;92,178;186,002;197,018;212,078;316,253;439,009;661,174;721,220;725,010;781,254;817,010;857,174;1006,001
091:0,010;783,235;809,018;822,198;824,002;827,245;894,111;1037,018
092:0,010;44,014;268,010;697,095;862,010
093:0,010
094:0,010;954,121;1052,018;1107,095
095:0,010
096:0,010;1130,016
097:0,010;478,076;559,006;661,115;712,233;763,263;776,010;1015,153;1168,175
098:0,010;141,018;302,151;338,236;371,009;638,020;742,266;802,169;839,001;854,257;922,076;1031,001;1080,010
099:0,010
100:0,010;1003,251;1041,219;1117,113
101:0,011;477,007;496,129;657,076;770,158;859,116;968,153;1000,266;1146,257;1183,092
102:0,011;477,007;499,169;783,020;798,198;815,126;893,086;1019,261;1170,208;1175,263
103:0,011;477,007;555,083;599,220;659,018;716,142;788,002;812,010;835,101;1039,215;1130,159
104:0,011;477,007;500,153;608,186;643,151;652,018;671,020;920,189;1026,142
105:0,011;450,158;452,191;516,095;577,206;691,020;783,261;815,148;858,257;1018,161;1051,004;1080,161;1175,151
106:0,011;464,162;477,007;498,260;527,126;541,095;681,207;792,020;1037,001;1095,196;1166,098
107:0,011;501,236;586,240;836,020
108:0,011;477,007;516,209;543,220;594,018;720,006;746,245;935,222;1017,020
109:0,011;496,129;727,121;809,207;880,093;935,101;1186,160
110:0,011;477,007;481,220;718,121;725,259;962,020;1052,129;1078,275;1191,274;1198,169
111:0,012;236,078;461,245;560,263;641,160;743,006;775,263;983,131;1052,261;1100,015;1176,274
112:0,012;244,017;250,219;294,003;336,183;342,253;599,209;645,106;704,010;765,112;903,151;953,126;985,234
113:0,012;207,123;225,017;232,086;324,206;439,095;529,258;681,238;740,001;759,183;773,148;806,219;903,243;1038,136;1195,004
114:0,012;213,262;397,016;408,223;568,146;674,129;685,148;945,274;965,190;977,161;986,004;1013,020;1148,242;1175,167;1182,116;1191,011
115:0,012;233,219;379,018;411,238;585,111;672,219;874,175;949,223;1077,004
116:0,012;208,263;509,221;568,224;571,223;630,002;636,161;882,095;1064,016;1148,078;1169,196
117:0,012;227,086;313,002;324,206;592,258;661,160;870,022;953,219;1101,200
118:0,012;216,006;269,019;271,014;313,202;324,086;330,011;408,223;588,238;670,273;688,161;1085,004;1187,219
119:0,012;233,219;240,234;324,200;356,019;373,240;473,163;701,200;712,258;759,020;874,175;1167,184
120:0,012;208,263;224,017;230,263;266,016;370,224;396,200;416,260;553,160;598,173;610,219;645,148;727,245;769,198;798,267;842,146;1017,016
121:0,013;278,012;349,261;403,273;513,267;587,015
122:0,013;278,012;353,001;387,236;454,010;485,106;487,168;529,206;555,158;619,001;805,260;949,226
123:0,013;234,238;278,012;354,146;430,017;458,011;658,015;778,207;856,015;1135,263;1152,274;1185,011
124:0,013;257,261;452,010;501,225;509,010;513,267;712,001;805,190;816,001;918,004;956,159;994,211;1014,183;1025,020;1072,092
125:0,013;246,261;257,002;278,012;324,200;544,078;553,209;657,015;839,163;874,018;955,004;1010,022;1030,163;1149,174;1153,015
126:0,013;214,106;231,019;278,012;378,017;436,015;504,209;593,106;711,018;720,163;755,137;825,089;1114,260
127:0,013;246,261;272,115;278,012;326,274;408,006;433,275;672,078;684,018;687,263;769,190;787,238;812,133;860,150;869,004;938,146;1095,106;1158,016;1165,184
128:0,013;278,012;354,146;835,078;849,259;886,234;930,015
129:0,013;257,250;412,002;433,219;556,097;566,260;735,093;763,146;861,263;998,015
130:0,013;250,009;257,019;389,160;654,006;662,224;698,273;732,174;853,020;918,167;1046,022
131:0,014;213,260;305,228;320,106;472,167;653,223;673,243;814,274;914,267;1009,259;1052,018;1100,146
132:0,014;319,275;418,183;498,238
133:0,014;51,260;112,014;332,098;772,274;940,018
134:0,014;389,273;457,136;474,219;525,010;627,245;713,196;717,010;783,086;825,238;853,098;875,119;898,020;936,018;1187,242;1197,016
135:0,014;32,234;363,011;410,221;463,002;613,221;618,083;623,004;642,221;716,137;862,254;1157,004
136:0,014;361,019;389,007;452,136;484,198;655,262;783,086;951,018
137:0,014;329,236;582,010;709,125;1105,078;1146,146;1191,096
138:0,014;423,196;703,115;816,129;1042,020;1132,004
139:0,014;31,005;51,260;285,017;299,098;721,106;768,020;1008,168
140:0,014;358,203;374,017;410,221;486,005;709,125;852,234;878,183;1011,142;1017,083;1079,266
141:0,015;432,001;521,015;987,175;1031,196
142:0,015;775,092;969,183;1026,015
143:0,015;710,093;778,098;872,106;1016,016
144:0,015;710,093;727,220;792,186;1016,016;1185,011
145:0,015;694,092;973,083;1016,016
146:0,015;464,110;495,010;551,119;753,168;802,015;1016,016;1185,011
147:0,015;619,022;694,092;759,002;765,020;803,018;806,265;1016,016
148:0,015;722,098;759,115;819,186;924,151;1016,016;1185,011
149:0,015;1185,011
150:0,015;1016,016;1185,011
151:0,016;596,009;648,183;675,275;711,002;810,089;862,148
152:0,016;555,274;613,020;859,025;890,119;1016,275;1112,189
153:0,016;443,126;526,004;534,097;548,004;613,020;905,160;946,082;1149,016
154:0,016;553,224;563,207;570,097;613,020;889,082;925,113;994,263
155:0,016;613,020;1175,122
156:0,016;414,110;430,198;517,169;613,020;917,121;935,234;984,235
157:0,016;613,020;1149,106;1177,010
158:0,016;553,186;572,266;613,020;863,200;1066,020;1170,208
159:0,016;506,266;656,119;834,020
160:0,016;402,126;522,183;834,163;931,111
161:0,017;513,083;524,253;599,245;746,275;813,002;914,235;916,022;949,238;1021,174;1025,106;1100,160;1109,016;1176,078
162:0,017;330,082;410,016;546,010;553,186;807,002;859,240;866,083;867,018;939,254;1065,078;1185,011
163:0,017;458,152;471,015;486,018;576,224;679,183;752,010;772,018;896,001;1003,015
164:0,017;191,105;207,123;249,017;493,200;630,015;807,025;856,116;878,082;885,083
165:0,017;480,004;570,261;630,173;634,207;686,221;735,112;792,002;828,076;857,169;1060,092;1107,086;1199,146
166:0,017;462,174;540,106;616,240;712,167;1149,242
167:0,017;306,007;330,082;385,191;436,224;486,004;496,111;513,083;556,001;596,228;680,224;790,196;921,137;999,089
168:0,017;458,152;471,016;596,228;603,001;655,121;1017,016;1051,121;1096,190
169:0,017;473,163;557,173;593,121;704,020;857,025;899,190;917,274;1169,015
170:0,017;308,183;381,263;415,151;444,274;478,004;576,006;581,121;628,097;632,151;885,169;904,015;961,093;1064,015
171:0,018;1016,016;1113,010
172:0,018;342,220;409,099;476,018;613,020;658,221;675,186;680,126;750,018;1162,259;1191,151
173:0,018
174:0,018;818,121;838,220;1071,004;1077,223;1149,149;1200,257
175:0,018
176:0,018;1100,121;1169,144
177:0,018;999,020;1029,233;1118,125
178:0,018;515,173;657,243;701,209;753,020;764,093;811,235;853,265;862,220;1186,131
179:0,018;226,115;276,018;589,267;670,022;674,018;861,142;1087,001
180:0,018
181:0,019;229,006;325,017;406,009;691,169;720,158;757,083;829,001;879,125
182:0,019;353,010;420,190;462,167;464,100;479,208;530,148;567,082;603,136;689,004;770,025;871,223;876,183;878,223;960,151;1184,267
183:0,019;416,258;464,078;495,224;551,200;696,207;733,223;853,131;945,200;1160,159;1167,018;1180,200
184:0,019;434,146;480,274;495,136;635,233;645,261;1050,022
185:0,019;451,078;708,106;731,015;763,163;765,160;926,136;1030,148
186:0,019;404,015;463,155;497,240;595,223;920,015;927,018;996,088;1167,275
187:0,019;488,207;501,208;551,009;622,015;953,004;1087,098;1097,004
188:0,019;111,007;416,015;548,004;636,100;704,129;1072,275;1073,018
189:0,019;393,243;428,015;441,006;453,100;620,263;662,148;674,083;929,005;937,022;996,088;1141,022
190:0,019;257,250;317,222;376,078;435,009;452,010;472,243;474,136;564,015;934,119;982,116;1177,131
191:0,020;294,224;305,253;340,019;439,095;505,100;688,168;736,260;1191,078
192:0,020;278,012;412,002;457,158;529,261;535,191;676,018;758,234;850,142;856,150;908,001;1052,136;1170,088
193:0,020;295,198;350,219;450,004;477,263;591,245;615,274;646,020;654,150;859,137;969,259;1198,106
194:0,020;294,224;378,011;414,110;624,010;629,141;674,260;758,004;857,131;1073,196;1087,003
195:0,020;330,243;670,191;726,010;758,234;825,168;986,004;1199,174
196:0,020;265,014;279,191;423,006;445,148;500,161;684,010;707,078;1095,175;1193,016
197:0,020;330,243;370,260;476,161;609,198;831,131;848,001;1010,260;1024,238;1039,020;1063,003;1080,263;1130,126
198:0,020;264,004;305,253;308,260;410,010;469,015;521,275;1025,119
199:0,020;332,275;444,230;507,207;515,146;558,110;644,163;647,263;716,133;822,004;885,101;917,163;994,004
200:0,020;349,238;394,005;457,266;552,009;606,190;725,076;921,190;936,259;984,092;1038,111;1188,095
