001:0,001;371,185;474,131;488,157;627,129;787,232;816,249;1033,219;1186,174
002:0,001;335,151;353,010;376,135;576,181;633,254;695,227;829,004;858,275;894,018;1038,159;1052,137;1084,232;1163,133;1183,234
003:0,001;368,151;390,085;441,225;446,110;535,242;923,101;1032,157;1064,099;1071,077
004:0,001;49,015;82,003;231,001;342,170;501,140;612,166;619,227;744,018;1030,077;1065,005;1127,254
005:0,001;353,201;787,019;1064,086;1144,208;1180,157
006:0,001;335,164;385,262;404,275;508,191;542,254;554,275;696,231;712,018;724,110;774,019;958,264;963,227;994,157;1174,108;1182,148;1189,154
007:0,001;222,007;272,201;348,088;368,132;831,261;843,168;864,114;879,215;882,164;1072,197;1155,240
008:0,001;257,102;292,175;293,241;473,084;546,181;606,018;787,102;838,018;934,188
009:0,001;380,219;397,019;422,201;550,018;908,260
010:0,001;390,085;515,273;530,182;620,164;621,004;649,114;935,159;1015,232;1036,156;1173,248
011:0,002;19,090;54,011;127,005;210,183;211,129;218,229;319,159;385,194;466,225;658,018;849,241;1039,232;1147,250
012:0,002;25,016;60,015;72,157;517,270;536,134;897,157;988,232;1082,168;1087,157;1093,169
013:0,002;16,199;72,157;264,238;323,132;567,134;955,144;1012,196
014:0,002;29,225;207,208;226,213;335,238;488,103;512,102;559,005;579,018;739,241;841,172;929,219;1044,184;1067,108;1074,275
015:0,002;15,225;19,090;45,199;259,013;277,183;391,170;514,005;525,006;535,135;1031,005
016:0,002;15,225;257,019;264,238;455,234;491,227;498,020;634,019;696,230;795,019;797,110;916,181;936,090;941,100;990,132;1183,226
017:0,002;16,160;71,251;96,001;106,248;140,215;366,140;394,131;574,220;579,019;700,104;706,159;871,226;909,201;1090,152;1122,157
018:0,002;15,215;16,199;30,158;39,109;42,012;66,010;206,213;221,124;228,132;334,019;360,275;364,161;600,159;788,225
019:0,002;55,256;164,003;245,017;285,199;487,143;617,250;725,106;877,184;1038,101
020:0,002;30,158;83,020;688,270;986,260;1091,270;1158,112
021:0,003;33,194;78,127;119,224;174,135;227,181;391,183;602,131;668,164;786,113;873,099;962,181;969,264;1180,237
022:0,003;33,194;60,013;86,010;87,224;89,160;118,135;171,018;226,234;442,219;552,191;665,152;671,019;825,138;874,182;1184,132
023:0,003;292,214;443,229;699,254;770,152;806,219;1025,095;1096,258
024:0,003;269,013;278,119;296,082;370,191;473,266;578,084;589,154;753,249;806,019;1002,197
025:0,003;278,119;286,092;367,010;460,168;572,214;844,182;846,004;1120,271
026:0,003;332,119;356,092;542,140;567,208;629,229;1019,107;1154,100
027:0,003;319,240;667,195;1022,201;1145,151
028:0,003;226,080;244,211;332,227;435,165;476,183;514,168;601,101;810,243;892,220;930,085
029:0,003;235,167;406,106;418,019;444,149;468,166;551,184;637,164;657,231;704,191;774,197;1058,224;1087,261
030:0,003;296,082;434,191;717,229;1115,082;1120,271;1167,223
031:0,004;586,098;822,254;917,227;1013,152;1084,270;1172,197
032:0,004;507,020;605,104;945,266;1006,156;1025,192
033:0,004;1027,266;1125,152;1150,110
034:0,004;1171,129
035:0,004;1025,192
036:0,004;1185,261
037:0,004;1039,167;1171,129
038:0,004;497,144;499,225;532,242;535,159;584,131;585,101;957,165;1163,092
039:0,004;108,164;228,159;536,121;575,019;586,098;634,084;858,266;991,101
040:0,004;1159,239
041:0,005;308,084;568,020;808,169;869,019;921,215;1094,176
042:0,005;376,273;383,236;871,144;877,138;879,114;997,236;1059,118;1091,249;1122,102
043:0,005;239,215;252,095;333,224;485,019;492,020;720,167;733,084;742,129;808,169;1103,199
044:0,005;98,013;100,003;112,181;148,227;186,251;193,227;378,101;404,168;485,005;578,168;836,179;860,084;881,144;993,005
045:0,005;99,249;197,251;816,154;1183,156
046:0,005;272,088;339,251;376,195;460,251;870,168;880,138;984,114;1103,180;1114,131
047:0,005;252,095;272,088;363,241;458,181;568,112;725,167;880,205
048:0,005;242,254;275,010;294,017;317,166;458,005;570,231;622,208;671,004;736,226;847,201;909,152;1061,241;1109,229
049:0,005;97,135;356,020;361,195;475,241;506,121;771,108;1015,081;1144,201
050:0,005;178,132;245,020;523,004;638,223;676,142;910,099;1055,208;1131,104;1198,161
051:0,006;78,127;169,181;170,020;184,124;201,005;296,181;337,211;453,227;482,121;526,217;614,010;624,139;638,010;723,195;800,181;982,005
052:0,006;178,181;281,157;323,099;804,248;854,165
053:0,006;101,158;228,004;263,017;277,241;315,254;625,182;648,018;669,004;734,090;808,085;904,167;1019,176;1082,104;1102,090
054:0,006;144,207;187,170;238,225;483,240;761,227;829,138;893,156;982,005
055:0,006;85,175;98,104;240,137;299,103;314,004;408,262;456,197;726,092;836,018;982,005;1166,258
056:0,006;172,173;200,217;578,113;611,270;784,087;890,236;982,005;1106,226
057:0,006;101,251;284,225;303,242;340,161;361,129;606,010;649,182;806,099;867,156;888,248;982,005;1105,169
058:0,006;90,161;120,127;233,256;249,242;324,119;331,095;359,099;896,113;982,005
059:0,006;78,132;220,217;421,149;581,019;607,232;649,181;909,260;981,197;982,005
060:0,006;142,227;144,207;184,256;296,124;389,191;418,010;434,106;691,165;759,147;939,165;951,166
061:0,007;316,143;518,110;524,227;581,121;768,220;780,087;942,090;1086,234
062:0,007;158,129;196,007;309,177;340,016;386,018;424,147;584,089;1128,082
063:0,007;355,110;447,019;573,201;574,254;580,220;581,201;825,270;1090,184
064:0,007;329,128;340,016;405,219;447,121;476,128;691,087;775,179;813,164;832,152;858,081;1003,159;1129,004;1164,170
065:0,007;298,149;340,016;447,121;496,236;599,132;658,275;857,227;953,160;974,230
066:0,007;201,167;209,211;214,125;261,013;340,016;474,260;488,166;596,140;935,230
067:0,007;319,020;326,010;336,103;340,016;383,240;399,181;479,005;543,018;618,140;669,129;729,243;846,251;862,195;869,098;915,092;1067,226;1113,148;1178,196
068:0,007;340,016;475,004;538,165;637,019;652,098;859,131;1018,102;1038,234;1165,260;1193,254
069:0,007;424,147;1108,254;1188,095
070:0,007;175,246;253,275;302,191;332,104;446,214;525,248;732,104;866,089;1007,138;1165,241
071:0,008;85,175;139,249;149,005;181,165;419,010;432,094;478,110;510,241;725,225;763,240;827,196;1007,181;1166,122
072:0,008;38,164;143,020;151,087;606,019;617,225;718,214;734,275;748,167
073:0,008;66,087;448,219;477,229;619,166;1044,229;1102,201;1143,134;1154,247
074:0,008;58,183;181,165;518,019;820,111;843,084
075:0,008;40,256;46,018;98,019;171,159;183,004;265,230;438,223;483,181;498,208;535,220;566,166;569,004;681,114;786,133;955,188;964,205;1008,100;1025,205;1043,258;1059,005
076:0,008;40,256;75,254;237,019;240,112;265,133;781,181;796,201;944,018;1021,249
077:0,008;55,183;311,140;360,126;436,004;535,220;598,241
078:0,008;36,248;276,080;287,151;292,248;400,240;470,138;493,260;496,104;602,139;632,217;645,004;792,122;828,019;855,092;900,232;1007,112
079:0,008;131,133;150,275;218,137;292,251;324,213;353,240;366,166;472,149;481,139;523,019;606,142;844,199;862,019;976,004;1070,124;1107,114;1133,004;1197,119
080:0,008;36,248;39,018;130,017;190,270;298,149;382,134;435,019;445,186;745,090;827,119;988,007;1007,095;1148,086
081:0,009;58,251;82,256;99,249;106,256;226,020;280,013;358,182;529,020;540,133;1031,225;1140,089
082:0,009;58,251;65,016;87,224;193,007;220,197;393,151;427,020;458,005;537,081;1101,086;1156,264;1198,260
083:0,009;6,254;108,013;244,270;257,135;328,168;337,020;516,122;886,110;1049,205;1185,133;1188,264
084:0,009;46,213;170,125;267,225;269,020;487,018;529,151;571,241;589,102;636,010;674,176;887,135
085:0,009;34,227;55,020;341,181;429,128;481,195;569,139;588,157;654,160;767,250;984,156;993,110;1168,152
086:0,009;36,112;297,020;667,106;786,220;885,124;1062,236;1136,124;1140,004
087:0,009;55,007;92,275;135,211;139,020;537,081;539,225;558,199;624,237;852,250
088:0,009;34,227;305,139;313,199;519,085;924,106
089:0,009;36,112;81,215;83,020;681,160;702,161;1103,236
090:0,009;50,018;53,129;248,020;683,191;694,092;1147,114
091:0,010;671,092;673,019;773,248;786,219;919,134;1104,240;1148,147
092:0,010;671,092;699,151;737,004
093:0,010;357,197;503,103;524,149;582,217;644,166;684,140;750,215;773,263;848,018;851,144;937,224;980,264;1114,215
094:0,010;37,016;87,010;382,089;405,227;452,020;667,215;738,019;944,077
095:0,010;516,019;748,234;793,114;861,224;952,226;967,004;1163,201
096:0,010;340,016;353,236;492,164;578,161;776,224;858,004;1019,275;1067,191;1153,275
097:0,010;253,249;262,248;609,236;753,191;761,156;788,084;819,232;890,151;1014,119;1173,161
098:0,010;773,263;1114,243
099:0,010;253,013;279,262;503,010;685,238;741,196;816,157;1010,004;1155,134
100:0,010;647,004;741,196;801,205;818,004;918,223;1153,004
101:0,011;125,089;175,104;197,004;265,230;285,112;344,019;347,250;617,181;746,112;884,154
102:0,011;135,020;151,137;226,020;276,262;328,229;415,020;436,141;439,227;511,108;561,142;578,082;1154,095
103:0,011;125,160;269,270;429,082;757,197;764,179;771,191;837,132;880,263
104:0,011;125,089;560,084;667,156;1191,005
105:0,011;164,125;185,089;348,016;431,270;446,186;483,219;631,214;698,242;1098,182
106:0,011;15,189;39,087;59,011;124,104;130,275;151,248;156,124;614,010;786,219;803,159;908,214;915,142;1068,135;1128,081
107:0,011;133,124;177,004;219,104;259,018;367,185;527,005;561,142;635,208;846,140;938,220;990,007;995,214;1123,108;1159,174
108:0,011;173,013;317,010;370,129;556,197;691,199;1095,118;1160,122
109:0,011;15,189;188,017;292,114;299,214;347,250;658,184;673,131;855,237;1061,152
110:0,011;174,229;399,124;552,010;618,102;1119,264;1149,232;1172,170
111:0,012;41,007;91,005;124,242;224,127;226,129;329,242;348,208;427,010;490,176;525,006;588,184;777,018;842,098;915,243;960,104;988,007;1045,132
112:0,012;89,013;94,140;525,006;542,179;561,152;619,249;1012,247;1048,131;1072,214
113:0,012;71,158;259,003;279,019;288,099;317,241;358,103;501,186;525,006;630,100;689,166;944,201;1007,240;1093,110;1101,191
114:0,012;94,104;108,112;125,227;134,010;145,159;318,166;335,127;343,143;475,254;525,006;541,106;564,225;617,230;681,018;873,104;887,195
115:0,012;86,216;156,249;204,182;301,133;346,242;525,006;568,089;576,106;663,132;973,108
116:0,012;53,139;218,164;340,016;351,084;452,242;480,154;507,138;523,102;608,122;768,186
117:0,012;110,137;126,003;170,217;176,182;178,248;231,127;532,223;538,143;575,215;856,240;887,018;910,240;946,106;1078,247
118:0,012;124,242;178,128;324,018;356,166;362,191;382,114;641,100;1073,005
119:0,012;53,139;93,251;166,275;351,127;525,006;543,112;617,168;642,119;814,182;935,018;993,007;1013,107;1172,181
120:0,012;97,189;171,164;203,175;288,099;358,018;374,170;380,251;390,273;399,114;664,119;830,205;853,122;976,188
121:0,013;208,001;230,018;249,170;365,134;376,082;421,010;445,122;467,270;640,238;679,176;1127,250;1132,196;1149,225;1200,182
122:0,013;158,128;426,273;508,019;517,185;525,006;531,131;674,019;921,084
123:0,013;398,004;445,122;604,161;687,102;774,254;1099,106;1171,165
124:0,013;369,119;410,175;465,238;632,087;782,019;937,214;1047,160
125:0,013;446,138;540,119;660,020;807,196;969,134
126:0,013;159,213;311,129;361,131;448,270;461,195;627,238;729,160;1045,004;1127,119
127:0,013;364,194;476,085;477,165;492,004;502,108;825,275;861,214;988,007;1094,148;1191,156
128:0,013;448,157;485,133;526,157;563,113;570,270;602,108;745,186;1118,224
129:0,013;344,168;447,102;510,119;623,231;676,131;1139,128;1162,164
130:0,013;376,275;383,219;430,164;453,154;584,220;737,214;901,004;925,264;977,196;1084,172;1091,254;1122,248;1172,176
131:0,014;20,133;111,011;144,182;387,201;411,230;611,166;639,224;653,270;678,240;703,226;1076,131;1102,142;1117,161;1171,138
132:0,014;53,213;126,005;152,112;233,109;247,080;264,109;270,129;297,175;393,167;426,249;721,224;913,087;956,224;1123,263
133:0,014;49,160;356,183;465,126;499,005;511,085;800,230;863,275;1015,220;1030,151;1067,004
134:0,014;35,114;389,223;557,166;566,230;959,240
135:0,014;28,011;49,208;183,080;284,134;301,102;518,199;817,101;916,085
136:0,014;22,109;35,114;274,249;413,214;611,248
137:0,014;27,215;41,133;177,217;178,019;218,211;392,110;435,182;455,087;677,191;678,208
138:0,014;14,087;22,109;181,010;187,199;297,167;375,176;432,094;468,241;520,020;667,156;726,250;751,275;801,191;1063,112;1157,138;1194,191
139:0,014;14,087;120,216;196,109;199,249;616,232;663,224;764,082;1115,261;1167,239
140:0,014;20,133;37,160;41,017;49,208;91,109;273,018;375,176;513,018;536,004;703,226;724,172;1190,108
141:0,015;109,200;119,013;154,092;292,230;357,157;435,176;470,010;758,261;966,099;1059,133
142:0,015;92,211;221,003;294,092;332,010;516,275;529,110;825,266;839,247;854,208;867,142;934,112;994,261;1112,164;1157,215
143:0,015;70,181;206,003;392,139;540,081;847,113;944,077;1024,104;1147,092;1159,196;1162,089
144:0,015;70,181;106,139;446,254;472,119;485,194;518,154;876,113;889,157;890,208;905,104;1080,099;1131,214
145:0,015;78,171;330,106;406,273;536,160;679,019;734,234;988,004;1091,180;1151,124;1193,151
146:0,015;69,004;110,137;180,224;277,160;502,018;503,227;667,250;843,191;864,243
147:0,015;109,200;118,254;193,092;254,104;339,197;351,164;429,004;445,140;448,139;474,260;545,110;710,240;901,132;1028,100
148:0,015;35,171;329,139;350,104;459,208;484,101;498,234;526,230;551,092;559,186;744,084;786,160;945,113;994,226;1064,086;1088,209;1146,180
149:0,015;115,246;289,201;383,175;463,140;487,106;504,018;587,129;640,124
150:0,015;101,092;185,242;197,127;198,242;300,004;330,106;439,134;559,124;841,112;1047,102;1071,142;1117,229;1156,209
151:0,016;149,080;171,170;177,251;181,134;468,164;472,135;497,004;520,005;563,113;822,106;943,147
152:0,016;170,217;210,215;223,254;404,092;585,195;699,128
153:0,016;149,080;199,224;713,100;832,108;966,234;1082,181
154:0,016;171,170;290,019;371,160;639,165;673,168;804,184;828,161;846,223;914,275;1013,128;1134,241;1160,236
155:0,016;192,133;240,001;241,191;366,010;681,223;844,261;1076,102
156:0,016;180,001;241,191;294,184;567,159;662,112;817,090;1160,107
157:0,016;181,134;270,133;287,013;294,184;405,234;541,128;979,261;993,266
158:0,016;170,004;200,197;323,018;415,184;548,223
159:0,016;153,132;160,104;167,133;267,020;327,238;330,225;429,133;474,194;513,019;514,165;851,124;875,110;881,220
160:0,016;200,102;415,164;878,090;921,138;1141,005;1146,135
161:0,017;201,167;247,164;319,119;528,139;602,020;636,258;1165,180
162:0,017;331,223;412,197;454,089;859,247;894,199;1122,180;1140,137;1159,086;1169,090
163:0,017;332,013;335,126;348,275;636,258;805,215;1150,092
164:0,017;331,223;355,149;442,085;458,005;725,243;801,004;833,100;939,114;980,224;1055,110;1074,220;1185,081
165:0,017;328,168;354,133;400,182;420,248;458,005;720,184;866,152;982,122;1073,270;1077,160
166:0,017;395,234;397,159;458,005;492,161;539,183;605,010;692,225;1021,114
167:0,017;226,234;378,208;616,135;872,230;904,169;920,214;928,254;1082,100;1145,224
168:0,017;340,128;452,251;458,005;482,018;544,215;662,157;809,019;924,169;1065,166;1119,242
169:0,017;301,170;329,114;335,126;500,005;581,266;821,258;1005,161;1192,229
170:0,017;329,161;364,139;366,161;458,005;604,266;918,208;926,266;931,176;982,005;1021,089;1153,172
171:0,018;267,007;304,119;321,270;494,149;495,224;628,018;988,007;997,217
172:0,018;15,215;145,010;202,020;299,103;431,018;560,179;858,151;1182,128
173:0,018;879,159;988,007;1017,275;1132,135;1137,266
174:0,018;871,161;1004,160;1058,219
175:0,018;616,113;780,018;988,007;1073,209;1195,124
176:0,018;988,007;995,248;1108,147;1138,236;1152,104
177:0,018;844,227;887,240;987,250;1083,005;1129,166
178:0,018;458,005;514,101;563,179;757,140;806,232;976,243;1102,250;1126,226;1139,099;1196,219
179:0,018;893,191;988,007;1038,137
180:0,018;997,217
181:0,019;992,270;1057,236;1088,137;1116,005
182:0,019;1002,118;1154,191;1177,106
183:0,019;985,176;1013,118;1056,159;1185,110
184:0,019;473,266;588,254;799,270;814,234;961,133;1099,108;1109,260;1142,159
185:0,019;727,261;813,018;828,247;974,004;1143,174;1182,208
186:0,019;264,246;340,016;405,229;457,104;670,232;800,182;835,119;1114,095;1171,271
187:0,019;798,205;946,197;968,102;972,172;1057,099;1196,205;1198,107
188:0,019;757,236;1030,195
189:0,019;873,018;961,243;970,181;1063,005
190:0,019;472,004;498,182;751,018;859,102;957,182;1097,005
191:0,020;31,005;230,208;340,135;470,010;686,172;808,168;1079,122;1165,199;1199,167
192:0,020;376,273;413,010;453,004;557,152;906,230;928,247;1144,249
193:0,020;33,092;152,215;159,208;255,215;295,224;314,018;324,208;352,016;356,131;389,168;400,019;431,154;460,229;461,237;622,151;855,226;866,164
194:0,020;287,151;686,084;689,152;769,004;945,142;1095,151;1144,122;1156,201;1161,137
195:0,020;461,237;861,184
196:0,020;145,004;158,140;273,208;295,018;376,101;587,166;611,220;880,168;1088,237
197:0,020;231,183;255,127;326,084;343,013;386,242;438,151;499,085;501,238;590,147;756,151;885,215;895,122;1126,186
198:0,020;106,175;304,112;399,211;456,103;478,182;480,242;661,232;782,157;876,237;1175,082
199:0,020;282,095;293,020;463,082;540,199;551,161;566,004;578,231;651,199;686,172;721,197;931,208;1038,191;1078,164;1101,092;1140,131
200:0,020;340,175;373,112;554,219;632,157;763,004;766,165;934,242
