001:0,001;306,017;535,005;556,155;631,005;703,086;720,202;825,242;900,017;1119,120
002:0,001;288,239;346,015;380,005;404,185;571,200;705,230;796,015;823,199;1061,117;1077,275
003:0,001;290,005;318,086;347,098;372,200;402,008;714,119;902,015;1011,184;1174,143
004:0,001;337,017;460,006;470,095;910,019;1001,091
005:0,001;310,119;445,006;468,088;749,160;830,018;905,019;917,096;932,160
006:0,001;354,215;394,005;537,014;562,177;601,018;682,009;735,153;793,212;832,123;889,010;1041,145;1122,010;1134,274
007:0,001;275,221;336,118;564,098;857,219;899,088;1054,153;1093,003;1147,148
008:0,001;203,017;234,020;364,010;384,272;387,192;420,181;429,221;532,249;625,005;664,244;864,098;954,206;985,015;1105,155;1120,252;1152,014
009:0,001;336,008;468,088;607,118;746,225;909,214;1132,015
010:0,001;275,221;290,151;717,003;729,105;794,132;823,199;915,095;996,214;1029,168;1193,192
011:0,002;215,172;253,202;618,084;721,003;1127,228;1132,207;1170,273
012:0,002;244,240;325,221;431,200;601,190;814,003
013:0,002;214,015;393,202;504,005;712,096;797,017;877,088;906,124;989,108;1039,167
014:0,002;215,003;246,012;249,202;350,086;368,015;446,017;510,207;614,019;678,217;881,273;945,003;1111,192;1192,092
015:0,002;218,105;330,005;654,091;664,143;744,003;1138,153;1177,014
016:0,002;24,003;57,011;462,022;579,184;716,230;764,015;897,203;992,105
017:0,002;222,195;375,015;485,012;501,014;510,207;733,228;753,151;936,183;944,024;978,185
018:0,002;215,172;365,012;378,005;476,014;498,221;700,155;750,088;890,024;999,192;1007,233;1168,096
019:0,002;228,139;438,173;451,012;565,120;654,015;774,256;979,119;1175,233
020:0,002;222,195;229,139;251,145;310,086;666,196;972,010;1007,233
021:0,003;211,011;251,017;355,181;498,014;611,244;676,192;716,151;885,207;1012,077;1030,224;1135,014;1184,124
022:0,003;799,098;930,229;1001,190;1021,224;1030,155;1091,077
023:0,003;687,010;803,229;1081,077;1128,160
024:0,003
025:0,003;400,244;625,271;829,185;838,202;878,219;1085,003
026:0,003;921,077;1085,267
027:0,003;659,019;691,098;755,118;792,225;948,015;967,203
028:0,003
029:0,003;590,022;602,148;604,203;631,095;639,192;681,155;705,203;726,013;757,203;775,015;789,242;922,184;951,151;957,096;1012,274;1182,003
030:0,003
031:0,004;127,002;175,153;241,013;263,118;354,019
032:0,004;111,003;191,025;209,225;344,012;354,019
033:0,004;93,086;234,153;354,019
034:0,004;93,086;111,129;326,244;354,019;549,114;786,173;861,084;886,014;923,243;967,017;981,182;1125,257
035:0,004;151,110;191,025;221,017;248,006;274,095;291,168;320,113;328,117;377,098;417,203;449,246;503,200;518,117;689,274;759,228;1067,108;1070,109;1093,024;1162,232;1190,207
036:0,004;125,107;191,025;277,086;302,153;354,019
037:0,004;151,110;166,009;191,025;233,005;264,200;354,019;1034,274;1069,088
038:0,004;110,220;125,107;145,086;181,020;191,025;274,095;466,118;644,003;893,181;1097,148
039:0,004;111,129;352,245;354,019;837,003;860,271;916,196;1062,241
040:0,004;110,220;125,019;191,025;222,017;263,118;264,018;352,245;354,019;497,008;720,010;972,014;987,076;999,178;1163,167;1200,164
041:0,005;722,227;735,263;738,207;820,014;878,015;956,202;1096,093;1118,014;1170,077
042:0,005;531,258;856,114;1093,015
043:0,005;130,008;177,249;308,013;396,222;419,274;621,005;629,120;676,184;683,014;694,009;723,015;784,184;827,200;849,244;878,015
044:0,005;131,200;177,018;273,013;289,006;305,173;378,221;409,013;410,243;424,161;604,249;707,228;763,242;783,191;837,258;878,015
045:0,005;709,134;722,227;784,184;834,017;878,015
046:0,005;508,222;610,098;635,249;654,076;787,224;903,242;1035,230
047:0,005;727,156;831,263;849,018;878,015
048:0,005;735,263;878,015
049:0,005;707,228;722,192;878,015
050:0,005;664,003;839,143;1171,186
051:0,006;503,222;553,010;581,203;709,095;1006,168;1019,017;1021,232;1125,229
052:0,006;462,022;514,105;590,022;603,241;686,091;720,076;723,019;744,183;748,192;789,114;967,015
053:0,006;462,022;549,114;562,108;590,022;612,109;710,192;728,003;767,173;981,143;1027,017;1055,251;1189,199
054:0,006;435,243;462,022;471,206;590,022;629,018;798,191;941,212;1178,128
055:0,006;462,022;514,249;596,178;723,203;921,191;997,095
056:0,006;394,165;415,178;489,132;542,142;590,022;603,241;748,118;750,018;886,146;911,207;1099,252
057:0,006;471,206;532,256;590,022;646,274;685,019;737,242;758,197;803,203;890,003;926,013;1130,196
058:0,006;462,022;513,240;522,244;552,009;590,022;603,003;661,206;702,013;921,236
059:0,006;506,008;625,010;646,274;780,181;800,214;865,173;1079,274;1130,196
060:0,006;530,191;687,202;792,117;814,013;879,212;904,091;1018,162;1022,142
061:0,007;261,015;271,127;289,015;308,144;348,013;434,017;537,197;866,217;975,251;977,243;1128,181;1141,228
062:0,007;270,152;506,010;535,019;627,077;998,019
063:0,007;267,222;508,019;773,183;1053,015;1120,257;1151,219;1200,257
064:0,007;288,239;308,144;437,222;495,256;803,096;807,018;822,256;862,200;993,251;1055,077;1071,017;1123,096;1144,229;1183,015;1193,017
065:0,007;270,152;439,009;515,203;587,108;610,160;687,019
066:0,007;104,017;192,168;228,105;269,240;286,181;344,168;349,009;353,136;384,006;429,077;659,005;722,207;764,086;831,019
067:0,007;261,020;305,172;362,020;493,160;647,009;691,275;702,244;844,181;879,167;929,217;1002,243;1007,251;1054,148;1074,108
068:0,007;286,181;340,105;383,252;631,018;916,132;1015,186;1144,162
069:0,007;251,098;267,222;330,272;355,190;438,178;453,117;626,148;926,221;933,117;996,256;1015,117
070:0,007;251,014;308,117;474,152;508,132;597,249;598,077;621,003;648,009;723,019;782,186;840,017;869,124
071:0,008;735,153;758,273;767,166;778,155;820,190;834,132;872,019;917,096;1104,003;1115,131
072:0,008;563,076;604,191;732,185;809,271;890,123;911,118;979,003
073:0,008;755,019;927,182;961,019;986,274;1021,232;1078,183;1123,088
074:0,008;765,227;771,019;1001,142;1134,019;1138,232;1145,014;1197,275
075:0,008;489,009;540,098;585,012;699,230;706,271;787,148;943,013;1153,173;1198,111
076:0,008;546,217;731,086;961,178;1119,186
077:0,008;758,273;1142,236;1174,123
078:0,008;815,165;830,202;837,160;914,024;927,182;982,173;1028,010;1050,091
079:0,008;773,019;815,165;836,184;922,267
080:0,008;354,215;664,118;676,256;745,019;842,212;860,019;945,212
081:0,009;890,117;942,015;983,108;1108,145;1123,143;1124,155;1139,182;1151,017
082:0,009;201,003;229,200;471,017;595,015;616,116;666,109;677,009;730,242;821,153;1177,114
083:0,009;737,225;760,014;764,178;954,184;1000,192
084:0,009;752,236;780,018;903,221;906,014;932,242;1015,243;1187,146
085:0,009;713,191;789,273;846,014;919,172;929,013;1058,088;1096,273
086:0,009;715,197;755,003;1036,275;1145,115
087:0,009;768,186;958,091;984,017
088:0,009;713,254;748,017;775,091;795,162;1005,118;1094,262
089:0,009;755,124;849,017;976,019;1024,151;1162,224
090:0,009;562,005;580,195;644,148;683,221;725,010;799,202;917,162
091:0,010;63,012;180,007;198,020;254,127;276,105;506,013;541,142;579,155;693,013;730,203;741,155;872,003;1057,208;1131,010
092:0,010;950,013;1022,192;1091,003;1175,010;1187,212
093:0,010;801,076;976,017;1052,146
094:0,010;898,013;1039,093;1089,236;1131,143
095:0,010
096:0,010;651,160;740,018;944,017;980,274;994,019
097:0,010
098:0,010;439,014;711,181;829,252;873,256;905,190;1019,167;1040,229;1138,208
099:0,010;803,206;937,017;1055,162;1123,178
100:0,010;830,013;916,010;954,123;970,010
101:0,011;362,168;393,115;439,014;755,017;867,248;885,186;987,024;1100,181;1116,108;1198,173
102:0,011;83,022;183,109;357,139;439,014;508,015;823,155;1192,014
103:0,011;140,142;271,139;280,225;355,019;371,246;373,129;410,009;439,014;801,118;1020,132;1157,252;1179,014
104:0,011;351,182;439,014;561,132;780,145;810,217;828,181;865,003;936,202;980,191
105:0,011;376,246;439,014
106:0,011;351,013;577,202;602,181;635,145;1040,024;1120,197;1138,183;1179,155
107:0,011;276,115;394,017;656,203;665,177;673,008;770,018;776,224;1009,200;1111,019;1145,092
108:0,011;350,195;439,014;1009,172;1022,088;1067,199
109:0,011;140,142;142,011;371,009;450,015;585,177;610,151;711,014;850,207;899,003;924,199;932,019;935,185
110:0,011;351,182;439,014
111:0,012;131,200;254,259;289,219;296,009;343,013;444,272;449,196;523,008;552,013;746,162;880,024;1200,164
112:0,012;758,229;848,013;880,024
113:0,012;594,091;607,012;698,018;758,229;765,124;880,024
114:0,012;594,091;640,244;660,010;701,017;708,123;725,190;768,274;880,024
115:0,012;760,171;839,018;880,024;1061,191;1183,010
116:0,012;708,123;814,018;880,024
117:0,012;725,239;760,171;923,003;947,117;1041,019;1168,184;1190,019
118:0,012;713,219;833,192;880,024
119:0,012;748,243;894,202;951,235;1086,010;1088,181;1134,142
120:0,012;724,252;823,010;853,013;914,251;928,177;938,024;1061,014;1063,167;1152,093;1188,096
121:0,013;62,221;80,013;313,220;367,240;522,173;768,207;790,119;802,190;905,217;916,119;965,273;1089,208
122:0,013;994,168;1003,229;1012,145;1099,128;1170,257;1195,019
123:0,013;313,220;383,013;463,240;490,020;509,013;982,145;1011,095;1037,118;1114,153;1122,010;1134,261
124:0,013;403,256;526,161;655,014;754,191;761,160;844,191;906,013;1030,241;1056,010;1095,173;1123,184;1158,132
125:0,013;1070,017;1089,015;1197,111
126:0,013;722,212;844,093;858,156;954,221;1080,014;1111,206;1134,261
127:0,013;313,015;347,018;365,020;530,012;619,206;655,116;704,017;725,132;1048,017;1139,214
128:0,013;984,200;1196,019
129:0,013;612,221;664,017;676,013;880,024;1083,262
130:0,013;1033,219;1059,206;1106,184;1111,109;1176,156
131:0,014;414,197;429,010;436,019;498,014;595,084;815,197;914,093;943,256
132:0,014;377,196;594,017;636,117;753,091;852,145;922,224;955,267;1062,219
133:0,014;382,217;549,005;632,091;757,019;866,256;873,197;1189,256
134:0,014;329,243;452,190;586,014;762,019;781,010;835,019;853,091;930,241;1124,017;1133,093;1147,155;1157,206
135:0,014;255,173;299,219;329,165;386,012;409,105;430,012;631,017;667,252;708,010;713,219;740,160;760,084;857,212;944,013;966,024;1029,162;1040,124;1075,105
136:0,014;329,165;415,005;491,241;550,196;689,148;758,241;934,123;936,235;947,199;1185,017
137:0,014;361,013;363,216;493,217;496,012;529,190;714,015;731,200;905,160;1123,120
138:0,014;339,192;363,216;382,217;392,173;431,105;708,241;847,267;918,219;968,093;1036,109;1042,015;1196,243
139:0,014;344,017;397,203;502,014;847,267;949,148;1046,010
140:0,014;255,195;319,095;329,243;359,005;445,009;464,003;616,161;666,014;1008,206;1200,109
141:0,015;809,219;868,014
142:0,015;785,221;891,019;936,235;979,168;990,024;1018,256;1031,076;1072,010;1094,128
143:0,015;192,168;392,009;571,015;803,013;859,124;864,156;1015,088;1021,010;1028,019;1066,024;1090,228;1179,197
144:0,015;14,004;74,104;83,022;105,007;132,197;430,013;528,273;541,206;798,207;880,024
145:0,015;476,173;582,019;631,256;669,015;804,014;979,168
146:0,015;158,098;557,185;603,015;900,014
147:0,015;527,258;606,202;699,191;707,017;979,114
148:0,015;695,177;817,084;914,014
149:0,015;417,144;419,015;738,018;785,214;954,155;969,151;971,185;975,214;993,252;1096,076
150:0,015;452,010;492,241;514,003;769,013;881,091;894,084;913,252;959,274;985,015;1134,256;1180,236
151:0,016;83,022;113,019;163,098;193,015;336,011;388,077;587,014;723,212;757,015;877,167;986,010
152:0,016;74,222;83,022;213,015;615,014;693,096;804,185;842,236;913,256;932,098;1009,172;1022,124;1038,003
153:0,016;83,022;98,151;264,249;292,005;328,015;797,196;901,119;998,003;1145,095
154:0,016;79,017;117,015;270,017;311,240;318,011;381,132;490,203;555,003;558,271;651,119;780,105;856,003;896,019;986,010;1059,251
155:0,016;98,151;170,197;179,151;372,197;375,109;451,015;576,118;600,184;625,012;759,153;851,160;888,105;937,241;1018,105;1031,119;1173,178
156:0,016;135,013;244,246;264,008;359,240;377,015;845,105;981,015;1008,123;1040,096;1186,010
157:0,016;74,222;83,022;106,115;220,009;251,145;604,177;650,088;666,183;809,123;1129,010;1196,251
158:0,016;74,104;81,004;123,192;275,020;522,009;551,181;745,003;1128,131
159:0,016;83,022;151,142;265,190;472,195;625,019;626,119;691,114;847,014;893,153;1039,202;1096,118
160:0,016;83,022;123,192;458,098;513,181;538,008;624,207;689,117;888,151;1036,173;1194,228
161:0,017;215,219;252,197;359,008;378,244;489,192;631,017
162:0,017;429,271;607,132;723,017;974,024;980,219;1007,203;1109,017
163:0,017;590,022;644,177;934,148;1079,124;1177,093;1199,252
164:0,017;403,240;445,197;461,017;768,252;1115,232
165:0,017;858,086;915,251;943,088;1003,224
166:0,017;403,006;420,129;446,215;488,010;502,178;886,146;1049,014;1158,126;1195,168
167:0,017;716,077;737,076;887,274;964,167;1035,214
168:0,017;195,007;199,086;312,119;405,216;471,200;497,173;502,019;562,009;620,173;728,143;777,225;781,013;807,274;916,093;1068,184;1070,207
169:0,017;195,002;215,219;314,009;332,020;363,160;471,271;490,190;518,271;555,017
170:0,017
171:0,018;395,185;525,005;529,009;716,018;852,153;872,117;929,251;1002,017
172:0,018;376,256;454,203;461,178;567,005;639,017;886,010
173:0,018;399,161;523,013;607,215;767,123;800,091;869,181;1028,010;1065,115
174:0,018;366,256;383,108;499,013;658,019;793,228;1122,230
175:0,018;200,113;334,129;447,095;565,009;604,013;966,186;971,156;1149,275;1195,010
176:0,018;363,005;370,086;403,252;434,098;445,019;538,086;751,014;767,166;959,014;1196,017
177:0,018;367,252;392,118;399,161;411,132;424,246;501,013;608,010;664,258;836,010
178:0,018;191,025;201,113;305,271;349,008;350,265;570,013;602,148;631,010
179:0,018;350,265;515,012;529,076;696,215;767,230;779,017;1033,156
180:0,018;383,108;454,192;665,249;706,196;719,008;766,010
181:0,019;217,249;219,018;252,178;383,195;579,274;582,185;700,118;878,015;994,235;1065,010;1085,132
182:0,019;213,190;347,011;452,208;460,109;608,200;811,119;842,171;920,010;1025,230;1100,256;1124,200
183:0,019;145,115;381,220;389,197;398,220;457,017;983,109
184:0,019;216,272;378,202;385,220;459,086;464,256;471,108;574,252;591,022;611,196;665,114;671,017;716,221;801,010;826,143;833,017;962,275;1076,148;1129,203
185:0,019;210,173;482,017;483,183;640,098;662,197;674,114;683,088;837,190;884,124;888,017
186:0,019;210,173;238,005;276,271;420,017;768,243;989,146;1185,118
187:0,019;221,246;342,181;360,272;483,183;724,015;765,263;784,236;1076,093;1176,243
188:0,019;252,178;425,015;455,014;470,086;484,181;560,217;635,008;748,143;972,017;1174,092;1190,126
189:0,019;252,244;290,139;309,109;632,105;756,236;838,183;881,132;887,010;1194,093
190:0,019;211,259;294,006;353,136;390,017;408,274;456,020;462,022;495,145;760,077;887,184;1034,143;1100,207;1119,003
191:0,020;371,271;462,022;501,143;560,181;594,244;601,018;923,076
192:0,020;191,025;214,244;397,215;429,197;619,185;642,010;663,155;669,215;683,185;736,014
193:0,020;511,215;580,143;728,156;861,093;912,200;975,186;1058,151;1146,077;1163,014
194:0,020;512,005;526,084;582,095;601,018;725,093;914,146;961,105;996,182
195:0,020;183,109;272,246;410,151;501,143;660,003;661,252;748,014
196:0,020;601,018;886,178;972,019;1103,117;1192,015;1195,003
197:0,020;513,015;601,018;821,221;1041,095;1051,014
198:0,020;536,151;580,221;601,018;793,263;807,166;948,183
199:0,020;520,265;567,005;576,084;601,018;723,206;1055,123
200:0,020;353,160;563,012;601,018;725,093;828,184;875,229;920,197;1035,024;1131,241
