001:0,001;402,271;486,134;713,106;750,267
002:0,001;21,144;83,018;108,249;110,019;261,098;382,154;495,001;651,272;880,135;957,015;992,274;1061,142
003:0,001;261,098;327,177;348,268;356,134;357,021;366,232;401,001;801,166;816,082;892,011;896,240;949,202
004:0,001;469,245;746,077
005:0,001;108,249;210,172;429,272;440,006;460,207;470,170;765,098;791,142;856,077;926,257;1186,133;1196,245
006:0,001;206,135;279,020;282,019;527,105;644,226;649,122;895,188;1108,197
007:0,001;536,169;565,226;849,111;957,151;1098,174
008:0,001;511,240;589,134;764,172;807,111;833,218;844,239;942,084
009:0,001;548,154;560,001;846,249;1107,172
010:0,001;402,271;873,209;907,267;1065,095;1147,081
011:0,002;133,020;144,167;346,272;473,019;639,113;793,119
012:0,002;127,015;132,179;183,020;192,014;364,134;394,229;400,234;419,174;442,236;796,197;1094,142
013:0,002;137,199;168,167;286,017;345,144;351,098;560,015;640,257;795,151;802,109;818,269;853,208;880,201;1172,270
014:0,002;133,226;206,203;342,001;542,206;577,201;625,119;644,268;739,105;795,115;951,015
015:0,002;157,267;453,234;482,268;667,172;731,111;755,274;776,268;895,255;1050,221;1064,128
016:0,002;81,125;97,144;227,080;330,019;552,228;715,187;844,192;881,270;937,194;1006,163;1181,015
017:0,002;132,080;416,019;486,147;738,219;754,142;773,218;901,123;936,089;1087,091
018:0,002;33,087;157,267;201,019;283,233;630,015;973,121;1135,134;1163,095
019:0,002;135,143;272,267;878,147;953,148;1041,219;1086,098
020:0,002;135,143;366,212;389,004;400,234;557,109;588,122;675,119;942,244
021:0,003;475,132;832,199;859,240;865,078;1016,084;1065,169
022:0,003;331,020;355,116;684,148
023:0,003;357,021;406,141;650,131;654,221;677,268;718,116;732,132;893,152;919,089;925,259
024:0,003;424,270;520,131;835,266;871,011;913,234;923,219;963,084;1015,265;1032,106;1054,252
025:0,003;501,252;672,206;775,001;864,078
026:0,003;474,090;587,275;690,174;788,255;806,163;900,187
027:0,003;553,006;555,172;662,119;675,098;726,077;749,191;772,249;829,105;1075,015;1139,121
028:0,003;478,195;628,099;771,090;1016,252
029:0,003;474,090;592,239;626,105;754,159;852,087;939,132;1139,078
030:0,003;509,167;532,244;793,176;878,264;1065,274
031:0,004;424,199;824,151;942,015;983,239;1160,199
032:0,004;438,219;494,098;497,219;501,259;691,266;1140,191;1187,239
033:0,004;327,025;497,266;540,219;644,222;942,135;990,271;1036,152;1105,151
034:0,004;417,208;441,218;634,244;745,226;798,113;1058,208;1115,121
035:0,004;82,007;129,081;133,198;173,096;265,020;342,190;445,208;454,163;561,259;611,166;660,259;817,172;888,271;1038,207
036:0,004;405,084;492,152;599,212;633,084;857,259;878,098;1059,206
037:0,004;408,131;497,266;772,244;857,221;951,119
038:0,004;129,081;257,125;330,221;340,119;347,204;411,268;475,132;511,177;552,266;630,239;833,244;902,108;1062,212;1193,240
039:0,004;441,218;821,166;1013,241;1093,089
040:0,004;550,132;722,268;828,222;892,085;896,239;1003,133
041:0,005;170,116;353,239;461,208;567,195;572,163;581,232;820,191;923,084;953,222
042:0,005;201,134;352,119;750,222;804,091;1040,262
043:0,005;183,177;482,015;508,252;966,082;1039,203
044:0,005;51,264;413,269;474,123;695,257;897,122;1173,201
045:0,005;208,171;688,166;763,228;776,239;892,089;1032,206
046:0,005;223,222;237,015;256,232;459,190;579,148;603,270;731,192;759,244;764,135;917,130;1001,135
047:0,005;52,019;59,005;214,018;223,096;265,203;393,252;422,154;594,188;728,116;766,197;829,109;915,015;993,123
048:0,005;220,020;248,226;457,267;739,173;892,192;938,095;1047,113
049:0,005;21,144;51,264;170,116;256,232;305,116;364,108;389,141;404,004;478,106;506,113;580,135;867,089;873,148;948,152;961,208
050:0,005;208,171;717,191;837,249;900,142;1025,078;1123,209
051:0,006;321,025;473,130;993,015
052:0,006;657,209;752,244;758,122;788,207;853,089;861,218;952,109;997,144;1172,077
053:0,006;88,002;95,003;200,174;301,015;365,077;443,006;668,186;766,203;1047,154;1082,234
054:0,006;668,186;800,123
055:0,006;168,239;200,174;277,104;287,174;705,135;714,274;986,236;1134,228
056:0,006;477,001;615,105;620,151;683,091;907,213;1002,130
057:0,006;714,274;753,199;756,082;813,087;899,232;989,077;1044,183;1117,173
058:0,006;680,147;771,163;818,275;855,106;959,147
059:0,006;683,091;787,116;963,111
060:0,006;166,148;442,157;549,275;722,135;755,106;790,095;922,109;935,197;1063,108
061:0,007;230,221;315,154;387,233;697,176;810,226;875,275;969,085
062:0,007;205,018;212,179;338,106;472,015;498,259;548,001;936,154;1039,109
063:0,007;200,001;321,025;477,213;667,089;918,113;973,152;1021,221;1042,186;1137,213
064:0,007;192,087;732,197;751,087;809,077;854,252;1027,147
065:0,007;257,125;290,236;521,226;544,081;1126,170
066:0,007;183,156;210,154;305,009;325,019;386,200;407,134;576,147;581,006;642,089;846,228;1124,249
067:0,007;198,215;209,240;318,134;469,269;673,213;893,154;1045,091;1081,222
068:0,007;132,179;134,009;152,135;193,018;290,236;435,015;493,226;501,269;531,221;787,169;932,091
069:0,007;217,017;477,213;783,113;906,112;935,190
070:0,007;52,186;59,009;60,252;388,025;425,252;500,147;573,169;738,122;747,154;888,193
071:0,008;112,002;119,007;130,135;227,081;389,154;413,003;423,176;788,099
072:0,008;126,260;198,270;223,003;435,176;685,151;792,206;982,241;984,192;1145,241
073:0,008;74,274;114,007;122,232;131,233;150,007;217,077;262,104;274,239;385,004;427,207;446,025;449,098;489,271;552,015;675,087;747,206;861,015;930,192;981,181
074:0,008;130,135;136,105;328,006;460,275;543,122;573,116;723,171;937,181
075:0,008;114,199;124,096;169,015;253,140;269,154;323,108;360,154;365,021;389,004;424,019;540,269;776,187;988,122
076:0,008;119,154;211,226;225,105;585,208;952,192
077:0,008;114,199;216,239;267,003;309,200;357,003;449,142;686,203;751,151;761,077;788,134;814,240;843,166;1067,130
078:0,008;110,263;183,087;245,270;253,140;268,177;315,006;432,167;504,226;558,270;835,268;869,011;982,241
079:0,008;110,263;159,096;211,233;345,208;352,019;365,105;503,202;774,208;819,133;893,190;927,191
080:0,008;131,233;281,020;299,173;657,131;843,275
081:0,009;70,013;103,274;321,023;461,006;552,109;951,186
082:0,009;351,141;407,148;419,119;604,147;667,260
083:0,009;326,272;425,170;462,121;1074,221;1079,085
084:0,009;376,208;380,006;462,121;959,228
085:0,009;374,186;422,240;690,197;778,147;819,001;836,264;868,183;872,132
086:0,009;425,170;458,019;550,255;738,270
087:0,009;365,122;388,015;402,269;436,212;692,115;1052,095
088:0,009;350,230;351,141;376,006;477,232;567,154;735,116;826,259
089:0,009;374,155;431,204;513,257;677,108;959,015;1168,186
090:0,009;350,001;358,130;374,186;440,269;444,172;530,151;616,169;870,141;905,222;1055,077;1162,176
091:0,010;15,240;26,260;125,004;160,203;176,005;213,154;244,199;422,130;485,234;1046,272;1189,245;1192,171
092:0,010;44,239;146,227;282,020;366,212;510,268;636,232;666,166;686,154;809,106;939,085;943,270;960,115;1077,154;1096,230;1191,113
093:0,010;95,004;240,221;494,187;694,142;910,199;1029,232;1084,105
094:0,010;22,260;79,006;140,239;342,017;423,003;430,141;769,095;786,213;1070,082
095:0,010;33,001;44,239;73,172;133,006;286,018;494,187;775,112;1006,142;1079,113;1156,132
096:0,010;36,008;77,009;133,119;370,268;487,222;690,109;801,257
097:0,010;104,227;228,252;479,191;491,159;865,199;1056,115
098:0,010;108,113;270,268;406,239;739,199;752,227;1191,219
099:0,010;15,240;187,004;189,148;287,019;401,191;471,025;533,130;647,212;741,239;766,105
100:0,010;94,113;119,134;133,119;320,017;332,104;337,174;352,200;478,221;648,218;745,221;803,190
101:0,011;183,177;255,204;300,222;436,003;470,148;563,123;791,122;869,011;937,194;982,163;1077,174
102:0,011;79,261;321,025;458,099;615,206;734,087;839,131;869,011;994,174;1067,166
103:0,011;34,001;60,230;120,001;158,179;222,009;338,207;382,152;670,112;773,199;890,084;936,262;1006,015;1054,264
104:0,011;88,254;148,156;155,230;417,017;421,123;516,219;522,019;538,159;752,264;829,001;874,224;960,255
105:0,011;83,253;147,005;148,172;230,179;348,004;353,219;725,177;869,011;891,224;936,255;959,240
106:0,011;60,230;269,227;273,014;303,135;480,207;613,148;869,011;977,108;994,174;1098,221;1177,122
107:0,011;59,006;75,139;79,261;164,253;336,019;338,207;670,177;787,141;869,011;874,224;886,122;946,143;1197,213
108:0,011;66,014;285,106;830,177;869,011;946,143
109:0,011;75,139;159,006;165,208;427,222;484,173;861,212;1036,130;1065,255
110:0,011;83,253;265,006;331,023;363,122;643,112;869,011;913,221
111:0,012;21,014;37,013;102,105;180,081;226,016;230,099;479,142;488,257;606,199;732,271;840,203;1036,015
112:0,012;40,003;52,186;116,144;302,019;303,218;322,268;347,140;409,135;576,195;901,206;1042,015
113:0,012;40,270;256,172;963,270;980,274
114:0,012;52,096;112,001;142,156;200,009;271,017;287,222;317,199;591,090;731,227;870,144
115:0,012;13,009;58,254;94,087;189,152;427,001;547,226;634,202;1062,213;1093,201
116:0,012;55,144;58,240;355,006;365,140;413,025;488,257;497,264;748,147;855,163;995,130;1011,108;1073,084
117:0,012;19,172;78,017;122,015;173,018;260,104;313,226;518,106;636,266;655,105;713,133;803,186;903,173;1105,224
118:0,012;40,270;168,203;236,001;557,177;573,019;610,222;636,201;812,105;817,245;1183,199
119:0,012;39,191;52,096;139,254;153,018;380,197;408,099;451,095;535,174;674,167;748,174;793,202;872,244;974,266;1115,088
120:0,012;19,007;183,152;294,204;516,142;741,167;774,191;814,170;829,116;941,224;1043,265;1066,173
121:0,013;115,260;321,023;527,006;550,095;684,133;713,123;877,134;936,209
122:0,013;44,162;54,004;93,139;105,105;134,015;321,023;341,004;407,083;470,148;642,108;888,207
123:0,013;119,134;258,106;272,015;321,023;442,188;585,098;873,240;887,112;903,133;931,077;958,134;1122,266;1140,098
124:0,013;200,106;245,173;299,004;321,023;450,142;470,015;495,179;539,116;565,006;648,111;779,001;883,011;925,208;1055,224
125:0,013;64,173;289,015;428,001;451,116;516,006;634,077;744,195;970,172;1072,264
126:0,013;133,198;149,017;151,004;166,173;185,134;193,139;313,274;344,017;418,244;509,200;615,099;868,255;887,202;940,109;1181,163
127:0,013;104,017;321,023;432,210;435,025;442,188;456,083;511,015;539,108;657,234;868,226;874,207;881,128;944,239;977,170;1121,188
128:0,013;166,148;184,261;311,003;321,023;530,151;745,255;909,249
129:0,013;109,226;141,274;221,260;321,023;495,179;530,239;569,087;578,206;648,111;699,275;836,270;870,011;902,272;1087,267
130:0,013;182,263;200,106;321,015;664,148;677,152;710,259;845,152;874,266;964,221;982,218
131:0,014;230,221;238,144;352,105;357,021;385,245;1004,244;1103,219
132:0,014;180,222;294,218;357,021;384,193;831,015;865,085;919,195
133:0,014;434,200;453,264;482,135;693,212;980,195
134:0,014;391,229;409,157;555,001;719,183;934,169;1080,197
135:0,014;181,249;273,020;345,017;357,021;539,272;1045,089
136:0,014;390,157;423,148;454,015;519,099;616,234;653,001;656,106;666,001;753,015
137:0,014;357,021;479,239;530,154;538,131;647,001;676,122;734,001;782,186;1022,078;1023,275
138:0,014;384,193;1039,213;1051,239;1175,090
139:0,014;373,130;471,108;482,244;625,015;727,240;1185,144
140:0,014;379,116;389,015;936,170;947,128;1060,199;1082,115;1103,199;1152,208
141:0,015;1156,236
142:0,015
143:0,015;317,140;330,208;335,023;403,203;679,219;1189,221
144:0,015;313,143;357,021;394,015;1011,212
145:0,015
146:0,015;315,221;317,140;353,203;835,098;1138,135
147:0,015;634,077;713,252;807,015
148:0,015
149:0,015;1110,115
150:0,015;557,255;780,082;1083,213;1192,015
151:0,016;263,245;461,084;606,090;825,134;1083,082
152:0,016;265,115;770,170;793,219;920,141;954,106;1011,187;1199,134
153:0,016;259,116;274,087;349,167;426,270;595,272;633,154;684,173;719,228;761,192;836,147;972,015;1092,203;1150,015
154:0,016;247,018;249,204;265,115;357,177;507,191;684,249;838,201;1068,202
155:0,016;102,172;185,173;216,020;338,191;395,081;961,085;963,141
156:0,016;235,264;283,253;334,006;350,202;374,221;461,200;634,115;674,207;771,111
157:0,016;230,190;338,191;739,275;806,274;970,173;1059,234;1063,135;1092,236
158:0,016;246,274;267,001;319,148;350,233;378,115;382,208;415,083;454,174;498,084;908,087;943,171
159:0,016;230,190;889,099
160:0,016;263,077;430,208;596,190;798,183;850,191;1132,208;1139,163
161:0,017;202,264;209,199;288,104;353,017;437,113;493,252;508,006;535,001;853,170;915,163;979,224;1089,163;1138,015
162:0,017;19,172;46,098;188,017;309,004;437,113;782,212;846,131;862,173;938,133;997,113;1038,142;1044,154;1051,193
163:0,017;439,186;451,192;924,095;1061,169;1063,245
164:0,017;250,268;299,001;462,221;471,006;590,166;837,265;1037,199;1177,192
165:0,017;390,023;415,081;524,006;534,169;582,001;822,232;881,197;926,234
166:0,017;446,206;590,166;609,082;730,163;803,236;839,209;854,159;866,152
167:0,017;458,170;516,001;837,265;989,270;1165,239
168:0,017;46,098;179,017;503,098;657,209;822,221;853,271;990,112
169:0,017;173,208;292,001;294,081;328,004;356,087;565,170
170:0,017;451,192;728,219;729,188;895,172;980,077;985,172
171:0,018;131,274;138,154;166,113;275,001;291,134;312,173;457,206;528,236;978,219;1033,166
172:0,018;226,077;294,004;329,264;1037,015;1097,169
173:0,018;421,159;514,275;576,272;591,113;613,087;656,141
174:0,018;373,081;406,108;535,001;833,088
175:0,018;136,017;308,108;461,188;651,130;855,187;886,176;1158,203
176:0,018;266,245;338,222;388,202;483,177;656,015;661,249;767,166;781,116;785,228;834,176
177:0,018;379,159;464,173;478,195;562,271;723,152;822,015;833,088;1093,241;1114,152
178:0,018;357,202;608,240;811,255;858,130;907,171;1185,109
179:0,018;355,219;380,197;408,023;435,123;449,190;453,025;576,177;671,001;853,090
180:0,018;395,131;527,212;581,006;612,152;863,236;1084,134
181:0,019;265,135;309,167;711,015;761,209;1086,221;1087,108
182:0,019;44,162;96,019;663,260
183:0,019;632,197;679,269;940,112;981,106
184:0,019;393,155;432,244;471,275;485,108;630,195;728,134;874,227
185:0,019;627,015;770,144;995,265;1013,015;1029,230
186:0,019;596,163;746,015;871,128;1089,272
187:0,019;653,226;738,181;902,169;1060,106
188:0,019;616,208;774,151
189:0,019;41,005;196,226;299,014;335,023;373,230;382,003;419,207;427,264;447,148;455,232;632,197;692,171;885,011;933,262;1035,090;1141,244
190:0,019;738,181;815,154;907,082;964,081
191:0,020;382,095;751,167;796,221;912,085;960,135;1011,112;1052,148
192:0,020;366,021;390,269;409,115;619,015;663,133;1172,183
193:0,020;354,240;357,021;453,001;570,201;878,183;999,275;1008,183;1024,239;1033,265;1086,232
194:0,020;250,218;278,230;321,025;528,112;616,207;1031,230;1091,128
195:0,020;75,144;105,139;321,025;441,222;594,109;675,232
196:0,020;436,163;728,095;936,218
197:0,020;321,025;523,228;953,085;1071,112
198:0,020;250,218;300,003;321,025;593,082;772,144;869,269;940,183
199:0,020;321,025;394,122;452,001;523,228;552,167;649,148;652,001;727,227;743,212;777,269;816,181;971,142;1001,187;1007,262
200:0,020;393,240;495,221;528,112;666,188
