001:0,001;487,079;515,119;698,179;948,239;1042,150;1074,002;1171,192
002:0,001;376,193;677,082;833,085;972,012;1089,207;1146,076;1168,081
003:0,001;508,222;885,236;886,255;1178,202
004:0,001;502,145;719,273;783,198;866,137
005:0,001;325,211;514,227;526,106;528,205;786,094;789,193;1053,236;1146,014
006:0,001;260,150;359,252;495,002;514,227;534,210;619,255;685,141;849,202;926,269;998,093;1020,195;1168,132
007:0,001;290,238;502,145;630,160;652,145;775,154;873,183;967,179;1155,269
008:0,001;413,114;506,161;663,239;981,199;1190,273
009:0,001;514,121;526,252;616,219;667,200;716,137;975,236;996,219
010:0,001;515,119;720,156;726,105;937,125
011:0,002
012:0,002
013:0,002;554,019;583,115;746,089;778,166
014:0,002;90,130;159,018;283,087;347,006;381,081;836,002;1008,239;1129,078
015:0,002;283,087;450,128;460,090;480,223;588,105;761,094;778,235;795,103;1200,172
016:0,002;432,186;527,002
017:0,002
018:0,002
019:0,002
020:0,002;76,103;119,205;125,221;175,006;226,139;273,212;418,002;497,207;586,221;611,130;697,195;914,166
021:0,003;280,192;375,239;411,187;440,198;506,101;595,260;825,235;1161,207
022:0,003;283,154;303,202;472,115;475,268
023:0,003;217,084;264,261;463,246;477,128;494,195;592,127;630,236;655,107;985,144;1024,257;1127,014;1142,158;1181,200
024:0,003;267,192;290,137;300,160;580,228;690,193;756,079;944,150
025:0,003;290,137;300,115;651,154;677,014;842,126;993,150;1037,253;1081,094;1149,081;1156,236
026:0,003;263,020;278,114;350,001;411,260;837,093;993,125;1079,221;1179,088;1189,188
027:0,003;303,202;411,006;420,124;456,195;677,079;1055,202;1083,150
028:0,003;264,261;318,136;425,002;429,228;601,193;869,012;1037,253
029:0,003;279,084;308,228;398,087;488,114;508,262;510,002;530,227;913,233;954,211;1153,214;1176,236
030:0,003;137,179;229,020;243,019;270,228;571,219;591,101;644,136;1142,262
031:0,004;39,002;69,205;85,207;86,008;90,001;118,003;181,130;323,088;359,014;389,150;393,257;535,211;584,106;859,002
032:0,004;44,212;65,006;69,007;106,098;127,020;361,177;410,102;627,167;643,084;695,257;697,161;793,222
033:0,004;72,009;101,212;226,127;401,079;429,002;496,082;562,106;1060,172;1065,130;1134,153;1162,078
034:0,004;46,236;359,086;401,161;496,132;688,122;730,214;741,119;809,219;825,131
035:0,004;38,210;242,187;254,006;285,088;292,127;326,273;361,177;468,196;484,125;794,107
036:0,004;50,113;204,018;264,006;432,020;455,236;607,160;617,239;631,231;928,122
037:0,004;169,205;251,020;269,205;346,130;426,177;440,079;473,092;523,020;732,130;1156,014;1166,127
038:0,004;85,207;96,139;219,011;224,014;256,160;393,088;402,006;477,087;540,207;1081,105;1118,141
039:0,004;44,212;120,006;230,193;367,192;723,200;911,273;932,101;1000,219;1040,107;1070,106;1190,125
040:0,004;40,205;179,236;413,079;506,134;808,012
041:0,005;107,140;143,252;211,018;237,173;423,014;804,089;1067,002;1180,076
042:0,005;143,211;284,173;413,196;414,193;514,273;866,141;955,012;982,252;1060,012;1061,227
043:0,005;118,246;125,114;274,193;350,187;358,125;375,205;555,172;767,014
044:0,005;116,001;120,003;186,193;206,020;475,268;525,014;541,212;542,197;816,272;899,002
045:0,005;143,252;355,020;875,134
046:0,005;116,101;189,211;333,205;424,105;426,205;436,089;657,160;934,014;1056,262;1132,002
047:0,005;107,140;112,102;328,020;769,183;817,207;944,134;999,002;1138,106;1143,256
048:0,005;112,102;369,211;405,001;416,260;505,107;512,014;679,125;927,202;1153,082
049:0,005;91,101;106,211;109,103;117,016;160,008;162,105;295,020;744,213;795,254;845,127;1166,145
050:0,005;125,114;190,019;195,011;260,150;281,020;591,197;951,238;1031,103;1034,272;1076,139;1167,014
051:0,006;469,085;538,203;667,085;819,076;837,125;984,188;985,200;1035,136;1046,076;1077,088;1146,215
052:0,006;440,014;457,132;485,207;527,130;579,205;1055,002;1127,104
053:0,006;483,130;650,020;775,153;926,200;1100,199;1138,200
054:0,006;356,181;496,246;497,101;500,092;571,020;598,218;704,221;739,107;775,153;1116,113;1131,088
055:0,006;583,199;936,192;1175,139
056:0,006;356,181;377,231;626,121;688,218;713,219;881,090;1013,160;1127,104
057:0,006;457,235;529,092;592,180;602,246;999,269;1144,130
058:0,006;453,263;469,085;495,014;575,019;813,188;879,256;1087,172
059:0,006;135,134;495,019;640,170;837,082;1017,014;1108,080;1140,255
060:0,006;344,238;508,231;583,199;684,078;694,012;889,193
061:0,007;181,210;229,252;388,181;461,197;533,212;684,012;1118,226;1185,012
062:0,007;189,014;204,223;353,235;610,107;646,092;831,002;977,012;1196,187
063:0,007;200,011;281,215;375,090;391,079;392,187;516,125;663,222;723,152;862,012
064:0,007;201,231;234,246;359,223;530,187;534,165;605,124;634,200;684,012
065:0,007;179,214;367,006;404,232;470,101;584,179;684,012;1087,214;1198,217
066:0,007;188,003;217,162;224,212;267,172;618,228;634,002;1191,097
067:0,007;63,186;169,221;463,080;541,002;551,212;602,141;673,137;684,012
068:0,007;194,205;315,187;404,232;531,107;605,218;684,012;922,139;1074,219
069:0,007;189,020;197,223;281,215;350,086;402,019;709,256;775,172;894,101;979,167;1080,215;1103,231
070:0,007;179,003;229,095;244,011;267,172;367,094;405,172;418,006;441,122;576,019;653,166;684,012
071:0,008;304,079;383,172;399,192;461,127;591,165;604,202;745,144;765,215;787,238;877,166;885,094
072:0,008;264,014;276,165;304,079;356,254;384,226;388,002;404,160;488,103;510,212;532,137;560,239;683,183;766,262;1029,173;1137,012
073:0,008;230,160;262,015;270,235;396,179;581,160;606,222;612,239;615,166;764,214;1075,012;1119,101
074:0,008;262,105;329,192;351,019;367,002;456,132;530,103;547,154;752,269;795,002;886,226;1139,257
075:0,008;81,232;147,134;254,212;448,076;516,238;659,236;759,121;843,137;858,002;937,235
076:0,008;91,012;351,006;356,254;410,103;423,084;620,207;762,187;948,217
077:0,008;303,156;566,227;688,212;828,094;1002,173;1023,082
078:0,008;228,103;414,092;434,170;593,079;670,238;803,094;821,236;841,213;866,236;872,105;1044,227;1046,273;1151,253
079:0,008;228,103;399,252;423,236;1017,090
080:0,008;253,179;270,235;342,170;459,179;571,173;837,197;848,261;886,226;922,145;949,105;958,085
081:0,009;57,211;151,015;194,193;245,231;288,012;332,001;387,215;462,019;600,171;825,014;966,141
082:0,009;98,240;200,015;204,200;226,014;263,019;300,012;432,212;497,221;556,171;676,167;972,183;1078,076
083:0,009;112,008;241,121;426,231;472,171;569,198;617,076;746,012;759,127;825,205;1151,014
084:0,009;118,090;374,150;384,254;444,222;479,211;706,255;757,160;870,188;1124,214;1142,081;1144,080
085:0,009;94,246;98,240;213,166;467,019;519,106;578,122;600,019;625,167;1136,101
086:0,009;108,014;184,019;241,121;512,094;621,134;861,014
087:0,009;55,012;94,246;204,200;475,215;600,092;641,262;692,255;1136,014
088:0,009;100,130;473,144;742,171;787,195
089:0,009;118,090;865,119;994,079;1067,172;1075,078;1096,093
090:0,009;94,207;123,220;232,200;420,196;461,187;495,136;541,014;626,094;809,269
091:0,010;208,165;259,136;296,105;420,239;532,235;773,236;809,238
092:0,010;167,170;202,240;237,023;259,136;567,275;596,195;785,256;919,262;948,207
093:0,010;237,023;259,156;344,235;350,222;542,020;561,154;613,002;726,131;800,136;1011,078;1066,012;1132,139;1194,205
094:0,010;390,137;473,207;491,014;721,131
095:0,010;237,023;272,080;528,002;647,122
096:0,010;167,254;187,016;216,254;237,023;285,019;365,154;415,101;493,002;787,100;1038,238
097:0,010;212,171;237,023;270,139;272,080;449,001;459,020;658,156;713,012;970,262;1101,078;1145,197
098:0,010;167,254;237,023;298,247;379,180;578,092;738,090
099:0,010;208,165;229,019;259,156;298,247;376,214;394,006;409,150;433,020;455,141;1051,186
100:0,010;265,002;771,210;811,121;916,088;1086,197
101:0,011;261,171;309,014;334,272;367,198;437,155;755,227;875,139;886,198
102:0,011;290,125;429,254;616,156;629,155;922,119
103:0,011;293,223;437,014;467,087;471,125;495,087;594,187;742,222;762,207;815,119;846,080;873,254;948,211
104:0,011;225,222;333,231;375,079;407,221;423,144;630,233;684,012;709,211;953,076;1133,183
105:0,011;266,228;277,221;298,128;370,006;373,207;481,019;503,233;812,255;837,233;895,166;905,172;940,254;965,273
106:0,011;181,113;220,231;398,019;427,121;489,115;490,166;641,085;652,254;889,211;930,160
107:0,011;265,084;277,275;336,001;437,155;619,196;723,202;884,188;967,097;1117,261
108:0,011;277,275;511,020;526,002;604,255;701,257;977,261
109:0,011;296,179;383,006;428,222;437,150;892,139;909,170;1059,231
110:0,011;322,128;506,238;573,090;705,102;744,213;747,002;821,273;1041,262;1056,081;1178,198
111:0,012;303,203;524,246;562,137;610,002;896,126;1003,134
112:0,012;29,086;94,012;343,094;448,254;478,076;832,260;852,173;1139,160
113:0,012;347,275;544,187;1191,235
114:0,012;467,239;495,203;509,214;527,186;1011,094;1038,002;1081,183
115:0,012;340,114;442,200;519,198;534,197;537,198;897,179;960,103;1020,192;1028,106;1129,097
116:0,012;90,127;167,007;182,014;221,203;452,082;1146,207;1157,106
117:0,012;329,197;570,170;632,154;650,019;694,268;945,014;1069,012
118:0,012;329,197;435,214;895,261;1099,272;1166,113
119:0,012;221,203;295,186;411,006;427,195;489,273;718,132;838,212;895,173;960,183;1128,083
120:0,012;29,086;89,001;275,222;398,171;429,172;495,231;500,246;538,085;626,211;888,080
121:0,013;31,221;104,207;270,018;310,221;398,219;796,213;840,132;855,002;874,139;960,187
122:0,013;103,220;217,008;232,128;316,171;362,246;457,001;488,173;693,199;870,122;923,081;1050,101;1132,152
123:0,013;60,186;236,210;373,087;394,084;403,006;473,094;497,124;608,085;946,227;1061,252
124:0,013;43,011;55,214;245,128;284,161;290,150;309,001;488,173;553,257;670,002;677,130;770,144;978,088;1071,107;1129,217;1165,153
125:0,013;42,161;153,246;335,272;406,094;557,193;591,019;614,256;875,154;876,199;960,106;1005,236;1166,094
126:0,013;42,161;385,081;545,076;607,211;614,256;704,173;893,222
127:0,013;77,008;91,101;144,207;295,166;587,019;724,140;1071,210;1192,089
128:0,013;55,214;122,232;162,019;261,084;364,193;411,235;434,210;515,260;594,262;882,227;1038,121
129:0,013;31,221;162,236;171,161;232,128;237,095;265,187;305,154;530,262;621,214;724,140;1076,079;1187,214
130:0,013;29,012;80,105;256,210;352,226;370,127;738,254;794,144;924,236;964,154
131:0,014;684,012;743,103;794,014;1173,215
132:0,014;816,272;1097,200;1174,205;1187,012
133:0,014;513,085;593,014;1170,246
134:0,014;614,222;653,020;673,078;1122,262
135:0,014;541,171;548,103;704,014
136:0,014;124,166;259,114;319,196;578,179;887,192;996,137;1188,158
137:0,014;579,180;585,103;610,124;643,014;736,094;744,078;959,231;1097,221
138:0,014;544,196;589,223;841,257
139:0,014;124,166;189,011;198,014;963,105
140:0,014;221,171;383,001;395,219;510,203;544,132;816,094;845,121;854,014;1011,101;1114,215;1142,252;1146,079;1188,119
141:0,015;327,001;379,239;461,124;599,087;687,261;807,100;1078,272
142:0,015;237,023;246,006;273,198;541,246;987,093;1093,014;1096,239
143:0,015;334,089;389,156;536,200;605,180;625,212;726,002;741,269;842,012;849,170;879,238;913,214;1109,200;1127,188;1193,210
144:0,015;273,198;322,084;553,215;758,081;778,012;1062,079;1142,226
145:0,015;336,089;709,121;801,183;871,273;886,088;906,219;929,121;1015,215;1159,199
146:0,015;355,001;480,232;562,252;572,105;587,196;751,172;1190,226
147:0,015;342,105;560,020;671,089;1172,233;1192,192
148:0,015;115,140;130,003;143,015;328,101;414,107;499,115;577,223;942,002;1011,119;1156,188;1186,154
149:0,015;352,226;378,273;499,090;553,087;873,121
150:0,015;336,001;595,170;894,150;989,246;1062,139;1111,002;1148,239;1177,130
151:0,016;399,214;501,187;579,136;730,261;977,014
152:0,016;289,170;413,236;455,122;629,102;693,200;980,101;1015,246
153:0,016;281,132;289,170;336,019;354,180;440,103;485,105;719,183;776,213;865,106;942,002;944,076;1046,200;1080,089
154:0,016;110,011;151,101;379,076;408,262;587,207;614,200;664,161;696,012;879,119;914,202;1054,105;1057,014
155:0,016;315,214;405,101;450,114;483,180;625,203;648,127
156:0,016;269,273;421,088;924,210
157:0,016;269,273;299,161;311,014;355,215;496,200;621,262;633,156;712,119;868,197;1132,107
158:0,016;408,262;494,196;536,121;598,257;832,210;1060,080;1085,136
159:0,016;270,088;856,132;1091,155
160:0,016;150,006;161,214;170,127;200,114;203,101;315,125;350,014;401,124;493,160;742,239;944,226;1032,014;1135,002;1155,180
161:0,017;71,019;142,160;219,012;290,180;304,002;629,183;657,115;685,002;688,154;984,002;996,154;1139,233;1163,167
162:0,017;139,115;421,154;560,254;698,233;1101,205
163:0,017;85,211;94,098;139,115;290,238;338,150;558,223;573,156;656,210;903,272;1013,106;1027,217;1127,093
164:0,017;64,210;171,008;220,251;359,210;466,212;538,202;713,156;751,092;828,097;927,088;963,233
165:0,017;57,211;73,142;97,127;260,018;356,246;507,020;543,156;609,210;765,155;1070,197;1083,100
166:0,017;92,002;552,222;604,020;698,014;828,097;867,152
167:0,017;51,006;53,142;142,160;242,251;368,272;405,014;487,202;531,172;554,079;752,136;790,221;893,254;918,198;1155,180;1197,186
168:0,017;75,109;83,012;173,186;878,087;928,153
169:0,017;76,103;80,009;94,098;97,011;137,179;457,002;532,233;603,212;619,198;768,152;1089,202
170:0,017;54,002;73,006;81,139;260,002;380,125;476,210;578,094;713,150;939,155
171:0,018;76,011;91,187;332,086;337,102;588,252;605,238;770,105;833,219;999,197;1056,193
172:0,018;375,239;376,171;470,261;705,227;738,122;806,131;820,183;952,172;990,002;1001,083
173:0,018;182,012;292,076;476,019;481,141;602,215;966,139;1042,100
174:0,018;355,257;581,246;595,084;691,014;742,083;1117,132;1194,199
175:0,018;312,134;390,006;446,202;498,239;607,019;655,231;952,179
176:0,018;332,086;355,257;372,014;444,195;449,171;519,275;595,014;1160,179
177:0,018;353,082;375,226;398,128;439,221;519,193;553,214;610,122;684,166;833,134;936,012;942,002;979,252;1113,002;1149,014
178:0,018;353,082;447,014;471,192;764,212;861,081;904,012;993,172;1029,144
179:0,018;419,103;568,002;618,137;666,144;783,183;797,215;1073,246;1101,167;1198,132
180:0,018;310,020;331,261;596,202;601,102;746,156;768,202;843,083;987,085
181:0,019;418,014;478,019;707,152;716,093;827,081;1064,192;1146,136
182:0,019;399,107;666,002;752,080;793,002;812,205;819,122;860,076;949,199;1078,014;1098,113
183:0,019;481,161;771,192;933,097;960,002;1043,103
184:0,019;713,093;957,268
185:0,019;700,012;708,115;753,076;811,087;951,273;962,012;1039,220
186:0,019;596,081;711,012;825,132;1146,252
187:0,019;526,221;779,130;1039,220
188:0,019;603,261;677,219;705,218;707,152;763,192;886,014;892,170;1101,246;1160,211
189:0,019;237,023;270,245;299,019;752,080;1030,188;1144,158
190:0,019;503,165;542,198;550,203;624,235;930,186;1089,253;1149,012
191:0,020;171,008;243,173;255,006;327,144;353,002;393,090;448,177;460,130;511,079;589,231;653,150;679,171;714,002;852,269;922,097;1104,226;1108,186;1172,012
192:0,020;262,214;300,180;325,020;414,092;495,252;545,136;628,172;687,239;735,262;745,221;1075,141;1112,097;1190,137
193:0,020;639,183;709,087;779,145
194:0,020;327,144;421,170;423,252;504,121;737,014;931,256
195:0,020;133,196;408,137;842,223;941,231;1051,227
196:0,020;741,012;742,083;833,076;934,144
197:0,020;283,154;359,114;360,144;446,205;504,202;585,082;668,101;905,014;1116,012;1188,081
198:0,020;133,196;310,150;331,161;423,127;435,195;440,134;612,103;934,012;939,217;1001,012;1039,093;1112,233;1130,014;1131,105
199:0,020;414,082;484,137;519,170;563,150;610,236;612,101;883,154;916,014;922,221;1088,125;1179,195
200:0,020;724,145;912,236;919,195;1010,145;1139,012
