001:0,001;36,158;381,203
002:0,001;49,203
003:0,001;20,013;23,003;38,174;49,203;115,261;131,154;231,251;399,099;649,117;729,099;1075,255
004:0,001;36,214
005:0,001;36,158
006:0,001;36,200
007:0,001;36,200;125,203;161,200;168,099;171,132;182,223;385,143;429,255;507,237;543,136;593,159;685,139;782,214;885,212;979,245
008:0,001;25,095;99,202;113,217;129,098;149,089;160,217;220,099;393,094;403,236;481,132;486,145;729,098;744,213;820,253;885,154;1200,093
009:0,001;31,176;36,214;291,275;618,256;668,149;829,213
010:0,001;52,017;54,255;83,174;110,020;149,089;212,251;276,275;873,163;880,137;970,149
011:0,002;11,184
012:0,002;14,123
013:0,002;25,110
014:0,002;31,176;96,213;134,251;206,233;668,245;822,255;824,273;890,255;930,145;1119,099;1139,273
015:0,002;7,245;25,110;30,009;45,128;315,234;318,128;793,236
016:0,002;14,123
017:0,002;11,184
018:0,002;2,124;178,088;196,133;234,242;560,217;634,183;813,139;1129,145
019:0,002;33,255;45,128
020:0,002;2,124;7,245;62,143;202,137;238,222;346,245;415,139;487,132;625,213;715,222;1025,256
021:0,003;1,234;20,223;70,231;84,120;203,106;276,098;610,145
022:0,003;32,202
023:0,003;30,151
024:0,003;31,225
025:0,003;31,275;115,202
026:0,003;31,225
027:0,003;20,223;167,183;175,233;201,237;408,106;541,242;708,132;761,076;879,201
028:0,003;30,151
029:0,003;25,266;32,202;89,132;116,136;293,120;299,229;313,180;491,163;514,094;551,139;586,234;597,100;647,088;695,158;743,117;767,120;927,273;1102,081
030:0,003;25,266;31,275;282,127;301,094;502,136;516,093;614,234;623,076;658,253;719,106
031:0,004;49,182
032:0,004;49,182
033:0,004;51,230
034:0,004;51,230
035:0,004;56,207
036:0,004;59,091
037:0,004;51,270;98,210;191,092;253,231;1173,262
038:0,004;59,091
039:0,004;15,132;26,019;33,088;84,156;160,207;394,136;469,117;520,088;540,099;727,255;792,093
040:0,004;56,207;159,255
041:0,005;5,122
042:0,005;2,262;18,213;403,273;484,099;511,076;620,242;691,099
043:0,005;12,273
044:0,005;6,150
045:0,005;5,122
046:0,005;6,105
047:0,005;12,273;372,105
048:0,005;6,150
049:0,005;6,105;176,213
050:0,005;2,262;90,231;170,098;218,234;306,251;366,132;375,255;412,088;471,120;475,076;498,214;773,154;858,234;1029,137
051:0,006;51,163
052:0,006;48,079
053:0,006;50,166
054:0,006;48,094;120,270
055:0,006;51,270
056:0,006;48,094;285,210
057:0,006;58,210
058:0,006;53,019;57,222;205,231;247,203;292,217;300,117;365,229;412,076;418,081;458,213;530,100;559,093;788,156
059:0,006;48,079
060:0,006;4,185;51,163;57,222;588,145;602,094;651,183;681,233;801,253;811,166;846,183;907,217
061:0,007;24,127;68,217
062:0,007;23,271
063:0,007;23,271
064:0,007;27,112
065:0,007;27,112
066:0,007;9,084
067:0,007;24,127
068:0,007;25,246
069:0,007;25,246
070:0,007;9,084
071:0,008;7,143;114,176;120,234;173,136;362,076;387,117;551,237;758,181;788,231
072:0,008;43,247
073:0,008;47,156;57,098;74,120;78,019;80,237;150,110;198,139;209,100;261,088;282,139;300,236;343,231;541,163;586,229;776,253;778,163;819,201;846,149;935,120
074:0,008;42,232
075:0,008;43,104
076:0,008;43,247
077:0,008;25,017;33,088;73,213;80,237;337,217;473,100;519,222;899,076;1175,231
078:0,008;57,098
079:0,008;43,104
080:0,008;42,232
081:0,009;10,213;70,125;72,136;108,251;115,093;160,106;186,180;223,256;254,092;366,081;413,154;442,125;503,217;526,253;634,117;646,120;711,088;1144,099
082:0,009;43,217;69,117;453,253;520,201;797,094
083:0,009;51,099;148,201
084:0,009;48,224
085:0,009;15,117;84,262;190,083;236,180;255,262;423,137;519,156;557,094;877,245;950,222;1023,253
086:0,009;48,100;920,094
087:0,009;47,156
088:0,009;48,224
089:0,009;43,217;51,099;92,231;107,020;115,093;519,255;532,093;548,094;592,218;594,156;739,183;864,128
090:0,009;48,100;168,176;180,251;218,169;220,210;251,120;272,099;300,223;347,156;416,253;424,242;432,136;552,125;622,120;636,093;757,262;1154,088
091:0,010;13,269;722,076;737,269
092:0,010;14,137
093:0,010;13,250
094:0,010;22,076;307,137;409,251;525,236;787,100;921,207
095:0,010;9,125;311,120;344,105;349,093;371,251;566,154;579,117;668,083
096:0,010;8,183;97,180;176,125;587,256;593,255;616,218;699,117;1055,234
097:0,010;9,125;22,076;132,143;391,116;420,120;438,156;503,159;571,117;574,180;762,093;867,218;1059,117
098:0,010;13,269
099:0,010;14,137;175,076
100:0,010;13,250
101:0,011;30,173;502,262;746,173
102:0,011;27,229;227,110;372,149;433,201;486,207;792,132;962,255;1036,081
103:0,011;28,240
104:0,011;29,077
105:0,011;27,251;157,262
106:0,011;30,173
107:0,011;27,229
108:0,011;28,240
109:0,011;41,154;67,236;92,183;326,100;424,207;475,081;567,231;579,242;609,106;902,120
110:0,011;29,077
111:0,012;78,212
112:0,012;73,118
113:0,012;78,212;870,237
114:0,012;87,083
115:0,012;75,265
116:0,012;78,019;84,256;135,099;226,201;272,253;348,237;704,242;708,100;742,237
117:0,012;82,132;686,256
118:0,012;15,132;84,256;422,183;440,127;799,117
119:0,012;73,118
120:0,012;75,265
121:0,013;1,154;58,005;83,088;122,081;299,256;1003,233
122:0,013;58,005;74,116;415,223
123:0,013;58,005;72,136;160,261;345,088
124:0,013;58,005;74,178
125:0,013;58,005;74,178
126:0,013;58,005;74,116;368,223
127:0,013;60,261
128:0,013;58,005;73,106;607,088;636,125
129:0,013;58,005;73,106;104,088;361,261
130:0,013;122,081;125,099;128,223;239,105;296,203;333,145;538,120;590,125;710,218;852,120;889,207;903,125
131:0,014;58,154;134,127;280,145;322,183;648,222;695,217;907,253;981,212
132:0,014;14,142
133:0,014;15,252
134:0,014;14,142
135:0,014;13,087
136:0,014;13,180
137:0,014;12,007;13,180;67,251;99,223;115,183;120,231;312,139;373,099;477,092;521,273;754,145;816,237;826,081;1072,218
138:0,014;13,087
139:0,014;16,149
140:0,014;15,252
141:0,015;44,218
142:0,015;25,201;131,181;381,200
143:0,015;36,236;52,092
144:0,015;36,236
145:0,015;31,004;32,092;37,139;117,163;347,222;422,094;542,117;609,222;616,163;686,094;787,275;847,098
146:0,015;38,181
147:0,015;37,139
148:0,015;38,181;44,218;543,092
149:0,015;25,201;27,251;32,092;177,200;353,143;362,083;407,145;462,183;611,154;756,156;766,125;882,093;1134,139
150:0,015;50,166;376,110
151:0,016;84,176
152:0,016;90,226
153:0,016;113,169
154:0,016;91,242;260,169
155:0,016;91,242;197,176
156:0,016;92,234
157:0,016;22,228;24,015;25,231;33,255;270,083;327,081;619,166;805,180
158:0,016;25,231;92,253;229,132;339,183;355,125;397,166;593,088;599,120;604,081;819,207;880,233;913,229
159:0,016;92,253
160:0,016;90,226
161:0,017;106,145;131,149;156,236;207,117;297,106;306,081;313,143;336,136;419,234;572,100;587,231;783,229;899,158
162:0,017;86,187
163:0,017;84,197
164:0,017;83,168
165:0,017;84,197
166:0,017;83,168
167:0,017;86,187
168:0,017;83,268
169:0,017;83,268
170:0,017;1,234;106,145;386,127;422,229;445,149;546,088;578,083;640,149;643,234;833,128;858,166
171:0,018;67,120;813,181
172:0,018;63,216
173:0,018;67,245;322,133
174:0,018;72,147
175:0,018;67,120;72,147
176:0,018;10,133
177:0,018;58,017;121,117;127,255;131,275;235,093;334,099;360,236;398,154
178:0,018;67,245
179:0,018;63,216
180:0,018;10,133;169,149;371,163;437,083;548,149;557,137;855,275;882,163
181:0,019;62,110;96,201;181,081;343,127;347,106;382,181;482,088;516,181;752,098;807,127
182:0,019;114,082
183:0,019;114,082
184:0,019;111,159
185:0,019;115,101
186:0,019;12,174;118,275;121,239
187:0,019;111,159;491,158;691,159
188:0,019;129,117;162,145;236,094;252,223;275,094;318,127;343,214;432,245;615,098;711,081;967,214
189:0,019;121,239
190:0,019;115,101
191:0,020;167,192
192:0,020;175,233
193:0,020;167,192
194:0,020;10,146
195:0,020;157,111
196:0,020;157,111
197:0,020;158,204
198:0,020;10,146
199:0,020;158,204
200:0,020;122,125;149,088;156,154;403,158;462,256;492,229;550,106;628,255;680,132;940,106
