001:0,001;37,247
002:0,001;3,082;266,097;353,100;443,222;543,194;583,265;661,188;791,110;837,100;857,234;877,178;933,147
003:0,001;3,082;28,100;32,130;52,169;58,176;388,139;496,180;520,210;663,138;703,203;928,200;944,103;946,101;1051,203
004:0,001;33,085
005:0,001;37,247
006:0,001;34,089;154,082
007:0,001;33,085
008:0,001;34,089;116,222
009:0,001;58,176;296,113;395,165;496,110;628,178;636,113;676,189;962,142;971,194;1066,101
010:0,001;32,130;206,178;300,103;553,216;591,133;649,252;942,232;984,178;1094,194
011:0,002;6,078
012:0,002;24,097;501,189;611,194;692,091;806,198;1008,203;1009,133
013:0,002;12,171
014:0,002;8,155;19,224;24,097;91,162;104,194;170,089;221,189;265,109;473,138;620,257;750,236;756,203;1063,131;1106,148;1164,138
015:0,002;4,233;254,252;295,189;731,084;795,241;942,178;981,226;1141,100
016:0,002;12,171
017:0,002;7,179
018:0,002;7,179
019:0,002;6,078
020:0,002;4,233
021:0,003;26,018;27,131;213,020;217,250
022:0,003;26,018;31,234;213,020;221,226;943,130
023:0,003;26,018;34,132;213,020;223,257
024:0,003;9,271;203,088;213,020;220,080;225,131;412,130;555,257;580,203;753,176;781,210;821,091;968,109;1123,210
025:0,003;41,139;213,020;217,250;668,210;752,239;760,131;769,189
026:0,003;9,271;26,018;35,178;130,259;145,097;191,196;197,119;200,196;213,020;223,257;228,234;428,232;434,176;725,107;794,222;1052,165
027:0,003;26,018;29,103;213,020;221,226
028:0,003;26,018;29,103
029:0,003;26,018;41,139
030:0,003;26,018;27,131;754,257
031:0,004;21,243
032:0,004;4,088
033:0,004;25,109;33,232;99,209;274,113;290,222;291,101;477,243;584,103;607,113;889,224;920,020;930,148;1047,091;1118,110;1131,252;1177,239
034:0,004;48,216;230,110;246,244;265,208;503,131;666,236;719,131;920,020;926,109;939,237
035:0,004;18,252;22,209;95,255;118,132;143,080;184,133;234,198;647,109;700,265;739,101;920,020;926,163;927,243;957,261;1119,147;1129,153;1170,131
036:0,004;23,147;989,208;1049,163
037:0,004;21,243;48,216;170,146;213,020;234,198;779,216;920,020;926,142;1038,148;1118,084;1121,241;1133,110;1199,243
038:0,004;1,003;4,088;19,017;33,232;191,210;218,103;235,222;266,259;303,252;560,163;605,130;642,101;686,133;742,113;851,208;920,020;939,237
039:0,004;23,147;920,020;926,163
040:0,004;22,209;317,110;815,131
041:0,005;35,265
042:0,005;32,145;923,216
043:0,005;26,110;104,122;129,244;255,178;379,233;493,261;828,233;893,258;1107,176
044:0,005;40,113;319,216
045:0,005;1,017;2,155;12,119;156,132;222,232;368,100;583,252;695,224;724,106;849,088;1075,176;1080,250;1152,261
046:0,005;32,088;193,203;677,130;914,234
047:0,005;31,234
048:0,005;26,110;32,145
049:0,005;30,162;32,122;40,113;125,203;166,210;178,245;192,084;232,163;238,133;275,110;458,100;963,080;1084,243;1123,100
050:0,005;12,119;35,265;97,130;494,091;607,109;633,222;766,265;971,268
051:0,006;11,076
052:0,006;18,079
053:0,006;1,122;141,110;225,248;335,178;622,241;727,138;863,115;870,138;1183,258
054:0,006;128,248;870,165;983,103;1164,093
055:0,006;18,079
056:0,006;60,148;70,133;128,248;134,089;163,222;228,252;246,194;256,261;346,194;411,248;876,113
057:0,006;13,022;19,224;146,211;197,188;300,088;336,188;430,131;490,084;531,271;702,194;1102,239;1169,082
058:0,006;19,241
059:0,006;1,122;18,252;41,119;78,210;98,243;143,163;219,194;222,088;257,130;331,138;344,236;469,080;526,133;565,222;575,224;709,113;721,158;764,233;797,208;819,110;1052,148;1098,222
060:0,006;11,076
061:0,007;4,146;197,097;257,232;536,176;622,103;895,115;1006,091;1010,232
062:0,007;32,093
063:0,007;22,135;29,181
064:0,007;18,165
065:0,007;54,148;60,222;77,146;123,119;314,138;330,271;540,082;721,198;887,110;956,198;988,243;1008,198;1020,082;1070,210;1111,208;1143,148;1189,138
066:0,007;18,165;32,093;1121,130
067:0,007;13,138;39,135
068:0,007;13,138;101,080;114,161;146,255;224,210;273,233;368,082;429,210;510,130;830,084;1023,176;1027,250;1061,242
069:0,007;22,135
070:0,007;29,181
071:0,008;36,244;146,146;156,232;242,080;379,084;428,239;1073,084;1106,233
072:0,008;48,124;748,153
073:0,008;53,220
074:0,008;48,153;765,239
075:0,008;48,153;336,080
076:0,008;53,220;1077,239;1099,220
077:0,008;48,124;1162,275
078:0,008;49,077
079:0,008;12,080;36,244;55,100;123,180;199,110;300,119;372,138;413,222;427,180;433,082;511,208;665,110;704,208;788,124
080:0,008;49,077
081:0,009;78,114
082:0,009;75,021;82,091
083:0,009;75,021;100,207
084:0,009;75,021;86,099
085:0,009;75,021;100,207
086:0,009;17,247;23,003;35,239;62,132;75,021;82,091;252,203;418,133;480,163;486,101;556,236;572,153;720,110;788,109;920,020;933,183
087:0,009;75,021;88,268;951,183
088:0,009;78,114
089:0,009;75,021;88,268
090:0,009;75,021;86,099
091:0,010;57,109
092:0,010;102,260
093:0,010;63,225
094:0,010;55,167
095:0,010;57,109;134,260
096:0,010;58,172
097:0,010;55,167
098:0,010;30,161;154,242;316,259;615,100;830,139
099:0,010;58,172
100:0,010;63,225
101:0,011;61,173
102:0,011;61,173
103:0,011;55,177
104:0,011;80,111
105:0,011;55,177
106:0,011;59,210
107:0,011;80,111
108:0,011;52,081
109:0,011;52,081
110:0,011;2,100;59,210;64,110;171,113;238,156;409,176;423,091;483,109;543,156;679,158;717,115;845,188;924,145
111:0,012;54,196;161,218
112:0,012;42,155
113:0,012;46,235
114:0,012;42,155
115:0,012;68,218
116:0,012;40,118
117:0,012;40,118
118:0,012;11,194;43,133;54,196;205,180;554,271;635,243;920,020;921,200
119:0,012;43,133
120:0,012;46,235
121:0,013;88,259;238,106;282,091;301,257;338,119;467,234;615,088;799,271;968,100;981,180
122:0,013;91,158;669,259
123:0,013;90,096
124:0,013;126,245;157,259
125:0,013;87,262
126:0,013;87,262
127:0,013;126,245
128:0,013;90,096
129:0,013;91,158
130:0,013;110,100;239,245
131:0,014;26,259;93,242;94,122;98,226;118,241;152,161;205,211;440,188;560,103;564,242;807,107;1120,080;1185,091;1195,252;1196,080
132:0,014;22,150
133:0,014;21,191
134:0,014;22,189;491,119
135:0,014;20,164
136:0,014;22,150
137:0,014;21,191
138:0,014;24,211
139:0,014;22,189;155,089;293,216;390,210;414,265;449,119;1142,243;1178,153
140:0,014;20,164
141:0,015;5,236;186,224;571,180
142:0,015;6,184
143:0,015;6,258
144:0,015;5,249
145:0,015;5,249
146:0,015;31,080;130,224;362,242;517,113;541,180;966,188;974,153;1122,091;1140,147;1146,119;1170,203;1189,250
147:0,015;6,184
148:0,015;6,258;871,232
149:0,015;5,236
150:0,015;16,194;956,236
151:0,016;13,022;25,185
152:0,016;22,261;27,101;273,243;472,194;508,088;558,080;813,176;989,211;993,147;1044,106;1155,110
153:0,016;30,226;123,232;128,080;256,100;354,088;396,106;406,113;412,232;414,156;522,233;585,232;828,242;833,130;1002,165;1014,241;1039,115;1103,082;1144,131;1157,178;1165,106
154:0,016;13,022;26,163;97,261
155:0,016;13,022;25,185
156:0,016;13,022;26,163;750,252
157:0,016;17,247;22,261;202,245;204,107;258,244;274,163;459,203;571,165;860,080;954,200
158:0,016;13,022;27,101
159:0,016;13,022;24,182
160:0,016;13,022;24,182
161:0,017;79,001;87,016;110,115
162:0,017;79,001;87,016;123,107
163:0,017;79,001;87,016;116,138;230,255
164:0,017;81,267;87,016;110,115;715,271
165:0,017;79,001;87,016;112,193
166:0,017;24,251;79,001;81,267;87,016;114,203;250,271;499,232;901,100;1126,258;1173,124
167:0,017;79,001;95,255
168:0,017;79,001;87,016;112,193
169:0,017;79,001;87,016;116,138;1138,107
170:0,017;24,251;79,001;96,221;114,203;123,107;135,178;196,216;309,180;400,224;624,259;638,271;763,082;948,252;1033,131;1050,271;1161,084
171:0,018;14,106;192,275;1008,188
172:0,018;17,126
173:0,018;13,275
174:0,018;19,242
175:0,018;13,275;69,188
176:0,018;16,215
177:0,018;16,215
178:0,018;14,106
179:0,018;17,126
180:0,018;41,188;120,252;165,241;175,100;309,176;529,107;707,252;722,109;783,133;957,110;1151,147;1154,226;1172,241
181:0,019;31,214
182:0,019;31,117
183:0,019;31,208
184:0,019;34,132;42,180;115,265;393,261;447,106;689,101;731,224;955,113
185:0,019;32,169;82,178;244,241;554,084;629,163;765,250;1000,211;1024,233;1068,178
186:0,019;31,208;226,139;376,113;631,236;648,084;717,224;836,211;964,133;1004,189
187:0,019;31,214
188:0,019;42,180;302,084;338,257;551,109;575,236;627,224;645,234;845,261;932,131;1004,265;1127,211
189:0,019;31,252;643,176
190:0,019;31,117
191:0,020;27,156;129,162
192:0,020;30,162
193:0,020;25,134
194:0,020;51,094;70,271;326,091;402,216;493,211;793,158
195:0,020;25,134
196:0,020;23,084;79,239;710,156
197:0,020;13,222;117,165;267,107;525,139;782,236;839,232;851,242;977,106;1002,130;1107,088;1149,109
198:0,020;35,239;411,080;424,178;461,080;465,113;471,265;539,178;1012,275;1157,115
199:0,020;27,156
200:0,020;23,084
