001:0,001;6,220;40,258;42,256;86,172;112,126;158,273;198,184;233,256;335,234;360,156;396,248;413,221;450,162;695,265;858,273
002:0,001;27,126
003:0,001;6,125;148,149;569,138;1066,268
004:0,001;18,129;497,248
005:0,001;30,165;630,126
006:0,001;42,012;45,132;192,164;296,126;418,258;695,267;1017,265
007:0,001;13,174;45,132;83,009;86,172
008:0,001;19,093;27,126;37,174
009:0,001;19,093
010:0,001;18,129;46,269;61,165;89,005;95,168;124,234;143,184;177,099;188,201;264,174
011:0,002;48,195
012:0,002;32,257;48,195
013:0,002;37,202
014:0,002;50,168
015:0,002;32,147
016:0,002;25,215
017:0,002;35,008;37,202
018:0,002;32,147
019:0,002;32,257
020:0,002;25,215
021:0,003;5,240
022:0,003;5,150
023:0,003;50,262;128,157;315,209;834,144;965,250
024:0,003;5,240
025:0,003;5,219
026:0,003;6,107
027:0,003;6,107
028:0,003;5,150
029:0,003;5,219
030:0,003;15,164;183,256;293,242;749,250
031:0,004;27,124
032:0,004;27,124;52,258;65,135;84,257;118,269;145,164;193,144;239,156;333,101;432,159
033:0,004;17,142;22,247;48,119;73,121;162,087;207,121;215,234;285,100;432,114
034:0,004;27,175
035:0,004;17,142;52,015;73,121;141,257;175,153;204,273;635,165;792,217
036:0,004;22,247;142,181;164,099;172,101;325,102;328,162;432,100;1188,211
037:0,004;28,081
038:0,004;27,175;235,273
039:0,004;48,119;131,124
040:0,004;28,081
041:0,005;12,182;29,017;56,250;172,077;205,114;423,126;431,093;464,267;579,119;644,273;758,242;947,234;1194,217
042:0,005;17,088
043:0,005;22,120
044:0,005;16,269;42,164;56,250;499,093;603,267;686,269
045:0,005;5,104;16,194;222,206;301,217;410,156;526,089;567,250;699,162;1094,258;1095,089
046:0,005;35,267;159,234;175,174;251,149;262,230;298,114;1103,258
047:0,005;16,194
048:0,005;16,269
049:0,005;5,104;12,182;22,120;35,267;67,120
050:0,005;17,088
051:0,006;58,077
052:0,006;17,146
053:0,006;45,144
054:0,006;45,191
055:0,006;45,191
056:0,006;55,145
057:0,006;45,144;55,145
058:0,006;41,162;152,269;640,089;710,250;733,217;1110,148;1119,114
059:0,006;17,146
060:0,006;41,162
061:0,007;115,024;159,158
062:0,007;50,116;115,024;161,265;206,242;275,172;308,206;432,089;521,126;585,194
063:0,007;115,024;157,159
064:0,007;115,024;161,112
065:0,007;18,256;50,116;128,149;157,159;377,234;435,172;757,258;1094,209;1159,148
066:0,007;115,024;161,112
067:0,007;123,139;263,205
068:0,007;115,024;159,158
069:0,007;115,024;161,205
070:0,007;115,024;161,265
071:0,008;42,012;59,242
072:0,008;42,012;57,181
073:0,008;42,012;84,119
074:0,008;49,156;61,102;123,116
075:0,008;42,012;62,103
076:0,008;42,012;59,242;185,181
077:0,008;30,165;38,220;103,273;217,265;299,256
078:0,008;42,012;62,103
079:0,008;49,105
080:0,008;42,012;49,105
081:0,009;45,108
082:0,009;47,236;144,116
083:0,009;46,153;119,214;127,100;175,214;1118,161
084:0,009;47,236
085:0,009;47,201
086:0,009;47,201;180,236
087:0,009;45,108
088:0,009;47,230;259,253
089:0,009;46,153
090:0,009;35,099;128,110;290,161;355,258;359,172;382,265;464,221;624,217;656,206;1048,110
091:0,010;63,011;97,110
092:0,010;69,148;159,143
093:0,010;20,125;22,270;63,011;141,143;152,114;164,172;213,102;304,230
094:0,010;63,011;100,238
095:0,010;22,270;63,011;112,214;203,250;514,265;647,153;922,089;1010,256
096:0,010;63,011;100,238
097:0,010;63,011;100,226
098:0,010;63,011;100,226
099:0,010;72,142;88,164;97,110;118,258;141,143;288,194;435,110;944,154;1155,267
100:0,010;63,011;111,166
101:0,011;28,259
102:0,011;29,135
103:0,011;33,142
104:0,011;28,259
105:0,011;22,138;29,135;39,249
106:0,011;8,154;135,142
107:0,011;24,218;106,221;178,139;222,126;264,217;708,207;1033,153
108:0,011;39,249
109:0,011;50,167;122,099;295,234;326,129;533,154;874,209;905,265;922,234;932,209;1029,149
110:0,011;8,154
111:0,012;20,268;1048,206
112:0,012;16,204
113:0,012;10,232
114:0,012;3,225;116,253;252,166
115:0,012;9,253
116:0,012;10,260
117:0,012;10,260
118:0,012;16,204
119:0,012;10,232
120:0,012;9,253;29,268
121:0,013;32,131
122:0,013;2,089;75,156;226,273;229,162;293,099;317,093;393,121;432,161;1113,138
123:0,013;2,089;23,018;38,017;44,149;123,267;132,209;172,217;293,149;991,144;1196,242
124:0,013;32,115
125:0,013;29,241
126:0,013;29,241
127:0,013;29,209;49,131
128:0,013;37,120;44,149;142,114;145,129;197,221;286,144;331,077
129:0,013;29,209
130:0,013;32,115
131:0,014;15,207;20,184;212,248;376,201
132:0,014;10,157;50,221;55,209;129,168;157,144;166,154;167,102;193,093;308,143;379,089;398,256;996,265;1012,257
133:0,014;14,128
134:0,014;35,008;60,009;75,225;99,019;118,261;144,217;169,148;259,267;404,154;479,153;642,093
135:0,014;14,117
136:0,014;14,117
137:0,014;18,156
138:0,014;20,184;60,157;105,239;209,153;456,138;545,156
139:0,014;14,128
140:0,014;15,207;781,172
141:0,015;2,239;159,123
142:0,015;2,239;51,262;58,005;107,114;114,207;289,221;391,144;816,207
143:0,015;58,005;97,171
144:0,015;58,005;107,114;295,214
145:0,015;58,005;100,097
146:0,015;58,005;95,019;100,097
147:0,015;58,005;96,127
148:0,015;58,005;97,171
149:0,015;58,123
150:0,015;58,005;96,127
151:0,016;50,009;104,090
152:0,016;50,009;104,157;196,165
153:0,016;50,009;103,089
154:0,016;4,094;50,009;90,139;152,267;1131,119
155:0,016;4,094;50,009;96,101;103,089;366,161;380,143
156:0,016;96,101;221,184;300,099;487,168
157:0,016;50,009;108,100
158:0,016;50,009;106,237
159:0,016;50,009;104,090
160:0,016;50,009;106,237
161:0,017;125,211;437,121
162:0,017;89,013;125,211
163:0,017;89,013;94,076
164:0,017;89,013;124,206
165:0,017;94,212
166:0,017;89,013;94,212
167:0,017;89,013;94,076
168:0,017;89,013;95,098
169:0,017;89,013;95,098
170:0,017;31,157;78,267;89,013;90,129;124,206;194,168;477,234;754,089;757,148;1105,162
171:0,018;37,087;179,100;282,184;308,207;675,217;783,234;863,165
172:0,018;48,017;53,170
173:0,018;43,186
174:0,018;42,248
175:0,018;44,273;157,132;180,126;216,209;244,154;380,099;470,211;1185,154
176:0,018;12,230
177:0,018;37,087;44,273;98,132;118,247;177,257;264,101;447,206;510,250;950,110;1044,267
178:0,018;12,230;42,248;68,256;204,129;296,110;426,217;616,149
179:0,018;43,186
180:0,018;53,170
181:0,019;151,182
182:0,019;148,135
183:0,019;151,182
184:0,019;153,161
185:0,019;58,144;96,138;236,258;342,099;370,257;403,089;419,175
186:0,019;148,080
187:0,019;156,121
188:0,019;153,161;278,138
189:0,019;148,080
190:0,019;22,138;440,257;989,242;1151,214
191:0,020;30,221
192:0,020;31,217;248,175;370,102
193:0,020;16,143;57,181;70,148
194:0,020;21,155
195:0,020;24,258
196:0,020;21,155
197:0,020;16,143;21,013;22,102;31,217;63,168;82,207;110,137;226,121;323,119;442,211;458,194;460,119;560,206;649,221
198:0,020;16,234
199:0,020;16,234;99,019;110,137;322,148;723,119;1070,207
200:0,020;22,102
