001:0,001;10,112
002:0,001;11,255
003:0,001;11,173;25,236;67,179;88,139;162,170;285,104;325,179;499,188;630,201;971,179;1102,155;1112,156
004:0,001;9,262;362,221
005:0,001;10,273;945,221
006:0,001;11,173;1118,182
007:0,001;10,112
008:0,001;10,273;153,255
009:0,001;11,142;215,233;334,080;405,238;452,188;469,122;865,164;878,251
010:0,001;9,262;73,214;80,165;131,223;164,241;209,109;381,262;816,159;919,122
011:0,002;50,155
012:0,002;40,096;47,157
013:0,002;50,227
014:0,002;43,235;212,123;447,097;558,257;629,162;985,137;1058,262
015:0,002;40,096
016:0,002;47,157;313,096;330,076;598,232;740,170;879,232
017:0,002;50,227
018:0,002;40,245
019:0,002;40,245
020:0,002;50,155;578,157
021:0,003;30,205
022:0,003;24,189
023:0,003;30,205
024:0,003;22,234
025:0,003;24,122
026:0,003;22,271
027:0,003;22,234
028:0,003;24,189
029:0,003;24,122;412,271
030:0,003;13,141;22,271;66,094;73,104;160,089;303,109;304,161;492,144;567,201;625,123;705,109;738,201;776,081;831,155;1036,163;1101,156;1112,147
031:0,004;17,210;286,123;375,156;517,080;1161,163
032:0,004;48,147
033:0,004;28,086
034:0,004;17,210;48,147;251,225;289,177;535,241;724,123;892,262;1007,105;1039,262
035:0,004;25,247;723,232
036:0,004;26,137
037:0,004;21,153;26,137;216,232;262,104;264,214;343,236;629,232;688,105;881,144
038:0,004;2,232;25,247;44,077;45,247;246,173;304,236;338,240;647,081;772,225;827,144
039:0,004;2,232;446,225;511,123;568,267;668,096;832,177;1031,210;1180,179
040:0,004;28,086
041:0,005;30,180
042:0,005;29,197
043:0,005;30,164
044:0,005;30,180
045:0,005;34,080
046:0,005;24,163;200,139;315,184;344,225;835,266
047:0,005;16,267;24,163;30,164;537,105;612,097;981,188
048:0,005;16,267
049:0,005;38,241;184,163
050:0,005;29,197
051:0,006;15,181
052:0,006;15,181
053:0,006;13,166
054:0,006;19,129;795,076
055:0,006;4,236;7,225;13,166;938,129;1030,109
056:0,006;15,134
057:0,006;19,129
058:0,006;15,134
059:0,006;7,225;394,109;690,076;749,241;756,232;848,261;1160,096
060:0,006;4,236
061:0,007;32,170;39,097;421,137;978,238
062:0,007;33,133
063:0,007;62,092;123,179;250,188;260,210;396,238;562,223
064:0,007;38,240;1193,207
065:0,007;28,207;675,223
066:0,007;39,097;485,238
067:0,007;33,133
068:0,007;28,207
069:0,007;2,095
070:0,007;2,095;60,219;68,225;86,271;313,098;453,232;478,144;485,098;841,251;870,081;1070,170;1158,104
071:0,008;27,102
072:0,008;14,017;27,109;113,222;143,114;187,273;248,222;323,139;338,104;382,261;400,214;521,147;663,164;762,267;774,210;859,098;976,210
073:0,008;18,146;90,182;216,241;522,251;642,164;661,263
074:0,008;11,257
075:0,008;13,263;340,182
076:0,008;13,263
077:0,008;11,257;248,102
078:0,008;12,200
079:0,008;14,009;33,082;39,232;49,016;67,135;123,173;223,137;275,182;1086,257
080:0,008;12,200
081:0,009;37,161;143,228;178,109;201,114;347,251;361,159;394,173;528,104
082:0,009;71,144;90,238;373,263;382,184;472,266;634,222;1013,210;1026,097;1088,177
083:0,009;53,213
084:0,009;43,242
085:0,009;43,242
086:0,009;53,213
087:0,009;13,272;37,161;89,272;170,235;175,104;216,188;411,089;505,162;602,156;642,266;823,273;857,096;1142,267
088:0,009;13,272;152,224
089:0,009;56,224
090:0,009;56,224;66,117;164,266;279,144;453,210;795,247;808,201
091:0,010;25,140
092:0,010;26,145
093:0,010;26,145
094:0,010;25,140
095:0,010;7,165;62,195;389,161;398,159;585,179;688,214;865,247;1132,081
096:0,010;26,201;714,097
097:0,010;27,081
098:0,010;26,201;404,195
099:0,010;26,098
100:0,010;62,195
101:0,011;48,182;59,210;76,144;263,081;295,147;458,233;552,247;747,109;1194,080
102:0,011;51,139
103:0,011;53,132
104:0,011;48,182;100,161;119,214;228,261;483,241;803,251;816,207;1114,159
105:0,011;2,094;59,177;80,256;100,210;170,165;298,081;331,222;455,273;582,233;1183,240
106:0,011;71,221;355,139
107:0,011;2,094
108:0,011;51,139;77,221;292,094
109:0,011;53,132
110:0,011;59,177;157,214
111:0,012;15,188;247,216
112:0,012;11,255;24,256;63,240;136,098;303,240;314,251;336,157;555,144;728,156;936,214
113:0,012;16,233;209,228
114:0,012;21,142;23,228;136,225;153,182;182,159;203,241;398,225;435,161;523,225;591,273;700,238;897,257;1047,129
115:0,012;15,188;20,114;137,177;319,109;1016,247
116:0,012;6,216;69,188;107,256
117:0,012;24,256
118:0,012;23,228
119:0,012;6,216
120:0,012;16,233
121:0,013;27,198
122:0,013;8,076;236,161;281,137;331,081;406,223;544,221;597,177;724,159;764,241
123:0,013;8,076
124:0,013;27,198
125:0,013;34,080;37,011;41,261;223,159;323,247;457,170;725,273;788,207;809,262;933,159;941,166
126:0,013;63,107
127:0,013;27,143
128:0,013;27,143
129:0,013;63,107
130:0,013;23,111;41,261;96,109;166,102;185,240;256,267;360,096;578,144;666,238;683,156;706,177;902,129;921,123
131:0,014;42,238;399,114
132:0,014;46,159;1067,259
133:0,014;35,104;42,238;46,159;56,163;107,144;116,239;195,184;308,170;440,122;454,267;543,262;802,221;906,104;1138,155
134:0,014;42,248
135:0,014;32,117;167,225;173,261;261,257;544,214;591,155;650,240;886,129;892,210;1006,266
136:0,014;61,114
137:0,014;42,248
138:0,014;41,211
139:0,014;35,104;862,273
140:0,014;41,211
141:0,015;27,103
142:0,015;26,179;34,267;96,077
143:0,015;26,151
144:0,015;26,179
145:0,015;27,172
146:0,015;21,153;34,123;50,240;51,098;82,159;167,236;297,266;441,221;499,097;630,257;658,251;797,201;801,267;1030,273
147:0,015;27,103
148:0,015;26,151
149:0,015;27,172
150:0,015;27,077
151:0,016;112,119
152:0,016;100,094;127,109;260,144;543,184;669,214;679,267;709,155;822,210;974,201
153:0,016;106,089;132,105;513,089
154:0,016;106,089
155:0,016;112,119
156:0,016;115,259;1056,105
157:0,016;115,259
158:0,016;117,169
159:0,016;117,169
160:0,016;132,105
161:0,017;21,170;929,164;1045,159
162:0,017;68,223;666,236
163:0,017;68,230
164:0,017;65,251;493,261;881,170
165:0,017;65,251;308,089;402,251
166:0,017;66,120
167:0,017;74,255;88,262;121,163;142,156;306,221;429,273;446,263;524,156;590,159;686,257;894,261
168:0,017;68,230
169:0,017;66,120
170:0,017;13,141;62,092;66,123;161,184;181,080;307,232;609,221;613,225;706,144;872,122;892,240;930,147;1072,137
171:0,018;13,149;14,184;645,188
172:0,018;14,249
173:0,018;14,249
174:0,018;13,110
175:0,018;14,114;55,149
176:0,018;13,149
177:0,018;12,269;261,240;296,188;940,240;1157,173
178:0,018;12,269
179:0,018;13,110;108,123;278,269
180:0,018;14,184;127,110
181:0,019;28,018;40,222;203,239
182:0,019;5,156
183:0,019;28,018;39,162;463,222
184:0,019;28,018;39,162
185:0,019;5,156;22,260;28,018;60,219;85,102;129,096;285,232;289,165;306,261;378,210;746,247;943,262;1057,164
186:0,019;35,239
187:0,019;28,018;41,265
188:0,019;28,018;42,235;113,095
189:0,019;28,018;41,265
190:0,019;22,260;28,018;35,239;40,222;94,156;133,188;187,222;611,081;642,221;799,129;861,241;901,105;1002,163;1026,098
191:0,020;2,123;14,214;22,266;112,236;159,267;199,144;253,163;960,170;1029,222
192:0,020;53,165;229,223;339,177;703,179;912,177
193:0,020;14,214;127,161;378,233;440,261;687,147;922,241
194:0,020;2,123;76,142;199,262;430,123
195:0,020;59,182;61,109;92,232;190,182;325,156;368,267;412,081;549,173
196:0,020;19,253
197:0,020;20,209
198:0,020;22,266;1002,162
199:0,020;20,209
200:0,020;19,253
