001:0,001;78,198
002:0,001;72,137
003:0,001;79,182
004:0,001;75,262
005:0,001;75,262
006:0,001;72,137
007:0,001;79,182
008:0,001;63,143;370,080
009:0,001;45,133;666,235;685,084;714,247;997,268
010:0,001;63,143;300,198
011:0,002;68,144;461,192
012:0,002;87,222
013:0,002;84,158;741,083
014:0,002;84,158;136,083
015:0,002;87,222
016:0,002;90,246
017:0,002;90,246
018:0,002;18,130;58,001;68,144;74,235;122,204;147,150;411,143;423,146;437,209;973,190
019:0,002;74,259;461,245;543,244;650,133;899,190
020:0,002;114,192
021:0,003;42,014;57,223
022:0,003;42,014;64,267
023:0,003;25,115;41,244;52,228;77,167;108,248;248,083;362,143;677,106;918,150
024:0,003;45,177;121,130;166,275;228,190;783,202;875,240;1015,104;1116,176
025:0,003;42,014;57,148
026:0,003;37,211;42,014;58,009;108,248;187,163;323,209;342,211;414,150;628,163
027:0,003;42,014;57,148
028:0,003;42,014;57,223
029:0,003;42,014;77,167
030:0,003;42,014;64,267
031:0,004;16,085
032:0,004;11,113
033:0,004;11,113
034:0,004;11,153
035:0,004;14,106
036:0,004;18,231
037:0,004;41,076;85,019;86,107;129,177;164,084;230,264;236,196;373,146;393,159;450,146;494,147;525,167;713,266;722,183;754,217;856,105;868,209;929,088;936,209;1150,106
038:0,004;4,205;130,132;181,186;211,114;218,186;241,114;286,263;425,204;539,146;620,083;666,245;759,183;1046,185
039:0,004;16,085
040:0,004;11,153
041:0,005;27,105;51,138
042:0,005;28,247
043:0,005;37,015;50,159;143,105;675,217;748,076;806,114;897,107;921,099
044:0,005;33,217;130,138;1068,247
045:0,005;33,217
046:0,005;11,138;85,015;86,190;252,186;278,080;290,147;717,231;997,263;1085,084
047:0,005;28,247;100,211
048:0,005;23,096;86,190;150,204;172,076;329,247;359,093
049:0,005;10,009;11,138;37,211;136,088;183,245;378,240;405,132;464,159;588,211
050:0,005;27,105
051:0,006;26,111
052:0,006;30,140
053:0,006;26,111
054:0,006;10,150;124,186;313,093;324,192;363,098;397,083;539,106;663,240;788,190;886,098;897,245;944,114;1056,183;1073,132
055:0,006;27,102
056:0,006;31,178
057:0,006;31,178
058:0,006;27,102
059:0,006;10,150
060:0,006;30,140
061:0,007;21,263
062:0,007;21,104
063:0,007;22,275
064:0,007;18,220;22,275;132,247;138,189;154,207;188,257;796,244;830,150;883,235;891,105;1110,216
065:0,007;21,196;208,216;513,220
066:0,007;18,220
067:0,007;21,104;771,105;841,076
068:0,007;21,263;251,275
069:0,007;20,216
070:0,007;21,196
071:0,008;9,174
072:0,008;25,215
073:0,008;19,169
074:0,008;22,128
075:0,008;19,169;251,174
076:0,008;19,236
077:0,008;19,236;25,215
078:0,008;9,174;223,236
079:0,008;22,128
080:0,008;28,114
081:0,009;38,103
082:0,009;38,103
083:0,009;3,083;60,146;67,205;84,200;165,124;213,217;498,235;584,263;591,076;680,107
084:0,009;34,201
085:0,009;33,135
086:0,009;6,132;57,083;131,209;312,158;333,088;603,114;786,107;862,217
087:0,009;3,083;6,132;440,124;558,211;569,217;628,107;658,257;1111,124
088:0,009;33,135
089:0,009;34,201
090:0,009;42,114;66,181;125,231;159,146;164,159;277,259;893,104;964,106;1127,240
091:0,010;34,272
092:0,010;36,097
093:0,010;40,146
094:0,010;1,228;158,189;202,130;237,264;840,257;1019,216;1080,158
095:0,010;83,189;141,275;146,098;192,235;252,084;323,132;346,163;441,107;486,247;547,216;957,245;1111,263;1183,196
096:0,010;36,097
097:0,010;47,186;167,260;458,257;459,163;523,263;572,259;648,150;816,196;865,107;874,266
098:0,010;41,244;48,163;158,076;187,107;205,192;307,191;361,158
099:0,010;34,272
100:0,010;48,163
101:0,011;13,088;87,206
102:0,011;8,216;26,266;571,124;799,245;888,264;1132,088;1143,259;1157,264
103:0,011;14,081;25,006;26,266;583,132;701,235;786,144;803,259;1122,104
104:0,011;13,088
105:0,011;13,210
106:0,011;15,206
107:0,011;13,188
108:0,011;13,210
109:0,011;4,130;222,080;236,158;274,133;522,257;562,133;582,144;745,268;968,107;1021,231
110:0,011;13,188
111:0,012;45,003;56,214
112:0,012;45,003;48,091
113:0,012;45,003;48,195
114:0,012;48,091
115:0,012;45,003;47,200;100,214
116:0,012;48,126
117:0,012;25,115;45,003;56,098
118:0,012;45,003;48,126
119:0,012;45,003;48,195
120:0,012;1,194;2,005;5,192;45,003;47,200;56,098;125,236;164,192;191,236;208,191;495,107;757,266;872,124;1078,183
121:0,013;33,173;116,167;132,219;150,257;167,136;997,266;1008,098
122:0,013;76,176
123:0,013;67,086
124:0,013;33,173;61,213;63,189;76,176;1059,076
125:0,013;67,255
126:0,013;66,185
127:0,013;66,185;862,136
128:0,013;67,086
129:0,013;63,189;110,124;118,205;148,015;167,136;817,147;901,263;990,209
130:0,013;67,255
131:0,014;10,082
132:0,014;12,245;161,259;185,247;206,098;277,231;311,106;524,144;556,191
133:0,014;34,219;149,211;224,259;240,235;382,144;540,231;563,083;585,183;708,098;724,204
134:0,014;11,164
135:0,014;11,164
136:0,014;16,099;913,204
137:0,014;16,099
138:0,014;12,245;283,235
139:0,014;10,082
140:0,014;17,191;124,083;245,211;260,144;359,124;389,191
141:0,015;168,226
142:0,015;169,108
143:0,015;175,179
144:0,015;211,094
145:0,015;211,094
146:0,015;169,108
147:0,015;168,226
148:0,015;175,179
149:0,015;48,236;99,220;199,244;742,098;803,124;856,158;955,132
150:0,015;199,244;533,076;564,144
151:0,016;19,264;192,183;1149,138
152:0,016;14,106;18,131;73,015;79,127;185,146;281,204;365,114;371,083;385,143;406,114;566,076;587,231;598,247;699,133;797,209;811,144;1137,114
153:0,016;14,274
154:0,016;19,125
155:0,016;18,131;32,183;564,257;598,263;875,185;1042,257
156:0,016;14,274
157:0,016;16,124;79,127;85,216;97,191;204,248;256,093;303,209;423,196;537,163;605,088;749,158;766,146
158:0,016;19,264
159:0,016;16,124
160:0,016;19,125
161:0,017;3,183;56,214;67,130;109,107;412,076;467,211;548,144;572,266;709,244
162:0,017;38,235;197,191;260,080;264,107;625,204;643,146;703,143;738,105;766,143;865,244;1190,105
163:0,017;1,228;17,225;28,213;45,192;147,114;169,144;220,106;291,159;584,196;781,088;908,133
164:0,017;8,149
165:0,017;15,020;17,225;28,209;275,207;477,143;994,216;1004,084;1032,266;1070,114;1130,196;1180,183
166:0,017;8,202;763,147
167:0,017;1,009;28,209;101,159;250,207;271,076;1029,136
168:0,017;8,202
169:0,017;8,149
170:0,017;28,213;121,177;181,204;267,159;343,231;428,240;618,147;809,240;854,133
171:0,018;90,096
172:0,018;24,256;72,002;80,204;87,240;304,146;364,209;784,132;929,106;950,268;1188,209
173:0,018;79,084
174:0,018;90,096
175:0,018;84,139
176:0,018;87,240
177:0,018;84,139
178:0,018;79,084;90,095
179:0,018;80,204;882,202
180:0,018;90,095
181:0,019;94,144;133,166;137,260;172,146;175,190;196,198;241,220;327,084;568,204;602,266;940,147
182:0,019;120,003;127,234
183:0,019;120,003;131,093;173,166
184:0,019;12,181;120,003;158,076;167,217;186,147;286,132;304,190;950,196;1067,235
185:0,019;120,003;186,147;485,207
186:0,019;120,003;133,166
187:0,019;119,207;120,003;131,093
188:0,019;120,003;137,260;145,133;270,169
189:0,019;119,207
190:0,019;120,003;127,234
191:0,020;58,009;68,110
192:0,020;65,200;69,080;213,247;264,088;292,245;451,132;735,147;746,245;1025,107
193:0,020;58,009;63,268;737,167
194:0,020;2,081;24,256;54,213;58,009;62,257;78,198;145,189;174,167;376,247;416,098;704,259;756,084;959,259
195:0,020;58,009;68,254
196:0,020;63,268;874,143
197:0,020;58,009;68,110
198:0,020;58,009;68,254
199:0,020;62,257;396,245;715,132;1006,143
200:0,020;58,009;69,080
