001:0,001;34,239
002:0,001;305,228
003:0,001;882,098
004:0,001;877,227
005:0,001;805,215;882,098
006:0,001;746,018;805,215
007:0,001;836,212
008:0,001;776,229;877,227
009:0,001;778,109
010:0,001;819,205
011:0,002;63,146
012:0,002;74,211;247,087;778,145
013:0,002;63,146
014:0,002;51,143
015:0,002;141,207
016:0,002;103,165
017:0,002;37,082;758,165
018:0,002;22,103
019:0,002;141,207;210,142
020:0,002;37,082
021:0,003
022:0,003
023:0,003
024:0,003;312,158
025:0,003;22,103;338,003
026:0,003
027:0,003;821,015;843,189
028:0,003
029:0,003;779,110
030:0,003;779,110;843,189
031:0,004;246,265
032:0,004;560,085;801,155;845,163;1194,265
033:0,004;801,155
034:0,004;797,140
035:0,004;771,087;780,126
036:0,004;581,180;797,140
037:0,004;811,108
038:0,004;780,126
039:0,004;771,128
040:0,004;146,244
041:0,005
042:0,005
043:0,005;824,148
044:0,005
045:0,005
046:0,005
047:0,005
048:0,005;593,101
049:0,005
050:0,005
051:0,006;460,132
052:0,006;468,121
053:0,006;232,077
054:0,006;494,133
055:0,006;442,252;494,133
056:0,006;232,077
057:0,006;460,132
058:0,006;471,125
059:0,006;486,270
060:0,006;486,270
061:0,007
062:0,007;80,021;106,168
063:0,007
064:0,007
065:0,007
066:0,007
067:0,007
068:0,007;746,018;891,007
069:0,007
070:0,007
071:0,008
072:0,008
073:0,008
074:0,008
075:0,008;1045,264
076:0,008
077:0,008
078:0,008
079:0,008
080:0,008
081:0,009;903,233
082:0,009;945,161
083:0,009;964,187
084:0,009;616,225;953,213
085:0,009;903,233
086:0,009;616,225
087:0,009;953,213
088:0,009;1047,231
089:0,009;945,161
090:0,009;935,100
091:0,010;1105,102;1145,010
092:0,010
093:0,010
094:0,010
095:0,010;657,275
096:0,010
097:0,010;1105,102
098:0,010;418,138
099:0,010;418,138;1050,010
100:0,010;657,275
101:0,011;247,087;561,017;773,078
102:0,011;49,220;561,017;574,006
103:0,011;458,137;574,006
104:0,011;49,220;561,017;574,006
105:0,011;344,211;561,017;650,107
106:0,011;396,237;430,120;561,017;574,006
107:0,011;344,211;574,006
108:0,011;353,199;458,137;574,006
109:0,011;430,120;574,006
110:0,011;431,098;561,017;574,006
111:0,012;561,017;593,101;746,018
112:0,012;856,176
113:0,012;663,129;746,018
114:0,012;845,163
115:0,012;505,182;583,265;746,018
116:0,012;982,006
117:0,012;505,182;607,134;663,129;746,018;926,122
118:0,012;746,018;926,122
119:0,012;746,018
120:0,012;574,006;746,018
121:0,013;881,199
122:0,013;821,015
123:0,013;821,015
124:0,013;821,015
125:0,013;821,015
126:0,013;821,015
127:0,013;821,015
128:0,013;826,182;1153,015
129:0,013;860,135
130:0,013;821,015
131:0,014;561,017;599,268
132:0,014
133:0,014;244,013;822,108;1121,269;1172,125
134:0,014
135:0,014
136:0,014
137:0,014
138:0,014
139:0,014
140:0,014
141:0,015;218,022
142:0,015;218,022;322,116;439,022
143:0,015;218,022
144:0,015;218,022
145:0,015;218,022
146:0,015;218,022
147:0,015;185,200;218,022
148:0,015;237,108;726,022
149:0,015;218,022
150:0,015;218,022
151:0,016;34,239;93,238;169,012;218,184;1017,018
152:0,016;80,021;170,093;876,005;1029,008
153:0,016;80,021;138,202;805,008
154:0,016;100,269
155:0,016;80,021;134,154;442,252
156:0,016;80,021;210,142;372,259;450,009;482,078
157:0,016;93,238;561,017;621,096;622,014
158:0,016;80,021;246,265;306,165;621,096;867,010
159:0,016;80,021;134,154;185,200
160:0,016;80,021;183,008
161:0,017;311,259;374,004;824,148;877,170
162:0,017;263,190;396,019;606,012;826,182;882,125;1015,208
163:0,017;68,016;146,244;486,019;879,142
164:0,017;339,226;400,018;627,145
165:0,017;115,011;342,018;607,134;646,181
166:0,017;351,260;372,022;418,001;697,022
167:0,017;268,005;311,259;335,004;847,137;911,018
168:0,017;262,012;365,007
169:0,017;247,007;263,190;273,143;281,007;413,003;779,007
170:0,017;261,141;475,004;805,158;847,137
171:0,018;634,170;885,160;887,007
172:0,018;616,205;671,009;950,131
173:0,018;103,165;118,001;929,167;1197,239
174:0,018;630,006;634,170;675,200;1035,007
175:0,018;612,212;737,012;885,160
176:0,018;673,010
177:0,018;612,212;718,184;734,003
178:0,018;608,012;935,100;1173,167
179:0,018;419,005;549,012;876,010;956,206;1060,079
180:0,018;448,009;1060,079
181:0,019;946,139;1144,003
182:0,019;818,203
183:0,019;873,014
184:0,019;775,005
185:0,019;784,003
186:0,019;748,018
187:0,019;763,263;1105,005
188:0,019;440,012;785,018
189:0,019;212,001;919,263;970,018
190:0,019;282,014
191:0,020;334,245;425,125;433,265;491,001;872,159;942,005
192:0,020;124,010
193:0,020;450,181;737,107;829,015
194:0,020;197,004;351,126;387,241;561,014;728,013;975,252;1148,015
195:0,020;334,245;335,010;942,015
196:0,020;351,126;625,022
197:0,020;387,241;402,010;655,014
198:0,020;353,199;443,010
199:0,020;425,125;738,014
200:0,020;322,158;515,012;846,208
