001:0,001;433,025;520,213
002:0,001;457,165;635,109
003:0,001;433,025;517,119
004:0,001;466,205;914,093
005:0,001;404,239;433,025;718,259
006:0,001;433,025;823,261
007:0,001;27,094;433,025;508,243
008:0,001;433,025;520,213
009:0,001;635,109
010:0,001;433,025;517,119
011:0,002;98,192
012:0,002;136,263
013:0,002;129,182
014:0,002;113,184
015:0,002;241,161
016:0,002;94,222
017:0,002;14,114
018:0,002;94,222
019:0,002;94,265
020:0,002;14,114
021:0,003;254,232
022:0,003;718,099
023:0,003;997,148
024:0,003;300,111
025:0,003;477,088
026:0,003;477,088
027:0,003;685,180;1017,148
028:0,003;211,184;421,003;587,181
029:0,003;214,091;1090,270
030:0,003;1090,270
031:0,004;316,250
032:0,004;809,150
033:0,004
034:0,004
035:0,004
036:0,004
037:0,004
038:0,004
039:0,004;914,178
040:0,004;1168,106
041:0,005;386,142;834,255;1177,208
042:0,005;475,156
043:0,005;210,123
044:0,005;402,079;431,242;517,079
045:0,005;402,079;521,145
046:0,005;431,242;729,228
047:0,005;392,104
048:0,005;521,145
049:0,005;397,136
050:0,005;323,156
051:0,006;227,125
052:0,006;473,200
053:0,006;428,195;1150,221
054:0,006;387,215
055:0,006;560,189;934,177
056:0,006;410,251;457,165
057:0,006;470,266;761,200
058:0,006;433,177
059:0,006;227,125
060:0,006;433,177;470,266
061:0,007;300,111
062:0,007;316,077;433,025;490,256
063:0,007;383,221;889,163;903,189
064:0,007;351,225
065:0,007;139,104;772,262
066:0,007;309,124
067:0,007;244,198
068:0,007;139,104;244,198
069:0,007;365,263;760,117;1034,189
070:0,007;335,254;351,225
071:0,008;208,209;308,127
072:0,008;288,121
073:0,008;286,150;288,121
074:0,008;207,162
075:0,008;383,221
076:0,008;207,095
077:0,008;207,162
078:0,008;207,095;220,157
079:0,008;220,157
080:0,008;308,127
081:0,009;788,220;826,244
082:0,009;767,227
083:0,009;767,167;788,220;913,149
084:0,009;955,254
085:0,009;906,254
086:0,009;826,244
087:0,009;723,274
088:0,009;777,149
089:0,009;32,185;1146,142
090:0,009;779,177;928,099
091:0,010
092:0,010
093:0,010
094:0,010;273,136
095:0,010
096:0,010;11,186;88,010;1019,143
097:0,010;159,208;874,220
098:0,010;708,112
099:0,010;7,261;185,010;328,191
100:0,010
101:0,011;22,169
102:0,011;112,152
103:0,011;94,265;98,262;109,117;287,090
104:0,011;109,117
105:0,011;101,128
106:0,011;22,169
107:0,011;110,090;159,163;226,265;307,155;671,232;950,142
108:0,011;159,163
109:0,011;98,262
110:0,011;110,090;844,184;846,128
111:0,012;147,235
112:0,012;153,193;634,187
113:0,012;164,152
114:0,012;326,255
115:0,012;237,076;859,242
116:0,012;141,153;153,193;326,255;610,242
117:0,012;40,204
118:0,012;147,235
119:0,012;40,204
120:0,012;141,153;237,076;1096,263
121:0,013;786,174;936,010
122:0,013;758,174
123:0,013;54,094
124:0,013
125:0,013;32,185;142,013;428,195;910,180
126:0,013
127:0,013
128:0,013
129:0,013
130:0,013
131:0,014;166,237
132:0,014;184,197
133:0,014;212,167
134:0,014;144,003;1117,013
135:0,014;218,151
136:0,014;166,237;303,020;452,166;1116,192
137:0,014;174,258;212,167;539,116;1043,003;1104,229
138:0,014;184,197;328,154;347,020;808,166
139:0,014;218,151;898,237
140:0,014;174,258;594,003;1111,195
141:0,015;356,009;370,187;717,185
142:0,015;370,187;467,265;493,154
143:0,015;96,171;270,003
144:0,015;507,243;574,154;968,261
145:0,015;306,013;500,231
146:0,015;387,096
147:0,015;96,171;120,010;387,096
148:0,015;353,259;796,004
149:0,015;447,228;901,003;908,275
150:0,015;431,003;447,228;457,083;565,003;1116,020;1123,174;1141,274
151:0,016;63,018;197,004;253,273;254,105
152:0,016;282,176;627,193;975,076
153:0,016;181,155;276,161;569,205
154:0,016;184,130;282,176
155:0,016;254,105;455,208
156:0,016;193,239;253,273;631,003;1199,134
157:0,016;295,097;1170,112
158:0,016;181,155
159:0,016;195,135;988,181;1173,093
160:0,016;184,130
161:0,017;206,224;255,019;347,006;365,234;473,200;537,009;698,013
162:0,017;185,090;243,005;366,004;490,203;630,013;1013,122
163:0,017;193,083;577,224;612,167;711,013;1125,228
164:0,017;386,142;538,020
165:0,017;182,265;193,083;206,224;644,013;684,251;687,217;795,182;841,147
166:0,017;11,217;574,003;1104,013
167:0,017;279,013;684,251;717,003;925,010
168:0,017;211,101;269,013
169:0,017;168,269;255,019;365,234;994,246
170:0,017;168,269;494,020
171:0,018;165,275;386,137
172:0,018;212,106;646,020
173:0,018;165,275;423,020
174:0,018;184,139;235,019;380,003
175:0,018;104,137;150,092;184,139;212,106;245,003;255,001;543,143;586,013;597,142;1029,205
176:0,018;182,216;281,015;312,004;386,137;432,258;525,217
177:0,018;250,188
178:0,018;116,003;543,143;1143,188
179:0,018;104,154;568,106;688,020;725,110;1049,020
180:0,018;150,092;560,189;760,243;883,135
181:0,019;272,188;298,010;645,274;890,165;1065,178;1168,106
182:0,019;316,250;321,010;709,260
183:0,019;270,104;363,001;539,116;737,193
184:0,019;400,150;441,137;582,262;609,009;791,093;919,090;1072,154
185:0,019;400,150;566,172;740,197
186:0,019;186,007;455,004;809,150;869,250;890,076;936,095;1125,272;1140,004
187:0,019;566,172
188:0,019;398,147;631,004;914,112;935,184;1076,020
189:0,019;398,147;1164,010
190:0,019;265,015;367,248
191:0,020
192:0,020
193:0,020
194:0,020;951,272
195:0,020;387,215;550,020
196:0,020;517,190;765,010
197:0,020;557,010;771,171
198:0,020;385,010;773,246;1103,097
199:0,020;517,190;579,250;630,010
200:0,020;195,135;305,020
