001:0,001;195,173
002:0,001;195,173;290,263
003:0,001;1116,270
004:0,001
005:0,001;266,010;420,092
006:0,001;1108,110
007:0,001;1200,202
008:0,001;950,134
009:0,001;1111,093
010:0,001;291,105;1111,093
011:0,002;416,241
012:0,002;185,184
013:0,002;180,217
014:0,002;380,003;500,170
015:0,002;391,245
016:0,002;973,102
017:0,002;483,149
018:0,002;391,245;500,170
019:0,002;560,098
020:0,002;113,174
021:0,003;256,019;316,089
022:0,003;277,088
023:0,003;351,230;550,144
024:0,003;73,078;256,019;280,143
025:0,003;316,089
026:0,003;315,159;482,173
027:0,003;73,078;256,019;480,273;557,154
028:0,003;256,019;455,255
029:0,003;256,019;277,088
030:0,003;256,019;280,208
031:0,004;595,229;1169,157
032:0,004;766,211
033:0,004;497,228
034:0,004;526,084
035:0,004;488,145
036:0,004;490,265;497,228
037:0,004;813,118;918,239;997,211
038:0,004;124,266
039:0,004;54,141
040:0,004;124,266
041:0,005;28,190
042:0,005;50,243;53,081
043:0,005;35,122;872,121
044:0,005;19,164
045:0,005;16,121;455,255
046:0,005;36,133
047:0,005;65,134;731,138
048:0,005;16,121
049:0,005;17,134;702,122
050:0,005;19,146
051:0,006;432,113;814,102;903,267
052:0,006
053:0,006;256,019;331,247
054:0,006;651,242
055:0,006
056:0,006;716,091
057:0,006;418,232;716,091
058:0,006;823,229
059:0,006;898,155
060:0,006;331,247
061:0,007;177,094;213,271
062:0,007;213,271
063:0,007;177,094
064:0,007;229,205
065:0,007;264,156;668,099
066:0,007;265,250
067:0,007;290,263
068:0,007;84,098;229,205;352,094
069:0,007;71,232;193,097
070:0,007;193,097
071:0,008;16,238;185,025;562,120
072:0,008;47,114;50,243;185,025;374,275;840,120
073:0,008;58,095;185,025;505,256
074:0,008;53,092;58,095
075:0,008;52,244;185,025;374,275;505,256;553,275;609,106
076:0,008;54,196
077:0,008;16,238;168,132;185,025;629,225
078:0,008;82,086;185,025;582,219
079:0,008;168,132;185,025;549,102
080:0,008;123,124;185,025;707,207
081:0,009;60,210
082:0,009;60,210;490,163;704,225
083:0,009;61,267;589,200
084:0,009;59,195;829,199
085:0,009;130,267
086:0,009;59,195;477,020;493,219;698,252;1068,230
087:0,009;68,243
088:0,009;132,017;589,200
089:0,009;71,232;606,233;725,129
090:0,009;114,252
091:0,010;45,273;73,241;185,025;548,186
092:0,010;18,251;198,177
093:0,010;36,207;1127,133
094:0,010;73,162;461,092;515,237;924,259;1073,273
095:0,010;47,099;548,186;869,141
096:0,010;53,081;71,019;198,177
097:0,010;73,241;439,138;752,192
098:0,010;18,251
099:0,010;47,099;1086,111
100:0,010;32,152;45,273
101:0,011;54,196;883,273;893,153;1009,239
102:0,011;306,212;535,162;784,157;903,275
103:0,011;302,139;1194,217
104:0,011;312,114
105:0,011;395,125
106:0,011;295,160;395,125
107:0,011;337,206
108:0,011;312,114
109:0,011;312,130
110:0,011;378,230
111:0,012;9,154;1095,193
112:0,012;10,119
113:0,012;29,104
114:0,012;41,076;317,259;909,184;1018,111
115:0,012;48,214;153,176
116:0,012;43,163
117:0,012;9,177;10,119
118:0,012;30,144;286,010;349,213
119:0,012;55,104;97,162
120:0,012;41,076;322,104
121:0,013;195,112;210,238;477,020;626,156;671,180;706,267;859,256;927,139
122:0,013;210,238
123:0,013;175,197;177,138;383,141;477,020;559,249;807,101
124:0,013;123,124;475,025;477,020;582,259
125:0,013;193,156;243,025;477,020;609,106;671,121;760,193;934,191
126:0,013;177,138;477,020;584,164;592,116;669,156;1094,083
127:0,013;125,007;284,109;477,020;645,168
128:0,013;189,254;196,122;359,180
129:0,013;396,148;477,020;623,157
130:0,013;206,101;855,216
131:0,014;151,193;1154,162
132:0,014;314,084;444,147
133:0,014;137,112
134:0,014;86,109
135:0,014;72,199;1122,189;1134,183
136:0,014;86,109;166,213;199,243;329,006;343,190;584,137
137:0,014;134,254
138:0,014;72,199;151,193;389,189
139:0,014;101,101;395,146;712,230;776,165
140:0,014;109,083;272,189;992,079;1194,168
141:0,015;84,098;201,003;291,105
142:0,015;114,222
143:0,015;114,222;265,250;332,103;401,262
144:0,015;101,191;225,137;634,195;640,222
145:0,015;119,111;202,237;390,243
146:0,015;157,182;186,233;208,006
147:0,015;128,233;659,122;679,139;782,095
148:0,015;202,237
149:0,015;192,174;472,212;1069,146
150:0,015;85,018;662,079;815,156
151:0,016;409,108
152:0,016;380,003;397,179;720,134;1023,001
153:0,016;380,003;450,153
154:0,016;380,003;425,272
155:0,016;399,192;459,169;1088,237
156:0,016;397,179;1099,242;1135,180
157:0,016;380,003;401,262;446,112;679,137;980,272
158:0,016;138,002;348,172;380,003;459,169;1014,153
159:0,016;431,157;515,213;573,145
160:0,016;380,003;399,192
161:0,017;419,129;805,162;849,006
162:0,017;421,159;580,239;778,138;980,157;1089,006
163:0,017;562,120;836,006
164:0,017;256,004;419,129;441,208;731,249;1178,006
165:0,017;101,191
166:0,017;82,086;193,156;421,010;580,239;1020,256
167:0,017;444,147;505,172;515,103;584,109;1168,275
168:0,017;167,003;256,019;293,218;813,118
169:0,017;518,108;592,001;788,006
170:0,017;515,103
171:0,018;272,189;289,010;597,214
172:0,018;314,084;425,006;513,087;536,205;614,079
173:0,018;266,010;657,242;781,197
174:0,018;266,010;513,087;702,001
175:0,018;266,010;550,144
176:0,018;240,165;728,113
177:0,018;266,010;637,214;824,165;962,006
178:0,018;266,010;534,001;1117,219
179:0,018;179,183;266,010;753,190;759,147
180:0,018;266,010;614,079;655,172
181:0,019;163,259;443,191;624,254;886,116
182:0,019;188,002;390,111;452,250;778,001
183:0,019;98,160;227,017;348,172;825,195
184:0,019;179,183;305,016;509,216;657,275;929,213
185:0,019;129,163;380,003;708,183
186:0,019;129,244;163,259;212,251;262,199;433,157;633,001;1145,171
187:0,019;185,184;405,218;592,262;691,148;1035,195
188:0,019;187,141;270,112;390,111;1082,169
189:0,019;176,170;310,025;509,216;984,238
190:0,019;164,103;396,148
191:0,020;106,123;246,002;397,006
192:0,020;36,004;553,143;1081,179
193:0,020;122,180;486,006
194:0,020;101,137;240,001;1116,270;1128,164
195:0,020;81,096;101,137;205,016;226,017;421,116;1079,190;1103,212
196:0,020;90,213;424,116;483,238;598,217;921,195;926,118
197:0,020;33,165;808,206;892,174
198:0,020;110,157;122,180;301,001;689,197;1126,081
199:0,020;153,176;243,006;918,083
200:0,020;81,096;90,213;131,004;162,001;526,084;828,210;1044,212
