001:0,001;87,219
002:0,001;139,094;1146,199
003:0,001;145,191
004:0,001;200,189
005:0,001;168,211
006:0,001;32,269
007:0,001;143,172
008:0,001;120,253
009:0,001;145,191;200,189
010:0,001;139,094;143,172
011:0,002;112,266;244,002;522,136;577,022;993,256
012:0,002;492,010;589,158
013:0,002;492,010;577,022;892,009;965,087
014:0,002;655,151
015:0,002;492,010;577,022;965,087
016:0,002;303,095;492,010;577,022;993,256
017:0,002;569,182;577,022;1179,124
018:0,002;492,010;577,022;1026,211
019:0,002;112,235;492,010;577,022;993,214
020:0,002;302,130;577,022;1103,109
021:0,003;86,237;145,142
022:0,003;117,220
023:0,003;90,187;419,166;662,248
024:0,003;34,249;129,187;146,140;189,242
025:0,003;34,249;523,242
026:0,003;92,248
027:0,003;117,220
028:0,003;155,243
029:0,003;153,111;331,203;892,009;943,208
030:0,003;145,142
031:0,004;821,156
032:0,004;874,177
033:0,004;152,216;1061,130
034:0,004;821,156
035:0,004;883,273
036:0,004;661,010;793,126
037:0,004;909,268
038:0,004;823,174
039:0,004;874,163
040:0,004;839,175
041:0,005
042:0,005
043:0,005;155,243
044:0,005
045:0,005;458,266
046:0,005
047:0,005;458,266
048:0,005
049:0,005
050:0,005
051:0,006
052:0,006;963,141
053:0,006
054:0,006
055:0,006
056:0,006
057:0,006
058:0,006
059:0,006
060:0,006;492,010;533,137
061:0,007;878,108;963,141;1015,182;1042,177
062:0,007
063:0,007
064:0,007
065:0,007;661,010;1139,231
066:0,007;32,269
067:0,007
068:0,007
069:0,007;557,251;951,245
070:0,007
071:0,008;984,002
072:0,008;984,002
073:0,008;984,002
074:0,008;984,002
075:0,008;200,086;984,002
076:0,008;984,002
077:0,008;984,002
078:0,008;989,151
079:0,008;984,002
080:0,008
081:0,009;123,099;339,179
082:0,009;41,025;343,204;740,211;759,271
083:0,009;41,025;324,260
084:0,009;41,025;321,201;324,260;419,201
085:0,009;41,025;340,219;665,227
086:0,009;41,025;488,130
087:0,009;123,099;349,135
088:0,009;41,025;321,201
089:0,009;48,088
090:0,009;41,025;339,179
091:0,010;41,025;419,163
092:0,010;84,161
093:0,010;78,218
094:0,010;98,242;201,271;1156,135;1181,158
095:0,010;72,246;1035,272
096:0,010;71,182;359,008;407,191;525,204
097:0,010;114,271;179,245;681,008;697,188
098:0,010;114,271;206,274
099:0,010;133,011;414,227;895,188
100:0,010;71,182
101:0,011;303,095
102:0,011;393,229;543,215;661,010
103:0,011;233,173;661,010;920,157
104:0,011;298,215;501,248;661,010
105:0,011;145,126
106:0,011;145,126;485,097;661,010;920,157
107:0,011;78,218;162,247;399,274;661,010
108:0,011;348,173;661,010
109:0,011;307,097;661,010
110:0,011;331,203;409,134;415,249
111:0,012;735,132;1012,007;1069,225;1153,007
112:0,012;393,229;1069,225
113:0,012;137,104
114:0,012;409,258
115:0,012;581,091
116:0,012;537,008;884,212;1064,094
117:0,012;137,104
118:0,012;437,245;1010,136
119:0,012;596,116
120:0,012;574,256;735,132
121:0,013;545,264;576,217
122:0,013;589,140
123:0,013;659,199;779,113;1111,002
124:0,013;557,251
125:0,013;545,264
126:0,013;576,217;659,199
127:0,013;636,264;1199,002
128:0,013;306,005;349,135;564,019;588,113;1081,006
129:0,013;575,152
130:0,013;618,224
131:0,014
132:0,014;183,102
133:0,014
134:0,014;173,273;360,014
135:0,014
136:0,014
137:0,014
138:0,014
139:0,014;175,016;372,014
140:0,014
141:0,015;127,095;171,004;821,092;823,174;967,212
142:0,015;124,134
143:0,015;151,091;158,272;577,022;675,174;751,007
144:0,015;183,102;558,014;1110,227
145:0,015;158,272
146:0,015;88,225;697,187;920,216
147:0,015;233,173;280,002;522,136
148:0,015;134,019
149:0,015;151,091;916,187
150:0,015;88,225;124,134;200,086;666,007;697,187;808,166;821,092;1136,095
151:0,016;146,140;675,234;768,195;956,010
152:0,016;405,232;419,008;515,010;597,175;1197,088
153:0,016;400,206
154:0,016;398,144;492,010;597,175;791,219;984,002
155:0,016;244,014;398,144;839,246
156:0,016;409,258;721,014;1097,140
157:0,016;434,195;539,134;725,144
158:0,016;84,161;110,007;405,232;1187,007
159:0,016;434,195
160:0,016;419,166
161:0,017;244,008;1100,128
162:0,017;192,234;989,010
163:0,017;169,018;293,226;1061,208
164:0,017;162,221;892,009;961,090
165:0,017;51,001;86,237;155,014;380,005
166:0,017;168,211;192,234;293,226;624,191;831,008;1041,237
167:0,017;179,245;251,025;345,270;473,020;962,180
168:0,017;162,247;593,005
169:0,017;162,221;204,019;715,167
170:0,017;182,118;364,007
171:0,018;298,215;1091,005
172:0,018;304,152;598,007;1080,019
173:0,018;206,274;332,019;640,022
174:0,018;288,129;651,019
175:0,018;347,019;481,002;501,019;1172,239
176:0,018;302,130;310,094;502,019;582,006;773,019
177:0,018;288,129;341,253;590,195;719,022;841,019
178:0,018;189,129;275,006;785,005
179:0,018;311,019
180:0,018;292,165;308,020;932,019;1172,239
181:0,019;700,202;731,019;1173,245
182:0,019;292,165;301,234;328,005;667,010;836,096
183:0,019
184:0,019;107,025;169,019;307,091;438,002;599,188;700,004;836,096;1002,019
185:0,019;338,123;599,188;613,089
186:0,019;1046,206;1082,218;1103,092;1198,019
187:0,019
188:0,019;41,025;338,123;348,089;417,006;716,010
189:0,019
190:0,019;226,011;348,089;694,010
191:0,020;892,009;1188,258
192:0,020;983,249
193:0,020;400,206;588,095;628,020;892,009;1121,263
194:0,020;892,009;1162,176
195:0,020;445,006
196:0,020;1008,010;1196,246
197:0,020;892,009;1050,148;1162,176
198:0,020;944,090;983,019;990,235;1072,010;1121,263
199:0,020;892,009;990,235;1146,006
200:0,020;152,216;167,016;347,020;384,019
