001:0,001;163,274
002:0,001;134,267
003:0,001;56,252
004:0,001;106,194
005:0,001;175,181
006:0,001;83,190
007:0,001;108,114
008:0,001;134,096
009:0,001;136,209;175,181
010:0,001;83,190;163,274;173,267
011:0,002;344,093
012:0,002;344,093
013:0,002;677,221
014:0,002;71,151
015:0,002;226,136;395,251;496,217;963,124
016:0,002;663,099;677,221
017:0,002;7,012;20,091;71,151
018:0,002;963,124
019:0,002;740,088
020:0,002;672,118
021:0,003
022:0,003
023:0,003;1174,188
024:0,003;1196,184
025:0,003
026:0,003;758,168
027:0,003;506,147
028:0,003
029:0,003
030:0,003
031:0,004;331,173
032:0,004;279,155
033:0,004;209,132;433,256;439,234
034:0,004;226,136
035:0,004;188,173
036:0,004;267,165
037:0,004;99,153
038:0,004;195,135;225,227
039:0,004;99,153
040:0,004;225,227;928,155
041:0,005;897,080
042:0,005;349,222
043:0,005;959,185
044:0,005;875,196
045:0,005;1004,139
046:0,005;933,191;1158,133
047:0,005;886,169
048:0,005;379,275
049:0,005;403,234
050:0,005;37,133;210,199;233,132
051:0,006;159,148
052:0,006;187,100;493,191
053:0,006;107,236
054:0,006;76,076
055:0,006;76,076
056:0,006;76,266
057:0,006;76,266
058:0,006;159,148
059:0,006;152,229;598,084;1015,087;1112,260
060:0,006;85,086
061:0,007
062:0,007
063:0,007
064:0,007
065:0,007
066:0,007
067:0,007;75,239;414,160
068:0,007;75,239
069:0,007;414,160
070:0,007
071:0,008;473,209
072:0,008;509,165;1051,200
073:0,008;136,209;468,156
074:0,008;416,195
075:0,008;421,159
076:0,008;584,177;1181,099
077:0,008;468,156
078:0,008;421,159
079:0,008;237,220;416,195;473,209
080:0,008;234,009;237,220;538,098;601,143;663,099
081:0,009;1125,179
082:0,009;955,169;1184,255
083:0,009;1112,133;1130,180
084:0,009;330,101
085:0,009
086:0,009;68,147;369,244;443,236
087:0,009;1174,130
088:0,009;180,114;776,244
089:0,009;330,101;993,096
090:0,009;69,098
091:0,010;210,199;506,147;1163,080
092:0,010;39,217;553,229;1165,145
093:0,010;151,202
094:0,010;237,176
095:0,010;173,257;796,133
096:0,010;102,095;793,012;874,145
097:0,010;157,084
098:0,010;228,224
099:0,010;166,258;764,229
100:0,010;206,084;228,224;493,274
101:0,011;188,191;491,241;845,141;920,177
102:0,011;335,082
103:0,011;323,259
104:0,011;388,135
105:0,011;491,241
106:0,011;188,191;527,248;535,154
107:0,011;323,259;746,095
108:0,011;324,180
109:0,011;327,142
110:0,011;324,180;1042,259
111:0,012
112:0,012
113:0,012
114:0,012;414,240
115:0,012
116:0,012
117:0,012
118:0,012
119:0,012
120:0,012
121:0,013;55,077
122:0,013;52,178;801,256;843,258
123:0,013;162,149;228,254;591,275;722,254;955,003;1000,087
124:0,013;137,079;778,009;1168,079
125:0,013;108,251;910,003;1162,248
126:0,013;52,154;744,016;1028,204
127:0,013;43,254;201,157;363,164;409,096;615,012
128:0,013;137,079;365,005;404,100;1168,079
129:0,013;43,254;338,178;975,099;1010,135;1028,204;1181,016
130:0,013;151,202;434,254;815,003
131:0,014;147,015;467,213;722,136;726,239;816,275;984,224
132:0,014;156,179;452,220
133:0,014;159,219;546,257;897,080;1023,003
134:0,014;111,015;556,143;623,186;1028,190
135:0,014;158,213
136:0,014;54,186;1165,194
137:0,014;52,178;122,017
138:0,014;161,157;487,082;818,257
139:0,014;160,005;442,015;1007,085
140:0,014;183,176;480,002;664,143;980,168
141:0,015;930,241;1168,131
142:0,015;831,170
143:0,015;845,207
144:0,015;622,012;637,128
145:0,015;664,143;1136,087
146:0,015;831,170;940,200
147:0,015;637,128;714,098
148:0,015;335,082;444,258;928,219;1077,143
149:0,015;887,140
150:0,015;870,012
151:0,016
152:0,016
153:0,016
154:0,016
155:0,016
156:0,016
157:0,016
158:0,016
159:0,016
160:0,016;604,009;1040,186;1174,130
161:0,017
162:0,017;1160,007
163:0,017;157,084;167,009;416,015;583,017;630,141;734,144;758,007;926,185;947,016
164:0,017;1101,149;1115,003;1140,218
165:0,017;97,014;174,256;250,084;443,015;1172,242
166:0,017
167:0,017
168:0,017;448,016;850,152;856,007
169:0,017;630,141
170:0,017;320,260
171:0,018;76,149;125,005;421,002;677,133;870,017
172:0,018;183,223;245,007;605,009;651,002;758,200;994,017
173:0,018;202,244;333,017;524,219
174:0,018;68,147;167,008;392,007;692,017;902,016;1036,017
175:0,018;197,213;202,244;636,016;867,178;1160,012
176:0,018;189,144
177:0,018;183,223;253,003;757,131
178:0,018;173,017;254,007;525,195;538,077
179:0,018;181,164;422,007;623,244;785,017
180:0,018;229,009
181:0,019;49,256;133,007
182:0,019;164,231;844,175
183:0,019;102,095;470,086;672,118
184:0,019;33,238
185:0,019;46,080;281,002;674,003;1198,101
186:0,019;23,005;527,255
187:0,019;49,256;980,227
188:0,019;46,080;391,005;909,195
189:0,019;36,217;93,098;316,100;370,008;527,255;682,132;1117,139;1120,207;1186,179
190:0,019;43,083;135,005;844,175;964,016;990,017
191:0,020;109,150;705,009;1115,082
192:0,020;106,141;136,201;256,003;488,009;548,016;564,017;1128,192;1171,016
193:0,020;117,201;460,017;524,248
194:0,020;76,149
195:0,020;98,117;279,007;345,147;386,009
196:0,020;106,141;202,002;668,015;808,238;840,114;942,154;1143,218
197:0,020;146,248;188,009;673,015;902,230
198:0,020;220,017;661,003;708,016
199:0,020;277,154;331,002;445,157;561,017
200:0,020;98,117;153,017;156,179;468,016
