001:0,001;73,157
002:0,001;223,115
003:0,001;436,158
004:0,001;184,152
005:0,001;322,252;387,168
006:0,001;49,112;96,268
007:0,001;53,262;97,158;216,202;436,158
008:0,001;216,202
009:0,001;127,096
010:0,001;108,161;437,115
011:0,002;449,112
012:0,002;463,111
013:0,002;266,160
014:0,002;327,130
015:0,002;398,182
016:0,002;420,192;463,111
017:0,002;420,192
018:0,002;122,183
019:0,002;349,119
020:0,002;345,199;349,119
021:0,003;27,217;327,130;837,232
022:0,003;73,157;123,214
023:0,003;143,236
024:0,003;55,167;63,150
025:0,003;36,221
026:0,003;47,232
027:0,003;58,107;143,236
028:0,003;35,245
029:0,003;63,150
030:0,003;27,217;1160,163
031:0,004;95,147;114,125;137,198
032:0,004;114,125
033:0,004;82,241
034:0,004;69,181
035:0,004;154,267;346,149;674,077;1170,195
036:0,004;137,198
037:0,004;85,209;1028,242;1102,216
038:0,004;86,195
039:0,004;88,077
040:0,004;69,181;82,241
041:0,005;84,159
042:0,005;92,170
043:0,005;148,200;205,122
044:0,005;238,146
045:0,005;92,170
046:0,005;135,256
047:0,005;205,122
048:0,005;238,146
049:0,005;156,200
050:0,005;135,256;1086,092
051:0,006;95,147
052:0,006;96,086
053:0,006;69,164
054:0,006;102,089
055:0,006;46,004;117,242
056:0,006;45,105;259,147
057:0,006;305,238
058:0,006;145,194
059:0,006;69,264;102,089
060:0,006;69,264;344,210;621,265;654,131
061:0,007;59,208
062:0,007;35,259
063:0,007;118,176
064:0,007;83,152;416,179;1052,200
065:0,007;26,228
066:0,007;16,128
067:0,007;35,259
068:0,007;100,228
069:0,007;154,127
070:0,007;26,228;59,208
071:0,008;148,200;153,247
072:0,008;134,167
073:0,008;55,225;343,082
074:0,008;55,167
075:0,008;55,225;86,195;398,182;1050,190;1060,099
076:0,008;343,082
077:0,008;338,153
078:0,008;45,105
079:0,008;153,247;555,254
080:0,008;164,233
081:0,009;76,213;478,135
082:0,009;79,141
083:0,009;68,135;76,193;820,098;1039,148
084:0,009;85,237;877,105
085:0,009;123,135;935,261
086:0,009;226,191
087:0,009;76,213;857,261;1025,161
088:0,009;76,193;79,141
089:0,009;111,153;361,237;729,200;996,135
090:0,009;60,221;411,161
091:0,010;788,255
092:0,010;568,097
093:0,010;555,254;791,145
094:0,010;870,175
095:0,010;788,255
096:0,010;867,213
097:0,010;791,145
098:0,010;809,180
099:0,010;922,162
100:0,010;275,139
101:0,011;11,216;191,107;510,118;753,271
102:0,011;175,101;1017,098
103:0,011;11,216;175,101
104:0,011;28,091;624,263
105:0,011;194,099
106:0,011;44,203
107:0,011;43,118
108:0,011;33,199;44,203;829,271
109:0,011;191,107;1117,214
110:0,011;63,262;1097,129
111:0,012;117,251;1132,091
112:0,012;28,083;297,243
113:0,012;110,260;226,191;436,238;922,206
114:0,012;86,108
115:0,012;86,108
116:0,012;297,243
117:0,012;145,246
118:0,012;96,148;669,107;1041,118
119:0,012;115,199;145,246
120:0,012;28,083;115,199
121:0,013;312,100;883,007;927,102
122:0,013;13,166;465,017;759,272;821,007;922,206
123:0,013;195,129;821,007;910,128;1134,237
124:0,013;182,252;759,272;813,157
125:0,013;143,218
126:0,013;103,081;246,264;681,104
127:0,013;195,129;1005,151;1131,136
128:0,013;145,194;483,086;799,137
129:0,013;67,190;352,135;362,125
130:0,013;201,136
131:0,014;72,232;142,261;908,159
132:0,014;12,271;773,237
133:0,014;90,133
134:0,014;49,112;760,239;792,112
135:0,014;142,261;371,081
136:0,014;45,001;556,216
137:0,014;54,207;145,265;489,179;1178,213
138:0,014;145,265;976,142;1065,107
139:0,014;44,005;90,133;482,191;810,106
140:0,014;123,214;243,018;346,149
141:0,015;109,131
142:0,015;39,179;432,153;850,214;1025,245
143:0,015;47,151;993,262
144:0,015;33,154
145:0,015;47,151;556,017;938,193
146:0,015;4,158;250,254;464,148
147:0,015;43,102;403,210;522,154;648,136;696,213;1170,268
148:0,015;36,253;167,240
149:0,015;43,102
150:0,015;33,154;468,230
151:0,016;127,096
152:0,016;129,104;1077,191
153:0,016;174,136;477,195;1148,160
154:0,016;164,106;683,223
155:0,016;60,230;680,081
156:0,016;136,223;164,106
157:0,016;176,092;615,164;1088,223;1152,196
158:0,016;129,104;361,245;396,190;438,091
159:0,016;67,190
160:0,016;130,263;176,092;1065,264
161:0,017;96,268;238,209;723,091;801,235
162:0,017;118,086;136,223;719,194;1029,101
163:0,017;78,215;110,212
164:0,017;97,155;117,235;1070,258;1155,202
165:0,017;110,212;151,126;1075,239;1106,217
166:0,017;103,081;611,107;664,264
167:0,017;167,240;495,010;521,196;706,233;832,190;924,160;1081,209
168:0,017;117,235;536,136;544,213;672,221
169:0,017;60,273;396,263;474,190;643,176;778,113;900,247;1000,126
170:0,017;83,152;126,019;151,126;337,262;434,181;565,196
171:0,018;306,098;999,180;1138,130
172:0,018;300,142;369,193;607,239;1160,176
173:0,018;300,142
174:0,018;84,159;375,157;446,252;525,152;660,109;1024,130;1068,177
175:0,018;306,098;721,252;727,151
176:0,018;288,168;328,268;1132,247
177:0,018;288,168
178:0,018;607,239;609,216;790,230;859,254;1098,113
179:0,018;165,267;177,230;399,245;931,209;1127,179
180:0,018;326,010;889,143;976,218;1067,098
181:0,019;183,137;668,017;913,233;1146,238
182:0,019;150,113;715,017;923,251;1132,242;1153,183
183:0,019;8,180;16,003;29,009;104,127;218,163
184:0,019;150,109;517,137
185:0,019;142,263
186:0,019;8,180;150,113
187:0,019;214,177
188:0,019;150,109
189:0,019;141,242;733,265
190:0,019;218,163;459,233;688,193;952,129
191:0,020;35,245;110,193;301,214;465,017;978,076
192:0,020;299,010;809,180;922,162;1102,262
193:0,020;236,218;275,128;526,212;567,210;821,007;971,169
194:0,020;210,255;465,017;821,007;895,242;1012,152;1145,239
195:0,020;280,177;465,017;821,007;895,258
196:0,020;276,083;465,017;821,007;971,169;1181,086
197:0,020;51,016;193,210;282,127;821,007;1166,087
198:0,020;250,254;465,017;821,007;950,143;978,076;1166,087
199:0,020;193,210;351,273;415,010;465,017;821,007;1002,211
200:0,020;210,255;235,164;465,017;821,007;893,218;952,092;1155,180
