001:0,001
002:0,001
003:0,001
004:0,001;491,234
005:0,001
006:0,001
007:0,001
008:0,001;1061,234
009:0,001;486,174
010:0,001;691,143
011:0,002;175,176
012:0,002;185,198
013:0,002;78,210
014:0,002;176,208;179,123;489,267
015:0,002;179,123;322,006;327,078
016:0,002;78,210
017:0,002;134,237
018:0,002;163,221;752,078
019:0,002;148,226;156,258
020:0,002;185,198
021:0,003;175,225
022:0,003;181,155;200,206
023:0,003;169,129;173,092
024:0,003;173,092
025:0,003;24,209;169,250
026:0,003;179,242
027:0,003;172,120;179,242
028:0,003;264,138;338,115
029:0,003;66,088;173,135
030:0,003;200,206
031:0,004;183,261
032:0,004;172,095
033:0,004;208,218;409,262
034:0,004;440,127
035:0,004;212,265
036:0,004;92,141;1158,217
037:0,004;208,218
038:0,004;203,241
039:0,004;176,218;183,261
040:0,004;172,095;203,241
041:0,005
042:0,005
043:0,005;212,160
044:0,005
045:0,005;435,216;1101,203
046:0,005
047:0,005;212,160
048:0,005
049:0,005
050:0,005
051:0,006;222,274;1178,110
052:0,006;71,152;268,164
053:0,006;161,155
054:0,006;71,152
055:0,006;175,164
056:0,006;94,271
057:0,006;145,101
058:0,006;92,141;506,246
059:0,006;169,250;180,187
060:0,006;180,187
061:0,007;840,227;1196,112
062:0,007
063:0,007
064:0,007
065:0,007;322,006;356,203
066:0,007;293,200
067:0,007;925,079
068:0,007;1196,112
069:0,007;416,130
070:0,007;666,100
071:0,008;362,268
072:0,008;293,200
073:0,008;50,252
074:0,008;380,219
075:0,008;332,168
076:0,008;268,240
077:0,008;262,099
078:0,008;372,155
079:0,008;50,118;268,240
080:0,008;261,244;362,268
081:0,009;194,259
082:0,009;379,251;422,159
083:0,009;404,185
084:0,009;365,113;404,185;495,259
085:0,009;480,192
086:0,009;365,113
087:0,009;193,131;624,154
088:0,009;422,159
089:0,009;409,262
090:0,009;624,154
091:0,010;60,234;345,145;1084,192
092:0,010;76,228
093:0,010;82,215
094:0,010;231,114;1124,086
095:0,010;70,263;746,099
096:0,010;134,237;316,162;360,153;535,250
097:0,010;33,153
098:0,010;199,172
099:0,010;87,211;199,172
100:0,010;60,209;76,228;82,215
101:0,011;300,116;465,173
102:0,011;356,119
103:0,011;300,116;1105,274
104:0,011;236,188;470,014;501,225;549,162;666,100;710,271
105:0,011;321,205;491,234;788,093
106:0,011;330,250;435,221
107:0,011;416,130;777,218
108:0,011;87,275;116,012;194,111;521,156
109:0,011;356,119
110:0,011;521,156;968,181;1014,152
111:0,012
112:0,012
113:0,012;299,086
114:0,012
115:0,012;234,127;387,012;998,118
116:0,012;706,126
117:0,012;234,127;533,128;1026,012
118:0,012;1000,247
119:0,012;706,126
120:0,012
121:0,013;50,196;264,179
122:0,013;87,275
123:0,013;194,270;552,005
124:0,013;194,275
125:0,013;148,226;709,005
126:0,013;193,131;280,138;772,201;1079,012
127:0,013;267,014;571,139;981,217;1041,115
128:0,013;247,105;351,181
129:0,013;264,179;305,105
130:0,013;196,088
131:0,014;497,201
132:0,014;56,245;516,012;595,110;904,170;1024,226
133:0,014;595,110;1116,133
134:0,014;498,133
135:0,014;498,133;554,263
136:0,014;515,170
137:0,014;542,001
138:0,014;56,245;1027,227
139:0,014;345,145;749,267;801,135
140:0,014;560,258;849,113
141:0,015;299,086;389,251;655,225;679,116
142:0,015
143:0,015
144:0,015
145:0,015
146:0,015
147:0,015;349,006;478,274;678,015;1078,114;1159,015;1174,171
148:0,015;5,097;264,015
149:0,015;172,246;1063,141
150:0,015
151:0,016;324,108
152:0,016;322,006;409,120;1007,244
153:0,016;322,006;440,173;538,217;566,184;690,007
154:0,016;409,120;579,132
155:0,016;262,099;324,108;644,244;838,217
156:0,016;322,006;534,139
157:0,016;322,006;420,244
158:0,016;322,006;566,184;644,251;878,007
159:0,016;156,258;322,006;538,217;888,100
160:0,016;145,101;322,006;435,216;501,136;980,123;1192,246
161:0,017;143,015;614,177;748,108;839,120
162:0,017;172,246;214,014;614,177;1047,012
163:0,017;173,136;207,270;229,011;359,009;499,192;630,123;847,133;922,258;929,101;1083,181
164:0,017;171,001;173,136
165:0,017;173,135;572,265;700,223;1012,139
166:0,017;383,123
167:0,017;168,128;704,153;799,001;991,012
168:0,017;395,232;440,014;720,224;945,005
169:0,017;168,128;281,014;338,211;381,088;414,005
170:0,017;183,001;287,012;395,232;803,015
171:0,018;250,265;567,256;833,245
172:0,018;128,230;780,188
173:0,018;162,143;184,271;685,114;881,105
174:0,018;164,181;293,015
175:0,018;109,014;449,226
176:0,018;110,223
177:0,018;114,178;135,002;272,144;963,012;998,254
178:0,018;107,002;162,143;357,009;366,015;380,219;456,188;904,123;947,173;998,153
179:0,018;128,230;164,181;367,001;1170,221
180:0,018;110,223;134,002;160,013;264,126;272,144;310,132;315,152;616,211;1153,015
181:0,019;58,140;69,007;783,138;856,153;870,144;925,079;1093,015;1095,001
182:0,019;92,211;497,181;532,237;789,128;831,005;883,012
183:0,019;162,093;171,256;261,244;326,007;1131,012
184:0,019;68,015;121,008;268,001
185:0,019;98,115;539,007
186:0,019;91,108;114,012;165,011;301,162;855,168;879,012
187:0,019;87,255;90,018;171,256
188:0,019;50,196;53,016;117,013;162,093
189:0,019;84,266;289,252;624,138
190:0,019;89,018;120,130;208,016;322,015;338,230
191:0,020;338,260;554,015
192:0,020;378,148;519,113;755,015;1110,110
193:0,020;340,093;349,272;378,148;397,104;760,007
194:0,020;397,104;648,179;844,145
195:0,020;349,272;385,012;998,118
196:0,020;489,267;549,229
197:0,020;170,132;771,007
198:0,020;185,243;338,260;351,244;454,211;624,216
199:0,020;346,229;692,232
200:0,020;375,138;557,015;606,012
