001:0,001;352,142;546,001;593,109
002:0,001;41,246
003:0,001;334,184;546,001;838,225
004:0,001;372,172;383,237;1104,234
005:0,001;377,234
006:0,001;43,160;299,140;372,172;546,001;593,109
007:0,001;388,112;546,001;562,176
008:0,001;388,112;546,001;777,170;904,136;1107,246
009:0,001;383,237;546,001;562,176
010:0,001;312,024;334,184
011:0,002;71,139;576,228
012:0,002;34,166
013:0,002;88,135
014:0,002;89,239;128,139
015:0,002;213,250;827,255
016:0,002;34,166
017:0,002;41,246;156,138;1110,228
018:0,002;48,244
019:0,002;89,239
020:0,002;156,138;165,265
021:0,003;85,103;312,024;418,248
022:0,003;76,162;312,024;346,224
023:0,003;60,153;312,024;493,183
024:0,003;85,103
025:0,003;60,153;312,024;488,179
026:0,003;152,116;312,024;418,204
027:0,003;198,216;312,024;395,007;530,267
028:0,003;135,106
029:0,003;187,217;312,024;346,224
030:0,003;60,077;488,179;937,267
031:0,004;724,249
032:0,004;549,134
033:0,004;697,275
034:0,004;698,192
035:0,004;402,203;1178,081
036:0,004;973,132
037:0,004;12,174
038:0,004;728,078
039:0,004;697,257;766,114
040:0,004;766,114
041:0,005;43,160
042:0,005;10,146;185,159
043:0,005;107,122
044:0,005;54,269;922,160
045:0,005;15,100
046:0,005;12,198;25,117;508,172
047:0,005;185,159;546,001;562,261
048:0,005;57,243
049:0,005;12,198
050:0,005;57,243;120,269;607,159
051:0,006;25,117
052:0,006
053:0,006
054:0,006
055:0,006
056:0,006
057:0,006;941,149
058:0,006
059:0,006
060:0,006
061:0,007
062:0,007;310,192;653,156
063:0,007;310,192
064:0,007;490,160;702,209
065:0,007;653,156;1029,230
066:0,007
067:0,007
068:0,007;1118,190
069:0,007;1186,106
070:0,007;1162,130
071:0,008;76,162;1038,178
072:0,008;266,120
073:0,008;233,105
074:0,008;150,247
075:0,008;150,247
076:0,008;144,207;146,169
077:0,008;181,248;812,105;1138,216
078:0,008;128,255;562,261
079:0,008;146,169
080:0,008;128,178
081:0,009;307,274
082:0,009;107,122;224,263;415,182;532,200
083:0,009;15,100;225,145;741,269
084:0,009;412,209
085:0,009;225,145;488,107
086:0,009;230,083;270,193;1160,256
087:0,009;230,083
088:0,009;488,107;855,083
089:0,009;224,263;1196,200
090:0,009;270,193
091:0,010;463,240
092:0,010;576,228;751,135;1066,143
093:0,010;560,214;1004,124
094:0,010;555,093
095:0,010;462,231
096:0,010;601,137
097:0,010;138,133;369,138;601,137
098:0,010;462,231
099:0,010;463,240
100:0,010;512,124
101:0,011;191,259;1025,229
102:0,011;157,260;948,179;1152,136
103:0,011;165,265;179,233
104:0,011;175,238
105:0,011;178,259;208,111;382,144
106:0,011;273,229
107:0,011;157,260;377,234;1040,262
108:0,011;208,111
109:0,011;107,144;634,198;681,260
110:0,011;179,233;777,170
111:0,012;1122,116
112:0,012;401,182
113:0,012;1141,181
114:0,012;316,089
115:0,012
116:0,012;1141,126
117:0,012
118:0,012;1138,216
119:0,012;1166,227
120:0,012;822,139;848,204
121:0,013;1047,007
122:0,013;1022,250
123:0,013;601,145;650,239
124:0,013;341,155
125:0,013;1039,087;1113,237;1121,087
126:0,013;18,143;988,162
127:0,013;448,255;990,093;1013,013
128:0,013;1019,211;1183,269
129:0,013;300,174;728,145
130:0,013;18,143;54,017;605,013;1019,211
131:0,014;726,274;740,200;837,243;847,183;1043,125
132:0,014;757,185
133:0,014;248,116;619,210
134:0,014;644,263
135:0,014;619,210;722,110;732,085
136:0,014;722,110;737,236;1036,085;1055,206
137:0,014;546,001;737,236
138:0,014;779,244;929,259
139:0,014;806,091
140:0,014;608,262;757,185
141:0,015
142:0,015;1141,181
143:0,015
144:0,015
145:0,015
146:0,015
147:0,015;343,084
148:0,015;1137,007;1162,100
149:0,015
150:0,015
151:0,016;287,150;447,016;1169,205
152:0,016
153:0,016
154:0,016;88,222;449,016;590,125;624,237
155:0,016;590,125;776,198;788,144;816,016
156:0,016
157:0,016;855,165;875,139;939,143;1168,252
158:0,016
159:0,016;1168,252
160:0,016
161:0,017;588,206
162:0,017;600,088
163:0,017;650,255;671,078;696,122
164:0,017;584,136;1192,142
165:0,017;600,088
166:0,017;191,013;1061,081;1134,006
167:0,017;287,150
168:0,017;671,078;1011,200;1186,262
169:0,017;37,199;44,017;584,136;647,139;782,182;833,238;847,145;924,248
170:0,017;37,199;588,206;916,129;1043,015;1185,117
171:0,018;146,084;257,016;493,183;517,084;643,015;720,007;779,013;1021,141;1046,138
172:0,018;161,140;257,108;462,012;914,016
173:0,018;257,108;416,013;708,098
174:0,018;161,140
175:0,018;70,109;94,019;99,013;1021,141;1061,081
176:0,018;70,109;103,001;209,007;492,014;555,262;1138,006
177:0,018;280,200;285,014;523,013;715,267;755,013;797,129;958,203
178:0,018;162,222;280,200;647,250;827,016;1069,142
179:0,018;141,186;1139,233
180:0,018;141,186;150,007;951,013;1029,230;1104,015
181:0,019;345,173;392,016;430,015
182:0,019;356,017;555,007;591,094;676,007;1159,015
183:0,019;354,085;401,010;449,016;715,015
184:0,019;360,012;1063,256
185:0,019;345,173;358,232;398,015
186:0,019;116,012;179,016;655,012;855,165
187:0,019;375,210;601,007;873,012
188:0,019;354,085;789,228;871,265;904,007
189:0,019;358,232;375,210;451,016
190:0,019;366,244;402,017;591,094;1063,256;1070,016
191:0,020;250,224;256,270;358,133;500,013;1050,272
192:0,020;299,001;402,203;706,186
193:0,020;299,006;941,149
194:0,020;274,246;743,006
195:0,020;256,270;746,006;1039,087
196:0,020;142,161;465,012
197:0,020;311,004;752,125;1133,007;1169,265
198:0,020;131,231;142,161;153,019;193,004;709,012;973,132;1127,006
199:0,020;274,209;436,006
200:0,020;251,238;261,265;798,006
