001:0,001;202,266;883,136
002:0,001;220,200;898,094
003:0,001;114,124;870,223
004:0,001;537,078
005:0,001;307,217
006:0,001;210,086
007:0,001;216,121
008:0,001;220,209;230,195;548,121
009:0,001;230,195;307,217
010:0,001;175,141;202,266;537,078
011:0,002;120,108
012:0,002;26,162
013:0,002;20,240;48,102
014:0,002;18,125;93,249
015:0,002;93,249;120,108
016:0,002;18,125
017:0,002;48,102
018:0,002;54,092
019:0,002;21,203
020:0,002;81,234
021:0,003;430,184
022:0,003;408,244
023:0,003;362,114;408,244
024:0,003;182,236
025:0,003;364,269
026:0,003;470,191;614,266
027:0,003;489,272
028:0,003;158,101
029:0,003;501,259
030:0,003;562,268
031:0,004;207,262
032:0,004;273,182
033:0,004;190,227;304,272;483,269
034:0,004;175,192
035:0,004;196,097
036:0,004;244,241
037:0,004;23,145;175,192
038:0,004;217,270
039:0,004;176,117;273,182;372,262
040:0,004;20,240
041:0,005;533,242
042:0,005;317,199;350,163
043:0,005;297,224
044:0,005;398,225
045:0,005;216,121;402,261
046:0,005;39,143
047:0,005;39,143
048:0,005;190,227
049:0,005;373,087;513,224
050:0,005;402,261
051:0,006;40,201
052:0,006;39,209
053:0,006;26,160
054:0,006;22,146;199,238
055:0,006;129,201
056:0,006;149,126
057:0,006;102,135;712,112
058:0,006;71,238
059:0,006;43,126
060:0,006;33,096
061:0,007;23,145;116,160;287,079
062:0,007;55,174
063:0,007;23,206
064:0,007;71,122
065:0,007;69,214
066:0,007;55,174
067:0,007;220,252;308,177
068:0,007;95,240;423,169
069:0,007;22,104;1026,239
070:0,007;23,206
071:0,008;55,170
072:0,008;316,116
073:0,008;158,257
074:0,008;174,167
075:0,008;192,076
076:0,008;192,076
077:0,008;178,203
078:0,008;55,170
079:0,008;148,178;234,189;285,231;316,116
080:0,008;138,156;148,178;174,167
081:0,009;38,158;926,263
082:0,009;11,095
083:0,009;24,096;168,249;691,213
084:0,009;11,230
085:0,009;76,101;164,234;839,256
086:0,009;25,275;180,157;348,263;556,095
087:0,009;44,213;265,139
088:0,009;180,157;1101,191
089:0,009;11,095;25,275;44,213
090:0,009;45,263
091:0,010;137,098;838,088
092:0,010;182,236;1006,252
093:0,010;119,223;199,178;799,197
094:0,010;132,223;251,248
095:0,010;251,248
096:0,010;147,086
097:0,010;120,158;162,134
098:0,010;166,256
099:0,010;166,256;351,195
100:0,010;47,133
101:0,011;91,159;1115,157
102:0,011;97,221;772,110
103:0,011;55,091;97,221
104:0,011;375,123
105:0,011;124,168
106:0,011;169,117
107:0,011;192,265;215,168
108:0,011;5,185
109:0,011;88,152
110:0,011;375,123
111:0,012;144,216;167,161
112:0,012;287,079
113:0,012;105,094;140,243
114:0,012;66,163;105,094
115:0,012;520,179
116:0,012;66,163;532,209;606,202;801,146
117:0,012;167,161
118:0,012;193,083
119:0,012;134,246;666,092
120:0,012;118,146
121:0,013;280,204;522,225
122:0,013;210,189
123:0,013;280,274;995,249;997,202;1185,227
124:0,013;885,205
125:0,013;833,215;1143,241
126:0,013;6,138;69,004;134,246;280,204;388,013;858,265
127:0,013;6,138
128:0,013;1054,253
129:0,013;888,272
130:0,013;674,227;885,205
131:0,014;36,274;453,243;1052,097
132:0,014;382,213;495,166;546,223
133:0,014;185,175;722,135
134:0,014;435,087
135:0,014;283,110;537,136
136:0,014;414,117;432,135;1080,157
137:0,014;336,230;356,139;593,111
138:0,014;283,213;301,246
139:0,014;284,098;393,159
140:0,014;558,101;1175,118
141:0,015;99,154;129,016;278,124
142:0,015;76,271;91,226
143:0,015;87,153;1044,274
144:0,015;91,226;497,189;1074,214;1101,112;1146,229;1152,156
145:0,015;99,154
146:0,015;22,104;565,259;653,274
147:0,015;94,088;317,199
148:0,015;109,125;432,146;603,179;694,202
149:0,015;69,214;803,253
150:0,015;116,111;644,209;833,215
151:0,016;381,134;997,104
152:0,016;349,080;510,191
153:0,016;341,169
154:0,016;276,088;994,239;1028,080
155:0,016;265,139;316,156
156:0,016;335,197;779,097;807,191;935,125
157:0,016;385,230
158:0,016;49,105;211,016;340,141;370,175
159:0,016;49,105;158,257;401,160;581,200
160:0,016;322,197;952,160
161:0,017;168,013;301,258
162:0,017;141,253;184,005;283,110;774,268
163:0,017;157,177;903,266;918,265;941,122;1022,241;1086,158
164:0,017;110,229;1151,236
165:0,017;140,243;157,177;207,239;1000,257
166:0,017;141,253;354,209;397,231;1057,104;1140,239;1149,180
167:0,017;110,229;897,139
168:0,017;54,231
169:0,017;114,275;141,005;301,258
170:0,017;54,231;186,005;296,111;543,098
171:0,018;8,012;122,202;675,158
172:0,018;77,112;161,260;590,226;795,133;960,266
173:0,018;54,092;127,239;256,253;969,111
174:0,018;161,260;834,182
175:0,018;64,118;270,154;549,163;577,156;875,124;1116,221
176:0,018;122,202;125,118;573,239;627,118
177:0,018;64,011;138,156;391,080;1045,249
178:0,018;26,162;284,118;752,175
179:0,018;36,274;203,112;597,166
180:0,018;77,112;936,117
181:0,019;86,115;288,252
182:0,019;26,132;91,159;238,016;338,223;605,138
183:0,019;103,272;239,013;808,180
184:0,019;324,178;543,083;866,209
185:0,019;107,265;266,013;890,082;1194,104
186:0,019;77,008;103,272;603,087;705,242;793,239;821,260
187:0,019;127,239;202,013;844,136;860,195;1087,204
188:0,019;104,134;194,202;560,241;890,082
189:0,019;86,115;113,004;195,013;808,180;817,226
190:0,019;141,166;797,104;799,154
191:0,020;135,136;672,153;996,163
192:0,020;248,082;334,119;369,270;535,182;758,270
193:0,020;135,136;289,013;864,171
194:0,020;135,142
195:0,020;166,113;257,005;317,096;1118,098
196:0,020;139,172;196,014;334,119;504,204
197:0,020;47,133;133,016;325,224;403,156;568,178
198:0,020;139,172
199:0,020;189,092;248,082;304,142;1035,122
200:0,020;156,152;306,172;405,227;550,213;614,272;685,013;726,246;1108,166
