001:0,001;29,270
002:0,001;101,212
003:0,001;30,179
004:0,001;30,179;101,212;908,184;1027,101
005:0,001;24,101
006:0,001;41,257;1166,179
007:0,001;29,270
008:0,001;72,254
009:0,001;76,184
010:0,001;89,187;963,183;981,226
011:0,002;13,220
012:0,002;16,207
013:0,002;5,217
014:0,002;144,269
015:0,002;18,145;632,108
016:0,002;5,217
017:0,002;138,255
018:0,002;30,182
019:0,002;13,220;24,188
020:0,002;24,188
021:0,003
022:0,003
023:0,003
024:0,003;413,083;975,003
025:0,003
026:0,003;1096,197
027:0,003;841,233
028:0,003;1093,227
029:0,003;1096,197
030:0,003;640,226
031:0,004;468,089
032:0,004;266,097
033:0,004;76,184;282,171
034:0,004;205,128
035:0,004;159,112;266,097
036:0,004;205,128
037:0,004;260,191
038:0,004;282,171
039:0,004;222,091;469,267
040:0,004;260,191
041:0,005;57,123;77,096;136,240
042:0,005;57,123;70,130
043:0,005;77,096
044:0,005;72,254;459,129
045:0,005;136,240
046:0,005;120,141;487,159
047:0,005;70,130
048:0,005;40,020;75,129
049:0,005;129,266
050:0,005;51,262
051:0,006;241,230;270,088;709,137
052:0,006;272,268
053:0,006;241,230;279,080
054:0,006;173,186;405,198
055:0,006;279,225
056:0,006;268,076
057:0,006;201,235;288,145
058:0,006;279,225
059:0,006;246,198
060:0,006;279,080
061:0,007;111,173
062:0,007;39,100
063:0,007;80,142;93,257;237,103
064:0,007;24,219;111,173
065:0,007;46,134
066:0,007;24,101;929,179;1129,205
067:0,007;24,215
068:0,007;97,104
069:0,007;24,219
070:0,007;97,104
071:0,008;270,088
072:0,008;159,112
073:0,008;88,198;342,257
074:0,008;202,150
075:0,008;159,154
076:0,008;35,161
077:0,008;35,161
078:0,008;67,136
079:0,008;89,177
080:0,008;169,079;1178,273
081:0,009;201,235
082:0,009;136,214;454,099
083:0,009;228,250;1046,100;1079,224
084:0,009;147,126;725,268;826,088;862,252;946,119
085:0,009;168,146;458,108;473,141
086:0,009;317,205
087:0,009;55,223
088:0,009;417,275
089:0,009;94,273;687,187
090:0,009;55,223
091:0,010;234,196;373,232
092:0,010;144,269;280,149
093:0,010;235,237;1139,184
094:0,010;55,206
095:0,010;280,149;332,152;417,010;453,168
096:0,010;351,087
097:0,010;55,206
098:0,010;226,136;1024,268
099:0,010;469,267;625,185
100:0,010;244,261;623,214
101:0,011;43,183
102:0,011;58,252;283,132;645,268;717,115
103:0,011;48,099;164,209
104:0,011;35,162
105:0,011;18,145;58,252;473,177;1118,116
106:0,011;43,183;599,152
107:0,011;35,162;85,120
108:0,011;171,231
109:0,011;62,017;85,120
110:0,011;54,258;766,165
111:0,012;158,216
112:0,012;158,216;272,268;366,010;581,259;1161,103
113:0,012;166,239;228,250;366,010;545,167;581,259
114:0,012;10,222;366,010;437,203
115:0,012;207,251;237,127;366,010;522,265
116:0,012;80,142;366,010;434,154;1135,261
117:0,012;366,010;379,149;570,110
118:0,012;207,251;522,265;654,261
119:0,012;357,108;548,216
120:0,012;237,127;366,010;509,110
121:0,013;124,168
122:0,013;201,109;421,230
123:0,013;98,110;218,109;556,224;802,119;869,196
124:0,013;174,159
125:0,013;98,110;504,114;698,082
126:0,013;194,132;1077,153
127:0,013;174,159;343,100;368,207;996,265
128:0,013;118,123
129:0,013;153,107;366,010;421,230
130:0,013;153,107
131:0,014;177,200
132:0,014;153,165;171,146
133:0,014;127,196;136,218
134:0,014;136,218;702,132;726,267;1050,145
135:0,014;118,123;226,110;527,137
136:0,014;138,174;153,165;429,196;1120,166
137:0,014;319,153;543,271
138:0,014;138,174
139:0,014;160,211;177,200
140:0,014;127,196;779,142
141:0,015;260,166
142:0,015;185,160
143:0,015;190,138;1118,201
144:0,015;213,119;788,116;935,258
145:0,015;235,091;260,166;324,235;532,157;872,176
146:0,015;184,157
147:0,015;148,236;229,264
148:0,015;189,082;751,231
149:0,015;189,082;606,162
150:0,015;4,205;583,182
151:0,016;70,167
152:0,016;99,076;311,241;694,146;1112,209
153:0,016;148,087;520,255;585,220;673,237
154:0,016;76,241
155:0,016;70,167;148,087;303,167;521,108
156:0,016;48,099;225,214
157:0,016;556,224
158:0,016;92,262;395,079
159:0,016;227,258;943,218;1097,107;1143,115
160:0,016;79,152;626,107;638,194
161:0,017;97,114;253,123;558,150
162:0,017;34,185;1015,123
163:0,017;73,274;254,154;396,179;651,132;679,096
164:0,017;97,114
165:0,017;78,266;327,232;412,112;712,119;963,132
166:0,017;73,274;83,137;346,231;643,142;685,089;1187,099
167:0,017;33,158;34,185;417,275;547,262;573,203;683,126
168:0,017;83,137;534,166;627,275;634,149;718,003
169:0,017;223,274;315,162;457,194;1103,267
170:0,017;118,177;250,179;304,274;846,082
171:0,018;71,110;74,209;620,003;899,155;1093,227
172:0,018;62,153;224,255;368,126;559,003
173:0,018;62,153
174:0,018;96,274;189,162;290,115;599,235;1044,003
175:0,018;64,186
176:0,018;74,209;78,084
177:0,018;94,273;174,099;1004,160
178:0,018;78,084;168,100;232,165;833,084;1107,262
179:0,018;46,134;328,003;899,126;1042,003
180:0,018;73,121;899,155
181:0,019;224,275;230,158;1189,083
182:0,019;246,003;338,119;594,273
183:0,019;207,176;872,003
184:0,019;207,176;360,096;510,220;535,254;547,274
185:0,019;79,271;872,262;1065,254
186:0,019;229,264;259,160;327,138
187:0,019;237,103;1041,003;1058,085
188:0,019;184,157;227,182;455,252
189:0,019;217,115;871,219;1039,273;1125,250
190:0,019;230,158
191:0,020;446,076;1091,152;1108,187;1175,152
192:0,020;129,010;208,194;571,261;765,153;934,088;1191,235
193:0,020;208,083;366,266;435,116;706,250
194:0,020;11,259;43,020;156,142
195:0,020;79,271;362,084;681,275;884,255
196:0,020;148,232;346,160;885,271
197:0,020;135,201
198:0,020;148,232;208,083
199:0,020;135,201;290,091
200:0,020;11,259;30,004;435,116
