001:0,001;171,197
002:0,001;1022,269
003:0,001;882,107
004:0,001;905,172;928,246
005:0,001;956,133
006:0,001;928,246
007:0,001;1048,176
008:0,001;905,172;956,133
009:0,001;882,107
010:0,001;403,094
011:0,002;865,216
012:0,002;701,174
013:0,002;701,174
014:0,002;912,080
015:0,002;791,144
016:0,002;392,256
017:0,002;108,252;217,214
018:0,002;650,180
019:0,002;742,184
020:0,002;107,145;713,199
021:0,003
022:0,003;341,140;413,003
023:0,003;364,206
024:0,003
025:0,003
026:0,003;364,206
027:0,003
028:0,003
029:0,003;616,202
030:0,003
031:0,004
032:0,004
033:0,004
034:0,004
035:0,004
036:0,004
037:0,004
038:0,004
039:0,004
040:0,004
041:0,005;60,085;264,131
042:0,005;1006,265
043:0,005;476,081;576,258
044:0,005;570,017;745,249
045:0,005;580,001;610,199
046:0,005;628,249;1006,265
047:0,005;476,081
048:0,005;588,246;632,124
049:0,005;576,258
050:0,005;264,131
051:0,006;339,148;570,017
052:0,006;307,215
053:0,006;335,274;339,148;570,017
054:0,006;305,249;570,017
055:0,006;305,024;315,270;570,017
056:0,006;337,175;570,017
057:0,006;317,231;953,215;1022,269
058:0,006;324,210;335,274;1011,230
059:0,006;305,249;317,231
060:0,006;331,262;570,017
061:0,007;1043,169;1100,099
062:0,007
063:0,007;616,202;1138,097
064:0,007;1041,249;1144,169
065:0,007;1100,099
066:0,007;1041,234
067:0,007;189,195
068:0,007;1041,234
069:0,007
070:0,007;615,085;1043,169
071:0,008;179,273;182,187;291,008
072:0,008;124,230;291,008
073:0,008;123,153;291,008
074:0,008;124,230;291,008
075:0,008;193,219;223,153;291,008
076:0,008;140,143;291,008;1074,236
077:0,008;130,212;152,104;197,219;291,008
078:0,008;182,187;403,094;749,008
079:0,008;195,115;291,008
080:0,008;152,104;1074,236
081:0,009
082:0,009
083:0,009;150,132
084:0,009
085:0,009;341,140
086:0,009;729,120
087:0,009
088:0,009
089:0,009
090:0,009
091:0,010
092:0,010;356,194
093:0,010;842,120
094:0,010
095:0,010;356,194
096:0,010
097:0,010;1055,271
098:0,010
099:0,010;570,017
100:0,010
101:0,011
102:0,011;353,177
103:0,011
104:0,011;108,252;424,011
105:0,011
106:0,011
107:0,011
108:0,011
109:0,011
110:0,011;1043,137
111:0,012
112:0,012
113:0,012
114:0,012;865,139
115:0,012
116:0,012
117:0,012;865,262;994,012
118:0,012;135,105
119:0,012;135,105;640,012
120:0,012
121:0,013;305,024;339,005;588,246;647,188
122:0,013;310,125;384,204;449,125
123:0,013;253,156;305,024;315,270;1162,012
124:0,013;321,268
125:0,013;305,024;384,204
126:0,013;150,132;305,024;317,097;370,005;647,188;679,008
127:0,013;305,024;371,108
128:0,013;305,024;355,015;723,009;1052,175
129:0,013;361,018;966,230;1061,011
130:0,013;317,259
131:0,014
132:0,014;317,097;1151,011
133:0,014
134:0,014;628,249;702,145;1055,007
135:0,014
136:0,014
137:0,014
138:0,014
139:0,014
140:0,014
141:0,015;1167,160
142:0,015
143:0,015
144:0,015;1043,137;1167,160
145:0,015;1166,130;1200,015
146:0,015;333,111;822,015
147:0,015;217,214;297,008
148:0,015;333,111
149:0,015
150:0,015;1166,130
151:0,016;56,140;79,125;81,226;189,195;716,124;789,012
152:0,016;334,236;938,012
153:0,016;218,119;522,003
154:0,016;39,189;657,274;935,014
155:0,016;38,146;56,140;337,175
156:0,016;38,146
157:0,016;57,002;648,015;714,103
158:0,016;81,226;127,012;791,144;1105,015
159:0,016;53,002;650,135
160:0,016;79,125;487,189
161:0,017;194,240;878,014;1043,188;1183,014
162:0,017;357,007
163:0,017;400,220;715,003;992,007
164:0,017;339,149;458,010;1055,271
165:0,017;398,274;417,008;527,112;721,010
166:0,017;337,003;1052,007
167:0,017;322,007;339,149;345,142;906,004;1002,007
168:0,017;261,004;291,008
169:0,017;342,235;525,014;840,018;888,004
170:0,017;345,142;365,015;814,009
171:0,018;260,007;309,009;344,018;779,017
172:0,018;967,173
173:0,018;1060,126
174:0,018;954,170
175:0,018;422,110;461,217;829,094;944,274
176:0,018;574,011;815,009
177:0,018;973,181;996,014
178:0,018;422,110;532,007
179:0,018;968,004;1078,136;1196,011
180:0,018;967,173;1013,124;1036,195;1071,012
181:0,019;172,077;305,024;353,177;888,010
182:0,019;59,020;130,212;277,011;280,130;283,010;382,182;547,009;701,259;898,197;972,087;1034,010
183:0,019;161,012;432,009;790,018;993,008
184:0,019;194,247;540,001;891,014
185:0,019;88,006;275,079;282,006;382,182;872,007;1067,010
186:0,019;182,206;226,013;322,002;570,017
187:0,019;191,209;520,002;816,162
188:0,019;169,241;263,003;365,248;551,014;816,162;871,236;875,111
189:0,019;169,241;210,010;814,171;916,010
190:0,019;280,130;396,015
191:0,020;315,170;322,133;934,017;962,007
192:0,020;431,087;908,009
193:0,020;311,012;695,010;842,017;946,172;1114,012
194:0,020;311,124;633,007;777,017;1018,003
195:0,020;285,217;529,259;555,268;652,087
196:0,020;322,133;379,018;954,170;1025,010
197:0,020;377,012;671,017
198:0,020;272,134;315,015
199:0,020;177,006;272,134;790,003
200:0,020;37,014;183,011;619,015
