001:0,001;48,128;628,007;818,257;984,143
002:0,001;46,190;65,102;628,007
003:0,001;44,235;1089,247
004:0,001;67,133;628,007
005:0,001;65,102
006:0,001;163,175;628,007;1082,179
007:0,001;110,234;477,195;628,007
008:0,001;48,128;727,179
009:0,001;47,269;286,081;628,007
010:0,001;199,081;628,007
011:0,002;839,232
012:0,002
013:0,002;709,128
014:0,002
015:0,002
016:0,002;92,195
017:0,002
018:0,002
019:0,002
020:0,002
021:0,003;151,019;189,131
022:0,003;151,019;161,263
023:0,003;161,263
024:0,003;151,019;308,256
025:0,003;162,264;640,099;674,130
026:0,003;151,019;162,264
027:0,003;102,198;151,019;167,138
028:0,003;102,198
029:0,003;151,019;174,257;308,256
030:0,003;151,019;195,094;232,258
031:0,004;89,155
032:0,004;203,126;744,199
033:0,004;200,109
034:0,004;46,203;88,097
035:0,004;127,226
036:0,004;47,269;752,110
037:0,004;93,236
038:0,004;225,111;306,236
039:0,004;88,097;330,226
040:0,004;89,155
041:0,005;42,114
042:0,005;42,135
043:0,005;45,187
044:0,005;32,260;274,160
045:0,005;29,113;32,260
046:0,005;162,244
047:0,005;64,217
048:0,005;31,181
049:0,005;46,203;162,244;522,135
050:0,005;53,160
051:0,006;199,153
052:0,006;168,133;332,222
053:0,006;218,147
054:0,006;52,127
055:0,006;151,019;156,221;622,217
056:0,006;365,247
057:0,006;44,235;252,261
058:0,006;332,222
059:0,006;254,202
060:0,006;252,261
061:0,007;631,144;657,116;1084,001;1160,156
062:0,007;369,224;1084,001;1165,258
063:0,007;331,248;1084,001;1094,093
064:0,007;363,106;431,181;637,079;1084,001
065:0,007;333,176;1084,001
066:0,007;333,176
067:0,007;357,250;1084,001
068:0,007;329,255;357,250;1084,001;1100,254
069:0,007;331,248
070:0,007;369,224
071:0,008;151,136;844,218;1139,126
072:0,008;43,209
073:0,008;87,245
074:0,008;92,272;151,136;294,083
075:0,008;92,272
076:0,008;9,083
077:0,008;87,245
078:0,008;60,103
079:0,008;9,083;36,144;1191,077
080:0,008;43,209
081:0,009;43,171
082:0,009;85,106;628,007;870,120
083:0,009;18,117;726,195;1061,230
084:0,009;106,201;482,178;529,183
085:0,009;14,159
086:0,009;118,266
087:0,009;24,266;205,100
088:0,009;14,159
089:0,009;80,119
090:0,009;20,184
091:0,010;397,092
092:0,010;236,104;252,240;306,094;417,198;778,113
093:0,010;217,140
094:0,010;252,240;953,119;1011,126
095:0,010;127,226;216,112;397,092
096:0,010;255,231;680,139
097:0,010;216,112;217,140;245,112;299,018;778,113
098:0,010;680,139;958,078;1120,269
099:0,010;15,254;255,231;885,140;960,235
100:0,010;409,078
101:0,011;92,214
102:0,011;159,119;722,273
103:0,011;88,143;254,202;335,199;1101,107
104:0,011;88,143;714,230
105:0,011;19,212
106:0,011;227,268
107:0,011;93,212;967,198
108:0,011;233,145;622,153;635,199;674,133
109:0,011;195,094;322,273;430,214
110:0,011;88,096
111:0,012;45,178
112:0,012;45,178;56,095
113:0,012;38,200;232,125
114:0,012;92,195;458,235;680,168
115:0,012;88,157
116:0,012;38,200
117:0,012;52,127;360,178;400,200
118:0,012;44,125
119:0,012;56,095
120:0,012;98,243
121:0,013;146,259;164,093;458,014;562,143
122:0,013;268,183;1099,176
123:0,013;63,020;552,262;1035,218
124:0,013;64,157;236,138;339,079
125:0,013;142,265;495,215;552,262;581,138;886,265
126:0,013;276,079;372,275
127:0,013;311,130;1160,178
128:0,013;341,201
129:0,013;142,265;906,173;1139,127
130:0,013;164,093;1119,114
131:0,014;640,099;844,007
132:0,014;534,094;583,114;770,087;1042,145
133:0,014;469,228;1024,138
134:0,014;634,193;727,194;750,145;1115,077
135:0,014;300,205;888,184;1084,001;1127,210
136:0,014;491,018;727,194
137:0,014;60,103;243,109;411,272;1018,077;1127,210
138:0,014;469,228
139:0,014;300,205;464,221
140:0,014;492,087
141:0,015;337,247;454,018
142:0,015;681,240
143:0,015;758,151
144:0,015;758,151;1009,006
145:0,015;499,091;1009,006
146:0,015;603,260;881,179;1009,006
147:0,015;276,132;364,015;728,247;1009,006
148:0,015;65,262;409,018;499,091
149:0,015;827,231
150:0,015;268,183;276,132;900,259;1009,006
151:0,016;130,110;338,214;368,114;470,107;763,235;797,193
152:0,016;149,111
153:0,016;378,213;976,232;1194,231
154:0,016;160,172;343,015;507,120;823,264
155:0,016;130,110;801,097;814,120;1100,144
156:0,016;143,275;281,090;757,187;992,260;1009,006
157:0,016;74,258;211,243;240,020;281,090;940,257;1056,180
158:0,016;74,258;745,136
159:0,016;143,275;384,094
160:0,016;139,223
161:0,017;12,018;21,014;166,002
162:0,017;254,270;1074,006
163:0,017;308,156
164:0,017;284,148;378,213
165:0,017;188,215
166:0,017;164,173;227,100
167:0,017;168,002
168:0,017;164,173
169:0,017;308,156;715,117;1002,269;1020,205
170:0,017;170,172;490,002
171:0,018;564,024;583,096;679,264;742,244;887,128
172:0,018;241,179;774,132;995,257;1100,254
173:0,018;556,216;564,024;657,116;688,178;765,007;835,221;954,126;1127,002
174:0,018;390,252;495,018;564,024;682,269;1149,265
175:0,018;564,024;669,218;1023,007
176:0,018;556,216;634,193;877,270
177:0,018;564,024;737,156;808,149;998,002
178:0,018;564,024;577,149
179:0,018;241,179;564,024;663,273;839,205
180:0,018;330,204;366,234;564,024;576,259
181:0,019;65,262;267,103;509,202;671,153
182:0,019;48,204;94,007;108,131;135,015;441,268;838,257;854,002;1009,006
183:0,019;48,204;595,015;648,133;972,202;1065,215;1076,195
184:0,019;111,186;227,268;356,018;570,024;591,259;669,218;707,126;994,266;1012,157;1018,110;1092,007
185:0,019;35,002;841,097
186:0,019;90,188;111,186;130,013;164,232;304,018;445,106;555,266;579,126;661,078;738,007
187:0,019;36,144;54,004;108,131;109,006;164,232;179,015;772,077;1024,007
188:0,019;106,201;134,015;233,145;1032,116
189:0,019;114,273;713,275;907,132
190:0,019;34,199;523,187;669,223;690,093;829,077;871,181
191:0,020;15,254;596,015;1054,006;1150,007
192:0,020;479,127;943,102;1159,183
193:0,020;462,107
194:0,020;392,014;604,109;1159,272
195:0,020;205,100;217,020;405,168;718,116;910,136;916,262
196:0,020;169,014;490,117;598,131;1154,110
197:0,020;402,243;688,167;980,117
198:0,020;732,180
199:0,020;218,147;377,230;1028,103
200:0,020;377,230;454,015;688,167;1009,006
