001:0,001;71,132
002:0,001;92,086
003:0,001;92,086
004:0,001;22,166
005:0,001;94,111;111,238
006:0,001;102,143;132,180
007:0,001;190,107
008:0,001;127,180;164,246
009:0,001;61,156;577,149
010:0,001;22,166
011:0,002;345,190
012:0,002;302,267;345,190
013:0,002;315,241
014:0,002;511,150
015:0,002;381,141
016:0,002;294,138
017:0,002;121,092;425,141
018:0,002;290,120
019:0,002;279,107
020:0,002;88,273
021:0,003;144,271;677,135
022:0,003;463,256
023:0,003;501,135
024:0,003;617,109
025:0,003;144,271
026:0,003;516,104;1058,136
027:0,003;463,256
028:0,003;224,128;451,101
029:0,003;633,209
030:0,003;717,272;796,240
031:0,004;488,233
032:0,004;580,147;730,259
033:0,004;486,200
034:0,004;488,233
035:0,004;262,223
036:0,004;102,143
037:0,004;486,200;908,096
038:0,004;770,255;863,108
039:0,004;874,237
040:0,004;908,096
041:0,005;50,243;258,153
042:0,005;46,153
043:0,005;112,231
044:0,005;79,176
045:0,005;46,153;104,213;357,231
046:0,005;79,176
047:0,005;50,243
048:0,005;104,213
049:0,005;168,188
050:0,005;13,157;56,131;168,188
051:0,006;342,268;693,167
052:0,006;315,004;517,184
053:0,006;77,259
054:0,006;311,204
055:0,006;310,140;1030,274;1191,212
056:0,006;406,167;569,247
057:0,006;508,174
058:0,006;311,204
059:0,006;314,157
060:0,006;310,140;517,184
061:0,007;141,109;761,087
062:0,007;301,201;353,103
063:0,007;230,122
064:0,007;230,265
065:0,007;282,077;779,087
066:0,007;353,103
067:0,007;287,142
068:0,007;299,129
069:0,007;230,122
070:0,007;165,263;590,077
071:0,008;61,076;765,274
072:0,008;59,224;755,147
073:0,008;83,252;158,094
074:0,008;92,251;129,134
075:0,008;82,182
076:0,008;101,129;622,160
077:0,008;82,182;92,251
078:0,008;100,134
079:0,008;158,094
080:0,008;89,133;815,162
081:0,009;329,177
082:0,009;203,079
083:0,009;762,084;946,150
084:0,009;203,079;211,009;355,226
085:0,009
086:0,009;867,116
087:0,009;485,197
088:0,009;867,116
089:0,009
090:0,009;165,263;260,128
091:0,010;43,248;57,136;1045,140;1052,237
092:0,010;203,275;654,079
093:0,010;56,207
094:0,010;56,207
095:0,010;47,265;490,267
096:0,010;6,082;643,120
097:0,010;57,136
098:0,010;181,133;203,275;230,104;375,238
099:0,010;53,123
100:0,010;5,077;47,265;53,123
101:0,011;93,217
102:0,011;74,152
103:0,011;72,121;105,196
104:0,011;130,148
105:0,011;105,196
106:0,011;71,132;130,148;307,236;505,243;1109,272
107:0,011;72,121
108:0,011;106,158;328,112
109:0,011;139,261
110:0,011;100,228;106,158;670,245;786,197
111:0,012;45,078
112:0,012;57,193
113:0,012;26,187
114:0,012;84,170
115:0,012;45,151;477,142
116:0,012;45,078;84,170
117:0,012;28,162;68,202
118:0,012;60,106;1111,213
119:0,012;68,202
120:0,012;28,162;1078,266;1199,106
121:0,013;517,270;708,185;919,251;1049,226
122:0,013;353,133
123:0,013;580,177
124:0,013;348,182;519,246;624,009;716,147;1003,275
125:0,013;669,252
126:0,013;345,225
127:0,013;573,140;625,085;809,255
128:0,013;58,216
129:0,013;345,225;517,270
130:0,013;344,106;705,180;967,133;1126,084;1175,224
131:0,014;56,131
132:0,014;123,162;452,211
133:0,014;73,236;157,132;574,158
134:0,014;41,173;409,009;936,172
135:0,014;61,108;891,161
136:0,014;86,017;126,084
137:0,014;146,226;436,173;622,224
138:0,014;41,173;73,236
139:0,014;100,149;523,087;708,138;1074,106
140:0,014;96,112;100,149
141:0,015;27,212;501,265;557,082
142:0,015;61,218
143:0,015;59,194;427,220;1143,273
144:0,015;71,224;391,241;512,187;1155,151
145:0,015;29,245;977,270;1068,192;1118,108
146:0,015;168,147;713,150;723,241;1040,220
147:0,015;43,269;782,161
148:0,015;47,192;61,218;139,087;410,263
149:0,015;43,269;752,261;806,194
150:0,015;27,212;746,151;1097,219;1145,216
151:0,016;197,139;380,137
152:0,016;160,112;229,161;737,211
153:0,016;149,266;491,138;537,108;735,106;1008,152
154:0,016;149,274;490,226;736,093
155:0,016;453,093;554,217;1085,128
156:0,016;191,267
157:0,016;88,273;103,016;160,112;350,223;752,219;1015,112;1086,268
158:0,016;149,274;214,007;230,104;784,252
159:0,016;342,137;600,225
160:0,016;229,161;358,082;427,261;541,251;722,173
161:0,017;192,159;311,003;469,240;1066,261;1143,133
162:0,017;145,211;181,218;303,006;496,247;603,112;612,275;1122,173
163:0,017;35,127;45,151;57,017;151,095;166,003;531,143;998,223
164:0,017;154,183;294,138;319,159;383,095;463,009;651,173;841,128;953,109
165:0,017;261,160;512,224;581,186;657,197;689,152;707,128;772,227;952,121;978,158
166:0,017;164,246;192,159;518,093;929,220;1027,246
167:0,017;302,185
168:0,017;154,183;227,007;309,157;313,101;361,180;413,156
169:0,017;35,219;478,274;943,137;967,104
170:0,017;5,077;8,017;145,211;458,082;501,121;615,174;822,112;857,269;892,272;918,224;1052,182;1143,236;1197,162
171:0,018;30,260;216,009;864,080;950,148;1129,112
172:0,018;170,120;623,095;864,080
173:0,018;105,160;133,089;413,251;527,150;534,009;1022,264
174:0,018;199,124;406,092
175:0,018;133,089;148,004;262,101;936,227
176:0,018;98,095;648,076;767,272
177:0,018;105,160;240,013;361,186;978,172
178:0,018;124,259;203,160;361,186;510,194;617,161;816,186
179:0,018;142,157;285,219;665,078
180:0,018;88,151;95,006;98,260;189,152;234,181;494,009;867,192
181:0,019;68,181;194,078;202,195;875,085
182:0,019;79,240;328,246;415,266
183:0,019;103,009;648,212
184:0,019;111,238;121,092;322,004;473,235;855,104;902,247;1076,235
185:0,019;77,259;79,240;610,219
186:0,019;78,006;457,085
187:0,019;343,177;439,160;642,140
188:0,019;202,195;228,251;256,003;472,155;473,235
189:0,019;58,216;556,273;1074,104
190:0,019;68,181;373,194;944,212;1080,209
191:0,020;208,173;665,268;1162,137
192:0,020;31,247;559,265
193:0,020;11,167;336,139;626,151;688,182;814,158;867,245
194:0,020;54,209;194,109;368,151;1167,243
195:0,020;11,167
196:0,020;31,247;40,011;155,082;263,157
197:0,020;27,087;766,269
198:0,020;54,209;1022,264
199:0,020;47,245;54,008;217,220;699,246;704,132;774,224;789,236;872,235;975,266;1058,080;1182,143
200:0,020;49,009;129,002;203,187;217,220;362,004;487,227;915,129;1172,082
