001:0,001;390,024;862,220
002:0,001;390,024;881,230
003:0,001;390,024;751,241
004:0,001;390,024;950,208
005:0,001;390,024;910,187
006:0,001;406,241;915,141
007:0,001;171,132;390,024;915,141
008:0,001;171,132;390,024;863,222
009:0,001;444,114
010:0,001;390,024;950,176
011:0,002;141,243;253,021
012:0,002;163,079;253,021
013:0,002;129,264;203,207;253,021
014:0,002;117,021;211,093;253,021
015:0,002;117,021;238,187
016:0,002;104,259;117,021;149,214;211,093;253,021
017:0,002;117,021;167,123;253,021
018:0,002;104,259;117,021;203,207
019:0,002;117,021;129,264;253,021;863,138
020:0,002;117,021;166,170;863,138
021:0,003
022:0,003
023:0,003
024:0,003;577,167
025:0,003;452,249
026:0,003
027:0,003
028:0,003
029:0,003
030:0,003
031:0,004
032:0,004;703,160
033:0,004
034:0,004
035:0,004;499,198
036:0,004
037:0,004
038:0,004
039:0,004;499,198
040:0,004
041:0,005;258,172;269,137
042:0,005;269,137
043:0,005;266,153;635,086
044:0,005;261,212
045:0,005;258,172
046:0,005;117,021;151,119;261,212
047:0,005;354,254
048:0,005;82,025;97,156
049:0,005;330,201
050:0,005;172,203;419,254
051:0,006;153,247
052:0,006;94,136
053:0,006;180,084;1170,134
054:0,006;87,108;511,184;519,087
055:0,006;111,229;153,247
056:0,006;53,130
057:0,006;94,136
058:0,006;119,162
059:0,006;53,130
060:0,006;119,162
061:0,007;111,106;856,122
062:0,007;172,122
063:0,007;82,025;265,115
064:0,007;104,181;124,165
065:0,007;104,211
066:0,007;104,211;111,106
067:0,007;123,215
068:0,007;142,123
069:0,007;124,165;146,234;525,115
070:0,007;146,234
071:0,008
072:0,008
073:0,008;1170,134
074:0,008
075:0,008
076:0,008;163,079
077:0,008
078:0,008
079:0,008
080:0,008
081:0,009;279,235
082:0,009;306,152;548,094
083:0,009;352,012
084:0,009;398,021
085:0,009;309,140
086:0,009;320,193
087:0,009;312,200
088:0,009;320,193
089:0,009;91,235;577,167;690,004
090:0,009;212,087;1112,015
091:0,010;1154,088
092:0,010;149,214
093:0,010
094:0,010
095:0,010
096:0,010;1154,088
097:0,010
098:0,010
099:0,010
100:0,010;253,021
101:0,011;87,108
102:0,011;79,014;82,025;104,019;270,125
103:0,011;74,234;82,025;141,243
104:0,011;59,184;82,025;147,098;575,015
105:0,011;172,203
106:0,011;74,234;82,025;144,086
107:0,011;126,181
108:0,011;59,184;82,025;112,076;354,254;401,018
109:0,011;91,235;270,125
110:0,011;82,025;124,187;147,098
111:0,012;510,217;551,139;579,154
112:0,012;104,181;402,215;659,012
113:0,012
114:0,012
115:0,012
116:0,012;510,217
117:0,012
118:0,012
119:0,012
120:0,012
121:0,013
122:0,013
123:0,013
124:0,013
125:0,013
126:0,013
127:0,013
128:0,013
129:0,013
130:0,013
131:0,014;548,094;586,012;806,149
132:0,014;525,020;992,109
133:0,014;525,020;713,008;992,109
134:0,014;217,019;256,014;525,020;806,149
135:0,014;511,184;525,020;703,160;851,012
136:0,014;525,020;708,169;1135,114
137:0,014;565,024;750,012
138:0,014;622,020;762,197
139:0,014;525,020;708,169;755,207
140:0,014;525,020;839,234;882,230;923,142
141:0,015;293,140;326,001;428,154;682,142;707,016;717,102
142:0,015;428,154;437,203;1144,015
143:0,015
144:0,015;357,220;426,012;457,015
145:0,015
146:0,015;357,248
147:0,015;357,220;546,207;611,181;957,021;1069,169
148:0,015;410,142
149:0,015;410,142;506,140
150:0,015
151:0,016
152:0,016
153:0,016;340,223;361,016
154:0,016
155:0,016
156:0,016
157:0,016;423,139
158:0,016
159:0,016;340,257;347,010
160:0,016;809,190
161:0,017
162:0,017;434,223;481,016;687,017
163:0,017
164:0,017;566,133;691,015;861,008;984,244;1151,018
165:0,017;128,003
166:0,017
167:0,017;434,223;1031,017
168:0,017;1178,021
169:0,017;449,214;521,013
170:0,017
171:0,018
172:0,018;299,182;622,010
173:0,018;884,157
174:0,018;259,086;294,018;957,021;1105,018
175:0,018
176:0,018;696,016
177:0,018;525,020;624,018
178:0,018;620,024;884,157;894,008;966,015;1028,008;1172,079;1190,003
179:0,018;690,021;785,018
180:0,018;317,016
181:0,019;313,264;459,017;608,141;653,015
182:0,019;298,196;348,008;790,004;812,024;1012,239;1115,008
183:0,019;238,187;297,017
184:0,019;72,017
185:0,019;302,001;468,205;549,015;603,020;697,021;920,004
186:0,019;156,005;250,019;297,015;998,004
187:0,019;320,248;422,015
188:0,019;155,009;468,205;560,003
189:0,019;313,107;760,015;787,004;921,015
190:0,019;323,015
191:0,020;299,182;924,018;965,013;1101,008
192:0,020;317,161;556,004;618,018;674,017;884,018
193:0,020;319,015;608,141;618,107;661,200;822,170;1103,010
194:0,020;349,213;650,004;652,010
195:0,020;317,161;327,013;526,017
196:0,020;345,179;536,153;802,021
197:0,020;112,077;143,018
198:0,020;412,206;466,220;559,018
199:0,020;287,004;333,021;345,179;352,015
200:0,020;112,077;681,008
