001:0,001;48,119;462,127
002:0,001;94,233
003:0,001;462,127
004:0,001;94,233
005:0,001;79,207;83,109
006:0,001;83,109;85,124
007:0,001;79,207;114,234
008:0,001;109,225
009:0,001;48,119
010:0,001;85,124
011:0,002
012:0,002;114,234
013:0,002
014:0,002
015:0,002
016:0,002
017:0,002
018:0,002
019:0,002
020:0,002
021:0,003;200,220;869,001
022:0,003;200,220;747,141;810,020;813,166
023:0,003;869,001
024:0,003;747,141
025:0,003;869,001;1009,123
026:0,003;869,001
027:0,003;869,001
028:0,003;940,163
029:0,003;352,106
030:0,003;869,001
031:0,004
032:0,004
033:0,004
034:0,004
035:0,004
036:0,004;410,212;906,159
037:0,004;1112,188
038:0,004
039:0,004
040:0,004
041:0,005
042:0,005
043:0,005
044:0,005
045:0,005
046:0,005
047:0,005
048:0,005
049:0,005
050:0,005
051:0,006;138,113;355,022;621,110;723,130
052:0,006;28,085;163,248;608,186
053:0,006;29,216
054:0,006;28,266
055:0,006;45,264
056:0,006;48,184
057:0,006;29,216
058:0,006;28,266
059:0,006;30,012;57,251;86,023;131,186
060:0,006;131,110
061:0,007;184,180
062:0,007;86,023;431,260
063:0,007;86,023;197,113;354,103
064:0,007;86,023;184,180;606,238
065:0,007;86,023;247,129
066:0,007;86,023;215,146
067:0,007;354,103
068:0,007;86,023;208,243
069:0,007;190,089
070:0,007;86,023;247,129;734,243
071:0,008;142,253
072:0,008;183,214
073:0,008;159,166;456,015;646,271
074:0,008;341,251
075:0,008;321,162;768,120
076:0,008;176,079
077:0,008;48,184;190,181
078:0,008;142,253
079:0,008;183,214
080:0,008;150,181;321,162
081:0,009;551,167;663,146;1197,119
082:0,009;655,199
083:0,009;463,199
084:0,009;768,120
085:0,009;592,210;666,111
086:0,009;718,081
087:0,009;639,100
088:0,009;666,111
089:0,009;623,205
090:0,009;702,232
091:0,010;819,171
092:0,010
093:0,010
094:0,010
095:0,010
096:0,010
097:0,010
098:0,010
099:0,010;758,154
100:0,010;819,171
101:0,011;456,015;908,116;1134,023
102:0,011;484,192;712,015;1134,023
103:0,011;456,015;888,189;1134,023
104:0,011;83,223;1134,023
105:0,011;478,159;1134,023
106:0,011;456,015;1037,230
107:0,011;83,223;456,015;814,241
108:0,011;456,015;1134,023
109:0,011;456,015;902,096;1134,023
110:0,011;456,015;885,201;908,116;1037,230;1134,023
111:0,012;200,010
112:0,012;283,206
113:0,012;159,166;452,110;530,119;700,212
114:0,012;192,093
115:0,012;193,200
116:0,012;193,200
117:0,012;216,251
118:0,012;374,009;550,222;1134,023
119:0,012;86,023;192,093;201,269
120:0,012;201,269
121:0,013;478,101
122:0,013;766,119;786,220
123:0,013;551,167;669,013
124:0,013
125:0,013
126:0,013
127:0,013
128:0,013
129:0,013
130:0,013;606,238;643,018
131:0,014;171,130;420,005
132:0,014;51,202;752,003;810,020;825,148;829,223;922,174;1001,180
133:0,014;123,170;798,013;810,020;887,206
134:0,014;233,092;531,015;784,019;790,176
135:0,014;143,177;810,020;825,148
136:0,014;140,251;233,092;302,003;810,020;1084,004
137:0,014;123,170;200,169;499,092;599,002;810,020;814,241;1043,019;1052,148
138:0,014;142,254;810,020;813,166
139:0,014;216,003;859,099;869,001
140:0,014;50,249;810,020;859,099;1188,018
141:0,015;163,248
142:0,015;181,145;257,011;330,019
143:0,015;181,145
144:0,015;183,100;750,147;845,018
145:0,015;160,157;169,171;396,011;484,174;774,019
146:0,015;200,169;1019,259
147:0,015;262,257;292,011;502,116;885,201;900,220;1025,109
148:0,015;169,171;245,019;262,257;537,092;693,169
149:0,015;160,157;183,100;595,004
150:0,015;195,084;484,174
151:0,016
152:0,016
153:0,016
154:0,016
155:0,016
156:0,016
157:0,016
158:0,016
159:0,016
160:0,016
161:0,017;378,019;478,101;591,002
162:0,017;355,022;553,140;632,016
163:0,017;355,022;608,209;693,010
164:0,017;380,004;437,107;464,022;602,228;757,016
165:0,017;355,022;563,245;880,001
166:0,017;355,022;547,003;563,245
167:0,017;355,022;563,178;602,228;869,001
168:0,017;463,235;850,019;1164,010
169:0,017;437,107;468,002
170:0,017;355,022;498,019;753,003;942,140;1136,004
171:0,018
172:0,018;783,002
173:0,018
174:0,018;600,013
175:0,018
176:0,018
177:0,018;600,160;680,018
178:0,018;918,019
179:0,018;453,013
180:0,018;600,160
181:0,019;163,113;168,002;351,011;479,257;1174,019
182:0,019;985,010
183:0,019
184:0,019;889,143
185:0,019;161,016;336,018;798,019
186:0,019;889,197
187:0,019;718,081;1160,089
188:0,019
189:0,019;889,197;929,160;934,257;970,232
190:0,019
191:0,020;33,007;91,016;93,005;261,004;375,147;1006,019
192:0,020;355,022;553,195;705,005
193:0,020;375,147;480,002
194:0,020;383,209;614,131;646,109;832,010;938,013
195:0,020;387,270;399,131;898,001
196:0,020;111,012;163,020;403,259
197:0,020;414,130;731,015;930,163;1100,018
198:0,020;424,132;1150,013;1189,001
199:0,020;215,146;395,018
200:0,020;399,131;467,013;1039,005;1043,018
