001:0,001;827,141
002:0,001;786,115
003:0,001;843,223
004:0,001;786,115;819,210
005:0,001;819,210
006:0,001;689,273
007:0,001;689,092
008:0,001;803,092;827,141
009:0,001;802,264
010:0,001;635,251;1200,024
011:0,002;1200,024
012:0,002
013:0,002
014:0,002;745,170;1200,024
015:0,002;624,151;1200,024
016:0,002
017:0,002
018:0,002;500,216
019:0,002;1200,024
020:0,002;1200,024
021:0,003
022:0,003
023:0,003;524,270
024:0,003
025:0,003
026:0,003;527,269
027:0,003
028:0,003
029:0,003
030:0,003;971,024;998,255
031:0,004;821,232;1095,137
032:0,004
033:0,004;590,225
034:0,004
035:0,004;821,232
036:0,004
037:0,004
038:0,004
039:0,004;1096,193
040:0,004;1095,137;1096,193
041:0,005;513,197;971,024;977,077;1012,119
042:0,005;415,211;971,024;1152,265
043:0,005;677,081;971,024;991,174
044:0,005;1012,119
045:0,005;415,208;971,024;1001,101
046:0,005;420,254
047:0,005;6,167;56,005;420,104;881,213
048:0,005;413,250
049:0,005;415,208;534,197;971,024;1064,130
050:0,005;413,250;971,024;1023,241
051:0,006;954,025
052:0,006;954,025
053:0,006;954,025
054:0,006;954,025
055:0,006;202,253;954,025
056:0,006;302,259;954,025
057:0,006;1053,156
058:0,006;202,253;954,025
059:0,006;954,025
060:0,006;998,178
061:0,007
062:0,007
063:0,007
064:0,007;851,117
065:0,007;516,267
066:0,007
067:0,007
068:0,007;148,152
069:0,007;516,267;938,183
070:0,007
071:0,008;14,138
072:0,008;437,095
073:0,008;1050,268
074:0,008
075:0,008;1050,106
076:0,008
077:0,008
078:0,008;14,138;612,008
079:0,008
080:0,008
081:0,009
082:0,009
083:0,009
084:0,009;566,018;856,257;886,092
085:0,009;918,240
086:0,009;1178,232
087:0,009
088:0,009;854,139;995,025
089:0,009
090:0,009
091:0,010
092:0,010
093:0,010
094:0,010
095:0,010
096:0,010
097:0,010
098:0,010
099:0,010
100:0,010
101:0,011;1035,023;1039,221
102:0,011;1039,221
103:0,011;851,104
104:0,011;1035,023
105:0,011;1053,204;1080,155
106:0,011;239,274;1035,023
107:0,011;239,274;1035,023
108:0,011;1035,023;1197,208
109:0,011;1035,023;1186,196
110:0,011;851,117;1035,023;1160,145
111:0,012;98,086;351,182;530,023;881,213
112:0,012;340,131;402,175;530,023;938,183
113:0,012;410,108
114:0,012;392,227;404,144;530,023;854,139
115:0,012;404,144;530,023;852,265;933,148
116:0,012;415,126;530,023;933,148
117:0,012;354,190;530,023;762,216;1052,264
118:0,012;402,175;530,023;995,174;1024,008
119:0,012;351,182
120:0,012;98,086;632,023;852,265
121:0,013;579,179;1037,023;1110,217
122:0,013;566,018;624,229;1006,203
123:0,013;566,018;624,229
124:0,013;566,018;620,140;707,014
125:0,013;566,018;616,123;1125,014
126:0,013;566,018;667,212
127:0,013;566,018;574,085;579,179
128:0,013;586,085;667,212;726,200;880,011;1006,203
129:0,013;574,085;648,011;1044,161
130:0,013;616,123;1044,161;1127,139
131:0,014
132:0,014
133:0,014;420,104;421,009
134:0,014;983,010
135:0,014;530,023;950,246
136:0,014
137:0,014
138:0,014
139:0,014
140:0,014
141:0,015;953,110;1035,023;1086,202
142:0,015;339,135;373,019;601,001;782,211;1085,140
143:0,015;1085,140
144:0,015;334,257;542,014
145:0,015;1065,090
146:0,015;1115,095;1159,155;1179,090
147:0,015;953,110;1110,094
148:0,015;1110,094
149:0,015;1086,202
150:0,015;689,273;865,199
151:0,016
152:0,016
153:0,016;1184,189
154:0,016
155:0,016
156:0,016
157:0,016
158:0,016;1175,275
159:0,016
160:0,016
161:0,017;42,152;56,012;182,017;870,203;967,136;1111,002;1130,025
162:0,017;1046,008
163:0,017;966,130;1001,101;1056,258;1085,117
164:0,017;562,007;1191,016
165:0,017;1075,269
166:0,017;1083,147
167:0,017;967,136;1066,007
168:0,017;42,020;131,017;566,018;713,200;812,014;1181,008;1200,024
169:0,017;1056,258;1128,025
170:0,017;1034,003
171:0,018;349,174;629,023;893,259;1152,016
172:0,018;436,152;836,010
173:0,018;197,227;241,006;703,015;1135,174;1166,003
174:0,018;197,227;333,008;404,011;601,006;642,023;657,006;971,024;1080,155;1101,225
175:0,018;341,007;903,008;930,002
176:0,018;366,004;508,002;748,017;1115,079
177:0,018;10,016;108,018;348,080;451,016;727,008;898,015;1118,237;1124,004
178:0,018;348,080;633,008;711,006;744,007;873,008;1051,004
179:0,018;324,004;416,014;507,015;518,011;635,251;669,002
180:0,018;339,008;401,017;822,007
181:0,019;840,017;1035,009
182:0,019;749,243;763,102;885,006;978,007
183:0,019;735,014;773,199;1104,009
184:0,019;788,168;886,007;929,006;1009,007
185:0,019;773,199;788,168;826,007;883,002
186:0,019;6,167;30,012;339,135;813,004
187:0,019;746,240
188:0,019;728,008;749,243;835,004;1200,024
189:0,019;354,190;381,019;792,257
190:0,019;763,102;804,003
191:0,020;322,133;648,002;812,017;1041,085
192:0,020;300,009;333,013;603,192;977,017;1084,010;1085,009
193:0,020;328,251;330,014;1041,085
194:0,020;355,008;360,132;412,006;633,015
195:0,020;56,011;1129,009
196:0,020;300,275;328,251;445,008;512,016
197:0,020;360,132;393,008;417,017;584,010;794,008;965,011;1193,220
198:0,020;283,011;311,003;999,004
199:0,020;391,008;982,197
200:0,020;322,133;441,003;1153,253
