001:0,001;340,140
002:0,001;399,221
003:0,001;340,140
004:0,001;421,127
005:0,001;164,142;321,240
006:0,001;464,153
007:0,001;384,128;421,127
008:0,001;182,111
009:0,001;413,221
010:0,001;482,172
011:0,002;737,112;908,211
012:0,002;846,082
013:0,002;975,181
014:0,002;273,080;737,112
015:0,002;908,211
016:0,002;852,154
017:0,002;846,082
018:0,002;687,130
019:0,002;959,203
020:0,002;847,274
021:0,003;849,090
022:0,003;710,009;943,217
023:0,003;928,191
024:0,003;867,190
025:0,003;748,180
026:0,003;851,246;928,191
027:0,003;849,090
028:0,003;843,176
029:0,003;851,246
030:0,003;748,180
031:0,004;205,252
032:0,004;32,177;135,108
033:0,004;32,177;163,244;1051,145
034:0,004;235,268
035:0,004;163,244
036:0,004;135,108
037:0,004;203,213
038:0,004;170,098
039:0,004;95,257
040:0,004;270,162;782,243
041:0,005;205,252
042:0,005;808,234
043:0,005;817,199
044:0,005;332,158;539,005;725,109;795,097;808,234
045:0,005;800,092
046:0,005;485,160;800,092;1084,156
047:0,005;795,097
048:0,005;485,160
049:0,005;750,163
050:0,005;105,156
051:0,006;240,165
052:0,006;238,242;603,255
053:0,006;238,242
054:0,006;635,177;1116,125;1148,150
055:0,006;782,243
056:0,006;585,206
057:0,006;603,255
058:0,006;754,238
059:0,006;581,169
060:0,006;626,206
061:0,007;554,134
062:0,007;223,022;263,123
063:0,007;618,093
064:0,007;263,123
065:0,007;530,137;1179,112
066:0,007;682,260
067:0,007;763,083
068:0,007;618,093;965,139
069:0,007;495,139
070:0,007;590,215;613,142
071:0,008
072:0,008
073:0,008;484,239
074:0,008;1105,144
075:0,008
076:0,008
077:0,008
078:0,008;754,235
079:0,008;754,235
080:0,008
081:0,009;51,197;86,249;303,102
082:0,009;43,164;118,270
083:0,009;77,218
084:0,009;86,249
085:0,009;43,215;587,189;1106,146
086:0,009;43,164;1115,223
087:0,009;173,139;774,226;864,142
088:0,009;48,189;223,230;1077,260
089:0,009;48,189;51,197;77,218
090:0,009;43,215;445,116;635,177
091:0,010
092:0,010;414,223;617,155
093:0,010;711,107
094:0,010
095:0,010
096:0,010
097:0,010;856,271
098:0,010
099:0,010;856,271
100:0,010;287,131;711,107
101:0,011;26,192;100,011;235,196
102:0,011;26,192;235,262
103:0,011;333,109
104:0,011;233,229
105:0,011;231,111;235,196
106:0,011;311,189
107:0,011;197,240
108:0,011;203,213;261,161;312,165;1182,179
109:0,011;223,022;261,161
110:0,011;235,262
111:0,012;197,225;710,009
112:0,012;222,239;223,022;270,264;710,009;994,169
113:0,012;428,226;578,187;710,009
114:0,012;195,220;206,138;223,022;282,167;461,186
115:0,012;236,187
116:0,012;195,220;223,022;265,264
117:0,012;206,138;223,022;405,214;710,009
118:0,012;207,085;223,022;253,005;576,266;710,009
119:0,012;223,022;236,187;439,257;710,009
120:0,012;195,173;710,009
121:0,013;583,005;654,275
122:0,013;614,167;1042,217
123:0,013;578,270;599,125;619,147;645,242
124:0,013;599,125
125:0,013;428,226
126:0,013;647,131
127:0,013;596,236;810,010
128:0,013;559,223
129:0,013;654,275;1155,116
130:0,013;580,086;596,236
131:0,014
132:0,014
133:0,014;54,270;207,005;233,181;755,014
134:0,014;393,179;708,014
135:0,014;233,181;555,216;741,016;964,009
136:0,014
137:0,014
138:0,014;54,270;76,014
139:0,014;555,216;632,179
140:0,014
141:0,015;277,229
142:0,015;274,191;763,083
143:0,015;332,158;502,103;512,156;1049,167;1111,274
144:0,015;103,133
145:0,015;339,116;930,186
146:0,015;303,102;1185,008
147:0,015;274,191;752,131;1060,103
148:0,015;311,142;753,116
149:0,015;300,167;1195,133
150:0,015;319,016;1067,113
151:0,016;759,209
152:0,016;364,096;802,125;1061,246
153:0,016;368,002;690,152
154:0,016;579,238;736,009;759,209;826,098
155:0,016;378,152
156:0,016;579,238;584,199
157:0,016;785,146
158:0,016;985,076
159:0,016;364,162;760,249;827,009
160:0,016;1051,145
161:0,017;9,245;87,139;149,018;366,006;421,199;437,016;887,150
162:0,017;132,002;145,170;583,005;601,003;692,130;1165,167
163:0,017;87,139;98,015;117,085
164:0,017;82,224;364,006;533,002;887,150;916,207
165:0,017;76,260;242,198;460,010;690,190;765,016;916,207
166:0,017;9,245
167:0,017;237,103;295,109;671,086;808,163;974,190
168:0,017;120,152;480,251;492,115;625,008
169:0,017;95,124;152,011;242,198;627,008
170:0,017;214,186;629,173;635,230;760,086;822,161;1089,113
171:0,018;130,006;236,118;326,001;464,183;959,109;1118,111
172:0,018;423,234;800,016;888,208;959,203
173:0,018;431,210;732,003;853,137
174:0,018;423,234;434,213;641,269
175:0,018;449,155;1050,164
176:0,018;236,118;449,155;464,183;667,002;849,184
177:0,018;421,199;716,264
178:0,018;601,208;843,009
179:0,018;431,210;722,008;886,103;1155,181
180:0,018;576,147;765,183
181:0,019;39,119;76,195;339,008;484,239;717,186;875,010
182:0,019;39,119;393,016;782,014
183:0,019;76,195;131,251;258,008;420,014
184:0,019;84,115;561,014
185:0,019;151,103;1022,257
186:0,019;62,269;778,016;984,174
187:0,019;39,251;580,086;733,179;806,008
188:0,019;53,109;306,016;788,129;847,014
189:0,019;84,115;237,014
190:0,019;63,014
191:0,020;104,080;106,266;262,005;384,128;790,187;920,230
192:0,020;79,221;265,010;273,014;286,079;797,014;822,010
193:0,020;80,190;114,006;164,142;232,006;571,224;855,008
194:0,020;104,080;115,006;226,015;255,005;907,097
195:0,020;80,162;341,010
196:0,020;80,162;83,016;503,010
197:0,020;15,008;286,079;471,014;487,215;1178,009
198:0,020;79,221;93,016;223,230;550,245;821,160
199:0,020;106,266;233,016;261,007;571,224;670,016;1111,185
200:0,020;80,190;166,007;297,003;350,005;835,157;892,010
