001:0,001;833,238
002:0,001;836,019;866,249;970,096
003:0,001;836,019;970,096
004:0,001;833,238;836,019;887,160
005:0,001;835,119
006:0,001;836,019;916,130;928,238;1126,086
007:0,001;547,081
008:0,001;105,089;836,019;911,192
009:0,001;562,079;836,019;887,160
010:0,001;836,019;911,192
011:0,002;505,259;516,021;560,161;750,009
012:0,002;516,021;556,203;750,009
013:0,002;563,214;750,009
014:0,002;516,021;616,157;750,009
015:0,002;589,241;750,009
016:0,002;492,122;516,021;556,258;750,009
017:0,002;349,111;516,021;804,144
018:0,002;349,111;750,009
019:0,002;516,021;616,157
020:0,002;516,021;610,263;750,009
021:0,003;972,248
022:0,003
023:0,003;1094,131
024:0,003
025:0,003;579,006;745,098;980,005;1042,108;1187,114
026:0,003;835,119
027:0,003
028:0,003;972,248
029:0,003
030:0,003
031:0,004
032:0,004;920,233
033:0,004
034:0,004;46,193
035:0,004
036:0,004
037:0,004
038:0,004
039:0,004
040:0,004;71,193;887,004
041:0,005;505,256;823,259
042:0,005;556,121;566,023;841,261
043:0,005;562,079;566,023;823,259
044:0,005;505,184;566,023;950,099
045:0,005;508,250
046:0,005;210,269;871,020;875,016;890,239
047:0,005;508,250;566,023;812,078;866,265
048:0,005;516,021;548,088
049:0,005;526,120;548,088;556,121;566,023;813,181
050:0,005;508,215;566,023;866,265
051:0,006;7,117;177,211
052:0,006;193,158
053:0,006;204,249;446,173
054:0,006;237,264
055:0,006;174,173;1044,132
056:0,006;168,134;204,249
057:0,006;174,173;237,264;1054,020;1110,252
058:0,006;168,134
059:0,006;177,211;586,134
060:0,006;528,132
061:0,007;592,183
062:0,007;619,206
063:0,007;125,189;992,255
064:0,007;625,158;1117,177
065:0,007;787,186
066:0,007;617,269
067:0,007;613,205
068:0,007;603,149;619,206;842,186
069:0,007;613,205
070:0,007;125,189;592,183
071:0,008
072:0,008
073:0,008
074:0,008;990,133;1018,008
075:0,008
076:0,008
077:0,008
078:0,008;228,266;941,008
079:0,008;797,007;847,167
080:0,008;76,023;78,080;481,008
081:0,009;587,208;642,275
082:0,009;634,229;1054,020;1111,116
083:0,009;631,159;864,244
084:0,009;368,116;460,010;820,191;1054,020;1117,203
085:0,009;505,259;807,163;808,107;823,159;845,113;1054,020;1126,086
086:0,009;587,275;909,013;1094,131
087:0,009;587,168;1054,020;1102,254
088:0,009;611,019;761,116
089:0,009;505,078;634,229;732,010;864,244;909,013;1054,020;1102,254
090:0,009;612,131;1054,020
091:0,010;76,107;871,020;968,216;1060,253
092:0,010;839,141;871,020;909,013;1069,209
093:0,010;859,006;869,201;871,020;909,013;1069,209
094:0,010;909,013;968,216
095:0,010;897,020;909,013;1090,199
096:0,010;678,235;871,020;938,006;1075,208
097:0,010;871,020;909,013;1077,101
098:0,010;253,216;286,010;871,020;915,136
099:0,010;820,191;836,019;852,143;871,020;915,136;1184,101
100:0,010;368,116;678,235;871,020;962,013;1060,253
101:0,011;803,076
102:0,011;803,076
103:0,011;609,218
104:0,011;937,131;1082,159
105:0,011;76,023;158,113;1023,013;1054,122
106:0,011;797,007
107:0,011;1054,122
108:0,011
109:0,011;814,272;832,154
110:0,011;832,154
111:0,012;414,203;612,131;648,022;751,093;779,257
112:0,012;651,001;697,140;980,005;1068,258
113:0,012;648,022;767,218;843,003
114:0,012;648,022;807,163;980,005;1181,093
115:0,012;627,103;648,022;697,140;919,013;980,005;1094,120
116:0,012;565,242
117:0,012;565,242;648,022;830,208
118:0,012;431,169;830,208;980,005;1051,095
119:0,012;505,078;596,014;980,005;1068,258
120:0,012;648,022;779,257;980,005;1187,114
121:0,013;724,132;901,144;1053,002
122:0,013;614,198;1053,002
123:0,013;25,167;993,179;1053,002
124:0,013;579,006;1053,002
125:0,013;243,229;580,006;1062,137
126:0,013;587,126;747,110;909,013;1053,002
127:0,013;747,110;789,006;1053,002
128:0,013;614,246;867,006;1086,177
129:0,013;613,179;1053,002
130:0,013;396,236;1053,002
131:0,014
132:0,014
133:0,014
134:0,014
135:0,014
136:0,014
137:0,014;1082,159
138:0,014
139:0,014;1051,095
140:0,014;526,120;1123,008
141:0,015
142:0,015
143:0,015
144:0,015
145:0,015
146:0,015
147:0,015
148:0,015
149:0,015
150:0,015;579,006;933,189;1062,137
151:0,016;505,184;566,023;876,195;989,168
152:0,016
153:0,016
154:0,016;675,201;876,195;1132,003
155:0,016
156:0,016
157:0,016
158:0,016;414,255
159:0,016
160:0,016;765,082;1077,101;1164,275
161:0,017;76,023;111,008;425,010;459,014;461,001;816,016
162:0,017;76,023;121,232;142,002;182,020;226,008
163:0,017;62,243;76,023;97,001;753,009
164:0,017;96,013;626,118;668,018;1036,009;1082,002
165:0,017;213,012;572,080;648,022;751,093;794,018;1054,009;1167,161
166:0,017;101,206;129,015;223,008;517,004;658,016
167:0,017;76,023;148,018;411,008;494,016
168:0,017;76,023;94,081;316,014
169:0,017;62,243;76,023;87,001;121,232;401,014
170:0,017;87,001;94,081;225,003;626,118;861,006;1107,181
171:0,018;1055,200;1181,093
172:0,018;264,155;319,001;457,014;480,012;609,218;754,018;1167,161
173:0,018;980,005;1139,247
174:0,018;1032,078;1046,003
175:0,018;1066,152
176:0,018;878,004;1151,002
177:0,018;1055,200;1062,269;1113,195
178:0,018
179:0,018;679,130;1080,002
180:0,018;29,009;639,018;1051,091
181:0,019;646,023;797,007
182:0,019;829,006;866,009;934,007
183:0,019;788,163;797,007
184:0,019;797,007
185:0,019;783,274;788,163;797,007;1162,004
186:0,019;213,180;429,009;599,001;648,022;738,018;751,004;806,007
187:0,019;101,020;204,019;566,023;797,007;875,016
188:0,019;27,020;213,180;334,019;765,082
189:0,019;797,007
190:0,019;667,022;786,180;797,007
191:0,020;240,091;668,006;1094,144;1145,015
192:0,020;158,113;514,007;579,006;1169,007
193:0,020;240,091;289,001;579,006;836,019;1026,091
194:0,020;224,099;357,013;490,011;577,019;579,006;677,109;1195,014
195:0,020;224,099;452,002;533,275;577,019;825,138
196:0,020;264,155;579,006;943,003
197:0,020;304,208;731,006;1054,020;1093,129
198:0,020;228,266;478,018;481,002;531,013;579,006;1093,129;1107,008;1147,002
199:0,020;123,002;575,090;579,006;693,004;1195,007
200:0,020;253,216;481,002;537,176;800,004;815,006;908,004
