001:0,001;95,031;137,150;664,170
002:0,001;95,031;113,155
003:0,001;95,031;113,155
004:0,001;95,031;114,251;603,162;996,252
005:0,001;95,031;248,150
006:0,001;153,241;1133,233
007:0,001;109,085;723,162
008:0,001;138,100;755,157;1066,103
009:0,001;114,251
010:0,001;109,085;256,072;394,089;606,051;682,100;700,123;802,168;859,231
011:0,002;70,238;186,072;219,036;237,230;430,067
012:0,002;65,032;220,019;430,067
013:0,002;84,215;1007,054;1149,250
014:0,002;70,238
015:0,002;65,032;430,067
016:0,002;199,159;381,035;776,109
017:0,002;65,032;430,067
018:0,002;84,215;93,032;370,166;912,063;1186,080
019:0,002;65,032;399,231;762,161;1170,067
020:0,002;65,032;370,166;503,137;682,259;870,122
021:0,003;153,241;188,034;668,171
022:0,003;192,078;1199,132
023:0,003;192,078
024:0,003;188,034;573,197;798,179;1198,154
025:0,003;188,034;759,215;866,085;1090,086;1102,161
026:0,003;188,034;730,196;1131,181
027:0,003;188,034;730,196;875,203;1076,196
028:0,003;188,034;573,177
029:0,003;188,034;573,177;976,197
030:0,003;188,034;668,171;897,123
031:0,004;306,126;314,250;496,162;584,190
032:0,004;316,086;358,253;674,208
033:0,004;279,054
034:0,004;290,054
035:0,004;226,221
036:0,004;279,054
037:0,004;279,054;837,186
038:0,004;226,221;478,102;631,099;1051,202
039:0,004;316,086;901,054
040:0,004;279,054
041:0,005;127,035;495,104;527,213;555,076;953,215
042:0,005;135,068;194,168;1009,186
043:0,005;135,068;502,094;579,042;864,217;1062,093
044:0,005;135,068;180,154;987,225;1072,128
045:0,005;135,068;169,076
046:0,005;127,035;494,126;502,061;523,103;1139,170
047:0,005;127,035;495,104;1155,148
048:0,005;127,035;169,076;434,229;952,055
049:0,005;127,035;194,168;442,068;466,154
050:0,005;127,035;502,094
051:0,006;128,235
052:0,006;109,070;127,246
053:0,006;113,003;116,028;128,235;417,086;607,128;1098,248
054:0,006;7,139
055:0,006;109,070;116,028;127,246;524,175
056:0,006;7,139
057:0,006;109,070;116,028;256,102;1130,156
058:0,006;116,028;185,247
059:0,006;116,028;124,220
060:0,006;109,070;116,028;171,274;338,051;422,214
061:0,007;86,070;207,244;250,040;1177,048
062:0,007;86,070;138,236;714,224;1158,040;1177,048
063:0,007;86,070;101,056;250,040;1071,181;1177,048
064:0,007;86,070;101,056;271,209
065:0,007;101,056;250,040
066:0,007;30,245
067:0,007;101,056;250,040;841,267
068:0,007;101,056;269,215;502,061;584,117;1021,040;1177,048
069:0,007;30,245;54,007;138,236;203,238
070:0,007;86,070;292,140;1177,048
071:0,008;234,057;254,109;1108,270
072:0,008;234,057;254,109;294,219
073:0,008;247,257;784,245;1041,131;1054,067
074:0,008;234,220;449,055;1052,121;1187,083
075:0,008;234,057;294,219;496,040
076:0,008;271,130;706,067;898,252;1194,270
077:0,008;247,257
078:0,008;77,006;155,190;795,036;883,241
079:0,008;234,057;332,244;747,250
080:0,008;271,130;635,055;816,102
081:0,009;54,270;1150,271
082:0,009;54,270;55,066;100,217
083:0,009;57,042;176,101
084:0,009;59,254;558,166;736,244
085:0,009;57,042;71,253;899,236
086:0,009;55,066;71,253;106,254
087:0,009;55,066;57,042;100,217;572,254
088:0,009;55,066;57,042;75,174;742,217;846,156;861,226;904,101
089:0,009;75,174
090:0,009;55,066;111,156;243,004;284,073;672,117;750,086
091:0,010;59,208;700,184
092:0,010;84,122;1006,042
093:0,010;186,154;417,185;1035,063
094:0,010;131,170;156,051;408,042;676,087
095:0,010;60,185;131,170;408,042;739,141;925,209
096:0,010;84,122;408,042;739,141;1193,085
097:0,010;70,128;618,197
098:0,010;70,128;273,136
099:0,010;60,185
100:0,010;59,208;159,051;301,245;408,042;676,087
101:0,011;48,061;574,249;1086,220
102:0,011;48,061;623,123;917,235
103:0,011;76,160;552,170;575,109;721,275;920,067;986,190;1128,245;1150,208;1168,253
104:0,011;62,132;1002,160
105:0,011;62,132;382,241;708,156;802,243;884,178;1034,257
106:0,011;48,061;613,178
107:0,011;48,061;579,157;739,225;1083,040
108:0,011;76,160;332,274;574,249
109:0,011;48,061;84,136;263,229;488,055;613,178;828,247;854,124;1055,131
110:0,011;48,061;579,157
111:0,012;450,083;757,150;774,218;1038,148;1063,163
112:0,012;404,055
113:0,012;450,083
114:0,012;443,192
115:0,012;425,263;761,253
116:0,012;404,055
117:0,012;404,055
118:0,012;425,263
119:0,012;404,055
120:0,012;443,192;570,235;681,104
121:0,013;99,036;781,063
122:0,013;135,182;581,077;1067,274
123:0,013;99,036;872,042
124:0,013;99,036;872,042
125:0,013;108,091;159,036;781,063
126:0,013;99,036;781,063
127:0,013;101,117;264,004;314,250;752,174;781,063
128:0,013;135,182;872,042
129:0,013;99,036;872,042;1087,173
130:0,013;99,036;905,204
131:0,014;190,162;277,019;374,089
132:0,014;189,073;690,218
133:0,014;189,073;663,145;1125,271;1143,145
134:0,014;189,073;515,131
135:0,014;89,247;731,231;1010,224
136:0,014;190,162;394,270;496,202;1062,227;1187,218
137:0,014;189,073;373,274;1176,246
138:0,014;275,275
139:0,014;89,247;150,014;189,073;738,243
140:0,014;189,073;663,145;979,077
141:0,015;410,213;648,274;849,270;911,150
142:0,015;239,170;873,267;1164,104
143:0,015;253,068;476,273
144:0,015;292,202;888,137
145:0,015;253,068;507,110;739,100
146:0,015;265,147;921,132;940,275
147:0,015;253,068;696,142;899,247
148:0,015;253,068;507,110
149:0,015;265,147;973,132
150:0,015;253,068;476,273
151:0,016;65,161;952,168;1188,109
152:0,016;82,124
153:0,016;14,121;506,160
154:0,016;57,226;430,233;781,067
155:0,016;14,121
156:0,016;57,226
157:0,016;55,229;82,124;577,206
158:0,016;65,161;697,036;894,227
159:0,016;55,136;448,055;457,137
160:0,016;55,229;290,162;644,213
161:0,017;161,271;505,250;517,226;797,233;1100,177
162:0,017;192,037;302,179;685,229
163:0,017;295,165;766,220;1066,179
164:0,017;209,248
165:0,017;161,271
166:0,017;192,037;335,114
167:0,017;192,037;295,165;893,040;1053,145;1195,089
168:0,017;192,037;297,085;545,236;637,094
169:0,017;192,037;335,114;828,175
170:0,017;209,248;260,037;271,233
171:0,018;89,072;366,175;499,266
172:0,018;91,077;848,263;896,042
173:0,018;89,072;366,175;566,270;838,250;1109,168
174:0,018;110,015;129,152;311,058;535,224;783,248;988,259
175:0,018;91,077;127,259;592,179;988,174;1077,126
176:0,018;132,266;717,192;1044,226
177:0,018;127,259
178:0,018;89,072;372,142
179:0,018;129,152
180:0,018;89,072;391,206;667,228
181:0,019;305,058;534,152
182:0,019;380,148;601,140;654,251;865,148
183:0,019;380,148;912,206
184:0,019;305,058;472,093
185:0,019;305,058;387,099;624,184;1110,249;1167,215
186:0,019;35,126;1137,114
187:0,019;311,163
188:0,019;35,126;166,003;311,163;474,099
189:0,019;305,058;554,225;975,263
190:0,019;387,099;437,058;547,067;624,184;660,236
191:0,020;23,261
192:0,020;27,051;729,266;1051,110
193:0,020;8,071;33,156
194:0,020;8,071;36,228;1110,219;1195,204
195:0,020;8,071;27,051;805,203;816,214
196:0,020;27,051;725,131;1004,162;1125,141
197:0,020;22,234
198:0,020;22,234;701,085
199:0,020;8,071;27,051;805,203
200:0,020;23,261
