001:0,001;192,059;344,220;536,139
002:0,001;192,059;337,029;519,069;563,164;894,111
003:0,001;224,226;232,056;519,069;723,114;878,194;1021,272;1197,058
004:0,001;192,059;337,029;519,069;540,259;727,030
005:0,001;224,226;232,056;344,220;1101,264;1173,096
006:0,001;232,056;337,029;519,069;527,148
007:0,001;192,059;337,029;554,083;598,261;772,058;853,221;899,185
008:0,001;192,059;232,056;527,148;611,186;673,053
009:0,001;295,217;325,094
010:0,001;192,059;398,257;648,200;996,113
011:0,002;10,067;24,064;1043,102
012:0,002;11,189;156,015;512,274;904,198;1104,217;1136,109
013:0,002;17,198;180,062;273,235;1041,186
014:0,002;24,064;905,186
015:0,002;17,198;24,064;1051,128
016:0,002;10,067;24,064;273,235;377,255
017:0,002;10,067;263,134
018:0,002;11,189
019:0,002;10,067;24,064;1085,097
020:0,002;10,067;254,026;1097,233
021:0,003;32,055;133,208
022:0,003;52,001;64,236;527,062;913,090;926,166;1134,230
023:0,003;64,236;68,008;133,208;482,113;533,110;602,220;674,272;779,241
024:0,003;32,055;108,049;367,079;991,100
025:0,003;70,062;458,133;1074,033
026:0,003;32,055;108,049;393,125;575,174
027:0,003;44,060;488,137;509,166;1157,142
028:0,003;32,055;108,049;321,113;1109,190;1150,058
029:0,003;44,060;367,079;604,125;684,067;703,079
030:0,003;73,270;108,049;386,092;534,026;575,174;1134,217
031:0,004;65,026;104,273;300,027;331,030;376,067;774,203
032:0,004;65,026;104,273;1049,175;1057,149
033:0,004;110,149;517,077;530,206;716,263;791,067
034:0,004;65,026;376,067
035:0,004;65,026;881,152
036:0,004;110,149;153,206;960,133;994,067
037:0,004;65,026;376,067;881,152;1034,246
038:0,004;65,026
039:0,004;230,272;376,067;774,203;984,026
040:0,004;65,026
041:0,005;8,068;155,097;1137,274
042:0,005;8,068;34,071;677,194;833,157
043:0,005;8,068;794,198;913,139;1157,194
044:0,005;12,259;34,071;680,194
045:0,005;8,068;34,071;800,233
046:0,005;8,068;790,230
047:0,005;8,068;394,216;541,149
048:0,005;34,071;155,097;347,193
049:0,005;12,259;34,071;696,082;1055,261;1084,083;1136,193
050:0,005;8,068;394,216
051:0,006;70,061;230,180;677,221;1125,046
052:0,006;75,248;164,061;191,055;204,138
053:0,006;114,270;376,272
054:0,006;70,061;191,055;204,138;626,235;640,259;1199,091
055:0,006;143,033;191,055;230,180;911,248;921,118
056:0,006;114,270;827,215;920,171
057:0,006;105,206;174,110;904,263;935,208
058:0,006;70,061;191,055;251,246;1138,131;1199,249
059:0,006;75,248;1159,214
060:0,006;70,061;251,246;494,050;873,076
061:0,007;192,231;983,156;1045,125;1198,261
062:0,007;9,165;1133,030
063:0,007;92,055;276,176
064:0,007;169,192;172,017;276,176;452,067
065:0,007;180,081;192,231;864,273
066:0,007;205,090;522,236;936,231
067:0,007;161,255;347,168
068:0,007;161,255;456,169;487,104;750,067
069:0,007;169,192;704,080
070:0,007;9,165;551,114
071:0,008;281,027;313,142;395,027;424,109;493,177;674,181;680,190
072:0,008;194,073;246,149;282,035
073:0,008;194,073;239,060;399,252
074:0,008;194,073;233,041;281,027;448,083;905,206
075:0,008;35,163;137,008;233,041;281,027;493,177
076:0,008;194,073;258,134;281,027;424,109
077:0,008;183,104;233,041;350,181;959,212;964,090
078:0,008;183,104;194,073;233,041;287,228;873,046
079:0,008;35,163;326,142
080:0,008;281,027;431,173;615,241;789,050
081:0,009;41,169;44,062;988,170
082:0,009;41,160
083:0,009;44,062;1043,226
084:0,009;44,060;401,163;910,082;949,110
085:0,009;30,075;81,137;741,268
086:0,009;30,075;44,062;221,241;639,033;784,062;1034,143;1042,082
087:0,009;41,169;977,264
088:0,009;30,075;44,060;428,248;806,217;1124,248
089:0,009;30,075;87,107
090:0,009;44,062;988,170
091:0,010;346,234
092:0,010;365,244
093:0,010;341,058;1088,181
094:0,010;415,256;483,080;1018,190;1095,033
095:0,010;341,058;346,234;415,256;659,062;1001,145
096:0,010;341,058
097:0,010;341,058;884,091;906,086;913,058
098:0,010;341,058
099:0,010;365,244;676,058;884,091
100:0,010;341,058
101:0,011;19,034;360,050;1120,201
102:0,011;38,232;1113,216
103:0,011;38,139;522,050;582,122
104:0,011;19,034;391,102
105:0,011;19,034;38,232
106:0,011;58,249;250,034;315,112
107:0,011;71,193;360,050;495,261
108:0,011;38,139;669,265
109:0,011;19,034;360,050;801,118;932,050;1197,156
110:0,011;19,034;360,050;1165,122
111:0,012;77,035;487,107;522,035;822,235
112:0,012;52,207
113:0,012;46,067;279,126;577,216;872,097;1055,235
114:0,012;46,067;77,035;1167,159
115:0,012;49,190;441,217;457,255
116:0,012;46,067;234,258
117:0,012;46,067;49,190;352,035
118:0,012;47,254;77,035;490,176;801,035;1167,159
119:0,012;83,130;221,151;315,053
120:0,012;46,067;77,035
121:0,013;15,036;291,143;404,190;730,096;742,156;822,077;838,083
122:0,013;15,036;115,080;207,034;364,192;822,026
123:0,013;15,036;58,185;963,142;1060,165
124:0,013;15,036;18,196;302,068;812,227
125:0,013;15,036;499,263
126:0,013;18,196;1075,157;1094,215;1190,026
127:0,013;44,019;115,080;643,035;777,100
128:0,013;15,036;58,185;229,053;259,034;291,143
129:0,013;15,036;450,077
130:0,013;15,036;473,171;974,107;1129,258
131:0,014;206,263;326,059;344,264;988,200
132:0,014;157,056;182,156;211,104;576,092
133:0,014;173,168;859,256
134:0,014;157,056;206,263;549,225;772,050;1071,153
135:0,014;157,056;184,175;923,177;992,187
136:0,014;238,200;706,274;1043,220
137:0,014;171,157;319,272;322,134;339,122;783,207;918,274
138:0,014;157,056;182,156;556,033;859,256;885,216;1055,270;1075,259
139:0,014;171,157;211,049;384,240
140:0,014;157,056;184,175
141:0,015;35,092;219,090
142:0,015;35,092
143:0,015;255,197
144:0,015;262,157;846,244;987,053
145:0,015;292,215
146:0,015;254,086;467,068;664,101
147:0,015;292,215;736,196
148:0,015;255,197;373,242;397,149;709,101
149:0,015;412,268;817,199
150:0,015;254,086
151:0,016;10,027;27,059;148,053;678,156
152:0,016;10,027;37,202
153:0,016;10,027;27,059;159,094;285,033;973,135
154:0,016;148,053
155:0,016;10,027;34,225;148,053
156:0,016;27,059;169,114;612,137
157:0,016;10,182;495,064;846,169
158:0,016;10,182;27,059;159,094;347,081
159:0,016;10,027;33,198;63,225
160:0,016;34,225;41,007;148,053
161:0,017;12,212;89,035;147,081;350,060;429,058;481,158;815,030
162:0,017;12,212;499,130;580,189;1195,145
163:0,017;275,030
164:0,017;275,030;1059,172
165:0,017;259,199;436,062;627,158
166:0,017;259,199;976,229;1192,026
167:0,017;262,116;1183,130
168:0,017;267,108;275,030
169:0,017;262,116;776,270
170:0,017;275,030;781,218;1117,188
171:0,018;76,160;363,097;373,185;467,125
172:0,018;250,144;751,181;1161,107
173:0,018;82,217;197,111;909,264;968,181;1013,218
174:0,018;155,111;457,068;719,257
175:0,018;82,217;989,198
176:0,018;64,044;250,144
177:0,018;64,044;400,186;916,033
178:0,018;64,044;220,195;465,173;770,164
179:0,018;78,019;104,096
180:0,018;64,044;254,229
181:0,019;137,151;163,130
182:0,019;88,033;330,122;498,160;584,252;814,033
183:0,019;88,033;330,122;335,068;472,258;501,234;793,110;1075,116
184:0,019;88,033;1099,196
185:0,019;113,221;327,212
186:0,019;88,033
187:0,019;96,249
188:0,019;113,221;809,233;878,236
189:0,019;88,033
190:0,019;137,151;721,033;1105,131
191:0,020;8,030;68,214
192:0,020;6,001;8,030;36,028;243,242;574,046
193:0,020;44,110;406,273;439,126;866,064;1048,203
194:0,020;8,030;36,028;212,195;496,064;569,163;659,246;701,180
195:0,020;68,214;137,036;159,034;167,238;444,187;994,134;1148,166
196:0,020;44,110;98,071;243,242;260,071;317,187;451,268;553,202;574,046
197:0,020;36,028;167,238
198:0,020;36,028;223,265;408,058;574,046
199:0,020;8,030;36,028;223,265;744,163
200:0,020;8,030;128,166;574,046;946,188;1174,265
