001:0,001;105,041;172,178;1131,177;1179,030
002:0,001;105,041;133,035;596,257;791,225
003:0,001;139,257;223,012;332,261;564,247;927,234;1051,216
004:0,001;117,082
005:0,001;105,041;133,035;626,098;1093,105
006:0,001;105,041;139,257;498,050;771,264;1189,185
007:0,001;105,041;169,220
008:0,001;133,035;532,195
009:0,001;117,082;142,139;271,238;862,065;910,215
010:0,001;133,035;532,195;818,080;865,178;1056,155;1070,220;1113,060
011:0,002;7,054;970,122
012:0,002;7,054;266,236
013:0,002;7,054;45,055;131,274;264,060;287,260
014:0,002;7,054;14,094
015:0,002;45,055;131,274;731,184
016:0,002;45,055;125,210;146,156;699,236;802,055;1138,264
017:0,002;7,054;980,254
018:0,002;7,054;969,101;1125,197;1158,235
019:0,002;14,094;239,091
020:0,002;7,054;45,055;266,236;444,033;542,247;599,071;1151,254
021:0,003;195,030;557,050;736,224
022:0,003;217,159;875,247
023:0,003;195,030;975,134
024:0,003;218,256;898,030
025:0,003;195,030
026:0,003;267,255;780,030;975,134;1076,140;1163,189
027:0,003;207,226;1188,175;1189,164
028:0,003;217,159
029:0,003;207,226;696,135
030:0,003;195,030;469,119;527,219
031:0,004;243,064
032:0,004;243,064;1116,101
033:0,004;243,064
034:0,004;104,086;462,030;736,064;845,274;892,256;1084,102
035:0,004;243,064
036:0,004;250,171;356,157;448,030
037:0,004;104,086;162,185
038:0,004;427,102;616,190;716,179
039:0,004;250,171;1184,133
040:0,004;301,180;1127,261
041:0,005;69,073;76,109;101,147
042:0,005;69,073;540,270
043:0,005;69,073;540,270;587,071
044:0,005;67,240;211,050;519,045;587,071
045:0,005;67,240
046:0,005;76,109
047:0,005;66,189;403,094;518,111;674,060;816,105;1108,172
048:0,005;69,147;457,110;462,122;534,236;587,071
049:0,005;66,189
050:0,005;69,073;587,071
051:0,006;68,155
052:0,006;68,155;308,178;505,185;1001,168;1010,194
053:0,006;118,250;480,265
054:0,006;62,038;172,265;197,122;278,250;770,220;790,098;894,097
055:0,006;154,097;277,081;430,164;465,144;585,155;638,148;707,275;1052,255;1053,119
056:0,006;62,038;139,073;148,131;643,265;829,198;983,258;1141,137
057:0,006;62,038;154,097;1178,074
058:0,006;148,131
059:0,006;118,250;262,100
060:0,006;62,038;155,037;172,265;611,259;625,091;656,216;936,156;1192,123
061:0,007;145,037;168,033;672,121;739,055;1101,074
062:0,007;147,179;253,272;739,055;1101,074
063:0,007;147,179;648,087;1101,074
064:0,007;149,256;739,055;849,222
065:0,007;112,144;145,037;181,252;628,065;656,255
066:0,007;181,252;907,055;1101,074
067:0,007;145,037;168,033;658,089
068:0,007;112,144;168,033;672,121
069:0,007;145,037;253,272
070:0,007;168,033;245,176;263,249;739,055;1117,154;1200,139
071:0,008;47,064;69,125;731,065
072:0,008;24,167;411,180;502,064;1056,193
073:0,008;39,213;939,168
074:0,008;64,036;186,081
075:0,008;64,036;155,083;731,081;771,238
076:0,008;47,064;64,036;133,106;848,213
077:0,008;39,213;64,036;125,210
078:0,008;24,167
079:0,008;47,064;69,125;453,097;734,030;808,146;928,216;1168,158
080:0,008;47,064;155,083;614,258
081:0,009;62,040;123,091;540,274;1160,197
082:0,009;50,061;60,126
083:0,009;67,181;250,210;364,064;700,235;827,259
084:0,009;62,040;123,091;204,004;305,172;1162,190
085:0,009;50,061;62,040;236,197;1038,234
086:0,009;62,040;136,260;481,243
087:0,009;60,126;525,030;682,247;762,197
088:0,009;50,061;78,156;138,181
089:0,009;50,061;95,157
090:0,009;50,061;78,156;988,184;1055,235
091:0,010;89,177;747,167;793,249;1118,086
092:0,010;89,177;1112,210;1161,128
093:0,010;88,108
094:0,010;13,275;288,219;625,261;746,067;820,231
095:0,010;215,080;272,181;465,160;613,125
096:0,010;112,122;1040,064;1056,193;1060,270
097:0,010;88,108;836,243;978,213
098:0,010;13,275;759,177
099:0,010;169,073;609,205;880,238;918,275
100:0,010;164,144;789,097;811,247;861,187
101:0,011;118,007;165,080;419,139;431,225;540,106
102:0,011;55,137
103:0,011;55,137;815,210;885,272;937,176
104:0,011;56,100;190,042;335,188
105:0,011;190,042;412,210;679,144;1009,250;1055,121;1114,226
106:0,011;69,073;318,258;666,083;966,231;985,091;1185,156
107:0,011;53,243;190,042;339,168;593,030;746,140
108:0,011;122,259;165,080;190,042;325,208;1001,098
109:0,011;56,100;388,213;548,098;557,122;735,125;1037,180
110:0,011;53,243;542,087
111:0,012;349,065
112:0,012;156,148;484,261;1135,152
113:0,012;365,054;406,107;986,226;1001,274
114:0,012;403,132;691,109;730,100;1039,263
115:0,012;349,065
116:0,012;403,132
117:0,012;349,065;606,240;658,060;668,187;911,086;1023,168
118:0,012;349,065
119:0,012;156,148
120:0,012;349,065
121:0,013;62,074;206,087;408,138;859,233
122:0,013;54,095;1177,218
123:0,013;50,128
124:0,013;48,194;1062,271
125:0,013;48,194;231,045;861,101;972,064;1048,106
126:0,013;62,074;156,190;293,173;298,012;354,208;506,060;615,127;698,198;763,182;897,236;996,222;1186,234
127:0,013;50,128;62,074;156,190;1105,087
128:0,013;62,074;206,087;602,184;691,194;726,060;969,166
129:0,013;71,186;491,073;615,127
130:0,013;71,186
131:0,014;136,233;243,045;280,123;839,128;1046,164
132:0,014;136,045
133:0,014;135,249
134:0,014;136,045
135:0,014;136,233;157,129
136:0,014;135,249;139,068;389,045
137:0,014;136,045
138:0,014;157,129;654,158
139:0,014;136,045;280,123;782,235;1077,111;1177,065
140:0,014;9,001;45,185;307,054;323,110
141:0,015;146,174;275,111
142:0,015;146,174
143:0,015;15,259;44,007;77,139
144:0,015;15,259;896,139;997,144
145:0,015;143,107;632,099
146:0,015;308,198;606,179;861,083
147:0,015;139,157;255,030
148:0,015;143,107;363,168;990,208
149:0,015;275,111;339,012;632,099;971,064;1010,129;1088,064
150:0,015;218,035;316,196
151:0,016;156,067
152:0,016;156,067
153:0,016;165,119;392,086;955,212;1064,166
154:0,016;190,238;196,054;1101,103
155:0,016;156,067;190,238;393,035;658,212
156:0,016;301,042;328,093;1018,086;1169,107
157:0,016;156,067
158:0,016;156,067
159:0,016;165,119
160:0,016;156,067
161:0,017;205,133;649,263
162:0,017;181,060
163:0,017;181,218;1162,240
164:0,017;181,218
165:0,017;181,060;484,102
166:0,017;204,164;1098,178
167:0,017;181,060
168:0,017;240,182
169:0,017;181,060;1149,081
170:0,017;181,060
171:0,018;217,234;962,214;989,093
172:0,018;222,263;778,081;835,205
173:0,018;204,098;214,050;879,271
174:0,018;15,006;100,225;887,060
175:0,018;199,050;605,227
176:0,018;204,098;757,227;824,123;1198,205
177:0,018;199,050;751,082;850,171
178:0,018;199,050;360,158;867,146
179:0,018;217,234;797,138;959,262
180:0,018;199,050;360,158;637,054;728,095
181:0,019;117,034;161,031;188,033;471,262
182:0,019;161,031;304,184;942,256
183:0,019;120,219;405,133
184:0,019;117,034;179,253
185:0,019;117,034;202,172;553,178;824,176;827,233;852,214
186:0,019;161,031;226,138;506,100;681,067;852,214;928,196;959,190
187:0,019;160,116
188:0,019;117,034;160,116;179,253;793,055;1128,175;1172,188
189:0,019;120,219;152,016;161,031;169,012;233,160
190:0,019;117,034;180,233;1128,175
191:0,020;14,068;398,152;1071,126
192:0,020;14,068;412,233;447,198
193:0,020;14,068;398,152
194:0,020;33,135;924,080;1118,083;1181,154
195:0,020;18,216;819,194;849,107
196:0,020;129,173;219,128;250,138;313,080
197:0,020;18,216;364,064;582,167;722,250
198:0,020;33,135;537,173
199:0,020;129,173;769,111;883,138
200:0,020;14,068;245,176;1187,135
