001:0,001;62,012;85,203;847,115;941,181;1183,123
002:0,001;65,029;141,225;194,264;542,107
003:0,001;65,029;141,225;790,230;906,140;1115,178
004:0,001;69,084;1053,127;1059,076
005:0,001;85,203
006:0,001;10,020;11,260;65,029;175,186;183,166;441,265
007:0,001;11,260;287,052;313,189
008:0,001;69,084;84,039;260,224
009:0,001;65,029;182,209;532,205;613,213
010:0,001;70,271;260,224;349,100
011:0,002;18,107;127,019;280,051
012:0,002;127,019;252,171;580,059;624,221;911,226
013:0,002;127,019;251,185;280,051;497,262
014:0,002;127,019;280,051;831,145;907,150;974,067;988,098
015:0,002;127,019;251,185;986,199
016:0,002;127,019;244,116;365,052;988,098
017:0,002;127,019;252,171;317,255;480,115;529,039;757,199
018:0,002;151,272;398,189;806,265;843,196
019:0,002;18,107;657,141;882,262
020:0,002;127,019;280,051
021:0,003;52,213;664,188;920,180
022:0,003;54,164;722,154;733,121;1186,080
023:0,003;36,069;122,229;234,140;480,271;594,153;623,264;643,039;816,153
024:0,003;36,069;234,140;936,112
025:0,003;54,164;964,245;1068,268
026:0,003;47,004;52,213;174,265;388,268;445,171;1200,149
027:0,003;79,096;410,053;626,078;859,143;1080,220
028:0,003;36,069;114,136;667,238
029:0,003;300,105
030:0,003;36,069;132,265;773,051
031:0,004;100,177;201,004;505,044;946,104
032:0,004;505,044;558,147;664,158;822,193
033:0,004;505,044;843,102;859,067;1159,238
034:0,004;505,044;558,147
035:0,004;100,177;185,043;446,220;1170,144
036:0,004;591,153;730,242
037:0,004;663,171;1079,246;1147,185
038:0,004;518,134;569,239;831,044;904,248
039:0,004;505,044;946,104
040:0,004;505,044;843,102;1114,154;1141,229
041:0,005;117,141
042:0,005;93,047;1143,089
043:0,005;93,047;1143,089
044:0,005;56,205;240,039;546,073;604,182;1071,275
045:0,005;93,047;989,053
046:0,005;98,272;787,255;795,158;1108,078
047:0,005;99,141;133,229
048:0,005;93,047;1083,214
049:0,005;93,047;324,058
050:0,005;93,047
051:0,006;51,053;694,190;716,065;722,053
052:0,006;51,053;94,243;193,053
053:0,006;51,053
054:0,006;56,205;1078,065
055:0,006;94,243
056:0,006;58,179;1075,058
057:0,006;51,053
058:0,006;83,264;1186,081
059:0,006;51,053;232,004;518,145;982,149;1190,253;1198,058
060:0,006;58,179;925,206
061:0,007;35,063;342,227
062:0,007;60,043;593,108;753,051;887,200
063:0,007;40,112;1026,127
064:0,007;35,063;395,226;887,200
065:0,007;35,063;367,052
066:0,007;60,043;529,053;626,101;755,112;790,214;942,240
067:0,007;40,112;60,043;559,209;566,214;633,255
068:0,007;60,043;566,214;1146,224
069:0,007;35,063;342,227;382,225;394,149;1028,053;1060,155
070:0,007;47,154;515,112;518,043;588,215
071:0,008;63,058;391,080;542,245
072:0,008;60,039;391,080
073:0,008;53,100;242,039;821,076
074:0,008;137,206;1078,103
075:0,008;55,095;183,107;500,268;1013,119;1064,133;1143,206
076:0,008;60,039;847,247
077:0,008;53,100;482,146;507,043;532,270;1135,111
078:0,008;55,095;205,009;269,148;974,270
079:0,008;60,039;116,114
080:0,008;60,039;542,245;755,182
081:0,009;224,037;254,067;1145,231
082:0,009;224,037;254,067;1145,231
083:0,009;224,037;339,270;544,220;556,051;886,176
084:0,009;222,240;594,209;1038,149
085:0,009;152,191;483,051;525,058;615,270;687,153
086:0,009;224,037;270,266
087:0,009;254,067;741,246
088:0,009;152,191;637,169;682,091
089:0,009;222,240;441,099
090:0,009;224,037;254,067
091:0,010;29,193;614,251
092:0,010;69,145;174,057;200,262;608,158;746,268;1084,171
093:0,010;11,059;17,058;819,237
094:0,010;11,059;17,058;81,251;691,101;1072,221
095:0,010;11,059;40,182;623,081;715,250;863,052
096:0,010;11,059;36,146
097:0,010;17,058
098:0,010;17,058;901,181
099:0,010;11,059;29,193;955,081
100:0,010;26,019;81,251;530,240;1152,245
101:0,011;5,055;359,122
102:0,011;41,121;975,074
103:0,011;5,055;359,122;975,074
104:0,011;34,087;470,004;539,146;657,272;975,074
105:0,011;5,055;34,087;90,260
106:0,011;5,055;363,242;754,271
107:0,011;5,055;404,039;462,158;612,127;1033,179
108:0,011;5,055;413,166;883,226;975,074
109:0,011;31,115
110:0,011;31,115;393,185;838,148
111:0,012;77,241
112:0,012;81,052
113:0,012;38,150
114:0,012;38,150;835,084
115:0,012;81,052;235,082;252,196;557,260;605,196;954,164;963,237
116:0,012;79,096
117:0,012;81,052;235,082;808,180
118:0,012;81,052;420,222;1031,264
119:0,012;82,090;1115,101
120:0,012;77,241;81,052;420,222
121:0,013;13,180;725,163;752,093
122:0,013;28,119
123:0,013;16,255;24,066;319,155;1094,067
124:0,013;70,274
125:0,013;24,066;312,169;762,123;1022,067;1091,272
126:0,013;24,066;584,091;698,239
127:0,013;28,119;451,114
128:0,013;16,255;722,274
129:0,013;24,066;319,155;790,260;890,272
130:0,013;13,180;880,051;1045,133
131:0,014;12,037;23,116
132:0,014;12,037;17,031;74,105;471,121;509,275;773,096;794,205;988,230
133:0,014;80,275
134:0,014;23,116;80,275;108,017;304,188
135:0,014;12,037;35,092;333,149;653,096;753,241;1056,051
136:0,014;12,037;35,092;152,004;466,088
137:0,014;17,031;115,163;194,186;419,116;938,243;1017,154;1050,125
138:0,014;74,105;102,063;148,039;252,108;901,111;1150,088;1171,119
139:0,014;17,031;78,144
140:0,014;17,031;92,069;115,163
141:0,015;28,271;975,119;993,186
142:0,015;8,073;49,081;364,234;790,108
143:0,015;8,073;69,144;208,269
144:0,015;17,269;103,029;175,186;1155,082;1161,150
145:0,015;40,123;606,088;684,148;766,082
146:0,015;8,073;49,081;986,166;1137,203
147:0,015;8,073;58,145;622,144;877,103;1154,243
148:0,015;17,269;920,185
149:0,015;40,123
150:0,015;8,073;218,136
151:0,016;172,234;332,189;359,067;1014,106
152:0,016;141,057;217,052
153:0,016;141,057;503,174;706,220;808,154
154:0,016;141,057;485,110
155:0,016;141,057;529,039;829,103;902,141
156:0,016;137,084;144,057;503,174
157:0,016;208,250;862,146;1009,242;1028,158
158:0,016;141,057;485,110
159:0,016;172,234
160:0,016;268,052
161:0,017;150,125
162:0,017;253,232
163:0,017;150,125;310,178;544,191
164:0,017;253,232;519,209
165:0,017;310,178
166:0,017;253,184
167:0,017;253,184
168:0,017;315,221
169:0,017;245,198;579,119;637,232
170:0,017;245,198;870,047
171:0,018;123,195;276,024;284,099;839,251;1014,140
172:0,018;276,024;279,038;546,073;574,238;663,080;1042,091
173:0,018;276,024;279,038;328,072;479,059;679,229;783,090
174:0,018;279,038;574,238;1143,174
175:0,018;276,024;328,072;473,083;479,059;570,190
176:0,018;123,195;279,038;328,072;479,059;626,044;683,204
177:0,018;276,024;279,038;558,120
178:0,018;276,024;279,038;393,072;473,083;546,073;570,190;665,127;683,204
179:0,018;276,024;284,099;328,072;479,059;611,225;1090,084
180:0,018;276,024;279,038;546,073;852,058;1105,053
181:0,019;118,166;169,019;188,188;479,154;818,224;1034,227;1100,269
182:0,019;31,065;350,239;607,166
183:0,019;31,065
184:0,019;31,065
185:0,019;31,065
186:0,019;31,065
187:0,019;118,166;224,092;340,051;345,120;730,058
188:0,019;40,149;339,051
189:0,019;40,149;294,141;533,065;662,230;1076,225
190:0,019;31,065;745,093;862,247;966,101
191:0,020;129,033;181,247;269,018;286,127;638,090;686,264;889,206;904,233
192:0,020;141,059;326,223;780,078
193:0,020;129,033;181,247;855,112;871,102
194:0,020;8,253;630,058;640,111;953,160
195:0,020;141,059;326,223
196:0,020;8,253
197:0,020;204,165
198:0,020;129,033;141,059;304,247;524,053;953,160;1140,115
199:0,020;129,033;225,196;709,174;825,044;904,233;1086,223
200:0,020;141,059;303,268;553,059;631,143
