001:0,001;30,155;457,139;899,125
002:0,001;18,049;35,186;517,116;664,211
003:0,001;45,161;943,054;1063,093
004:0,001;18,049;45,161;417,216;943,054;1130,148
005:0,001;35,186
006:0,001;23,146;988,225
007:0,001;18,049;91,197;943,054;1002,268;1156,160
008:0,001;23,146;60,168;1063,220
009:0,001;30,155;313,137;640,253;680,154
010:0,001;18,049;59,100;943,054;952,124
011:0,002;342,036;368,173;479,246
012:0,002;337,172;554,026;901,102;950,138
013:0,002;197,260;290,074;1191,087
014:0,002;337,172;378,036;468,260
015:0,002;342,036;554,026;745,231;1029,181
016:0,002;290,074
017:0,002;342,036;554,026;905,119;1156,135
018:0,002;290,074;468,260;891,152
019:0,002;197,260;314,002;342,036;554,026;1094,251
020:0,002;290,074
021:0,003;73,065;583,140
022:0,003;76,130;530,168;560,175;897,053
023:0,003;73,065;592,149;674,053
024:0,003;73,065;572,111;644,143;674,053
025:0,003;88,128;323,041;350,249
026:0,003;123,256;674,053
027:0,003;73,065;327,219;452,246;674,053;874,139
028:0,003;73,065;578,271;776,038;882,219;895,101;982,215
029:0,003;73,065;327,219;601,154;988,111
030:0,003;73,065;572,111;1101,197
031:0,004;156,085;183,051
032:0,004;159,051;886,115;931,057;999,187
033:0,004;156,085
034:0,004;223,209;1037,147;1078,076
035:0,004;168,211;710,184
036:0,004;159,051;508,269;803,169;906,219
037:0,004;159,051;508,269
038:0,004;223,209;288,051
039:0,004;25,157;159,051
040:0,004;25,157;266,136;610,051
041:0,005;60,052;214,044;230,041;366,084;933,161
042:0,005;60,052;214,044;230,041;745,192
043:0,005;60,052;214,044;281,154;456,211;559,155;1046,269;1075,154
044:0,005;73,072;230,041;296,113
045:0,005;60,052;73,072;447,128;745,192;906,235
046:0,005;107,264;214,044;284,128;958,271;1092,177;1105,155
047:0,005;60,052;230,041;296,113;328,041
048:0,005;60,052;214,044;281,154;647,026;867,083;913,127;1106,119
049:0,005;73,072;635,113;1173,093
050:0,005;60,052;73,072;380,155
051:0,006;93,069;178,049;226,241
052:0,006;93,069;182,032;483,226;621,131;756,134
053:0,006;182,032;459,219;1114,146
054:0,006;93,069;221,072;226,241;389,131;789,090
055:0,006;93,069;182,032;537,172;1074,096
056:0,006;131,228;178,049;182,032;523,254;744,108;1114,129
057:0,006;178,049;232,250;483,226
058:0,006;178,049;206,181;584,233;715,191
059:0,006;131,228
060:0,006;99,245;178,049;182,032;378,221
061:0,007;95,229;316,270;922,201
062:0,007;97,038;133,102;576,249
063:0,007;103,041;218,199;1077,228
064:0,007;97,038;1057,173
065:0,007;97,038;462,221;640,123
066:0,007;97,038;1172,255
067:0,007;97,038;1084,261;1164,157
068:0,007;97,038;1057,173
069:0,007;95,229;146,013;204,235
070:0,007;97,038;133,102;188,157
071:0,008;75,050;296,131;467,253;517,057
072:0,008;75,050;175,133;549,228;946,172
073:0,008;87,061;143,063;148,173;566,041;782,152
074:0,008;46,270;366,220
075:0,008;46,270;75,050;216,101
076:0,008;102,175;143,063;175,133;184,238;896,191
077:0,008;75,050;241,194;520,181;1069,186
078:0,008;143,063;184,238;275,197;760,141;932,117;1063,057
079:0,008;102,175;585,090;647,135;652,038;1089,168
080:0,008;143,063;188,061;317,218
081:0,009;53,045;210,137;282,002;339,246;415,142;553,225;843,236
082:0,009;53,045;210,137;910,038;957,244
083:0,009;53,045;101,075;122,109;129,170;628,214
084:0,009;101,075;260,134;279,038;339,246;460,074;766,125;1016,051
085:0,009;58,214;101,075;247,116
086:0,009;122,109
087:0,009;101,075;247,116;310,065;577,239;1174,161
088:0,009;101,075;237,059;415,142
089:0,009;53,045;229,203;505,144;869,041
090:0,009;53,045;58,214;1049,108;1072,164;1086,214
091:0,010;118,176;407,031;425,110;442,127;780,131
092:0,010;118,176
093:0,010;100,247
094:0,010;116,216;149,002;354,099
095:0,010;83,059;407,031;442,127
096:0,010;94,070;247,193
097:0,010;83,059;407,031;489,165;500,176;1051,199
098:0,010;83,059;247,193;407,031;489,165
099:0,010;83,059;425,110
100:0,010;116,216;356,085;369,256;872,238
101:0,011;24,061;434,264;730,103
102:0,011;27,115
103:0,011;24,061;68,236;422,250;429,242;530,261
104:0,011;24,061;332,213
105:0,011;24,061;68,236
106:0,011;27,115;353,102
107:0,011;84,045;190,103;1021,160;1057,136;1123,194
108:0,011;24,061;488,110;687,253;732,175
109:0,011;24,061;249,244;869,213
110:0,011;62,244;417,218;1021,270
111:0,012;17,168;33,057
112:0,012;55,245
113:0,012;33,057;627,191;780,245;1022,085;1107,090;1180,099
114:0,012;13,031;56,019;90,076;324,041;925,170
115:0,012;13,031;55,245;90,076;813,270;1137,232
116:0,012;17,168;474,182
117:0,012;13,031;33,170
118:0,012;33,057;871,096;950,211;1116,041;1150,178
119:0,012;13,031;33,057;1150,178
120:0,012;13,031;33,170;105,072;371,207;501,076;1099,108
121:0,013;149,064;279,225
122:0,013;266,217;795,275;933,146
123:0,013;14,120;625,217;986,141;1012,149;1045,196;1154,168
124:0,013;219,072;321,201;781,147;896,275
125:0,013;243,265;394,089
126:0,013;215,117
127:0,013;215,117;423,160;450,096;735,099;1095,123
128:0,013;243,265;731,168;1131,221;1135,219
129:0,013;14,120
130:0,013;262,134;848,229;1189,139
131:0,014;195,040;263,164;553,235;757,041
132:0,014;201,079;931,040;1186,206
133:0,014;256,090;562,172;624,216
134:0,014;195,040;263,164
135:0,014;201,079;470,196;669,135;818,144
136:0,014;195,040;905,181;1013,143
137:0,014;195,040;1126,144
138:0,014;195,040;1152,175
139:0,014;256,090;828,129
140:0,014;195,040;1139,092
141:0,015;81,041;139,135;547,213;761,244;814,164;991,131
142:0,015;81,041
143:0,015;89,136;488,215;1024,216;1100,117
144:0,015;41,130;642,115;786,057;859,140
145:0,015;81,041;147,196;204,173;309,261;360,036;544,205;622,074
146:0,015;97,223;283,101;622,041
147:0,015;139,135
148:0,015;41,130;75,146;81,041;224,139;862,217
149:0,015;81,041;87,146;89,136;128,075;147,196
150:0,015;81,041;488,215;728,057
151:0,016;59,031;121,184
152:0,016;59,031;165,246;244,002;379,264;1001,169;1035,268
153:0,016;72,202;1071,229
154:0,016;67,266;676,053
155:0,016;59,031;130,089;800,197
156:0,016;67,266;196,245;459,040;478,239;652,149
157:0,016;59,031;102,275;815,256
158:0,016;72,202
159:0,016;59,031;102,275;511,099;513,201;1053,115
160:0,016;76,160;1165,164
161:0,017;83,064;233,032;460,191;703,079
162:0,017;90,084;354,228;358,116;495,136
163:0,017;94,070;230,124;932,040;1166,239
164:0,017;94,070;233,216;430,124
165:0,017;83,064;90,084
166:0,017;109,220;603,134;691,254
167:0,017;83,064;210,138
168:0,017;94,070;391,271
169:0,017;85,064;210,138;632,051
170:0,017;83,064;297,233
171:0,018;151,163
172:0,018;135,072;172,144;778,128;1061,109
173:0,018;104,177;929,139;1083,169
174:0,018;119,169;1117,074;1150,182
175:0,018;104,182;424,217;540,160;997,128
176:0,018;151,163;980,192;1034,231;1087,102
177:0,018;172,144;399,115;615,242;1075,253
178:0,018;195,253;1122,209
179:0,018;104,177
180:0,018;104,182;896,110;1098,165;1182,108
181:0,019;115,143;1026,135;1102,110
182:0,019;53,096;160,047;235,141
183:0,019;115,143;311,203;483,040;1139,092;1166,221
184:0,019;105,047;312,129;462,133
185:0,019;53,096;1148,127
186:0,019;103,261;784,264
187:0,019;105,047;195,242;777,254;839,209
188:0,019;105,047;199,232;813,241
189:0,019;103,261;150,057;171,013;199,232;312,129;1045,057
190:0,019;105,047;195,242;208,059;529,100
191:0,020;161,108;1030,242
192:0,020;207,200
193:0,020;312,147
194:0,020;38,187;224,052;436,123;756,074
195:0,020;161,108;293,229;972,177;1084,233
196:0,020;224,052;226,091
197:0,020;165,167;710,232
198:0,020;38,187;224,052;320,194
199:0,020;207,200;790,231
200:0,020;165,167;224,052;226,091;1099,147
