001:0,001;202,068
002:0,001;156,053;1091,155
003:0,001;156,053;930,058
004:0,001;173,190
005:0,001;182,116;202,068;357,101
006:0,001;202,068
007:0,001;156,053;481,065;1081,271
008:0,001;156,053;202,068;1099,173
009:0,001;156,053;202,068;1099,173
010:0,001;156,053;1016,068
011:0,002;97,231;1018,114
012:0,002;75,243;115,085
013:0,002;73,060;152,192
014:0,002;144,111;531,101;643,199;938,268
015:0,002;97,231;152,192
016:0,002;108,206
017:0,002;32,194;487,055;588,196;636,222;852,246;1019,099;1074,089
018:0,002;75,243;389,215;723,137;779,183;1094,193
019:0,002;115,085;898,043
020:0,002;32,194
021:0,003;31,028;505,034;567,210
022:0,003;44,094;513,054;1016,077
023:0,003;31,028;692,260;1067,273
024:0,003;44,094
025:0,003;33,115;156,028;505,034;513,054;932,052
026:0,003;49,248;334,045;505,034;530,243;669,059;672,113;692,260;713,094;964,204;1177,068
027:0,003;49,248;83,028;513,054;1020,096
028:0,003;33,115;513,054;932,052
029:0,003;31,028;567,210;932,052
030:0,003;31,028;505,034;585,255;624,211;807,069;932,052
031:0,004;406,205;846,054;1043,262
032:0,004;326,045;668,215;727,069;781,044;971,163;996,088
033:0,004;311,115;326,045;486,205;609,059;781,044;971,163
034:0,004;307,239;781,044;930,086;1153,262
035:0,004;307,239;1029,069
036:0,004;326,045;603,234
037:0,004;318,104
038:0,004;58,084;207,016;326,045;689,168
039:0,004;308,206;691,115;781,044;930,086
040:0,004;58,084;987,222
041:0,005;84,054;256,255;663,174;704,062;713,119;802,069
042:0,005;84,054;214,074;450,069
043:0,005;88,090
044:0,005;83,118;908,174
045:0,005;88,090;214,074;718,089;1082,085
046:0,005;84,054;308,107;450,069
047:0,005;83,118;114,190;165,243;582,142
048:0,005;84,054;214,074;450,069;1057,233
049:0,005;100,143;450,069
050:0,005;84,054;114,190;214,074;495,164;779,119;1098,211
051:0,006;158,199;368,092;1068,052
052:0,006;213,068;238,142;1200,157
053:0,006;182,049;351,045;568,250;787,243;1104,184;1125,052
054:0,006;223,204;550,201;623,243
055:0,006;182,049;223,204
056:0,006;182,049;267,200;339,074;442,068;576,092;748,065
057:0,006;158,199
058:0,006;181,016;182,049;267,200;884,248
059:0,006;182,049;364,132
060:0,006;182,049;368,092;564,267
061:0,007;35,036;93,127;1042,251
062:0,007;35,036;336,215;475,104;674,139;703,069;922,198
063:0,007;59,229
064:0,007;59,229;1194,133
065:0,007;35,036;301,129;860,118
066:0,007;35,036;93,127;267,211;402,115
067:0,007;106,139;352,233;453,222;1023,162
068:0,007;82,004;106,139
069:0,007;35,036;267,211
070:0,007;35,036;268,133;1033,220
071:0,008;162,059;1047,169;1096,250
072:0,008;197,134;965,119;1079,121
073:0,008;88,187
074:0,008;225,124;885,133
075:0,008;206,196
076:0,008;178,209
077:0,008;162,059;422,246
078:0,008;88,187;109,016;162,059;553,247;898,275;940,260
079:0,008;162,059;1105,143
080:0,008;197,134;1155,236;1190,101
081:0,009;31,041;46,133;604,246;776,068
082:0,009;31,041;38,145;68,113;1056,138;1141,094
083:0,009;33,255;421,142;435,062;446,117;816,068;1158,231
084:0,009;38,145;397,059;1091,259
085:0,009;31,041;148,242
086:0,009;46,133;77,006;187,222;479,233
087:0,009;68,113;448,088;1096,244
088:0,009;31,041;121,233;581,254;680,231;1178,077
089:0,009;61,091;514,129
090:0,009;33,255;211,016;415,183;537,059;990,244
091:0,010;207,175;245,020;341,062;811,248;926,261
092:0,010;171,051;207,175
093:0,010;175,184;377,175;597,055;609,227;825,200
094:0,010;171,051;198,144;250,004;341,062;862,193
095:0,010;171,051;208,267;387,062;942,110
096:0,010;175,184;743,181;887,258;904,058;942,110;997,134
097:0,010;244,119;341,062;1076,270
098:0,010;244,119;254,020;432,227;1018,188
099:0,010;171,051;208,267;568,187;839,194
100:0,010;171,051;198,144;312,020;341,062;946,188
101:0,011;362,103;435,053;697,149
102:0,011;306,254;379,061;513,258;722,196;774,146;852,239
103:0,011;230,249;379,061;485,138
104:0,011;230,249;329,143;496,200;649,080
105:0,011;306,254;1013,253
106:0,011;362,103;600,053;882,099
107:0,011;379,061;485,138;513,258
108:0,011;341,014;562,150
109:0,011;336,215;350,053;379,061;465,080;725,201;738,058;774,146
110:0,011;381,121;403,253
111:0,012;24,065;850,249;1042,210
112:0,012;5,051;24,065;386,102;1013,163
113:0,012;6,266
114:0,012;5,051;29,080;62,065;582,207
115:0,012;26,177;787,065;850,249
116:0,012;24,065;1171,111
117:0,012;5,051;24,065
118:0,012;5,051;147,055;588,167
119:0,012;5,051;48,091;1134,099
120:0,012;6,266;904,065;1079,249
121:0,013;69,060;172,170
122:0,013;56,063;95,168;288,108
123:0,013;56,063;118,017;172,097
124:0,013;56,063;102,232;678,273;799,044;988,113;999,091
125:0,013;56,063;95,209;102,232
126:0,013;68,015;108,162;854,184
127:0,013;69,060;108,162;394,275
128:0,013;69,060;95,168;463,184;1066,174;1154,132
129:0,013;56,063;116,247;1108,159
130:0,013;56,063;69,060;95,209
131:0,014;555,143;822,201
132:0,014;612,236;765,157;814,058;866,121;994,198;1039,055
133:0,014;765,157
134:0,014;216,238;333,119;726,254
135:0,014;555,260;690,102;726,068;728,267;810,237
136:0,014;546,114;612,236;1093,081
137:0,014;216,238;985,052;1016,148
138:0,014;546,114;1034,267
139:0,014;555,260;624,241
140:0,014;555,143
141:0,015;100,030;309,273
142:0,015;103,160;544,045;556,252;956,065;970,248
143:0,015;76,253;464,057;603,198;632,190;641,112;912,214;996,102
144:0,015;76,253;93,020;126,141;299,057;691,214;746,205
145:0,015;100,030;318,168;868,090;969,080
146:0,015;100,030;299,057;438,053;556,252
147:0,015;312,112;1098,247
148:0,015;100,030;316,234;608,162;1054,112
149:0,015;100,030;299,057;603,198;940,150
150:0,015;103,160;121,004;126,141;434,057;691,214
151:0,016;350,059;981,250;1079,119
152:0,016;357,101;435,234;514,183
153:0,016;325,242;446,059;586,230
154:0,016;20,121
155:0,016;328,077;1137,271
156:0,016;450,159;1046,222;1102,094;1122,187
157:0,016;328,077;852,233;897,238;1192,196
158:0,016;266,004;400,259;924,267;965,175;1104,155;1178,140
159:0,016;400,259
160:0,016;20,121;137,011;313,014;450,159;843,157;969,230
161:0,017;254,027;568,250
162:0,017;254,027;451,058
163:0,017;222,107;270,046;451,058;760,251
164:0,017;254,027;451,058
165:0,017;270,046;443,174;989,238
166:0,017;270,046;433,164
167:0,017;222,107;433,164;451,058
168:0,017;270,046;451,058
169:0,017;254,027;456,241;760,251;832,062;918,258;1026,236
170:0,017;252,170;641,084
171:0,018;25,055
172:0,018;25,055;46,268;530,020;550,137
173:0,018;76,201;1013,210;1030,139;1053,199;1067,084;1174,110
174:0,018;25,055
175:0,018;46,268;1083,198
176:0,018;86,174;489,143;495,055
177:0,018;29,261
178:0,018;25,055
179:0,018;25,055
180:0,018;29,261;749,111
181:0,019;91,088;529,111;798,170;1024,102
182:0,019;230,140
183:0,019;143,108;230,140;927,127
184:0,019;119,220;781,149;915,236;920,054;986,081;1015,124
185:0,019;119,220;1169,114
186:0,019;185,028;226,275;819,068;960,123
187:0,019;143,108;809,253;956,266;985,159;1197,200
188:0,019;130,081;936,129;971,273;998,267;1010,110;1165,043
189:0,019;91,088;274,118;348,145
190:0,019;130,081;1165,123
191:0,020;546,043;920,083;1117,222
192:0,020;546,043
193:0,020;556,169;847,241
194:0,020;715,181
195:0,020;548,124
196:0,020;299,057;719,237
197:0,020;546,043
198:0,020;556,169
199:0,020;546,043
200:0,020;546,043;920,083
