001:0,001;1031,124
002:0,001
003:0,001
004:0,001
005:0,001
006:0,001
007:0,001;1031,124
008:0,001
009:0,001
010:0,001
011:0,002;103,221
012:0,002;103,132
013:0,002;119,141
014:0,002;98,173
015:0,002;74,076
016:0,002;83,155
017:0,002;103,132
018:0,002;41,195
019:0,002;74,076;647,155
020:0,002;103,221
021:0,003;901,203
022:0,003;14,094
023:0,003;743,177
024:0,003;770,238
025:0,003;743,177
026:0,003;689,200;852,237
027:0,003;718,197
028:0,003;14,094
029:0,003;828,250
030:0,003;747,204
031:0,004;140,266
032:0,004;87,236
033:0,004;88,127
034:0,004;110,136
035:0,004;160,200
036:0,004;129,254
037:0,004;87,236
038:0,004;268,229
039:0,004;110,136
040:0,004;87,144;431,080;628,114
041:0,005;1099,240
042:0,005;977,213
043:0,005;993,160
044:0,005;1050,239
045:0,005;405,098;949,005;953,199
046:0,005;1023,180
047:0,005;953,199
048:0,005;993,160
049:0,005;977,213
050:0,005;405,098
051:0,006;358,235
052:0,006;289,128
053:0,006;144,112;233,188
054:0,006;274,138
055:0,006;274,138
056:0,006;436,081
057:0,006;210,188
058:0,006;489,101
059:0,006;289,128
060:0,006;460,271
061:0,007;751,226
062:0,007;46,174
063:0,007;581,104
064:0,007;565,126
065:0,007;565,126
066:0,007;563,207
067:0,007;635,154
068:0,007;89,174
069:0,007;563,207
070:0,007;601,149
071:0,008;822,153
072:0,008;860,173
073:0,008;123,106;248,155;515,220
074:0,008;783,247
075:0,008;822,153
076:0,008;171,143;185,008;890,190
077:0,008;793,118
078:0,008;793,118
079:0,008;783,247
080:0,008;1061,254
081:0,009;237,238
082:0,009;250,120
083:0,009;194,007;331,121
084:0,009;79,151;671,120
085:0,009;160,246
086:0,009;79,151
087:0,009;161,169
088:0,009;151,216
089:0,009;131,178
090:0,009;146,197
091:0,010
092:0,010
093:0,010
094:0,010
095:0,010
096:0,010
097:0,010
098:0,010
099:0,010
100:0,010
101:0,011;73,181
102:0,011;227,264
103:0,011;334,259
104:0,011;73,181
105:0,011;227,264
106:0,011;332,146
107:0,011;279,237;334,259
108:0,011;8,088;23,011;279,237
109:0,011;250,119
110:0,011;250,119
111:0,012;248,129
112:0,012;295,110
113:0,012;242,166
114:0,012;228,205
115:0,012;261,110
116:0,012;228,205;575,129;1072,208
117:0,012;242,166
118:0,012;188,147
119:0,012;401,208
120:0,012;290,224
121:0,013;483,134
122:0,013;386,163
123:0,013;459,257
124:0,013;407,184
125:0,013;386,163
126:0,013;424,127
127:0,013;483,134
128:0,013;407,184
129:0,013;106,260
130:0,013;106,260
131:0,014;84,106
132:0,014;153,275
133:0,014;80,210
134:0,014;276,270
135:0,014;20,252
136:0,014;308,105
137:0,014;82,262
138:0,014;82,262
139:0,014;80,210
140:0,014;83,245
141:0,015;337,255
142:0,015;332,156
143:0,015;361,201
144:0,015;332,156
145:0,015;168,192
146:0,015;380,079
147:0,015;415,085
148:0,015;337,255
149:0,015;168,192
150:0,015;362,251
151:0,016;1045,140
152:0,016;833,230
153:0,016;833,230
154:0,016;978,169;985,243
155:0,016;1026,162
156:0,016;583,196
157:0,016;831,162
158:0,016;583,196
159:0,016;869,099
160:0,016;985,243
161:0,017;22,217;99,159
162:0,017;10,233
163:0,017;10,108
164:0,017;121,112
165:0,017;39,189
166:0,017;39,189
167:0,017;10,108
168:0,017;10,233
169:0,017;22,217
170:0,017;95,159
171:0,018;139,107
172:0,018;73,201
173:0,018;46,241
174:0,018;45,215
175:0,018;127,147;490,263
176:0,018;66,263
177:0,018;45,215
178:0,018;58,253
179:0,018;88,203
180:0,018;58,253
181:0,019;280,227
182:0,019;1096,172
183:0,019;1074,090
184:0,019;1118,090
185:0,019;1180,081
186:0,019;280,227
187:0,019;1109,200
188:0,019
189:0,019;1047,229
190:0,019
191:0,020;340,144
192:0,020;383,220
193:0,020;376,093
194:0,020;401,114;849,080
195:0,020;494,164
196:0,020;376,093
197:0,020;420,169;651,105;902,106
198:0,020;395,078
199:0,020;331,204
200:0,020;110,003;157,080
