001:0,001;128,172
002:0,001;150,219
003:0,001;337,158;539,082
004:0,001;150,219
005:0,001;166,201
006:0,001;166,201
007:0,001;63,188
008:0,001;171,210
009:0,001;203,242
010:0,001;128,172
011:0,002;74,260
012:0,002;331,269
013:0,002;273,264
014:0,002;331,269
015:0,002;247,118
016:0,002;234,221
017:0,002;375,226
018:0,002;234,221
019:0,002;247,118
020:0,002;74,260
021:0,003;68,252;964,161
022:0,003;505,086
023:0,003;547,128
024:0,003;547,128
025:0,003;438,158
026:0,003;486,142
027:0,003;599,140
028:0,003;570,129
029:0,003;396,233
030:0,003;396,233
031:0,004;306,223
032:0,004;401,245
033:0,004;244,084
034:0,004;244,084
035:0,004;333,134;1074,190
036:0,004;33,140
037:0,004;401,245
038:0,004;174,237
039:0,004;364,152
040:0,004;253,100
041:0,005;805,097
042:0,005;962,272
043:0,005;838,132
044:0,005;152,213
045:0,005;825,134
046:0,005;805,097
047:0,005;1138,240
048:0,005;973,237
049:0,005;884,184
050:0,005;152,213
051:0,006;612,251
052:0,006;438,095
053:0,006;503,077
054:0,006;439,179
055:0,006;503,077
056:0,006;492,100
057:0,006;438,266;1065,095
058:0,006;22,103
059:0,006;592,135
060:0,006;438,266
061:0,007;6,231
062:0,007;167,241
063:0,007;254,125
064:0,007;214,254
065:0,007;169,153
066:0,007;167,241
067:0,007;214,254
068:0,007;179,253
069:0,007;6,231
070:0,007;179,253
071:0,008;152,169
072:0,008;142,114
073:0,008;231,191
074:0,008;152,169
075:0,008;141,087
076:0,008;141,087
077:0,008;140,114
078:0,008;264,152
079:0,008;280,244
080:0,008;280,244
081:0,009;441,216
082:0,009;510,198
083:0,009;371,153;758,258
084:0,009;386,249
085:0,009;432,013;1002,265
086:0,009;491,249
087:0,009;100,258
088:0,009;499,189
089:0,009;60,175
090:0,009;425,090
091:0,010;475,133
092:0,010;85,116
093:0,010;363,085
094:0,010;382,098
095:0,010;345,256;1096,085
096:0,010;188,150
097:0,010;647,136
098:0,010;287,207
099:0,010;345,256;454,098
100:0,010;287,207
101:0,011;132,248
102:0,011;120,091
103:0,011;132,248
104:0,011;161,211
105:0,011;250,226
106:0,011;102,214
107:0,011;161,211
108:0,011;103,194
109:0,011;120,091
110:0,011;102,214
111:0,012;225,139
112:0,012;197,249;409,124;475,194;479,133
113:0,012;238,206
114:0,012;215,120
115:0,012;406,200
116:0,012;26,076
117:0,012;215,120
118:0,012;196,261
119:0,012;196,261
120:0,012;233,225
121:0,013;821,262
122:0,013;826,159
123:0,013;1024,107
124:0,013;1091,203
125:0,013;303,270
126:0,013;826,159
127:0,013;821,262
128:0,013;881,256
129:0,013;303,270
130:0,013;873,142
131:0,014;421,167
132:0,014;298,183
133:0,014;452,147
134:0,014;512,105
135:0,014;421,167
136:0,014;435,265
137:0,014;298,183
138:0,014;460,094
139:0,014;460,094
140:0,014;439,224
141:0,015;468,146
142:0,015;94,095;652,147
143:0,015;314,192
144:0,015;294,083
145:0,015;294,083
146:0,015;468,247
147:0,015;246,082;796,192
148:0,015;321,122
149:0,015;321,122
150:0,015;329,190
151:0,016;531,195
152:0,016;531,195
153:0,016;628,108
154:0,016;720,115
155:0,016;421,092
156:0,016;702,187
157:0,016;421,092
158:0,016;396,137
159:0,016;171,268
160:0,016;396,101
161:0,017;670,113
162:0,017;686,252
163:0,017;685,165
164:0,017;685,165
165:0,017;381,124
166:0,017;744,131
167:0,017;909,259
168:0,017;744,131
169:0,017;670,113;1141,259
170:0,017;671,238
171:0,018;868,204
172:0,018;811,251;1072,076
173:0,018;963,161
174:0,018;795,223
175:0,018;773,217
176:0,018;139,121
177:0,018;576,104
178:0,018
179:0,018;772,250
180:0,018;868,204
181:0,019;554,224
182:0,019;443,220
183:0,019;61,143
184:0,019;424,132
185:0,019;501,225
186:0,019;443,220
187:0,019;465,208
188:0,019;61,143
189:0,019;480,177
190:0,019;713,149
191:0,020;370,203
192:0,020;229,106
193:0,020;251,171
194:0,020;346,086
195:0,020;42,179;110,020;320,230
196:0,020;248,149
197:0,020;260,185
198:0,020;370,208
199:0,020;251,171
200:0,020;42,179
