001:0,001;167,078
002:0,001;167,078
003:0,001;197,237
004:0,001;197,237
005:0,001;166,239
006:0,001;192,080
007:0,001;331,128
008:0,001;246,083
009:0,001;166,239
010:0,001;246,083
011:0,002;488,110
012:0,002;506,246
013:0,002;410,081
014:0,002;537,264
015:0,002;457,139
016:0,002;457,139
017:0,002;410,081;863,105
018:0,002;561,105
019:0,002;524,249
020:0,002;506,246
021:0,003;617,206
022:0,003;689,258
023:0,003;617,206
024:0,003;374,143
025:0,003;888,129
026:0,003;607,145
027:0,003;652,176
028:0,003;678,123
029:0,003;652,176
030:0,003;607,145
031:0,004;23,138
032:0,004;269,156
033:0,004;23,138
034:0,004;215,159
035:0,004;290,125
036:0,004;222,255
037:0,004;182,258
038:0,004;181,226
039:0,004;243,154
040:0,004;222,255
041:0,005;294,136
042:0,005;101,106
043:0,005;384,219
044:0,005;384,219
045:0,005;308,191
046:0,005;294,136
047:0,005;490,212
048:0,005;320,125;1077,090
049:0,005;101,106
050:0,005;308,191
051:0,006;15,204
052:0,006;15,204;589,229
053:0,006;15,182
054:0,006;18,144
055:0,006;15,182
056:0,006;51,166
057:0,006;18,144
058:0,006;194,225
059:0,006;135,229
060:0,006;38,116
061:0,007;289,227
062:0,007;262,243
063:0,007;262,243
064:0,007;311,147
065:0,007;275,116
066:0,007;659,089
067:0,007;401,085
068:0,007;455,272
069:0,007;262,234
070:0,007;262,234
071:0,008;441,109
072:0,008;510,119
073:0,008;675,167
074:0,008;507,097
075:0,008;420,213;1189,097
076:0,008;82,267
077:0,008;472,095;716,226
078:0,008;420,213
079:0,008;554,171
080:0,008;539,154;873,204
081:0,009;203,142
082:0,009;249,270
083:0,009;235,102
084:0,009;266,108
085:0,009;227,253
086:0,009;203,142
087:0,009;249,270;1194,253
088:0,009;266,108
089:0,009;235,102
090:0,009;306,256
091:0,010;247,266
092:0,010;259,236
093:0,010;85,185
094:0,010;229,275
095:0,010;259,236
096:0,010;353,128
097:0,010;220,141
098:0,010;223,177
099:0,010;85,185;661,266
100:0,010;223,177
101:0,011;204,254
102:0,011;183,134
103:0,011;272,201
104:0,011;86,132
105:0,011;171,118
106:0,011;173,263
107:0,011;173,263
108:0,011;204,254
109:0,011;86,132
110:0,011;171,118
111:0,012;279,123;455,141
112:0,012;235,196
113:0,012;60,086
114:0,012;233,111
115:0,012;240,093
116:0,012;419,086
117:0,012;233,111
118:0,012;458,122
119:0,012;240,093
120:0,012;235,196
121:0,013;945,273
122:0,013;919,274
123:0,013;110,180
124:0,013;919,274
125:0,013;110,180
126:0,013
127:0,013
128:0,013
129:0,013;910,085
130:0,013;945,273
131:0,014;97,203
132:0,014;99,121
133:0,014;97,203
134:0,014;89,179
135:0,014;176,127
136:0,014;88,134;812,184
137:0,014;89,179;861,121
138:0,014;219,110
139:0,014;176,127
140:0,014;204,251
141:0,015;159,193
142:0,015;92,178
143:0,015;42,209
144:0,015;63,097;517,095
145:0,015;42,209
146:0,015;21,210
147:0,015;69,202
148:0,015;101,244
149:0,015;69,202
150:0,015;101,244
151:0,016;22,269
152:0,016;22,269
153:0,016;52,242
154:0,016;79,161
155:0,016;75,126
156:0,016;265,190
157:0,016;9,112
158:0,016;26,082
159:0,016;9,112
160:0,016;26,082
161:0,017;80,240
162:0,017;133,217
163:0,017;24,222
164:0,017;125,220
165:0,017;31,087
166:0,017;31,087
167:0,017;24,222
168:0,017;214,115
169:0,017;24,133
170:0,017;24,133
171:0,018;508,199
172:0,018;39,113
173:0,018;479,148
174:0,018;479,148
175:0,018;508,199
176:0,018;517,224
177:0,018;616,232
178:0,018;39,113
179:0,018;789,265
180:0,018;473,090
181:0,019;410,235
182:0,019;284,192
183:0,019;273,188
184:0,019;15,195
185:0,019;415,103
186:0,019;445,123;1007,129
187:0,019;612,189
188:0,019;284,192
189:0,019;346,122
190:0,019;273,188
191:0,020;289,227;300,170
192:0,020;257,184
193:0,020;160,187
194:0,020;31,131
195:0,020;161,223
196:0,020;161,223
197:0,020;216,170
198:0,020;31,131
199:0,020;160,187
200:0,020;225,253;661,109
