001:0,001;84,158
002:0,001;88,157
003:0,001;136,172
004:0,001;136,172
005:0,001;78,125
006:0,001;78,125
007:0,001;84,158
008:0,001;81,161
009:0,001;111,147
010:0,001;81,161
011:0,002;505,273
012:0,002;617,249
013:0,002;541,189
014:0,002;468,138
015:0,002;471,102
016:0,002;592,085
017:0,002;505,273
018:0,002;270,095
019:0,002;61,160
020:0,002;591,231
021:0,003
022:0,003;48,174
023:0,003
024:0,003
025:0,003
026:0,003
027:0,003
028:0,003
029:0,003;1010,174
030:0,003;48,105;639,003
031:0,004;149,167
032:0,004;199,079
033:0,004;155,154
034:0,004;22,240
035:0,004;22,240
036:0,004;115,176
037:0,004;219,099
038:0,004;115,176
039:0,004;216,266
040:0,004;149,167
041:0,005;148,189;673,271
042:0,005;323,213
043:0,005;111,221
044:0,005;89,083
045:0,005;140,113
046:0,005;122,271
047:0,005;83,111
048:0,005;89,083
049:0,005;83,111
050:0,005;84,258
051:0,006;763,231
052:0,006;493,160;897,086
053:0,006;609,129
054:0,006;401,115
055:0,006;650,133
056:0,006;64,250
057:0,006;517,261
058:0,006;650,133
059:0,006;517,261
060:0,006;517,195
061:0,007;129,149
062:0,007;71,089;385,174;943,143
063:0,007;129,149
064:0,007;64,098
065:0,007;65,264;869,095
066:0,007;72,120
067:0,007;64,098
068:0,007;279,138
069:0,007;65,264;508,153
070:0,007;164,153
071:0,008;49,171
072:0,008;88,144
073:0,008;52,118
074:0,008;74,164
075:0,008;74,164
076:0,008;88,144
077:0,008;57,204
078:0,008;64,241
079:0,008;11,239
080:0,008;11,239
081:0,009;217,156
082:0,009;363,143
083:0,009;170,119
084:0,009;266,169
085:0,009;170,119
086:0,009;266,169
087:0,009;69,230
088:0,009;69,230
089:0,009;330,224
090:0,009;253,132
091:0,010;54,242
092:0,010;662,166
093:0,010;54,242
094:0,010;652,134
095:0,010;645,116
096:0,010;739,146
097:0,010;661,256
098:0,010;737,185
099:0,010;652,134
100:0,010;645,116
101:0,011;86,121
102:0,011;86,121
103:0,011;378,251
104:0,011;287,191
105:0,011;274,246
106:0,011;309,140
107:0,011;226,199
108:0,011;205,136
109:0,011;274,246
110:0,011;226,199
111:0,012
112:0,012
113:0,012
114:0,012
115:0,012;972,201
116:0,012
117:0,012
118:0,012
119:0,012;837,219
120:0,012
121:0,013;681,228
122:0,013;742,143;894,222
123:0,013;674,135
124:0,013;592,217
125:0,013;681,228
126:0,013;614,236
127:0,013;592,217
128:0,013;295,137
129:0,013;292,089
130:0,013;614,236
131:0,014;644,207
132:0,014;644,207
133:0,014;703,187
134:0,014;690,123
135:0,014;623,262
136:0,014;95,269
137:0,014;646,197
138:0,014;623,262
139:0,014;704,148
140:0,014;703,187;1022,123
141:0,015;222,145
142:0,015;301,208
143:0,015;142,094;301,208
144:0,015;245,186
145:0,015;402,257
146:0,015;402,257
147:0,015;315,196
148:0,015;222,145
149:0,015;203,222
150:0,015;245,186
151:0,016;165,245
152:0,016;156,213;793,088;1085,195
153:0,016;165,245
154:0,016;255,102
155:0,016;121,188
156:0,016;121,188;325,130
157:0,016;325,130
158:0,016;132,094
159:0,016;198,210
160:0,016;159,086
161:0,017;68,141
162:0,017;77,104
163:0,017;64,203
164:0,017;12,216
165:0,017;75,210
166:0,017;68,141
167:0,017;77,104
168:0,017;64,203
169:0,017;12,216
170:0,017;87,201
171:0,018;296,218
172:0,018;307,081
173:0,018;232,223
174:0,018;85,209
175:0,018;315,254
176:0,018;85,209
177:0,018;296,218
178:0,018;232,223
179:0,018;395,267
180:0,018;282,183
181:0,019;19,110
182:0,019;126,234
183:0,019;227,202
184:0,019;100,078
185:0,019;19,110
186:0,019;131,238
187:0,019;148,112
188:0,019;193,124
189:0,019;100,078;740,202
190:0,019;167,129
191:0,020;267,152
192:0,020;341,255
193:0,020;267,152
194:0,020;306,155
195:0,020;319,085;752,264
196:0,020;369,088
197:0,020;369,088;597,255
198:0,020;309,097
199:0,020;309,244
200:0,020;309,097
